MEME version 4

ALPHABET= ACGT

strands: + -

Background letter frequencies (from
A 0.29182 C 0.20818 G 0.20818 T 0.29182

MOTIF APEX1_f1
letter-probability matrix: alength= 4 w= 17 nsites= 8 E= 0
 0.079918  0.079918  0.202869  0.637295
 0.000000  0.331967  0.446721  0.221311
 0.098361  0.430328  0.471311  0.000000
 0.901639  0.000000  0.098361  0.000000
 0.122951  0.000000  0.471311  0.405738
 0.418033  0.000000  0.000000  0.581967
 0.000000  0.790984  0.098361  0.110656
 0.692623  0.000000  0.307377  0.000000
 0.000000  0.000000  0.692623  0.307377
 0.000000  0.122951  0.877049  0.000000
 0.250000  0.122951  0.516393  0.110656
 0.360656  0.000000  0.295082  0.344262
 0.000000  0.889344  0.000000  0.110656
 0.122951  0.000000  0.209016  0.668033
 0.000000  0.803279  0.000000  0.196721
 0.331967  0.668033  0.000000  0.000000
 0.406762  0.365779  0.169057  0.058402

MOTIF BDP1_f1
letter-probability matrix: alength= 4 w= 14 nsites= 1407 E= 0
 0.034973  0.109482  0.492064  0.363481
 0.064283  0.022318  0.575349  0.338050
 0.000668  0.005947  0.652069  0.341316
 0.744918  0.003228  0.221821  0.030032
 0.175041  0.131040  0.690265  0.003655
 0.065624  0.268218  0.019527  0.646630
 0.056125  0.245375  0.214807  0.483693
 0.018214  0.223380  0.653743  0.104662
 0.974224  0.006319  0.016638  0.002818
 0.586281  0.003387  0.399942  0.010390
 0.006609  0.067884  0.029928  0.895579
 0.037063  0.006035  0.946938  0.009963
 0.006374  0.313368  0.667236  0.013022
 0.673194  0.039728  0.014630  0.272448

MOTIF CBP_f1
letter-probability matrix: alength= 4 w= 25 nsites= 8 E= 0
 0.489286  0.089286  0.203571  0.217857
 0.000000  0.142857  0.614286  0.242857
 0.371429  0.128571  0.114286  0.385714
 0.257143  0.000000  0.000000  0.742857
 0.128571  0.385714  0.114286  0.371429
 0.385714  0.142857  0.228571  0.242857
 0.500000  0.114286  0.000000  0.385714
 0.114286  0.400000  0.485714  0.000000
 0.000000  0.000000  0.228571  0.771429
 0.114286  0.385714  0.000000  0.500000
 0.000000  0.271429  0.000000  0.728571
 0.385714  0.114286  0.000000  0.500000
 0.257143  0.514286  0.228571  0.000000
 0.000000  0.385714  0.614286  0.000000
 0.000000  0.885714  0.000000  0.114286
 0.514286  0.000000  0.000000  0.485714
 0.000000  0.000000  0.128571  0.871429
 0.128571  0.000000  0.500000  0.371429
 0.128571  0.628571  0.242857  0.000000
 0.271429  0.114286  0.128571  0.485714
 0.000000  0.228571  0.528571  0.242857
 0.114286  0.114286  0.371429  0.400000
 0.000000  0.228571  0.500000  0.271429
 0.000000  0.114286  0.500000  0.385714
 0.335714  0.335714  0.092857  0.235714

MOTIF CDA7L_f1
letter-probability matrix: alength= 4 w= 22 nsites= 7 E= 0
 0.053191  0.840426  0.053191  0.053191
 0.106383  0.787234  0.106383  0.000000
 0.212766  0.276596  0.510638  0.000000
 0.106383  0.000000  0.893617  0.000000
 0.000000  0.106383  0.893617  0.000000
 0.170213  0.000000  0.723404  0.106383
 0.106383  0.000000  0.787234  0.106383
 0.170213  0.170213  0.446809  0.212766
 0.340426  0.000000  0.553191  0.106383
 0.106383  0.340426  0.553191  0.000000
 0.212766  0.680851  0.106383  0.000000
 0.000000  0.617021  0.212766  0.170213
 0.382979  0.000000  0.617021  0.000000
 0.000000  0.000000  1.000000  0.000000
 0.000000  0.000000  1.000000  0.000000
 0.000000  0.340426  0.659574  0.000000
 0.553191  0.000000  0.340426  0.106383
 0.000000  0.680851  0.319149  0.000000
 0.000000  0.000000  0.553191  0.446809
 0.106383  0.000000  0.893617  0.000000
 0.617021  0.106383  0.106383  0.170213
 0.053191  0.053191  0.734043  0.159574

MOTIF CSEN_si
letter-probability matrix: alength= 4 w= 10 nsites= 5 E= 0
 0.416667  0.395833  0.000000  0.187500
 0.395833  0.000000  0.000000  0.604167
 0.000000  0.187500  0.812500  0.000000
 0.000000  0.000000  0.000000  1.000000
 0.000000  1.000000  0.000000  0.000000
 1.000000  0.000000  0.000000  0.000000
 0.395833  0.000000  0.604167  0.000000
 0.000000  0.000000  0.604167  0.395833
 0.000000  0.000000  0.416667  0.583333
 0.052083  0.052083  0.843750  0.052083

MOTIF CTNB1_f2
letter-probability matrix: alength= 4 w= 12 nsites= 28 E= 0
 0.544681  0.174468  0.208511  0.072340
 0.570213  0.068085  0.323404  0.038298
 0.170213  0.357447  0.400000  0.072340
 0.523404  0.221277  0.034043  0.221277
 0.353191  0.000000  0.072340  0.574468
 0.170213  0.795745  0.000000  0.034043
 0.859574  0.072340  0.068085  0.000000
 0.863830  0.102128  0.034043  0.000000
 0.795745  0.034043  0.034043  0.136170
 0.000000  0.000000  0.965957  0.034043
 0.276596  0.255319  0.429787  0.038298
 0.019149  0.453191  0.368085  0.159574

MOTIF DLX4_f1
letter-probability matrix: alength= 4 w= 14 nsites= 9 E= 0
 0.515337  0.079408  0.325848  0.079408
 0.564071  0.000000  0.000000  0.435929
 0.682370  0.246441  0.000000  0.071190
 0.928810  0.000000  0.000000  0.071190
 0.682370  0.000000  0.246441  0.071190
 0.000000  0.364740  0.000000  0.635260
 0.625418  0.000000  0.000000  0.374582
 0.374582  0.071190  0.000000  0.554229
 0.800669  0.128141  0.071190  0.000000
 0.000000  0.000000  0.000000  1.000000
 0.635260  0.000000  0.000000  0.364740
 0.071190  0.000000  0.364740  0.564071
 1.000000  0.000000  0.000000  0.000000
 0.179909  0.061610  0.061610  0.696870

MOTIF DLX5_f1
letter-probability matrix: alength= 4 w= 21 nsites= 16 E= 0
 0.384483  0.274138  0.136207  0.205172
 0.000000  0.055172  0.496552  0.448276
 0.255172  0.055172  0.620690  0.068966
 0.000000  0.193103  0.262069  0.544828
 0.200000  0.186207  0.482759  0.131034
 0.124138  0.441379  0.434483  0.000000
 0.448276  0.055172  0.310345  0.186207
 0.379310  0.186207  0.062069  0.372414
 0.524138  0.000000  0.055172  0.420690
 0.255172  0.165517  0.000000  0.579310
 0.117241  0.000000  0.124138  0.758621
 0.765517  0.234483  0.000000  0.000000
 0.682759  0.186207  0.131034  0.000000
 0.068966  0.172414  0.068966  0.689655
 0.000000  0.234483  0.441379  0.324138
 0.558621  0.248276  0.124138  0.068966
 0.503448  0.000000  0.496552  0.000000
 0.689655  0.179310  0.131034  0.000000
 0.372414  0.000000  0.503448  0.124138
 0.682759  0.068966  0.248276  0.000000
 0.286207  0.231034  0.368966  0.113793

MOTIF EDF1_f1
letter-probability matrix: alength= 4 w= 10 nsites= 8 E= 0
 0.031250  0.281250  0.031250  0.656250
 0.125000  0.000000  0.250000  0.625000
 0.875000  0.125000  0.000000  0.000000
 0.125000  0.000000  0.000000  0.875000
 0.000000  0.000000  0.125000  0.875000
 0.000000  0.000000  0.000000  1.000000
 0.000000  0.125000  0.000000  0.875000
 0.500000  0.000000  0.125000  0.375000
 0.125000  0.000000  0.750000  0.125000
 0.437500  0.000000  0.437500  0.125000

MOTIF EP300_si
letter-probability matrix: alength= 4 w= 9 nsites= 1591 E= 0
 0.496578  0.023389  0.294360  0.185674
 0.047771  0.000000  0.941344  0.010886
 0.020162  0.000000  0.912045  0.067793
 0.000000  0.000866  0.980519  0.018615
 0.967931  0.000000  0.000000  0.032069
 0.002706  0.043245  0.954049  0.000000
 0.327487  0.000000  0.492821  0.179692
 0.268051  0.036196  0.535792  0.159960
 0.161519  0.145446  0.602205  0.090831

MOTIF ETV1_si
letter-probability matrix: alength= 4 w= 18 nsites= 5 E= 0
 0.267442  0.616279  0.058140  0.058140
 0.000000  0.000000  0.348837  0.651163
 0.000000  0.441860  0.441860  0.116279
 0.651163  0.232558  0.116279  0.000000
 1.000000  0.000000  0.000000  0.000000
 0.000000  0.000000  0.558140  0.441860
 0.883721  0.000000  0.116279  0.000000
 0.441860  0.000000  0.558140  0.000000
 0.000000  0.790698  0.209302  0.000000
 0.209302  0.790698  0.000000  0.000000
 0.000000  0.000000  0.790698  0.209302
 0.000000  0.116279  0.883721  0.000000
 0.790698  0.000000  0.000000  0.209302
 0.674419  0.116279  0.000000  0.209302
 0.441860  0.000000  0.558140  0.000000
 0.000000  0.000000  0.000000  1.000000
 0.651163  0.116279  0.232558  0.000000
 0.709302  0.174419  0.058140  0.058140

MOTIF FOXH1_f1
letter-probability matrix: alength= 4 w= 20 nsites= 6 E= 0
 0.408654  0.504808  0.043269  0.043269
 0.365385  0.000000  0.173077  0.461538
 0.826923  0.000000  0.173077  0.000000
 0.634615  0.000000  0.365385  0.000000
 0.653846  0.000000  0.173077  0.173077
 0.807692  0.000000  0.000000  0.192308
 0.000000  0.000000  0.000000  1.000000
 0.000000  0.000000  1.000000  0.000000
 0.000000  0.000000  0.000000  1.000000
 0.000000  0.000000  1.000000  0.000000
 0.000000  0.000000  0.538462  0.461538
 1.000000  0.000000  0.000000  0.000000
 0.000000  0.000000  0.000000  1.000000
 0.000000  0.000000  0.000000  1.000000
 0.000000  0.461538  0.538462  0.000000
 0.192308  0.634615  0.173077  0.000000
 0.461538  0.000000  0.365385  0.173077
 0.192308  0.000000  0.173077  0.634615
 0.192308  0.173077  0.634615  0.000000
 0.043269  0.216346  0.504808  0.235577

MOTIF GDNF_f1
letter-probability matrix: alength= 4 w= 8 nsites= 22 E= 0
 0.286585  0.195122  0.371951  0.146341
 0.000000  0.000000  0.000000  1.000000
 0.000000  0.000000  1.000000  0.000000
 1.000000  0.000000  0.000000  0.000000
 0.000000  1.000000  0.000000  0.000000
 0.000000  0.000000  1.000000  0.000000
 0.000000  0.030488  0.000000  0.969512
 0.358232  0.407012  0.108232  0.126524

MOTIF GT2D1_f1
letter-probability matrix: alength= 4 w= 10 nsites= 55 E= 0
 0.056836  0.182796  0.649770  0.110599
 0.124424  0.069124  0.806452  0.000000
 0.041475  0.027650  0.917051  0.013825
 0.640553  0.013825  0.345622  0.000000
 0.027650  0.317972  0.193548  0.460829
 0.003456  0.376728  0.017281  0.602535
 0.668203  0.000000  0.317972  0.013825
 0.099846  0.138249  0.511521  0.250384
 0.195084  0.486943  0.290323  0.027650
 0.207373  0.218126  0.439324  0.135177

MOTIF GTF2I_f1
letter-probability matrix: alength= 4 w= 14 nsites= 15 E= 0
 0.108911  0.138614  0.396040  0.356436
 0.435644  0.287129  0.148515  0.128713
 0.396040  0.207921  0.396040  0.000000
 0.386139  0.000000  0.514851  0.099010
 0.900990  0.049505  0.049505  0.000000
 0.534653  0.000000  0.049505  0.415842
 0.089109  0.000000  0.603960  0.306931
 0.306931  0.079208  0.613861  0.000000
 0.861386  0.000000  0.138614  0.000000
 0.079208  0.405941  0.237624  0.277228
 0.267327  0.049505  0.683168  0.000000
 0.297030  0.000000  0.445545  0.257426
 0.049505  0.257426  0.613861  0.079208
 0.099010  0.465347  0.138614  0.297030

MOTIF HDAC1_f1
letter-probability matrix: alength= 4 w= 23 nsites= 11 E= 0
 0.151042  0.255208  0.161458  0.432292
 0.083333  0.083333  0.177083  0.656250
 0.083333  0.093750  0.166667  0.656250
 0.000000  0.166667  0.833333  0.000000
 0.718750  0.093750  0.187500  0.000000
 0.250000  0.000000  0.750000  0.000000
 0.468750  0.093750  0.437500  0.000000
 0.437500  0.375000  0.104167  0.083333
 0.447917  0.000000  0.552083  0.000000
 0.187500  0.250000  0.562500  0.000000
 0.083333  0.000000  0.656250  0.260417
 0.083333  0.000000  0.822917  0.093750
 0.083333  0.281250  0.447917  0.187500
 0.093750  0.562500  0.083333  0.260417
 0.260417  0.104167  0.364583  0.270833
 0.177083  0.187500  0.291667  0.343750
 0.270833  0.000000  0.562500  0.166667
 0.000000  0.447917  0.447917  0.104167
 0.000000  0.291667  0.166667  0.541667
 0.260417  0.177083  0.562500  0.000000
 0.177083  0.260417  0.291667  0.270833
 0.000000  0.281250  0.718750  0.000000
 0.093750  0.447917  0.364583  0.093750

MOTIF HME1_f1
letter-probability matrix: alength= 4 w= 14 nsites= 10 E= 0
 0.175000  0.175000  0.575000  0.075000
 0.200000  0.100000  0.500000  0.200000
 0.200000  0.100000  0.700000  0.000000
 0.100000  0.200000  0.300000  0.400000
 0.200000  0.100000  0.400000  0.300000
 0.000000  0.400000  0.500000  0.100000
 0.400000  0.200000  0.200000  0.200000
 0.700000  0.000000  0.300000  0.000000
 0.000000  0.300000  0.000000  0.700000
 0.100000  0.000000  0.200000  0.700000
 0.500000  0.100000  0.100000  0.300000
 0.100000  0.300000  0.100000  0.500000
 0.000000  0.200000  0.300000  0.500000
 0.300000  0.100000  0.300000  0.300000

MOTIF HMGB2_f1
letter-probability matrix: alength= 4 w= 22 nsites= 9 E= 0
 0.092206  0.235637  0.092206  0.579951
 0.764363  0.071716  0.163922  0.000000
 0.276618  0.143431  0.092206  0.487745
 0.092206  0.071716  0.071716  0.764363
 0.143431  0.000000  0.092206  0.764363
 0.487745  0.000000  0.348333  0.163922
 0.907794  0.000000  0.092206  0.000000
 1.000000  0.000000  0.000000  0.000000
 0.836078  0.000000  0.163922  0.000000
 0.092206  0.697402  0.210392  0.000000
 0.092206  0.907794  0.000000  0.000000
 0.743872  0.256128  0.000000  0.000000
 0.163922  0.000000  0.559461  0.276618
 0.651667  0.000000  0.348333  0.000000
 0.000000  0.071716  0.559461  0.368824
 0.000000  0.579951  0.071716  0.348333
 0.856569  0.143431  0.000000  0.000000
 0.000000  0.420049  0.579951  0.000000
 1.000000  0.000000  0.000000  0.000000
 0.138676  0.000000  0.235637  0.625686
 0.492500  0.000000  0.138676  0.368824
 0.212586  0.069154  0.069154  0.649105

MOTIF HNRPK_f1
letter-probability matrix: alength= 4 w= 17 nsites= 8 E= 0
 0.297945  0.065068  0.571918  0.065068
 0.616438  0.273973  0.109589  0.000000
 0.260274  0.000000  0.739726  0.000000
 0.000000  0.000000  1.000000  0.000000
 0.109589  0.000000  0.780822  0.109589
 0.136986  0.000000  0.602740  0.260274
 0.123288  0.000000  0.876712  0.000000
 0.232877  0.000000  0.767123  0.000000
 0.260274  0.000000  0.739726  0.000000
 0.000000  0.000000  1.000000  0.000000
 0.369863  0.136986  0.369863  0.123288
 0.863014  0.000000  0.136986  0.000000
 0.246575  0.136986  0.616438  0.000000
 0.000000  0.000000  0.726027  0.273973
 0.232877  0.109589  0.000000  0.657534
 0.136986  0.000000  0.726027  0.136986
 0.030822  0.030822  0.770548  0.167808

MOTIF HXC13_si
letter-probability matrix: alength= 4 w= 17 nsites= 10 E= 0
 0.300000  0.000000  0.300000  0.400000
 0.200000  0.000000  0.200000  0.600000
 0.100000  0.600000  0.000000  0.300000
 0.400000  0.400000  0.100000  0.100000
 0.500000  0.300000  0.200000  0.000000
 0.500000  0.000000  0.100000  0.400000
 0.000000  0.000000  0.000000  1.000000
 0.500000  0.000000  0.000000  0.500000
 1.000000  0.000000  0.000000  0.000000
 0.900000  0.000000  0.000000  0.100000
 0.400000  0.100000  0.000000  0.500000
 0.200000  0.000000  0.600000  0.200000
 0.900000  0.000000  0.000000  0.100000
 0.100000  0.000000  0.900000  0.000000
 0.000000  0.200000  0.700000  0.100000
 0.300000  0.300000  0.100000  0.300000
 0.200000  0.200000  0.600000  0.000000

MOTIF KLF11_f1
letter-probability matrix: alength= 4 w= 21 nsites= 10 E= 0
 0.247312  0.053763  0.344086  0.354839
 0.000000  0.709677  0.290323  0.000000
 0.000000  0.591398  0.408602  0.000000
 0.408602  0.096774  0.096774  0.397849
 0.204301  0.000000  0.397849  0.397849
 0.000000  0.397849  0.408602  0.193548
 0.193548  0.107527  0.698925  0.000000
 0.107527  0.204301  0.688172  0.000000
 0.000000  0.096774  0.806452  0.096774
 0.000000  0.000000  0.903226  0.096774
 0.000000  0.408602  0.591398  0.000000
 0.193548  0.311828  0.494624  0.000000
 0.290323  0.096774  0.612903  0.000000
 0.096774  0.000000  0.903226  0.000000
 0.096774  0.000000  0.806452  0.096774
 0.193548  0.602151  0.000000  0.204301
 0.000000  0.096774  0.709677  0.193548
 0.688172  0.204301  0.107527  0.000000
 0.204301  0.000000  0.698925  0.096774
 0.000000  0.397849  0.408602  0.193548
 0.099462  0.411290  0.293011  0.196237

MOTIF KLF13_f1
letter-probability matrix: alength= 4 w= 22 nsites= 9 E= 0
 0.205696  0.509494  0.079114  0.205696
 0.000000  0.240506  0.430380  0.329114
 0.746835  0.000000  0.253165  0.000000
 0.443038  0.000000  0.556962  0.000000
 0.430380  0.240506  0.329114  0.000000
 0.556962  0.113924  0.329114  0.000000
 0.000000  0.113924  0.886076  0.000000
 0.113924  0.000000  0.759494  0.126582
 0.759494  0.126582  0.000000  0.113924
 0.000000  0.000000  0.873418  0.126582
 0.000000  0.000000  0.670886  0.329114
 0.000000  0.430380  0.240506  0.329114
 0.000000  0.000000  0.430380  0.569620
 0.000000  0.455696  0.113924  0.430380
 0.000000  0.329114  0.670886  0.000000
 0.443038  0.126582  0.430380  0.000000
 0.329114  0.556962  0.113924  0.000000
 0.455696  0.303797  0.000000  0.240506
 0.632911  0.000000  0.126582  0.240506
 0.303797  0.126582  0.000000  0.569620
 0.443038  0.430380  0.126582  0.000000
 0.075949  0.202532  0.645570  0.075949

MOTIF KLF5_si
letter-probability matrix: alength= 4 w= 18 nsites= 10 E= 0
 0.103448  0.000000  0.793103  0.103448
 0.264368  0.000000  0.735632  0.000000
 0.103448  0.103448  0.793103  0.000000
 0.471264  0.413793  0.114943  0.000000
 0.781609  0.114943  0.103448  0.000000
 0.000000  0.000000  0.793103  0.206897
 0.206897  0.000000  0.793103  0.000000
 0.367816  0.000000  0.632184  0.000000
 0.000000  0.000000  0.896552  0.103448
 0.000000  0.000000  1.000000  0.000000
 0.000000  0.689655  0.206897  0.103448
 0.000000  0.103448  0.896552  0.000000
 0.000000  0.206897  0.528736  0.264368
 0.310345  0.000000  0.689655  0.000000
 0.000000  0.000000  1.000000  0.000000
 0.000000  0.781609  0.218391  0.000000
 0.000000  1.000000  0.000000  0.000000
 0.471264  0.000000  0.218391  0.310345

MOTIF LMX1B_f1
letter-probability matrix: alength= 4 w= 21 nsites= 5 E= 0
 0.350000  0.150000  0.150000  0.350000
 0.000000  0.200000  0.400000  0.400000
 0.000000  0.000000  0.600000  0.400000
 0.400000  0.400000  0.200000  0.000000
 0.200000  0.000000  0.000000  0.800000
 0.200000  0.200000  0.400000  0.200000
 0.200000  0.000000  0.000000  0.800000
 0.000000  0.000000  0.000000  1.000000
 0.800000  0.000000  0.000000  0.200000
 0.800000  0.000000  0.000000  0.200000
 0.000000  0.000000  0.000000  1.000000
 0.400000  0.000000  0.000000  0.600000
 0.800000  0.000000  0.000000  0.200000
 0.200000  0.200000  0.200000  0.400000
 0.000000  0.000000  0.000000  1.000000
 0.200000  0.000000  0.400000  0.400000
 0.200000  0.200000  0.400000  0.200000
 0.000000  0.400000  0.200000  0.400000
 0.200000  0.000000  0.200000  0.600000
 0.200000  0.000000  0.000000  0.800000
 0.100000  0.500000  0.100000  0.300000

MOTIF MBD1_f1
letter-probability matrix: alength= 4 w= 25 nsites= 9 E= 0
 0.024332  0.635018  0.121661  0.218989
 0.000000  0.291985  0.291985  0.416029
 0.333333  0.138676  0.389314  0.138676
 0.138676  0.625319  0.097328  0.138676
 0.291985  0.277353  0.291985  0.138676
 0.236005  0.000000  0.666667  0.097328
 0.000000  0.000000  1.000000  0.000000
 0.000000  0.472010  0.389314  0.138676
 0.000000  0.291985  0.569338  0.138676
 0.138676  0.291985  0.138676  0.430662
 0.000000  0.000000  0.861324  0.138676
 0.138676  0.000000  0.861324  0.000000
 0.861324  0.138676  0.000000  0.000000
 0.569338  0.000000  0.000000  0.430662
 0.277353  0.430662  0.291985  0.000000
 0.138676  0.097328  0.000000  0.763995
 0.000000  0.000000  0.861324  0.138676
 0.569338  0.000000  0.430662  0.000000
 0.430662  0.430662  0.138676  0.000000
 0.277353  0.000000  0.430662  0.291985
 0.277353  0.291985  0.000000  0.430662
 0.000000  1.000000  0.000000  0.000000
 0.708015  0.000000  0.000000  0.291985
 0.000000  0.291985  0.430662  0.277353
 0.163009  0.454994  0.024332  0.357665

MOTIF MYF5_f1
letter-probability matrix: alength= 4 w= 25 nsites= 5 E= 0
 0.716216  0.094595  0.094595  0.094595
 0.000000  0.000000  0.513514  0.486486
 0.378378  0.243243  0.135135  0.243243
 0.621622  0.135135  0.000000  0.243243
 0.864865  0.000000  0.135135  0.000000
 0.000000  0.756757  0.000000  0.243243
 0.864865  0.000000  0.000000  0.135135
 0.000000  0.243243  0.756757  0.000000
 0.000000  0.864865  0.135135  0.000000
 0.864865  0.000000  0.135135  0.000000
 0.000000  0.000000  1.000000  0.000000
 0.000000  0.621622  0.243243  0.135135
 0.000000  0.135135  0.000000  0.864865
 0.000000  0.000000  0.864865  0.135135
 0.000000  0.243243  0.621622  0.135135
 0.486486  0.513514  0.000000  0.000000
 0.621622  0.000000  0.243243  0.135135
 0.621622  0.135135  0.243243  0.000000
 0.621622  0.135135  0.243243  0.000000
 0.243243  0.243243  0.000000  0.513514
 0.486486  0.135135  0.378378  0.000000
 0.378378  0.000000  0.135135  0.486486
 0.378378  0.000000  0.621622  0.000000
 0.378378  0.000000  0.378378  0.243243
 0.000000  0.378378  0.243243  0.378378

MOTIF NF1_do
letter-probability matrix: alength= 4 w= 18 nsites= 28 E= 0
 0.341435  0.146991  0.332176  0.179398
 0.282407  0.287037  0.000000  0.430556
 0.152778  0.000000  0.185185  0.662037
 0.027778  0.041667  0.930556  0.000000
 0.000000  0.101852  0.898148  0.000000
 0.138889  0.699074  0.162037  0.000000
 0.402778  0.287037  0.106481  0.203704
 0.282407  0.375000  0.208333  0.134259
 0.259259  0.245370  0.495370  0.000000
 0.486111  0.138889  0.268519  0.106481
 0.453704  0.189815  0.101852  0.254630
 0.069444  0.074074  0.791667  0.064815
 0.148148  0.819444  0.000000  0.032407
 0.101852  0.898148  0.000000  0.000000
 0.939815  0.027778  0.000000  0.032407
 0.476852  0.143519  0.342593  0.037037
 0.541667  0.185185  0.273148  0.000000
 0.402778  0.120370  0.388889  0.087963

MOTIF NF1_f1
letter-probability matrix: alength= 4 w= 7 nsites= 36 E= 0
 0.237037  0.288889  0.088889  0.385185
 0.159259  0.333333  0.133333  0.374074
 0.000000  0.170370  0.029630  0.800000
 0.000000  0.000000  0.000000  1.000000
 0.000000  0.000000  1.000000  0.000000
 0.000000  0.025926  0.974074  0.000000
 0.044444  0.877778  0.037037  0.040741

MOTIF NOTC1_si
letter-probability matrix: alength= 4 w= 20 nsites= 7 E= 0
 0.163934  0.000000  0.163934  0.672131
 0.000000  0.147541  0.704918  0.147541
 0.000000  0.311475  0.245902  0.442623
 0.295082  0.081967  0.147541  0.475410
 0.311475  0.393443  0.131148  0.163934
 0.295082  0.000000  0.704918  0.000000
 0.000000  0.081967  0.918033  0.000000
 0.311475  0.360656  0.327869  0.000000
 0.475410  0.442623  0.081967  0.000000
 0.836066  0.163934  0.000000  0.000000
 0.147541  0.000000  0.704918  0.147541
 0.000000  0.147541  0.442623  0.409836
 0.147541  0.000000  0.081967  0.770492
 0.000000  0.000000  0.278689  0.721311
 0.000000  0.327869  0.540984  0.131148
 0.163934  0.163934  0.672131  0.000000
 0.278689  0.475410  0.245902  0.000000
 0.721311  0.000000  0.147541  0.131148
 0.393443  0.163934  0.442623  0.000000
 0.147541  0.393443  0.459016  0.000000

MOTIF NR1H3_f1
letter-probability matrix: alength= 4 w= 23 nsites= 8 E= 0
 0.124016  0.407480  0.344488  0.124016
 0.070866  0.362205  0.141732  0.425197
 0.141732  0.000000  0.196850  0.661417
 0.141732  0.070866  0.503937  0.283465
 0.496063  0.125984  0.236220  0.141732
 0.000000  0.141732  0.559055  0.299213
 0.000000  0.370079  0.488189  0.141732
 0.000000  0.000000  0.000000  1.000000
 0.000000  0.850394  0.070866  0.078740
 1.000000  0.000000  0.000000  0.000000
 0.000000  1.000000  0.000000  0.000000
 0.157480  0.070866  0.141732  0.629921
 0.000000  0.283465  0.645669  0.070866
 0.283465  0.338583  0.377953  0.000000
 0.354331  0.362205  0.283465  0.000000
 0.000000  0.000000  0.771654  0.228346
 0.299213  0.000000  0.220472  0.480315
 0.141732  0.338583  0.157480  0.362205
 0.157480  0.629921  0.070866  0.141732
 0.732283  0.125984  0.141732  0.000000
 0.409449  0.149606  0.141732  0.299213
 0.141732  0.070866  0.551181  0.236220
 0.000000  0.125984  0.362205  0.511811

MOTIF NRL_f1
letter-probability matrix: alength= 4 w= 25 nsites= 5 E= 0
 0.115199  0.294934  0.474669  0.115199
 0.000000  0.460795  0.539205  0.000000
 0.820265  0.000000  0.179735  0.000000
 0.179735  0.000000  0.640530  0.179735
 0.460795  0.359470  0.179735  0.000000
 0.179735  0.000000  0.000000  0.820265
 0.000000  0.000000  1.000000  0.000000
 0.000000  1.000000  0.000000  0.000000
 0.000000  0.000000  0.000000  1.000000
 0.000000  0.000000  1.000000  0.000000
 1.000000  0.000000  0.000000  0.000000
 0.000000  0.359470  0.000000  0.640530
 0.179735  0.000000  0.000000  0.820265
 0.179735  0.820265  0.000000  0.000000
 1.000000  0.000000  0.000000  0.000000
 0.000000  0.179735  0.820265  0.000000
 0.000000  0.820265  0.000000  0.179735
 0.000000  1.000000  0.000000  0.000000
 0.640530  0.179735  0.179735  0.000000
 0.000000  0.179735  0.640530  0.179735
 0.179735  0.179735  0.640530  0.000000
 0.820265  0.179735  0.000000  0.000000
 0.179735  0.000000  0.820265  0.000000
 0.359470  0.640530  0.000000  0.000000
 0.179735  0.000000  0.179735  0.640530

MOTIF OBF1_f1
letter-probability matrix: alength= 4 w= 17 nsites= 12 E= 0
 0.064935  0.064935  0.675325  0.194805
 0.714286  0.168831  0.116883  0.000000
 0.000000  0.064935  0.298701  0.636364
 0.116883  0.103896  0.064935  0.714286
 0.194805  0.103896  0.000000  0.701299
 0.194805  0.000000  0.805195  0.000000
 0.129870  0.870130  0.000000  0.000000
 0.636364  0.298701  0.064935  0.000000
 0.116883  0.000000  0.103896  0.779221
 0.441558  0.103896  0.000000  0.454545
 0.000000  0.000000  0.103896  0.896104
 0.194805  0.428571  0.064935  0.311688
 0.610390  0.324675  0.000000  0.064935
 0.519481  0.064935  0.298701  0.116883
 0.324675  0.000000  0.103896  0.571429
 0.285714  0.000000  0.259740  0.454545
 0.451299  0.139610  0.204545  0.204545

MOTIF PARP1_si
letter-probability matrix: alength= 4 w= 12 nsites= 15 E= 0
 0.208000  0.192000  0.072000  0.528000
 0.192000  0.528000  0.280000  0.000000
 0.136000  0.000000  0.056000  0.808000
 0.064000  0.000000  0.936000  0.000000
 0.400000  0.000000  0.600000  0.000000
 0.456000  0.000000  0.544000  0.000000
 0.928000  0.072000  0.000000  0.000000
 0.392000  0.416000  0.000000  0.192000
 0.328000  0.272000  0.064000  0.336000
 0.328000  0.536000  0.136000  0.000000
 0.272000  0.336000  0.056000  0.336000
 0.256000  0.136000  0.480000  0.128000

MOTIF PAX3_si
letter-probability matrix: alength= 4 w= 7 nsites= 43 E= 0
 0.365925  0.180913  0.213700  0.239461
 0.271663  0.044496  0.557377  0.126464
 0.000000  0.000000  0.386417  0.613583
 0.000000  0.000000  1.000000  0.000000
 1.000000  0.000000  0.000000  0.000000
 0.487119  0.386417  0.000000  0.126464
 0.286885  0.319672  0.263466  0.129977

MOTIF PHX2A_f1
letter-probability matrix: alength= 4 w= 20 nsites= 10 E= 0
 0.158824  0.052941  0.735294  0.052941
 0.000000  0.588235  0.094118  0.317647
 0.000000  0.094118  0.905882  0.000000
 0.094118  0.282353  0.000000  0.623529
 0.411765  0.411765  0.000000  0.176471
 0.705882  0.200000  0.094118  0.000000
 0.000000  0.117647  0.082353  0.800000
 0.082353  0.188235  0.000000  0.729412
 0.811765  0.000000  0.188235  0.000000
 0.305882  0.094118  0.505882  0.094118
 0.188235  0.000000  0.000000  0.811765
 0.094118  0.317647  0.494118  0.094118
 0.117647  0.188235  0.000000  0.694118
 0.188235  0.717647  0.000000  0.094118
 0.635294  0.188235  0.176471  0.000000
 0.600000  0.000000  0.082353  0.317647
 0.094118  0.176471  0.105882  0.623529
 0.000000  0.082353  0.200000  0.717647
 0.694118  0.000000  0.223529  0.082353
 0.161765  0.079412  0.679412  0.079412

MOTIF PHX2B_f1
letter-probability matrix: alength= 4 w= 20 nsites= 6 E= 0
 0.186275  0.029412  0.578431  0.205882
 0.000000  0.176471  0.156863  0.666667
 0.882353  0.117647  0.000000  0.000000
 0.156863  0.000000  0.372549  0.470588
 0.333333  0.000000  0.156863  0.509804
 0.196078  0.000000  0.803922  0.000000
 0.196078  0.176471  0.117647  0.509804
 0.352941  0.156863  0.490196  0.000000
 0.529412  0.156863  0.000000  0.313725
 0.176471  0.000000  0.000000  0.823529
 0.117647  0.352941  0.156863  0.372549
 0.156863  0.000000  0.196078  0.647059
 0.666667  0.000000  0.176471  0.156863
 1.000000  0.000000  0.000000  0.000000
 0.156863  0.000000  0.000000  0.843137
 0.000000  0.000000  0.000000  1.000000
 0.725490  0.156863  0.000000  0.117647
 0.529412  0.156863  0.313725  0.000000
 0.725490  0.000000  0.274510  0.000000
 0.000000  0.450980  0.549020  0.000000

MOTIF PITX1_f1
letter-probability matrix: alength= 4 w= 21 nsites= 10 E= 0
 0.049451  0.159341  0.741758  0.049451
 0.791209  0.000000  0.098901  0.109890
 0.000000  0.186813  0.593407  0.219780
 0.681319  0.208791  0.109890  0.000000
 0.000000  0.186813  0.109890  0.703297
 0.000000  0.000000  0.109890  0.890110
 1.000000  0.000000  0.000000  0.000000
 0.186813  0.000000  0.494505  0.318681
 0.000000  0.000000  0.208791  0.791209
 0.109890  0.186813  0.604396  0.098901
 0.000000  0.000000  0.428571  0.571429
 0.000000  0.780220  0.109890  0.109890
 0.000000  0.593407  0.109890  0.296703
 0.494505  0.000000  0.000000  0.505495
 0.000000  0.109890  0.483516  0.406593
 0.098901  0.000000  0.681319  0.219780
 0.000000  0.109890  0.186813  0.703297
 0.000000  0.318681  0.186813  0.494505
 0.494505  0.318681  0.186813  0.000000
 0.000000  0.703297  0.296703  0.000000
 0.162088  0.634615  0.052198  0.151099

MOTIF PITX3_si
letter-probability matrix: alength= 4 w= 19 nsites= 10 E= 0
 0.597826  0.097826  0.304348  0.000000
 0.097826  0.097826  0.706522  0.097826
 0.304348  0.304348  0.000000  0.391304
 0.000000  0.500000  0.293478  0.206522
 0.000000  0.097826  0.402174  0.500000
 0.195652  0.304348  0.304348  0.195652
 0.293478  0.000000  0.000000  0.706522
 0.804348  0.000000  0.097826  0.097826
 0.902174  0.000000  0.097826  0.000000
 0.097826  0.097826  0.206522  0.597826
 0.000000  0.793478  0.108696  0.097826
 0.195652  0.706522  0.097826  0.000000
 0.597826  0.097826  0.097826  0.206522
 0.304348  0.402174  0.195652  0.097826
 0.304348  0.195652  0.195652  0.304348
 0.206522  0.391304  0.402174  0.000000
 0.304348  0.000000  0.000000  0.695652
 0.097826  0.108696  0.597826  0.195652
 0.445652  0.054348  0.347826  0.152174

MOTIF PLAL2_f1
letter-probability matrix: alength= 4 w= 25 nsites= 12 E= 0
 0.313594  0.607855  0.039275  0.039275
 0.519942  0.274319  0.205739  0.000000
 0.568580  0.000000  0.431420  0.000000
 0.000000  0.000000  1.000000  0.000000
 0.157101  0.000000  0.842899  0.000000
 0.137159  0.000000  0.862841  0.000000
 0.137159  0.157101  0.705739  0.000000
 0.000000  1.000000  0.000000  0.000000
 0.137159  0.862841  0.000000  0.000000
 0.294261  0.068580  0.137159  0.500000
 0.362841  0.068580  0.274319  0.294261
 0.411478  0.000000  0.588522  0.000000
 0.362841  0.000000  0.637159  0.000000
 0.205739  0.137159  0.657101  0.000000
 0.705739  0.000000  0.294261  0.000000
 0.000000  0.068580  0.931420  0.000000
 0.000000  0.657101  0.342899  0.000000
 0.205739  0.000000  0.342899  0.451362
 0.137159  0.157101  0.500000  0.205739
 0.000000  0.294261  0.274319  0.431420
 0.705739  0.294261  0.000000  0.000000
 0.294261  0.411478  0.294261  0.000000
 0.000000  0.294261  0.294261  0.411478
 0.725681  0.137159  0.137159  0.000000
 0.034290  0.445768  0.485652  0.034290

MOTIF PO4F1_f1
letter-probability matrix: alength= 4 w= 20 nsites= 13 E= 0
 0.031963  0.502283  0.031963  0.433790
 0.118721  0.091324  0.707763  0.082192
 0.000000  0.246575  0.333333  0.420091
 0.000000  0.000000  0.744292  0.255708
 0.337900  0.292237  0.328767  0.041096
 0.666667  0.000000  0.287671  0.045662
 0.420091  0.000000  0.205479  0.374429
 0.543379  0.000000  0.374429  0.082192
 0.657534  0.045662  0.205479  0.091324
 0.452055  0.292237  0.082192  0.173516
 0.041096  0.292237  0.000000  0.666667
 0.091324  0.127854  0.205479  0.575342
 0.716895  0.073059  0.210046  0.000000
 0.164384  0.000000  0.497717  0.337900
 0.182648  0.374429  0.278539  0.164384
 0.538813  0.082192  0.214612  0.164384
 0.045662  0.000000  0.863014  0.091324
 0.420091  0.360731  0.136986  0.082192
 0.287671  0.173516  0.082192  0.456621
 0.255708  0.461187  0.196347  0.086758

MOTIF PO4F3_f1
letter-probability matrix: alength= 4 w= 18 nsites= 7 E= 0
 0.134311  0.024420  0.816849  0.024420
 0.000000  0.792429  0.097681  0.109891
 0.109891  0.000000  0.890109  0.000000
 0.251933  0.528286  0.219781  0.000000
 0.000000  0.374034  0.625966  0.000000
 0.000000  0.097681  0.000000  0.902319
 0.219781  0.000000  0.000000  0.780219
 0.902319  0.000000  0.000000  0.097681
 0.792429  0.000000  0.207571  0.000000
 0.207571  0.000000  0.000000  0.792429
 0.000000  0.000000  1.000000  0.000000
 1.000000  0.000000  0.000000  0.000000
 0.207571  0.000000  0.682538  0.109891
 0.207571  0.638176  0.154252  0.000000
 0.374034  0.000000  0.000000  0.625966
 0.000000  0.000000  0.890109  0.109891
 0.207571  0.000000  0.000000  0.792429
 0.000000  0.000000  0.890109  0.109891

MOTIF PRGC1_si
letter-probability matrix: alength= 4 w= 11 nsites= 2122 E= 0
 0.082982  0.535583  0.251243  0.130192
 0.040204  0.008700  0.030321  0.920776
 0.016170  0.045864  0.905442  0.032525
 0.359187  0.123998  0.226444  0.290372
 0.157798  0.692500  0.091519  0.058183
 0.021041  0.928965  0.008676  0.041317
 0.027444  0.060085  0.011483  0.900988
 0.013594  0.108872  0.190253  0.687280
 0.018350  0.027491  0.562053  0.392106
 0.117804  0.061245  0.743468  0.077484
 0.149447  0.188954  0.461765  0.199835

MOTIF PSIP1_f1
letter-probability matrix: alength= 4 w= 10 nsites= 5 E= 0
 0.706522  0.097826  0.097826  0.097826
 0.195652  0.000000  0.391304  0.413043
 0.195652  0.000000  0.608696  0.195652
 0.195652  0.000000  0.000000  0.804348
 0.000000  0.586957  0.000000  0.413043
 0.000000  0.000000  0.000000  1.000000
 0.000000  0.000000  0.217391  0.782609
 0.000000  0.608696  0.195652  0.195652
 0.000000  0.000000  0.195652  0.804348
 0.048913  0.048913  0.853261  0.048913

MOTIF RAD21_do
letter-probability matrix: alength= 4 w= 19 nsites= 2010 E= 0
 0.115358  0.244782  0.111700  0.528160
 0.215702  0.135914  0.406195  0.242189
 0.306793  0.084443  0.443863  0.164902
 0.103650  0.785053  0.044026  0.067272
 0.009395  0.985598  0.002783  0.002223
 0.845471  0.012851  0.068431  0.073247
 0.022422  0.646412  0.298633  0.032533
 0.158647  0.427125  0.059983  0.354245
 0.868563  0.019676  0.059378  0.052383
 0.016991  0.002331  0.971032  0.009647
 0.476465  0.004898  0.515163  0.003474
 0.026740  0.021567  0.432520  0.519173
 0.023170  0.001060  0.970421  0.005348
 0.059083  0.026012  0.827132  0.087773
 0.103914  0.768145  0.009363  0.118577
 0.510182  0.015846  0.445152  0.028820
 0.069891  0.504547  0.387854  0.037708
 0.090334  0.392196  0.062646  0.454824
 0.468388  0.236035  0.251251  0.044326

MOTIF RBL1_f1
letter-probability matrix: alength= 4 w= 7 nsites= 5 E= 0
 0.046490  0.232452  0.046490  0.674567
 0.000000  0.000000  0.000000  1.000000
 0.000000  0.778943  0.221057  0.000000
 0.000000  0.000000  1.000000  0.000000
 0.000000  1.000000  0.000000  0.000000
 0.000000  0.000000  1.000000  0.000000
 0.000000  0.407019  0.592981  0.000000

MOTIF SATB1_f1
letter-probability matrix: alength= 4 w= 25 nsites= 15 E= 0
 0.340909  0.000000  0.136364  0.522727
 0.575758  0.000000  0.257576  0.166667
 0.575758  0.068182  0.136364  0.219697
 0.507576  0.000000  0.257576  0.234848
 0.454545  0.136364  0.068182  0.340909
 0.477273  0.000000  0.522727  0.000000
 0.272727  0.234848  0.356061  0.136364
 0.325758  0.234848  0.000000  0.439394
 0.469697  0.204545  0.136364  0.189394
 0.590909  0.136364  0.000000  0.272727
 0.303030  0.000000  0.393939  0.303030
 0.560606  0.068182  0.068182  0.303030
 0.000000  0.204545  0.393939  0.401515
 0.371212  0.371212  0.257576  0.000000
 0.204545  0.340909  0.151515  0.303030
 0.931818  0.000000  0.000000  0.068182
 0.098485  0.000000  0.000000  0.901515
 0.522727  0.068182  0.000000  0.409091
 1.000000  0.000000  0.000000  0.000000
 0.795455  0.000000  0.204545  0.000000
 0.303030  0.000000  0.000000  0.696970
 0.901515  0.000000  0.098485  0.000000
 0.606061  0.068182  0.000000  0.325758
 0.318182  0.000000  0.000000  0.681818
 0.676136  0.017045  0.221591  0.085227

MOTIF SETB1_si
letter-probability matrix: alength= 4 w= 16 nsites= 2003 E= 0
 0.353656  0.181460  0.364026  0.100858
 0.124441  0.371196  0.356749  0.147615
 0.387897  0.142638  0.314593  0.154872
 0.140854  0.263014  0.348941  0.247191
 0.438142  0.052297  0.214574  0.294988
 0.150452  0.612089  0.226432  0.011027
 0.182647  0.014749  0.068810  0.733793
 0.014615  0.037896  0.942646  0.004843
 0.061057  0.476977  0.452522  0.009444
 0.917433  0.032819  0.033148  0.016601
 0.381089  0.019612  0.590344  0.008954
 0.476910  0.020290  0.366045  0.136755
 0.303653  0.020397  0.586836  0.089113
 0.369653  0.021732  0.601545  0.007070
 0.451053  0.081957  0.384725  0.082265
 0.582812  0.113307  0.290722  0.013160

MOTIF SIX3_f1
letter-probability matrix: alength= 4 w= 16 nsites= 7 E= 0
 0.214286  0.071429  0.357143  0.357143
 0.285714  0.142857  0.571429  0.000000
 0.857143  0.000000  0.142857  0.000000
 0.571429  0.285714  0.142857  0.000000
 0.142857  0.000000  0.857143  0.000000
 0.142857  0.428571  0.000000  0.428571
 0.000000  0.714286  0.142857  0.142857
 0.571429  0.000000  0.142857  0.285714
 0.000000  0.285714  0.571429  0.142857
 0.285714  0.142857  0.285714  0.285714
 0.000000  0.000000  1.000000  0.000000
 0.142857  0.428571  0.000000  0.428571
 0.285714  0.142857  0.000000  0.571429
 1.000000  0.000000  0.000000  0.000000
 0.142857  0.285714  0.285714  0.285714
 0.071429  0.071429  0.214286  0.642857

MOTIF SIX5_f1
letter-probability matrix: alength= 4 w= 24 nsites= 1594 E= 0
 0.279558  0.185938  0.430337  0.104168
 0.237061  0.053005  0.455958  0.253976
 0.020182  0.019327  0.929645  0.030846
 0.069309  0.663681  0.221999  0.045011
 0.463596  0.391998  0.045970  0.098436
 0.013992  0.199283  0.057097  0.729628
 0.028331  0.220455  0.402152  0.349061
 0.108881  0.754431  0.074389  0.062299
 0.009997  0.165702  0.013647  0.810654
 0.009454  0.000685  0.982127  0.007734
 0.004963  0.002635  0.989360  0.003042
 0.023837  0.001021  0.967476  0.007665
 0.899306  0.014428  0.048387  0.037879
 0.462332  0.125169  0.350527  0.061972
 0.323113  0.069712  0.079062  0.528112
 0.012934  0.070662  0.042531  0.873873
 0.008131  0.004639  0.981331  0.005898
 0.025544  0.028090  0.040153  0.906213
 0.947903  0.001329  0.047637  0.003131
 0.000604  0.003856  0.992840  0.002700
 0.002107  0.010526  0.013395  0.973973
 0.008040  0.465124  0.023247  0.503589
 0.015158  0.568751  0.026211  0.389880
 0.167432  0.349923  0.153249  0.329396

MOTIF TF2B_f1
letter-probability matrix: alength= 4 w= 8 nsites= 2116 E= 0
 0.453023  0.022587  0.175510  0.348880
 0.450621  0.205370  0.295721  0.048288
 0.988310  0.004187  0.001412  0.006091
 0.002326  0.008686  0.933717  0.055271
 0.505386  0.096140  0.392217  0.006257
 0.749510  0.027650  0.220265  0.002575
 0.898539  0.007551  0.007143  0.086768
 0.284593  0.163966  0.532034  0.019407

MOTIF TF3A_f1
letter-probability matrix: alength= 4 w= 25 nsites= 9 E= 0
 0.000000  0.000000  0.090909  0.909091
 0.000000  0.000000  0.909091  0.090909
 0.000000  0.090909  0.909091  0.000000
 0.000000  0.000000  0.090909  0.909091
 0.090909  0.000000  0.000000  0.909091
 0.909091  0.090909  0.000000  0.000000
 0.090909  0.000000  0.909091  0.000000
 0.000000  0.090909  0.000000  0.909091
 1.000000  0.000000  0.000000  0.000000
 0.000000  1.000000  0.000000  0.000000
 0.000000  0.636364  0.000000  0.363636
 0.000000  0.000000  0.000000  1.000000
 0.000000  0.000000  1.000000  0.000000
 0.000000  0.000000  1.000000  0.000000
 1.000000  0.000000  0.000000  0.000000
 0.000000  0.000000  0.000000  1.000000
 0.000000  0.000000  1.000000  0.000000
 0.000000  0.000000  1.000000  0.000000
 0.000000  0.000000  1.000000  0.000000
 1.000000  0.000000  0.000000  0.000000
 0.000000  0.000000  1.000000  0.000000
 1.000000  0.000000  0.000000  0.000000
 0.000000  1.000000  0.000000  0.000000
 0.000000  1.000000  0.000000  0.000000
 0.000000  0.000000  1.000000  0.000000

MOTIF TF3C2_f1
letter-probability matrix: alength= 4 w= 25 nsites= 1413 E= 0
 0.227467  0.060054  0.651827  0.060652
 0.709228  0.050889  0.201924  0.037959
 0.136152  0.077035  0.743053  0.043761
 0.090049  0.094787  0.745610  0.069555
 0.097541  0.205348  0.102172  0.594939
 0.033555  0.802545  0.026397  0.137502
 0.439339  0.261530  0.269806  0.029325
 0.067463  0.299465  0.459451  0.173621
 0.081893  0.053309  0.796421  0.068377
 0.514767  0.013205  0.453022  0.019006
 0.001022  0.000000  0.996319  0.002659
 0.043743  0.001171  0.002557  0.952529
 0.001739  0.001757  0.001303  0.995202
 0.002958  0.960733  0.010594  0.025716
 0.232587  0.004607  0.758731  0.004075
 0.975078  0.009763  0.010809  0.004350
 0.278989  0.014663  0.568422  0.137926
 0.482968  0.127404  0.051767  0.337860
 0.006441  0.982195  0.003131  0.008234
 0.015636  0.905948  0.002814  0.075601
 0.488352  0.390171  0.073839  0.047638
 0.172796  0.058423  0.706940  0.061841
 0.032731  0.614943  0.275637  0.076689
 0.083954  0.708583  0.055316  0.152147
 0.075028  0.187106  0.147486  0.590380

MOTIF TOPRS_f1
letter-probability matrix: alength= 4 w= 25 nsites= 18 E= 0
 0.055556  0.944444  0.000000  0.000000
 0.000000  0.944444  0.000000  0.055556
 0.000000  0.000000  0.000000  1.000000
 0.000000  1.000000  0.000000  0.000000
 0.000000  1.000000  0.000000  0.000000
 0.000000  1.000000  0.000000  0.000000
 0.944444  0.000000  0.000000  0.055556
 1.000000  0.000000  0.000000  0.000000
 0.944444  0.000000  0.055556  0.000000
 0.000000  0.000000  0.944444  0.055556
 0.055556  0.000000  0.000000  0.944444
 0.000000  0.055556  0.888889  0.055556
 0.000000  1.000000  0.000000  0.000000
 0.000000  0.000000  0.000000  1.000000
 0.000000  0.000000  1.000000  0.000000
 0.000000  0.000000  1.000000  0.000000
 0.000000  0.000000  1.000000  0.000000
 1.000000  0.000000  0.000000  0.000000
 0.000000  0.000000  0.000000  1.000000
 0.000000  0.000000  0.000000  1.000000
 0.944444  0.000000  0.055556  0.000000
 0.000000  0.722222  0.055556  0.222222
 0.944444  0.000000  0.055556  0.000000
 0.000000  0.000000  1.000000  0.000000
 0.055556  0.000000  0.888889  0.055556

MOTIF Z354C_f1
letter-probability matrix: alength= 4 w= 19 nsites= 19 E= 0
 0.025000  0.625000  0.325000  0.025000
 0.200000  0.500000  0.300000  0.000000
 0.000000  0.000000  1.000000  0.000000
 0.700000  0.200000  0.100000  0.000000
 0.700000  0.200000  0.100000  0.000000
 0.200000  0.000000  0.800000  0.000000
 0.000000  0.000000  0.000000  1.000000
 0.000000  0.000000  1.000000  0.000000
 0.500000  0.000000  0.300000  0.200000
 0.200000  0.000000  0.800000  0.000000
 0.000000  0.000000  0.900000  0.100000
 0.500000  0.200000  0.100000  0.200000
 0.000000  0.000000  0.200000  0.800000
 0.000000  1.000000  0.000000  0.000000
 0.000000  0.500000  0.100000  0.400000
 1.000000  0.000000  0.000000  0.000000
 0.000000  0.500000  0.300000  0.200000
 0.000000  0.600000  0.200000  0.200000
 0.300000  0.600000  0.100000  0.000000

MOTIF ZBT16_si
letter-probability matrix: alength= 4 w= 16 nsites= 57 E= 0
 0.116531  0.235230  0.207588  0.440650
 0.124661  0.207046  0.271003  0.397290
 0.134417  0.116531  0.414634  0.334417
 0.208130  0.170732  0.066125  0.555014
 0.601084  0.027100  0.164770  0.207046
 0.065583  0.228726  0.014634  0.691057
 0.080217  0.000000  0.113279  0.806504
 0.434688  0.000000  0.565312  0.000000
 0.637398  0.004878  0.009756  0.347967
 0.627100  0.029268  0.151220  0.192412
 0.178862  0.179404  0.563686  0.078049
 0.279133  0.576694  0.102981  0.041192
 0.017344  0.190244  0.130623  0.661789
 0.388076  0.095393  0.267751  0.248780
 0.335501  0.149051  0.058537  0.456911
 0.615041  0.224255  0.129404  0.031301

