> APEX1_f1
0.6393442622950825 0.0 0.7868852459016392 7.21311475409836 0.983606557377048 3.344262295081968 0.0 5.540983606557376 0.0 0.0 2.0 2.885245901639344 0.0 0.983606557377048 0.0 2.655737704918032 3.254098360655736 
0.6393442622950825 2.655737704918032 3.442622950819672 0.0 0.0 0.0 6.327868852459016 0.0 0.0 0.983606557377048 0.983606557377048 0.0 7.114754098360656 0.0 6.42622950819672 5.344262295081968 2.92622950819672 
1.622950819672128 3.57377049180328 3.770491803278688 0.7868852459016392 3.770491803278688 0.0 0.7868852459016392 2.459016393442624 5.540983606557376 7.016393442622952 4.131147540983608 2.36065573770492 0.0 1.672131147540984 0.0 0.0 1.35245901639344 
5.098360655737704 1.770491803278688 0.0 0.0 3.245901639344264 4.655737704918032 0.885245901639344 0.0 2.459016393442624 0.0 0.885245901639344 2.754098360655736 0.885245901639344 5.344262295081968 1.57377049180328 0.0 0.4672131147540984 

> BDP1_f1
49.20392430622812 90.44069253345965 0.9391237117271318 1048.0312713461133 246.26594906208493 92.32663769225583 78.96336913849926 25.625760953603447 1370.6433595304065 824.8431328394195 9.298864293167002 52.14445920688193 8.96786167345991 947.1216587474977 
154.03168419393316 31.399062460122696 8.367438316781898 4.541663851795142 184.36076144151485 377.3583819367825 345.22033688382476 314.27544080888214 8.890884320039651 4.7648981767138885 95.50580238851242 8.490602082254314 440.8800939791772 55.89325631844835 
692.2881302497378 809.4630576260527 917.4007025919373 312.08158623640475 971.1385930146174 27.473217435689623 302.21308952792737 919.7562096065963 23.408813175100036 562.6813602960502 42.10661232088035 1332.254753379725 938.7388249600303 20.58374430457664 
511.3836519767906 475.6045781070548 480.20012610624474 42.252869292378904 5.142087208473153 909.7491536619618 680.5105951764382 147.24997935760828 3.9643337011432167 14.617999414506814 1259.9961117241298 14.017576057828746 18.320610114021054 383.3087313561677 

> CBP_f1
3.914285714285712 0.0 2.971428571428576 2.057142857142856 1.028571428571432 3.085714285714288 4.0 0.914285714285712 0.0 0.914285714285712 0.0 3.085714285714288 2.057142857142856 0.0 0.0 4.114285714285712 0.0 1.028571428571432 1.028571428571432 2.171428571428568 0.0 0.914285714285712 0.0 0.0 2.685714285714288 
0.7142857142857144 1.142857142857144 1.028571428571432 0.0 3.085714285714288 1.142857142857144 0.914285714285712 3.2 0.0 3.085714285714288 2.171428571428568 0.914285714285712 4.114285714285712 3.085714285714288 7.085714285714288 0.0 0.0 0.0 5.028571428571432 0.914285714285712 1.828571428571432 0.914285714285712 1.828571428571432 0.914285714285712 2.685714285714288 
1.628571428571432 4.914285714285712 0.914285714285712 0.0 0.914285714285712 1.828571428571432 0.0 3.885714285714288 1.828571428571432 0.0 0.0 0.0 1.828571428571432 4.914285714285712 0.0 0.0 1.028571428571432 4.0 1.942857142857144 1.028571428571432 4.228571428571432 2.971428571428576 4.0 4.0 0.7428571428571432 
1.742857142857144 1.942857142857144 3.085714285714288 5.942857142857144 2.971428571428576 1.942857142857144 3.085714285714288 0.0 6.171428571428568 4.0 5.828571428571432 4.0 0.0 0.0 0.914285714285712 3.885714285714288 6.971428571428576 2.971428571428576 0.0 3.885714285714288 1.942857142857144 3.2 2.171428571428568 3.085714285714288 1.885714285714288 

> CDA7L_f1
0.3723404255319147 0.7446808510638281 1.489361702127663 0.7446808510638281 0.0 1.191489361702129 0.7446808510638281 1.191489361702129 2.382978723404258 0.7446808510638281 1.489361702127663 0.0 2.6808510638297847 0.0 0.0 0.0 3.872340425531914 0.0 0.0 0.7446808510638281 4.319148936170215 0.3723404255319147 
5.882978723404251 5.510638297872344 1.936170212765957 0.0 0.7446808510638281 0.0 0.0 1.191489361702129 0.0 2.382978723404258 4.765957446808509 4.319148936170215 0.0 0.0 0.0 2.382978723404258 0.0 4.765957446808509 0.0 0.0 0.7446808510638281 0.3723404255319147 
0.3723404255319147 0.7446808510638281 3.57446808510638 6.255319148936172 6.255319148936172 5.0638297872340425 5.510638297872344 3.127659574468086 3.872340425531914 3.872340425531914 0.7446808510638281 1.489361702127663 4.319148936170215 7.0 7.0 4.617021276595749 2.382978723404258 2.234042553191491 3.872340425531914 6.255319148936172 0.7446808510638281 5.138297872340424 
0.3723404255319147 0.0 0.0 0.0 0.0 0.7446808510638281 0.7446808510638281 1.489361702127663 0.7446808510638281 0.0 0.0 1.191489361702129 0.0 0.0 0.0 0.0 0.7446808510638281 0.0 3.127659574468086 0.0 1.191489361702129 1.1170212765957421 

> CSEN_si
2.0833333333333353 1.979166666666665 0.0 0.0 0.0 5.0 1.979166666666665 0.0 0.0 0.2604166666666665 
1.979166666666665 0.0 0.9375 0.0 5.0 0.0 0.0 0.0 0.0 0.2604166666666665 
0.0 0.0 4.0625 0.0 0.0 0.0 3.020833333333335 3.020833333333335 2.0833333333333353 4.21875 
0.9375 3.020833333333335 0.0 5.0 0.0 0.0 0.0 1.979166666666665 2.916666666666665 0.2604166666666665 

> CTNB1_f2
15.25106382978724 15.965957446808515 4.765957446808516 14.655319148936172 9.889361702127657 4.765957446808516 24.068085106382966 24.187234042553204 22.280851063829793 0.0 7.744680851063828 0.5361702127659584 
4.885106382978725 1.9063829787234035 10.008510638297864 6.195744680851068 0.0 22.280851063829793 2.0255319148936173 2.859574468085104 0.9531914893617031 0.0 7.14893617021276 12.689361702127655 
5.838297872340416 9.055319148936173 11.200000000000001 0.9531914893617031 2.0255319148936173 0.0 1.9063829787234035 0.9531914893617031 0.9531914893617031 27.046808510638307 12.034042553191483 10.306382978723411 
2.0255319148936173 1.072340425531914 2.0255319148936173 6.195744680851068 16.085106382978726 0.9531914893617031 0.0 0.0 3.8127659574467962 0.9531914893617031 1.072340425531914 4.4680851063829685 

> DLX4_f1
4.638032401138659 5.076635228641818 6.141329480878083 8.359294190397984 6.141329480878083 0.0 5.628764833196462 3.3712351668035367 7.206023733114348 0.0 5.717341038243834 0.6407058096020195 9.0 1.619185429616238 
0.7146676297804797 0.0 2.217964709519901 0.0 0.0 3.2826589617561663 0.0 0.6407058096020195 1.153270457283636 0.0 0.0 0.0 0.0 0.5544911773799748 
2.932632339300378 0.0 0.0 0.0 2.217964709519901 0.0 0.0 0.0 0.6407058096020195 0.0 0.0 3.2826589617561663 0.0 0.5544911773799748 
0.7146676297804797 3.923364771358182 0.6407058096020195 0.6407058096020195 0.6407058096020195 5.717341038243834 3.3712351668035367 4.988059023594446 0.0 9.0 3.2826589617561663 5.076635228641818 0.0 6.271832215623816 

> DLX5_f1
6.15172413793104 0.0 4.082758620689648 0.0 3.2 1.986206896551728 7.17241379310344 6.068965517241376 8.386206896551728 4.082758620689648 1.87586206896552 12.24827586206896 10.92413793103448 1.1034482758620687 0.0 8.937931034482752 8.055172413793104 11.034482758620689 5.958620689655168 10.92413793103448 4.579310344827584 
4.386206896551728 0.8827586206896544 0.8827586206896544 3.089655172413792 2.979310344827584 7.062068965517248 0.8827586206896544 2.979310344827584 0.0 2.64827586206896 0.0 3.75172413793104 2.979310344827584 2.758620689655168 3.75172413793104 3.97241379310344 0.0 2.868965517241376 0.0 1.1034482758620687 3.696551724137936 
2.179310344827584 7.944827586206896 9.931034482758625 4.193103448275856 7.72413793103448 6.95172413793104 4.965517241379312 0.9931034482758624 0.8827586206896544 0.0 1.986206896551728 0.0 2.096551724137936 1.1034482758620687 7.062068965517248 1.986206896551728 7.944827586206896 2.096551724137936 8.055172413793104 3.97241379310344 5.903448275862064 
3.282758620689648 7.17241379310344 1.1034482758620687 8.717241379310352 2.096551724137936 0.0 2.979310344827584 5.958620689655168 6.731034482758624 9.268965517241377 12.137931034482753 0.0 0.0 11.034482758620689 5.186206896551728 1.1034482758620687 0.0 0.0 1.986206896551728 0.0 1.820689655172416 

> EDF1_f1
0.25 1.0 7.0 1.0 0.0 0.0 0.0 4.0 1.0 3.5 
2.25 0.0 1.0 0.0 0.0 0.0 1.0 0.0 0.0 0.0 
0.25 2.0 0.0 0.0 1.0 0.0 0.0 1.0 6.0 3.5 
5.25 5.0 0.0 7.0 7.0 8.0 7.0 3.0 1.0 1.0 

> EP300_si
790.2839263330396 76.02525348896613 32.086622732405324 0.0 1540.4239122847532 4.306864937968983 521.1835693671828 426.59314402236856 257.0512547321126 
37.22236035626697 0.0 0.0 1.37863746753146 0.0 68.8223505159587 0.0 57.60507592204994 231.471385566498 
468.46265932685884 1498.1116592266662 1451.4840797918166 1560.4573189801074 0.0 1518.3318840972863 784.305382196081 852.6922723332777 958.3852301111559 
295.49215353505326 17.32418683557917 107.89039702699225 29.62514310357204 51.03718726645901 0.0 285.97214798795613 254.57060727352248 144.55322914145393 

> ETV1_si
1.3372093023255798 0.0 0.0 3.25581395348837 5.0 0.0 4.4186046511627906 2.2093023255813953 0.0 1.046511627906975 0.0 0.0 3.953488372093025 3.372093023255815 2.2093023255813953 0.0 3.25581395348837 3.5465116279069804 
3.08139534883721 0.0 2.2093023255813953 1.16279069767442 0.0 0.0 0.0 0.0 3.953488372093025 3.953488372093025 0.0 0.58139534883721 0.0 0.58139534883721 0.0 0.0 0.58139534883721 0.872093023255815 
0.2906976744186045 1.74418604651163 2.2093023255813953 0.58139534883721 0.0 2.790697674418605 0.58139534883721 2.790697674418605 1.046511627906975 0.0 3.953488372093025 4.4186046511627906 0.0 0.0 2.790697674418605 0.0 1.16279069767442 0.2906976744186045 
0.2906976744186045 3.25581395348837 0.58139534883721 0.0 0.0 2.2093023255813953 0.0 0.0 0.0 0.0 1.046511627906975 0.0 1.046511627906975 1.046511627906975 0.0 5.0 0.0 0.2906976744186045 

> FOXH1_f1
2.4519230769230758 2.19230769230769 4.961538461538462 3.80769230769231 3.923076923076924 4.846153846153842 0.0 0.0 0.0 0.0 0.0 6.0 0.0 0.0 0.0 1.153846153846152 2.769230769230766 1.153846153846152 1.153846153846152 0.2596153846153848 
3.0288461538461515 0.0 0.0 0.0 0.0 0.0 0.0 0.0 0.0 0.0 0.0 0.0 0.0 0.0 2.769230769230766 3.80769230769231 0.0 0.0 1.0384615384615379 1.298076923076924 
0.2596153846153848 1.0384615384615379 1.0384615384615379 2.19230769230769 1.0384615384615379 0.0 0.0 6.0 0.0 6.0 3.230769230769228 0.0 0.0 0.0 3.230769230769228 1.0384615384615379 2.19230769230769 1.0384615384615379 3.80769230769231 3.0288461538461515 
0.2596153846153848 2.769230769230766 0.0 0.0 1.0384615384615379 1.153846153846152 6.0 0.0 6.0 0.0 2.769230769230766 0.0 6.0 6.0 0.0 0.0 1.0384615384615379 3.80769230769231 0.0 1.4134615384615379 

> GDNF_f1
6.226495726495729 0.0 0.0 21.7264957264957 0.0 0.0 0.0 7.783119658119644 
4.23931623931623 0.0 0.0 0.0 21.7264957264957 0.0 0.662393162393162 8.842948717948703 
8.081196581196568 0.0 21.7264957264957 0.0 0.0 21.7264957264957 0.0 2.35149572649572 
3.179487179487172 21.7264957264957 0.0 0.0 0.0 0.0 21.064102564102555 2.748931623931611 

> GT2D1_f1
3.125960061443934 6.843317972350255 2.281105990783411 35.23041474654377 1.5207373271889424 0.1900921658986174 36.75115207373269 5.491551459293394 10.72964669738863 11.405529953917055 
10.053763440860205 3.8018433179723483 1.5207373271889424 0.7603686635944684 17.488479262672826 20.720046082949292 0.0 7.603686635944684 26.781874039938543 11.99692780337942 
35.73732718894008 44.35483870967743 50.437788018433146 19.00921658986174 10.64516129032257 0.9504608294930871 17.488479262672826 28.13364055299539 15.967741935483854 24.162826420890905 
6.08294930875577 0.0 0.7603686635944684 0.0 25.34562211981569 33.13940092165901 0.7603686635944684 13.771121351766514 1.5207373271889424 7.4347158218126195 

> GTF2I_f1
1.633663366336635 6.53465346534654 5.94059405940594 5.79207920792079 13.514851485148515 8.019801980198025 1.3366336633663365 4.6039603960396045 12.920792079207915 1.1881188118811878 4.0099009900990055 4.455445544554455 0.7425742574257425 1.485148514851485 
2.0792079207920846 4.3069306930693045 3.11881188118812 0.0 0.7425742574257425 0.0 0.0 1.1881188118811878 0.0 6.08910891089109 0.7425742574257425 0.0 3.861386138613855 6.980198019801975 
5.94059405940594 2.227722772277235 5.94059405940594 7.722772277227724 0.7425742574257425 0.7425742574257425 9.059405940594061 9.207920792079209 2.0792079207920846 3.56435643564357 10.247524752475245 6.68316831683169 9.207920792079209 2.0792079207920846 
5.34653465346534 1.9306930693069349 0.0 1.485148514851485 0.0 6.23762376237624 4.6039603960396045 0.0 0.0 4.158415841584155 0.0 3.861386138613855 1.1881188118811878 4.455445544554455 

> HDAC1_f1
1.6614583333333368 0.9166666666666663 0.9166666666666663 0.0 7.90625 2.75 5.15625 4.8125 4.9270833333333375 2.0625 0.9166666666666663 0.9166666666666663 0.9166666666666663 1.03125 2.864583333333337 1.9479166666666632 2.979166666666663 0.0 0.0 2.864583333333337 1.9479166666666632 0.0 1.03125 
2.807291666666663 0.9166666666666663 1.03125 1.8333333333333368 1.03125 0.0 1.03125 4.125 0.0 2.75 0.0 0.0 3.09375 6.1875 1.145833333333337 2.0625 0.0 4.9270833333333375 3.208333333333337 1.9479166666666632 2.864583333333337 3.09375 4.9270833333333375 
1.7760416666666632 1.9479166666666632 1.8333333333333368 9.166666666666664 2.0625 8.25 4.8125 1.145833333333337 6.072916666666663 6.1875 7.21875 9.052083333333336 4.9270833333333375 0.9166666666666663 4.0104166666666625 3.208333333333337 6.1875 4.9270833333333375 1.8333333333333368 6.1875 3.208333333333337 7.90625 4.0104166666666625 
4.7552083333333375 7.21875 7.21875 0.0 0.0 0.0 0.0 0.9166666666666663 0.0 0.0 2.864583333333337 1.03125 2.0625 2.864583333333337 2.979166666666663 3.78125 1.8333333333333368 1.145833333333337 5.958333333333337 0.0 2.979166666666663 0.0 1.03125 

> HME1_f1
1.75 2.0 2.0 1.0 2.0 0.0 4.0 7.0 0.0 1.0 5.0 1.0 0.0 3.0 
1.75 1.0 1.0 2.0 1.0 4.0 2.0 0.0 3.0 0.0 1.0 3.0 2.0 1.0 
5.75 5.0 7.0 3.0 4.0 5.0 2.0 3.0 0.0 2.0 1.0 1.0 3.0 3.0 
0.75 2.0 0.0 4.0 3.0 1.0 2.0 0.0 7.0 7.0 3.0 5.0 5.0 3.0 

> HMGB2_f1
0.8298532487088676 6.879263919966225 2.489559746126607 0.8298532487088676 1.290882831324903 4.389704173839627 8.170146751291128 9.0 7.524705335628681 0.8298532487088676 0.8298532487088676 6.694852086919809 1.4752946643713192 5.864998838210946 0.0 0.0 7.709117168675097 0.0 9.0 1.248087586059054 4.432499419105467 1.9132727678565569 
2.120736080033775 0.6454414156624524 1.290882831324903 0.6454414156624524 0.0 0.0 0.0 0.0 0.0 6.276617749569619 8.170146751291128 2.3051479130801913 0.0 0.0 0.6454414156624524 5.2195574225484895 1.290882831324903 3.78044257745151 0.0 0.0 0.0 0.6223899365316513 
0.8298532487088676 1.4752946643713192 0.8298532487088676 0.6454414156624524 0.8298532487088676 3.135001161789054 0.8298532487088676 0.0 1.4752946643713192 1.89352900172151 0.0 0.0 5.035145589502074 3.135001161789054 5.035145589502074 0.6454414156624524 0.0 5.2195574225484895 0.0 2.120736080033775 1.248087586059054 0.6223899365316513 
5.2195574225484895 0.0 4.389704173839627 6.879263919966225 6.879263919966225 1.4752946643713192 0.0 0.0 0.0 0.0 0.0 0.0 2.489559746126607 0.0 3.3194129948354703 3.135001161789054 0.0 0.0 0.0 5.631176333907171 3.3194129948354703 5.841947359080144 

> HNRPK_f1
2.383561643835616 4.931506849315072 2.08219178082192 0.0 0.87671232876712 1.095890410958904 0.986301369863016 1.863013698630136 2.08219178082192 0.0 2.95890410958904 6.904109589041096 1.972602739726024 0.0 1.863013698630136 1.095890410958904 0.2465753424657536 
0.5205479452054792 2.191780821917808 0.0 0.0 0.0 0.0 0.0 0.0 0.0 0.0 1.095890410958904 0.0 1.095890410958904 0.0 0.87671232876712 0.0 0.2465753424657536 
4.575342465753424 0.87671232876712 5.91780821917808 8.0 6.246575342465752 4.821917808219176 7.013698630136984 6.136986301369864 5.91780821917808 8.0 2.95890410958904 1.095890410958904 4.931506849315072 5.808219178082192 0.0 5.808219178082192 6.164383561643832 
0.5205479452054792 0.0 0.0 0.0 0.87671232876712 2.08219178082192 0.0 0.0 0.0 0.0 0.986301369863016 0.0 0.0 2.191780821917808 5.260273972602736 1.095890410958904 1.342465753424656 

> HXC13_si
3.0 2.0 1.0 4.0 5.0 5.0 0.0 5.0 10.0 9.0 4.0 2.0 9.0 1.0 0.0 3.0 2.0 
0.0 0.0 6.0 4.0 3.0 0.0 0.0 0.0 0.0 0.0 1.0 0.0 0.0 0.0 2.0 3.0 2.0 
3.0 2.0 0.0 1.0 2.0 1.0 0.0 0.0 0.0 0.0 0.0 6.0 0.0 9.0 7.0 1.0 6.0 
4.0 6.0 3.0 1.0 0.0 4.0 10.0 5.0 0.0 1.0 5.0 2.0 1.0 0.0 1.0 3.0 0.0 

> KLF11_f1
2.47311827956989 0.0 0.0 4.08602150537634 2.04301075268817 0.0 1.93548387096774 1.0752688172043 0.0 0.0 0.0 1.93548387096774 2.90322580645161 0.967741935483871 0.967741935483871 1.93548387096774 0.0 6.88172043010753 2.04301075268817 0.0 0.994623655913978 
0.53763440860215 7.09677419354839 5.9139784946236595 0.967741935483871 0.0 3.97849462365591 1.0752688172043 2.04301075268817 0.967741935483871 0.0 4.08602150537634 3.11827956989247 0.967741935483871 0.0 0.0 6.0215053763440896 0.967741935483871 2.04301075268817 0.0 3.97849462365591 4.11290322580645 
3.44086021505376 2.90322580645161 4.08602150537634 0.967741935483871 3.97849462365591 4.08602150537634 6.98924731182796 6.88172043010753 8.06451612903226 9.03225806451613 5.9139784946236595 4.94623655913979 6.12903225806452 9.03225806451613 8.06451612903226 0.0 7.09677419354839 1.0752688172043 6.98924731182796 4.08602150537634 2.93010752688172 
3.54838709677419 0.0 0.0 3.97849462365591 3.97849462365591 1.93548387096774 0.0 0.0 0.967741935483871 0.967741935483871 0.0 0.0 0.0 0.0 0.967741935483871 2.04301075268817 1.93548387096774 0.0 0.967741935483871 1.93548387096774 1.96236559139785 

> KLF13_f1
1.851265822784814 0.0 6.721518987341775 3.987341772151896 3.873417721518987 5.012658227848104 0.0 1.0253164556961991 6.835443037974684 0.0 0.0 0.0 0.0 0.0 0.0 3.987341772151896 2.962025316455697 4.101265822784814 5.696202531645567 2.7341772151898702 3.987341772151896 0.6835443037974683 
4.585443037974684 2.164556962025316 0.0 0.0 2.164556962025316 1.0253164556961991 1.0253164556961991 0.0 1.1392405063291169 0.0 0.0 3.873417721518987 0.0 4.101265822784814 2.962025316455697 1.1392405063291169 5.012658227848104 2.7341772151898702 0.0 1.1392405063291169 3.873417721518987 1.82278481012658 
0.7120253164556961 3.873417721518987 2.278481012658225 5.012658227848104 2.962025316455697 2.962025316455697 7.974683544303792 6.835443037974684 0.0 7.860759493670883 6.037974683544303 2.164556962025316 3.873417721518987 1.0253164556961991 6.037974683544303 3.873417721518987 1.0253164556961991 0.0 1.1392405063291169 0.0 1.1392405063291169 5.810126582278485 
1.851265822784814 2.962025316455697 0.0 0.0 0.0 0.0 0.0 1.1392405063291169 1.0253164556961991 1.1392405063291169 2.962025316455697 2.962025316455697 5.126582278481013 3.873417721518987 0.0 0.0 0.0 2.164556962025316 2.164556962025316 5.126582278481013 0.0 0.6835443037974683 

> KLF5_si
1.0305343511450382 2.633587786259541 1.0305343511450382 4.694656488549618 7.786259541984732 0.0 2.0610687022900764 3.664122137404579 0.0 0.0 0.0 0.0 0.0 3.091603053435115 0.0 0.0 0.0 4.694656488549618 
0.0 0.0 1.0305343511450382 4.122137404580153 1.1450381679389292 0.0 0.0 0.0 0.0 0.0 6.8702290076335855 1.0305343511450382 2.0610687022900764 0.0 0.0 7.786259541984732 9.9618320610687 0.0 
7.900763358778623 7.328244274809158 7.900763358778623 1.1450381679389292 1.0305343511450382 7.900763358778623 7.900763358778623 6.2977099236641205 8.931297709923662 9.9618320610687 2.0610687022900764 8.931297709923662 5.267175572519082 6.8702290076335855 9.9618320610687 2.175572519083967 0.0 2.175572519083967 
1.0305343511450382 0.0 0.0 0.0 0.0 2.0610687022900764 0.0 0.0 1.0305343511450382 0.0 1.0305343511450382 0.0 2.633587786259541 0.0 0.0 0.0 0.0 3.091603053435115 

> LMX1B_f1
1.75 0.0 0.0 2.0 1.0 1.0 1.0 0.0 4.0 4.0 0.0 2.0 4.0 1.0 0.0 1.0 1.0 0.0 1.0 1.0 0.5 
0.75 1.0 0.0 2.0 0.0 1.0 0.0 0.0 0.0 0.0 0.0 0.0 0.0 1.0 0.0 0.0 1.0 2.0 0.0 0.0 2.5 
0.75 2.0 3.0 1.0 0.0 2.0 0.0 0.0 0.0 0.0 0.0 0.0 0.0 1.0 0.0 2.0 2.0 1.0 1.0 0.0 0.5 
1.75 2.0 2.0 0.0 4.0 1.0 4.0 5.0 1.0 1.0 5.0 3.0 1.0 2.0 5.0 2.0 1.0 2.0 3.0 4.0 1.5 

> MBD1_f1
0.2189890517426181 0.0 2.999999999999997 1.248087586059054 2.627868620911419 2.12404379302953 0.0 0.0 0.0 1.248087586059054 0.0 1.248087586059054 7.751912413940946 5.124043793029527 2.4961751721181167 1.248087586059054 0.0 5.124043793029527 3.875956206970473 2.4961751721181167 2.4961751721181167 0.0 6.3721313790885805 0.0 1.467076637801673 
5.715164223860733 2.627868620911419 1.248087586059054 5.627868620911417 2.4961751721181167 0.0 0.0 4.24808758605906 2.627868620911419 2.627868620911419 0.0 0.0 1.248087586059054 0.0 3.875956206970473 0.8759562069704715 0.0 0.0 3.875956206970473 0.0 2.627868620911419 9.0 0.0 2.627868620911419 4.094945258713092 
1.0949452587130861 2.627868620911419 3.503824827881886 0.8759562069704715 2.627868620911419 6.000000000000003 9.0 3.503824827881886 5.124043793029527 1.248087586059054 7.751912413940946 7.751912413940946 0.0 0.0 2.627868620911419 0.0 7.751912413940946 3.875956206970473 1.248087586059054 3.875956206970473 0.0 0.0 0.0 3.875956206970473 0.2189890517426181 
1.9709014656835622 3.7442627581771712 1.248087586059054 1.248087586059054 1.248087586059054 0.8759562069704715 0.0 1.248087586059054 1.248087586059054 3.875956206970473 1.248087586059054 0.0 0.0 3.875956206970473 0.0 6.8759562069704705 1.248087586059054 0.0 0.0 2.627868620911419 3.875956206970473 0.0 2.627868620911419 2.4961751721181167 3.218989051742616 

> MYF5_f1
3.58108108108108 0.0 1.89189189189189 3.10810810810811 4.3243243243243255 0.0 4.3243243243243255 0.0 0.0 4.3243243243243255 0.0 0.0 0.0 0.0 0.0 2.432432432432435 3.10810810810811 3.10810810810811 3.10810810810811 1.2162162162162151 2.432432432432435 1.89189189189189 1.89189189189189 1.89189189189189 0.0 
0.472972972972973 0.0 1.2162162162162151 0.675675675675675 0.0 3.783783783783785 0.0 1.2162162162162151 4.3243243243243255 0.0 0.0 3.10810810810811 0.675675675675675 0.0 1.2162162162162151 2.56756756756757 0.0 0.675675675675675 0.675675675675675 1.2162162162162151 0.675675675675675 0.0 0.0 0.0 1.89189189189189 
0.472972972972973 2.56756756756757 0.675675675675675 0.0 0.675675675675675 0.0 0.0 3.783783783783785 0.675675675675675 0.675675675675675 5.0 1.2162162162162151 0.0 4.3243243243243255 3.10810810810811 0.0 1.2162162162162151 1.2162162162162151 1.2162162162162151 0.0 1.89189189189189 0.675675675675675 3.10810810810811 1.89189189189189 1.2162162162162151 
0.472972972972973 2.432432432432435 1.2162162162162151 1.2162162162162151 0.0 1.2162162162162151 0.675675675675675 0.0 0.0 0.0 0.0 0.675675675675675 4.3243243243243255 0.675675675675675 0.675675675675675 0.0 0.675675675675675 0.0 0.0 2.56756756756757 0.0 2.432432432432435 0.0 1.2162162162162151 1.89189189189189 

> NF1_do
9.608274647887306 7.947183098591528 4.299295774647889 0.78169014084507 0.0 3.9084507042253507 11.334507042253513 7.947183098591528 7.295774647887308 13.679577464788713 12.767605633802809 1.9542253521126725 4.169014084507033 2.866197183098592 26.447183098591523 13.419014084507031 15.242957746478863 11.334507042253513 
4.136443661971834 8.077464788732383 0.0 1.172535211267605 2.866197183098592 19.67253521126758 8.077464788732383 10.552816901408438 6.904929577464769 3.9084507042253507 5.341549295774646 2.0845070422535192 23.059859154929566 25.27464788732391 0.78169014084507 4.038732394366205 5.211267605633791 3.3873239436619573 
9.347711267605623 0.0 5.211267605633791 26.18661971830984 25.27464788732391 4.559859154929571 2.996478873239419 5.862676056338012 13.940140845070395 7.55633802816899 2.866197183098592 22.278169014084487 0.0 0.0 0.0 9.640845070422534 7.686619718309845 10.943661971830975 
5.048415492957736 12.11619718309859 18.63028169014082 0.0 0.0 0.0 5.732394366197184 3.778169014084495 0.0 2.996478873239419 7.16549295774648 1.8239436619718283 0.9119718309859142 0.0 0.9119718309859142 1.0422535211267583 0.0 2.4753521126760547 

> NF1_f1
8.489795918367335 5.704081632653045 0.0 0.0 0.0 0.0 1.5918367346938778 
10.346938775510194 11.938775510204055 6.10204081632651 0.0 0.0 0.9285714285714265 31.43877551020405 
3.183673469387752 4.775510204081614 1.061224489795916 0.0 35.8163265306122 34.88775510204077 1.326530612244895 
13.795918367346916 13.39795918367345 28.65306122448976 35.8163265306122 0.0 0.0 1.4591836734693882 

> NOTC1_si
1.147540983606556 0.0 0.0 2.065573770491805 2.1803278688524617 2.065573770491805 0.0 2.1803278688524617 3.327868852459018 5.852459016393444 1.032786885245899 0.0 1.032786885245899 0.0 0.0 1.147540983606556 1.9508196721311482 5.049180327868852 2.75409836065574 1.032786885245899 
0.0 1.032786885245899 2.1803278688524617 0.5737704918032788 2.75409836065574 0.0 0.5737704918032788 2.524590163934426 3.098360655737704 1.147540983606556 0.0 1.032786885245899 0.0 0.0 2.295081967213112 1.147540983606556 3.327868852459018 0.0 1.147540983606556 2.75409836065574 
1.147540983606556 4.934426229508195 1.7213114754098342 1.032786885245899 0.918032786885249 4.934426229508195 6.426229508196722 2.295081967213112 0.5737704918032788 0.0 4.934426229508195 3.098360655737704 0.5737704918032788 1.9508196721311482 3.786885245901639 4.704918032786888 1.7213114754098342 1.032786885245899 3.098360655737704 3.213114754098361 
4.704918032786888 1.032786885245899 3.098360655737704 3.327868852459018 1.147540983606556 0.0 0.0 0.0 0.0 0.0 1.032786885245899 2.86885245901639 5.393442622950817 5.049180327868852 0.918032786885249 0.0 0.0 0.918032786885249 0.0 0.0 

> NR1H3_f1
0.992125984251968 0.566929133858268 1.133858267716536 1.133858267716536 3.968503937007872 0.0 0.0 0.0 0.0 8.0 0.0 1.25984251968504 0.0 2.267716535433072 2.834645669291336 0.0 2.393700787401576 1.133858267716536 1.25984251968504 5.858267716535432 3.275590551181104 1.133858267716536 0.0 
3.25984251968504 2.897637795275592 0.0 0.566929133858268 1.007874015748032 1.133858267716536 2.96062992125984 0.0 6.803149606299216 0.0 8.0 0.566929133858268 2.267716535433072 2.708661417322832 2.897637795275592 0.0 0.0 2.708661417322832 5.03937007874016 1.007874015748032 1.196850393700784 0.566929133858268 1.007874015748032 
2.755905511811024 1.133858267716536 1.574803149606296 4.031496062992128 1.88976377952756 4.472440944881888 3.905511811023624 0.0 0.566929133858268 0.0 0.0 1.133858267716536 5.165354330708664 3.023622047244096 2.267716535433072 6.173228346456696 1.763779527559056 1.25984251968504 0.566929133858268 1.133858267716536 1.133858267716536 4.40944881889764 2.897637795275592 
0.992125984251968 3.401574803149608 5.291338582677168 2.267716535433072 1.133858267716536 2.393700787401576 1.133858267716536 8.0 0.62992125984252 0.0 0.0 5.03937007874016 0.566929133858268 0.0 0.0 1.826771653543304 3.842519685039368 2.897637795275592 1.133858267716536 0.0 2.393700787401576 1.88976377952756 4.094488188976376 

> NRL_f1
0.575993210104555 0.0 4.101324280139405 0.898675719860595 2.30397284041821 0.898675719860595 0.0 0.0 0.0 0.0 5.0 0.0 0.898675719860595 0.898675719860595 5.0 0.0 0.0 0.0 3.20264856027881 0.0 0.898675719860595 4.101324280139405 0.898675719860595 1.79735143972119 0.898675719860595 
1.47466892996515 2.30397284041821 0.0 0.0 1.79735143972119 0.0 0.0 5.0 0.0 0.0 0.0 1.79735143972119 0.0 4.101324280139405 0.0 0.898675719860595 4.101324280139405 5.0 0.898675719860595 0.898675719860595 0.898675719860595 0.898675719860595 0.0 3.20264856027881 0.0 
2.3733446498257447 2.6960271595817846 0.898675719860595 3.20264856027881 0.898675719860595 0.0 5.0 0.0 0.0 5.0 0.0 0.0 0.0 0.0 0.0 4.101324280139405 0.0 0.0 0.898675719860595 3.20264856027881 3.20264856027881 0.0 4.101324280139405 0.0 0.898675719860595 
0.575993210104555 0.0 0.0 0.898675719860595 0.0 4.101324280139405 0.0 0.0 5.0 0.0 0.0 3.20264856027881 4.101324280139405 0.0 0.0 0.0 0.898675719860595 0.0 0.0 0.898675719860595 0.0 0.0 0.0 0.0 3.20264856027881 

> OBF1_f1
0.7792207792207788 8.571428571428568 0.0 1.402597402597404 2.33766233766234 2.33766233766234 1.5584415584415598 7.636363636363632 1.402597402597404 5.298701298701304 0.0 2.33766233766234 7.3246753246753205 6.233766233766228 3.8961038961039 3.4285714285714315 5.415584415584412 
0.7792207792207788 2.025974025974028 0.7792207792207788 1.246753246753248 1.246753246753248 0.0 10.44155844155844 3.5844155844155883 0.0 1.246753246753248 0.0 5.142857142857136 3.8961038961039 0.7792207792207788 0.0 0.0 1.67532467532468 
8.1038961038961 1.402597402597404 3.5844155844155883 0.7792207792207788 0.0 9.66233766233766 0.0 0.7792207792207788 1.246753246753248 0.0 1.246753246753248 0.7792207792207788 0.0 3.5844155844155883 1.246753246753248 3.1168831168831197 2.45454545454546 
2.33766233766234 0.0 7.636363636363632 8.571428571428568 8.415584415584412 0.0 0.0 0.0 9.350649350649348 5.4545454545454595 10.753246753246751 3.740259740259744 0.7792207792207788 1.402597402597404 6.857142857142851 5.4545454545454595 2.45454545454546 

> PARP1_si
3.1199999999999997 2.88 2.04 0.96 6.0 6.84 13.92 5.88 4.92 4.92 4.08 3.84 
2.88 7.92 0.0 0.0 0.0 0.0 1.0799999999999998 6.239999999999999 4.08 8.040000000000001 5.04 2.04 
1.0799999999999998 4.2 0.84 14.040000000000001 9.0 8.16 0.0 0.0 0.96 2.04 0.84 7.199999999999999 
7.92 0.0 12.120000000000001 0.0 0.0 0.0 0.0 2.88 5.04 0.0 5.04 1.92 

> PAX3_si
15.856236786469356 11.771670190274856 0.0 0.0 43.3319238900635 21.107822410148025 12.431289640591972 
7.839323467230465 1.928118393234674 0.0 0.0 0.0 16.74418604651166 13.852008456659645 
9.260042283298093 24.152219873150155 16.74418604651166 43.3319238900635 0.0 0.0 11.416490486257958 
10.376321353065544 5.479915433403814 26.58773784355184 0.0 0.0 5.479915433403814 5.6321353065539235 

> PHX2A_f1
1.58823529411765 0.0 0.0 0.9411764705882351 4.11764705882353 7.05882352941177 0.0 0.8235294117647061 8.11764705882353 3.05882352941176 1.8823529411764701 0.9411764705882351 1.17647058823529 1.8823529411764701 6.3529411764705905 6.0 0.9411764705882351 0.0 6.941176470588239 1.61764705882353 
0.529411764705882 5.882352941176469 0.9411764705882351 2.8235294117647096 4.11764705882353 2.0 1.17647058823529 1.8823529411764701 0.0 0.9411764705882351 0.0 3.17647058823529 1.8823529411764701 7.17647058823529 1.8823529411764701 0.0 1.7647058823529398 0.8235294117647061 0.0 0.794117647058824 
7.35294117647059 0.9411764705882351 9.05882352941177 0.0 0.0 0.9411764705882351 0.8235294117647061 0.0 1.8823529411764701 5.05882352941176 0.0 4.94117647058824 0.0 0.0 1.7647058823529398 0.8235294117647061 1.05882352941176 2.0 2.23529411764706 6.794117647058821 
0.529411764705882 3.17647058823529 0.0 6.23529411764706 1.7647058823529398 0.0 8.0 7.29411764705882 0.0 0.9411764705882351 8.11764705882353 0.9411764705882351 6.941176470588239 0.9411764705882351 0.0 3.17647058823529 6.23529411764706 7.17647058823529 0.8235294117647061 0.794117647058824 

> PHX2B_f1
1.1176470588235319 0.0 5.294117647058826 0.941176470588234 1.9999999999999978 1.176470588235294 1.176470588235294 2.117647058823528 3.176470588235292 1.058823529411764 0.705882352941174 0.941176470588234 4.000000000000002 6.0 0.941176470588234 0.0 4.352941176470592 3.176470588235292 4.352941176470592 0.0 
0.1764705882352944 1.058823529411764 0.705882352941174 0.0 0.0 0.0 1.058823529411764 0.941176470588234 0.941176470588234 0.0 2.117647058823528 0.0 0.0 0.0 0.0 0.0 0.941176470588234 0.941176470588234 0.0 2.705882352941178 
3.47058823529412 0.941176470588234 0.0 2.235294117647058 0.941176470588234 4.8235294117647065 0.705882352941174 2.9411764705882377 0.0 0.0 0.941176470588234 1.176470588235294 1.058823529411764 0.0 0.0 0.0 0.0 1.882352941176468 1.647058823529414 3.2941176470588216 
1.235294117647056 4.000000000000002 0.0 2.823529411764708 3.058823529411768 0.0 3.058823529411768 0.0 1.882352941176468 4.9411764705882355 2.235294117647058 3.882352941176472 0.941176470588234 0.0 5.058823529411766 6.0 0.705882352941174 0.0 0.0 0.0 

> PITX1_f1
0.4927007299270065 7.883211678832109 0.0 6.788321167883204 0.0 0.0 9.96350364963503 1.8613138686131394 0.0 1.0948905109489053 0.0 0.0 0.0 4.927007299270064 0.0 0.9854014598540138 0.0 0.0 4.927007299270064 0.0 1.6149635036496333 
1.5875912408759079 0.0 1.8613138686131394 2.08029197080292 1.8613138686131394 0.0 0.0 0.0 0.0 1.8613138686131394 0.0 7.773722627737219 5.912408759124079 0.0 1.0948905109489053 0.0 1.0948905109489053 3.1751824817518255 3.1751824817518255 7.007299270072985 6.322992700729927 
7.390510948905106 0.9854014598540138 5.912408759124079 1.0948905109489053 1.0948905109489053 1.0948905109489053 0.0 4.927007299270064 2.08029197080292 6.02189781021897 4.270072992700731 1.0948905109489053 1.0948905109489053 0.0 4.817518248175184 6.788321167883204 1.8613138686131394 1.8613138686131394 1.8613138686131394 2.9562043795620445 0.5200729927007296 
0.4927007299270065 1.0948905109489053 2.1897810218978107 0.0 7.007299270072985 8.868613138686124 0.0 3.1751824817518255 7.883211678832109 0.9854014598540138 5.693430656934298 1.0948905109489053 2.9562043795620445 5.036496350364955 4.05109489051095 2.1897810218978107 7.007299270072985 4.927007299270064 0.0 0.0 1.5054744525547425 

> PITX3_si
5.9782608695652195 0.9782608695652171 3.04347826086956 0.0 0.0 1.95652173913043 2.93478260869565 8.04347826086957 9.021739130434781 0.9782608695652171 0.0 1.95652173913043 5.9782608695652195 3.04347826086956 3.04347826086956 2.06521739130435 3.04347826086956 0.9782608695652171 4.45652173913044 
0.9782608695652171 0.9782608695652171 3.04347826086956 5.0 0.9782608695652171 3.04347826086956 0.0 0.0 0.0 0.9782608695652171 7.93478260869565 7.06521739130435 0.9782608695652171 4.02173913043478 1.95652173913043 3.9130434782608696 0.0 1.08695652173913 0.543478260869565 
3.04347826086956 7.06521739130435 0.0 2.93478260869565 4.02173913043478 3.04347826086956 0.0 0.9782608695652171 0.9782608695652171 2.06521739130435 1.08695652173913 0.9782608695652171 0.9782608695652171 1.95652173913043 1.95652173913043 4.02173913043478 0.0 5.9782608695652195 3.47826086956522 
0.0 0.9782608695652171 3.9130434782608696 2.06521739130435 5.0 1.95652173913043 7.06521739130435 0.9782608695652171 0.0 5.9782608695652195 0.9782608695652171 0.0 2.06521739130435 0.9782608695652171 3.04347826086956 0.0 6.95652173913044 1.95652173913043 1.52173913043478 

> PLAL2_f1
3.7631309273976763 6.239303093896824 6.822956700871883 0.0 1.8852164956405888 1.6459134017437642 1.6459134017437642 0.0 1.6459134017437642 3.531129897384353 4.354086598256235 4.937740205231293 4.354086598256235 2.4688701026156465 8.468870102615645 0.0 0.0 2.4688701026156465 1.6459134017437642 0.0 8.468870102615645 3.531129897384353 0.0 8.70817319651247 0.41147835043594105 
7.294260824782029 3.2918268034875284 0.0 0.0 0.0 0.0 1.8852164956405888 11.999999999999996 10.354086598256233 0.8229567008718821 0.8229567008718821 0.0 0.0 1.6459134017437642 0.0 0.8229567008718821 7.885216495640588 0.0 1.8852164956405888 3.531129897384353 3.531129897384353 4.937740205231293 3.531129897384353 1.6459134017437642 5.3492185556672345 
0.4713041239101472 2.4688701026156465 5.177043299128117 11.999999999999996 10.114783504359409 10.354086598256233 8.468870102615645 0.0 0.0 1.6459134017437642 3.2918268034875284 7.062259794768706 7.645913401743764 7.885216495640588 3.531129897384353 11.177043299128115 4.114783504359411 4.114783504359411 6.0 3.2918268034875284 0.0 3.531129897384353 3.531129897384353 1.6459134017437642 5.827824743460883 
0.4713041239101472 0.0 0.0 0.0 0.0 0.0 0.0 0.0 0.0 6.0 3.531129897384353 0.0 0.0 0.0 0.0 0.0 0.0 5.416346393024941 2.4688701026156465 5.177043299128117 0.0 0.0 4.937740205231293 0.0 0.41147835043594105 

> PO4F1_f1
0.4155251141552511 1.5433789954337949 0.0 0.0 4.392694063926935 8.666666666666671 5.4611872146118685 7.06392694063927 8.547945205479445 5.876712328767123 0.5342465753424657 1.187214611872146 9.31963470319635 2.136986301369868 2.374429223744292 7.004566210045665 0.593607305936073 5.4611872146118685 3.7397260273972557 3.324200913242014 
6.529680365296803 1.187214611872146 3.205479452054789 0.0 3.7990867579908625 0.0 0.0 0.0 0.593607305936073 3.7990867579908625 3.7990867579908625 1.662100456621007 0.9497716894977168 0.0 4.867579908675796 1.0684931506849313 0.0 4.689497716894978 2.25570776255708 5.995433789954336 
0.4155251141552511 9.200913242009138 4.333333333333329 9.675799086757985 4.273972602739723 3.7397260273972557 2.671232876712335 4.867579908675796 2.671232876712335 1.0684931506849313 0.0 2.671232876712335 2.730593607305941 6.470319634703197 3.621004566210044 2.789954337899547 11.219178082191782 1.7808219178082192 1.0684931506849313 2.55251141552511 
5.639269406392687 1.0684931506849313 5.4611872146118685 3.324200913242014 0.5342465753424657 0.593607305936073 4.867579908675796 1.0684931506849313 1.187214611872146 2.25570776255708 8.666666666666671 7.479452054794525 0.0 4.392694063926935 2.136986301369868 2.136986301369868 1.187214611872146 1.0684931506849313 5.93607305936073 1.1278538812785388 

> PO4F3_f1
0.94017625394084 0.0 0.7692351168606859 1.763529543066158 0.0 0.0 1.538470233721379 6.316235451679384 5.547000334818698 1.452999665181302 0.0 7.0 1.452999665181302 1.452999665181302 2.618235228466921 0.0 1.452999665181302 0.0 
0.1709411370801533 5.547000334818698 0.0 3.698000223212463 2.618235228466921 0.6837645483206132 0.0 0.0 0.0 0.0 0.0 0.0 0.0 4.467235340073156 0.0 0.0 0.0 0.0 
5.717941471898852 0.6837645483206132 6.230764883139306 1.538470233721379 4.381764771533079 0.0 0.0 0.0 1.452999665181302 0.0 7.0 0.0 4.777765217958005 1.079764994745542 0.0 6.230764883139306 0.0 6.230764883139306 
0.1709411370801533 0.7692351168606859 0.0 0.0 0.0 6.316235451679384 5.4615297662786215 0.6837645483206132 0.0 5.547000334818698 0.0 0.0 0.7692351168606859 0.0 4.381764771533079 0.7692351168606859 5.547000334818698 0.7692351168606859 

> PRGC1_si
176.12202067340706 85.32833710567914 34.31843679322464 762.3419754225132 334.91249220590197 44.6582814511546 58.24779157300541 28.853090331175956 38.94674821153615 250.0272912998494 317.18704422087933 
1136.7265317000142 18.46400831773205 97.34225185108349 263.17366522207453 1469.7680043963867 1971.6443691501004 127.5247507811362 231.0709094269778 58.346266284033305 129.9866185568338 401.0382606611389 
533.2405602160986 64.35322365673544 1921.717690658953 480.6058271716849 194.2413675025415 18.414770962218096 24.372490979406304 403.79555256992 1192.906354341432 1577.9424744605378 980.0532664546166 
276.3200391442994 1954.263582653675 69.03077243056093 616.2876839175453 123.48728762899212 87.69173017034885 1912.264118400276 1458.689599405747 832.2097828968094 164.45276741660038 424.13058039718214 

> PSIP1_f1
3.532608695652175 0.97826086956522 0.97826086956522 0.97826086956522 0.0 0.0 0.0 0.0 0.0 0.2445652173913045 
0.489130434782609 0.0 0.0 0.0 2.93478260869565 0.0 0.0 3.043478260869565 0.0 0.2445652173913045 
0.489130434782609 1.9565217391304348 3.043478260869565 0.0 0.0 0.0 1.08695652173913 0.97826086956522 0.97826086956522 4.26630434782609 
0.489130434782609 2.06521739130435 0.97826086956522 4.021739130434785 2.06521739130435 5.0 3.9130434782608696 0.97826086956522 4.021739130434785 0.2445652173913045 

> RAD21_do
231.8692595408137 433.56143186794424 616.6533786642441 208.33607802220598 18.8848191455112 1699.396561750442 45.067431696015426 318.8803692098163 1745.8124250969622 34.15123376152729 957.6947816076082 53.747536943736925 46.5717122307493 118.75684978264411 208.86799704011918 1025.4653301127498 140.48082903650476 181.57072616545338 941.4593934939921 
492.0115394923375 273.1861539576607 169.72959898325715 1577.9564007436777 1981.0527637640396 25.83025855137743 1299.2884316842176 858.5206829302837 39.54834838276867 4.685630584542875 9.845583860218072 43.349705950271876 2.131064090873076 52.28391263967158 1543.9711799240486 31.850768709535537 1014.1391818523535 788.3141486042537 474.43110774743974 
224.51725782826367 816.4516482460687 892.1637138084551 88.4916740691797 5.593619736139039 137.546804389929 600.2519776087336 120.56605204739179 119.34975314655959 1951.7735016442846 1035.476926914864 869.3657324611023 1950.5470386857849 1662.534912611017 18.82044678028611 894.7555485135705 779.5866110874208 125.91912241874242 505.01475726780603 
1061.601943138587 486.80076592832637 331.45330854404455 135.21584716493578 4.468797354310964 147.22637530825057 65.3921590110354 712.0328958125086 105.28947337370865 19.389634009644883 6.982707617312261 1043.5370246448906 10.75018499259187 176.42432496666757 238.34037625554674 57.92835266414612 75.79337802372288 914.1960028115519 89.09474149076225 

> RBL1_f1
0.232452454709275 0.0 0.0 0.0 0.0 0.0 0.0 
1.162262273546375 0.0 3.89471472825565 0.0 5.0 0.0 2.03509509058145 
0.232452454709275 0.0 1.10528527174435 5.0 0.0 5.0 2.96490490941855 
3.372832817035075 5.0 0.0 0.0 0.0 0.0 0.0 

> SATB1_f1
5.113636363636365 8.63636363636364 8.63636363636364 7.613636363636355 6.8181818181818095 7.159090909090906 4.090909090909094 4.88636363636364 7.04545454545455 8.863636363636365 4.545454545454545 8.409090909090915 0.0 5.568181818181815 3.068181818181825 13.97727272727273 1.4772727272727275 7.840909090909095 15.0 11.931818181818189 4.545454545454545 13.52272727272728 9.09090909090909 4.77272727272727 10.14204545454546 
0.0 0.0 1.0227272727272732 0.0 2.04545454545454 0.0 3.522727272727275 3.522727272727275 3.068181818181825 2.04545454545454 0.0 1.0227272727272732 3.068181818181825 5.568181818181815 5.113636363636365 0.0 0.0 1.0227272727272732 0.0 0.0 0.0 0.0 1.0227272727272732 0.0 0.2556818181818175 
2.04545454545454 3.8636363636363704 2.04545454545454 3.8636363636363704 1.0227272727272732 7.840909090909095 5.34090909090909 0.0 2.04545454545454 0.0 5.90909090909091 1.0227272727272732 5.90909090909091 3.8636363636363704 2.272727272727265 0.0 0.0 0.0 0.0 3.068181818181825 0.0 1.4772727272727275 0.0 0.0 3.323863636363635 
7.840909090909095 2.500000000000005 3.29545454545455 3.522727272727275 5.113636363636365 0.0 2.04545454545454 6.590909090909085 2.840909090909085 4.090909090909094 4.545454545454545 4.545454545454545 6.0227272727272645 0.0 4.545454545454545 1.0227272727272732 13.522727272727266 6.136363636363635 0.0 0.0 10.454545454545455 0.0 4.88636363636364 10.22727272727273 1.2784090909090904 

> SETB1_si
708.3739528207606 249.25487789336805 776.9583408790586 282.12970601847275 877.5980374402172 301.3548302714463 365.8416202185245 29.27431568639293 122.29651018505479 1837.6182532815592 763.3220717548322 955.2508803348285 608.2179071842041 740.4158265757145 903.4599271585802 1167.3721150170024 
363.4636698392263 743.5058185940129 285.70334896137354 526.8167696239218 104.75072942028724 1226.0147896251315 29.54301064450573 75.90632566687471 955.3852278138841 65.73622150230393 39.28320287609591 40.640112414565664 40.855068381055865 43.52858321427852 164.1591846590339 226.95319637000298 
729.1440730828814 714.5673716052606 630.1299810183036 698.9293250430948 429.7910202493786 453.5436545465523 137.82707876397663 1888.1194706588642 906.4021369499162 66.39452414968049 1182.4593369150416 733.1879322024794 1175.4329637603887 1204.8953659174622 770.6037051196912 582.3157132221264 
202.01830425713172 295.6719319073584 310.20832914126237 495.1241993145127 590.8602128901147 22.08672555687466 1469.7882903729958 9.699887987873186 18.916125051143293 33.25100106646274 17.93538845403146 273.9210750481243 178.4940606743536 14.160224292546179 164.7771830626934 26.35897539086877 

> SIX3_f1
1.499999999999998 2.0000000000000018 5.999999999999999 4.0000000000000036 1.0000000000000009 1.0000000000000009 0.0 4.0000000000000036 0.0 2.0000000000000018 0.0 1.0000000000000009 2.0000000000000018 7.0 1.0000000000000009 0.4999999999999998 
0.4999999999999998 1.0000000000000009 0.0 2.0000000000000018 0.0 3.000000000000003 4.999999999999998 0.0 2.0000000000000018 1.0000000000000009 0.0 3.000000000000003 1.0000000000000009 0.0 2.0000000000000018 0.4999999999999998 
2.499999999999999 4.0000000000000036 1.0000000000000009 1.0000000000000009 5.999999999999999 0.0 1.0000000000000009 1.0000000000000009 4.0000000000000036 2.0000000000000018 7.0 0.0 0.0 0.0 2.0000000000000018 1.499999999999998 
2.499999999999999 0.0 0.0 0.0 0.0 3.000000000000003 1.0000000000000009 2.0000000000000018 1.0000000000000009 2.0000000000000018 0.0 3.000000000000003 4.0000000000000036 0.0 2.0000000000000018 4.500000000000001 

> SIX5_f1
445.7471339131549 377.9866013108097 32.17886094034807 110.5113669087065 739.191166628684 22.310608434253506 45.17345250008485 173.60810540765132 15.939977156106892 15.07436708308259 7.912960003794589 38.008178582140616 1433.9190803959295 737.1756973617854 515.1955269971423 20.62337540190112 12.965356800310577 40.72844850541439 1511.4055731377362 0.963382723653505 3.3588236079516225 12.819285146087227 24.16859522493182 266.96573828156136 
296.4726137103867 84.5152161837296 30.81617240601368 1058.2209982326137 625.0303868349629 317.75163714219485 351.50937937737575 1202.9198736615037 264.2072887984983 1.0916085526817847 4.20121805719397 1.6278952987827109 23.0042755136671 199.57879336487323 111.15448784055211 112.6678517558875 7.397371788388012 44.78892093143994 2.1191953898743487 6.147748157180222 16.7831449730806 741.6278367681659 906.8574731651767 557.9423850260188 
686.1601885401074 727.0130762910375 1482.2944066300513 353.9716071315987 73.29845841565515 91.0392442217806 641.2210007992985 118.61065016836022 21.759401527676822 1565.9754946441567 1577.5073924667995 1542.6147476778297 77.15225925938277 558.9058625966584 126.06230361637675 67.81431813927698 1564.7061428398783 64.02324763284565 75.955341368653 1583.0568385409376 21.35815500174572 37.06639908350849 41.79339775913345 244.35183107413445 
166.09281692801105 404.9578593060836 49.18331311524453 71.76878081874312 156.95274121235778 1163.371263293431 556.5689204149007 99.33412385414657 1292.566085609376 12.33128281173647 4.851182563868992 12.221931532904282 60.397137922677715 98.8123997683439 842.0604346375894 1393.3672077945914 9.403881663079321 1444.9321360219571 4.992643195392707 4.304783669885664 1552.9726295088797 802.9592320939 621.6532869424198 525.2127987099454 

> TF2B_f1
958.5301102172994 953.4478303477508 2091.1193024748304 4.920491093855732 1069.3226608748523 1585.8526661600138 1901.1760249569218 602.1565954865762 
47.790947570259696 434.532688974985 8.859812832686663 18.378620008300423 203.41856790528377 58.50405333319539 15.976951736299428 346.92785716767696 
371.35402350471924 625.7027721415218 2.9874410212695524 1975.6080627618246 829.8738638990679 466.04915075128224 15.112936931128328 1125.7064344347027 
738.1784755203951 102.17026534841594 12.887000483907878 116.9463829487149 13.238464133469003 5.447686568197417 183.58764318834437 41.06266972372463 

> TF3A_f1
0.0 0.0 0.0 0.0 0.8246965616861426 8.246965616861425 0.8246965616861426 0.0 9.07166217854757 0.0 0.0 0.0 0.0 0.0 9.07166217854757 0.0 0.0 0.0 0.0 9.07166217854757 0.0 9.07166217854757 0.0 0.0 0.0 
0.0 0.0 0.8246965616861426 0.0 0.0 0.8246965616861426 0.0 0.8246965616861426 0.0 9.07166217854757 5.772875931802996 0.0 0.0 0.0 0.0 0.0 0.0 0.0 0.0 0.0 0.0 0.0 9.07166217854757 9.07166217854757 0.0 
0.8246965616861426 8.246965616861425 8.246965616861425 0.8246965616861426 0.0 0.0 8.246965616861425 0.0 0.0 0.0 0.0 0.0 9.07166217854757 9.07166217854757 0.0 0.0 9.07166217854757 9.07166217854757 9.07166217854757 0.0 9.07166217854757 0.0 0.0 0.0 9.07166217854757 
8.246965616861425 0.8246965616861426 0.0 8.246965616861425 8.246965616861425 0.0 0.0 8.246965616861425 0.0 0.0 3.298786246744574 9.07166217854757 0.0 0.0 0.0 9.07166217854757 0.0 0.0 0.0 0.0 0.0 0.0 0.0 0.0 0.0 

> TF3C2_f1
321.36108412299836 1001.9847829104231 192.3523778279681 127.21914627837405 137.80456260330814 47.40645779970462 620.6903208711326 95.31095352857281 115.69674334094583 727.2535550704694 1.443465862491005 61.79890982044827 2.4564243624846966 4.178453812473965 328.59529607711903 1377.5729120664173 394.1505936683775 682.3288455957484 9.099743858276637 22.09093662069571 689.9344756665354 244.12299849847858 46.24155552471189 118.60899902842765 105.99766570350631 
84.84371569530474 71.8947295370521 108.83394950348864 133.91311369916565 290.1113143981927 1133.821331684602 369.48505419353165 423.07900016403 75.3134644745308 18.655319041550396 0.0 1.6544988833230223 2.4817483249845336 1357.3053007457102 6.508258362459448 13.793118241580734 20.715001324871007 179.99428412804502 1387.626525178855 1279.9068300253589 551.2266917340661 82.53923510781907 868.7807401612542 1001.0731202604298 264.3399618941866 
920.8890136650942 285.27443756072216 1049.7711001476257 1053.3839854642715 144.3465862491005 37.29375544143432 381.1762835476248 649.1038067959564 1125.1689778304897 640.0209455793469 1407.5818076287305 3.612885316644159 1.8402079416552029 14.966461837406712 1071.921126014154 15.270349387404925 803.0566161533311 73.1356036995443 4.423252116639112 3.9758621124752267 104.31784285768339 998.7517570312782 389.41501268090775 78.14974827451314 208.36556344870152 
85.68784777863277 53.627711253832565 61.8242337829482 98.26541582022102 840.5191980114303 194.26011633629048 41.43000264974187 245.28790077347244 96.60247561606472 26.851841570666025 3.7563877708099302 1345.7153672416164 1406.0032806329073 36.33144486644026 5.756980808297462 6.14528156662838 194.85945011545232 477.32292783869207 11.632140108260858 106.80803250350127 67.30265100374736 87.3676706244557 108.34435289515837 214.94979369866138 834.078470215637 

> TOPRS_f1
1.0000000000000009 0.0 0.0 0.0 0.0 0.0 16.999999999999993 18.0 16.999999999999993 0.0 1.0000000000000009 0.0 0.0 0.0 0.0 0.0 0.0 18.0 0.0 0.0 16.999999999999993 0.0 16.999999999999993 0.0 1.0000000000000009 
16.999999999999993 16.999999999999993 0.0 18.0 18.0 18.0 0.0 0.0 0.0 0.0 0.0 1.0000000000000009 18.0 0.0 0.0 0.0 0.0 0.0 0.0 0.0 0.0 12.999999999999996 0.0 0.0 0.0 
0.0 0.0 0.0 0.0 0.0 0.0 0.0 0.0 1.0000000000000009 16.999999999999993 0.0 16.0 0.0 0.0 18.0 18.0 18.0 0.0 0.0 0.0 1.0000000000000009 1.0000000000000009 1.0000000000000009 18.0 16.0 
0.0 1.0000000000000009 18.0 0.0 0.0 0.0 1.0000000000000009 0.0 0.0 1.0000000000000009 16.999999999999993 1.0000000000000009 0.0 18.0 0.0 0.0 0.0 0.0 18.0 18.0 0.0 3.9999999999999956 0.0 0.0 1.0000000000000009 

> Z354C_f1
0.484375 3.875 0.0 13.5625 13.5625 3.875 0.0 0.0 9.6875 3.875 0.0 9.6875 0.0 0.0 0.0 19.375 0.0 0.0 5.8125 
12.109375 9.6875 0.0 3.875 3.875 0.0 0.0 0.0 0.0 0.0 0.0 3.875 0.0 19.375 9.6875 0.0 9.6875 11.625 11.625 
6.296875 5.8125 19.375 1.9375 1.9375 15.5 0.0 19.375 5.8125 15.5 17.4375 1.9375 3.875 0.0 1.9375 0.0 5.8125 3.875 1.9375 
0.484375 0.0 0.0 0.0 0.0 0.0 19.375 0.0 3.875 0.0 1.9375 3.875 15.5 0.0 7.75 0.0 3.875 3.875 0.0 

> ZBT16_si
6.629452418926091 7.091972355130237 7.6469962785752355 11.840510366826146 34.1956406166932 3.7309941520467826 4.563530037214245 24.729399255715037 36.26156299840508 35.67570441254649 10.175438596491208 15.87985114300901 0.9867091972355112 22.07761828814461 19.086656034024433 34.98963317384367 
13.382243487506631 11.77884104199895 6.629452418926091 9.712918660287063 1.5417331206804863 13.012227538543339 0.0 0.0 0.27751196172248754 1.6650717703349251 10.206273258904808 32.80808080808076 10.822966507177004 5.426900584795317 8.479532163742673 12.757841573631067 
11.809675704412548 15.417331206804864 23.58851674641144 3.761828814460392 9.373737373737368 0.8325358851674626 6.444444444444444 32.160552897394965 0.5550239234449756 8.602870813397125 32.06804891015417 5.8585858585858475 7.431153641679933 15.232323232323216 3.330143540669856 7.361775651249308 
25.06858054226473 22.601807549175952 19.024986709197236 31.574694311536373 11.77884104199895 39.31419457735246 45.88197767145135 0.0 19.79585326953748 10.946305156831452 4.440191387559807 2.3434343434343394 37.64912280701753 14.153110047846875 25.99362041467302 1.7807017543859645 

