14.39813175336686
14.39813175336686
14.232267895165327
13.899865280654783
13.84784576993652
13.84784576993652
13.744122576560253
13.73400142245325
13.733730925996216
13.733730925996216
13.681981911734987
13.630278229076984
13.596955967508762
13.567867067794682
13.544936456790499
13.544936456790499
13.544936456790499
13.528023288459641
13.515847557076418
13.515847557076418
13.167580225282105
13.115560714563841
13.046669984078422
13.00636757715017
12.994966301420419
12.994966301420419
12.942946790702155
12.760520391019837
12.708150253451501
12.703320545486209
12.65679719764357
12.65679719764357
12.651301034767945
12.623474936075349
12.594386036361268
12.57273275960748
12.565590559193762
12.532126394062175
12.509195783057992
12.503179397911461
12.484928389986473
12.455839490272393
12.43290887926821
12.403819979554129
12.358215638393837
12.34223724623656
12.342231627475703
12.290533563578558
12.25013185273582
12.249501025703037
12.146759286209624
12.135945633412934
12.07350478070527
12.072838325794937
12.072838325794937
12.062948821064179
12.06248992308849
12.048997164173995
11.972919746537116
11.958597665573082
11.952552590937884
11.931369509542044
11.896355568429923
11.854874472196816
11.844896259069419
11.818183035370462
11.81435667169908
11.689428174962085
11.688268218191027
11.652319177168929
11.581717877196311
11.575238307993192
11.538342603385697
11.526911413574139
11.51144735855306
11.500621334932271
11.495042976802141
11.475931442103395
11.376010239659736
11.319424545015437
11.29196070317474
11.29196070317474
11.257013383733135
11.240761820515553
11.20961045457239
11.149555182065745
11.087389283672945
11.078768760074247
10.984023611485341
10.984023611485341
10.948741025373575
10.922856991840575
10.91113377490737
10.911127623193577
10.886117507398275
10.824208491949253
10.780439637430774
10.775859446928227
10.767966654246937
10.767114287746045
10.733093660296511
10.71609866251188
10.695040741396609
10.67560005902607
10.667592021226808
10.663788471543127
10.652204248854702
10.636957181792535
10.624322944112059
10.608388364746105
10.52487952246017
10.520702010670473
10.519060237098385
10.489716631730017
10.478438369872036
10.477354454766639
10.414812316378967
10.405188392808068
10.404764203017056
10.403919390538846
10.400699134697826
10.33267718817785
10.313039120731792
10.248513652643348
10.230096494773207
10.194211301826165
10.157327750624805
10.15399057528941
10.09570088001826
10.09570088001826
10.09570088001826
10.076870529964234
10.069253026088953
10.02889112581868
10.019269479850161
10.006914214039018
9.998195072048095
9.975388460790398
9.964655986683125
9.924874053041446
9.91868155060006
9.91795541402827
9.91552016331436
9.900879436499187
9.88491833937381
9.874281721857516
9.814967927496845
9.814077691262465
9.813088752037839
9.788571898971094
9.785516096099027
9.764486177730292
9.754565106054914
9.744476562414938
9.73068545163847
9.685318707323926
9.6576992799498
9.65556597931352
9.604428634894305
9.588430751396347
9.576753772876932
9.51510792497811
9.502070830950375
9.490979975481855
9.458447366472537
9.433376631753788
9.381207349579629
9.35419810576645
9.341597344995044
9.32723310933487
9.297514260959039
9.252471220878498
9.237234563134757
9.210459354805092
9.19976078729164
9.187506869832037
9.171755057503097
9.158377892948524
9.127309149533886
9.12393365664153
9.085014917769215
9.025046128577507
8.976733621643447
8.940913011961163
8.940913011961163
8.928714996395
8.877644676669933
8.873504351340005
8.85854042933713
8.85446847055984
8.779209948010179
8.74136217051673
8.674303488257154
8.670117304713221
8.597235227269337
8.58522944643583
8.557835025347476
8.553644737947138
8.546058527434448
8.461654565963595
8.448510038299462
8.437947126373555
8.42226754128155
8.407588047989144
8.393028849542285
8.385013453775485
8.374743955555102
8.355836926284136
8.351092868048049
8.341085904066194
8.324138630992932
8.282744300774604
8.246619677476021
8.22898436644156
8.216202491416603
8.215541822704955
8.196806481193395
8.178353453337236
8.148185487528158
8.142234792938106
8.140264563047344
8.139643021455242
8.129822593202608
8.10784496137738
8.093752174203608
8.06569439551572
8.030630616188532
7.964742768402862
7.932547390270747
7.8987668784739276
7.891906737165908
7.88859918064515
7.886361652087564
7.864066387466555
7.859884293974684
7.826589301982681
7.819389738581038
7.8067196344662495
7.773349561461922
7.769247525011933
7.708759470314261
7.703599805246785
7.6663276295599685
7.6642301964981066
7.6541114209046395
7.647243128689017
7.626823947351678
7.608306048960715
7.5457075765379304
7.529223377667983
7.5191348847487305
7.494483886895935
7.485207649747048
7.476244645138731
7.459673876163113
7.459475728938446
7.4578323149236985
7.449119507702621
7.382861784268872
7.373666531781715
7.373599792614189
7.366974951583988
7.3438888579107084
7.297516369664344
7.297444292572176
7.219311828912135
7.214667332180309
7.169829882834398
7.153190685009432
7.132340582251987
7.105204997161311
7.101006229752108
7.056476339243287
7.051864351028635
7.033178450382793
7.026278053117299
7.016523597989402
7.016183524311108
7.001454772859463
7.001454772859463
6.969123148336646
6.967534730465227
6.94327106314425
6.9346475551056646
6.923985312969124
6.861206072959403
6.859884998256437
6.848130301645021
6.8119825096113376
6.768034247283664
6.761157251676355
6.7466954477878645
6.738555261453683
6.736238558844077
6.729235215350855
6.710847299913966
6.683431606927238
6.6701261349016185
6.609057074743245
6.607614238299391
6.5907485317089805
6.579851748524654
6.567986191743511
6.554512353750207
6.549753746614263
6.495603450867973
6.484489135707638
6.471462988106515
6.4685053938176615
6.459783428040149
6.441802494779543
6.4216241958954665
6.419443477388251
6.4069394837006435
6.392118041724767
6.385734575408149
6.37125956016418
6.320307220160598
6.318740603574057
6.314722142234787
6.310978908951042
6.250783868541909
6.248997798749502
6.222967375584117
6.217302707862238
6.209315887667309
6.135833524729973
6.133504573357722
6.085615729824314
6.050248079194823
6.0498661395589
6.020151547703812
5.9120804551023785
5.88217939641098
5.87363445296935
5.860258172277645
5.84048376384443
5.813644478265643
5.799735245457784
5.784765058745702
5.777134890882042
5.770051102156121
5.7622272390169975
5.6471442848459645
5.565548309824252
5.528847208487451
5.50586666622678
5.493136414203344
5.482094031104945
5.442354215138279
5.437515853203767
5.413519177368032
5.380791000676086
5.2955140720331855
5.292031109811644
5.281363694726619
5.271328389803405
5.217388955821768
5.1913207836871536
5.113613489886699
5.090000081512557
5.082015513302924
5.071674519929509
4.99089317132944
4.9882904693335535
4.929161279432185
4.81255534338945
4.774644121348944
4.75853554746
4.74707834739478
4.746743010524584
4.716542633060458
4.6403227324603815
4.619569658271745
4.484557679852193
4.461594647520569
4.358169902603262
4.349528486580188
4.084937422174844
3.5093585504783618
3.4116097246027417
3.1009272028528776
3.0432273000915213
1.650934025917522
1.0734146535759383
-0.1365725558159988
-0.21982921759023621
-0.8120041032655356
-2.2552136035554886
-2.9344739500249846
-3.318487594226305
-5.237782303294342
