11.753196834362676
11.753196834362676
11.753196834362676
11.753196834362676
11.492431767308075
11.492431767308075
11.492431767308075
11.492431767308075
11.492431767308075
11.01084641719481
11.01084641719481
10.827588105195353
9.841065913747093
9.618779161189634
9.580300846692491
9.341010302374599
9.224214544037546
9.224214544037546
9.224214544037546
9.06937258462291
9.059836311372134
8.462286454293418
8.277377793025195
8.215279426571527
7.155285227589124
7.067148145260047
6.970937393500252
6.952077643747468
6.617754340183711
5.428465106883732
2.8522905488536088
