7.98033489071137
7.98033489071137
7.98033489071137
7.98033489071137
7.92386749874506
7.864019706188264
7.864019706188264
7.864019706188264
7.864019706188264
7.864019706188264
7.864019706188264
7.864019706188264
7.7449275120237235
7.583302363322625
7.583302363322625
7.492889559125852
7.46698717879952
7.46698717879952
7.2930302257447615
7.2930302257447615
7.095857031737108
6.979541847214002
6.979541847214002
6.969102732976057
6.6878078486184735
6.439951675111936
6.439951675111936
6.439951675111936
6.1640210224686784
6.1640210224686784
6.1640210224686784
6.1640210224686784
6.1640210224686784
5.841459199046736
5.841459199046736
5.757915050188751
5.354152621738919
5.296155380499179
5.2273983229778676
5.179840195976074
5.127144980731694
5.127144980731694
5.036732176534921
4.952833339681372
4.952833339681372
4.91542198956981
4.877053728318483
4.799106805046705
4.799106805046705
4.453439001757201
4.026486041546541
3.9404310288276716
3.528409835896958
3.4974710746941247
3.3589098543338762
3.2256233682393662
2.847504610992517
2.540188167725737
2.540188167725737
2.114927294834514
1.6507485468337986
0.6033541383892795
-0.2094972618577921
-0.2094972618577921
