12.842881425127016
12.710069380743182
12.646590112331157
12.196342192516134
11.905551324557091
11.618295218774932
11.604376782769956
11.581673951720807
11.572352320202917
11.366296846905001
11.285452742275439
11.166780807841787
10.804688177380115
10.756563497322045
10.703402942767893
10.537878965925074
10.502064841998987
10.476186697549547
10.288309628531989
10.250632434442137
10.148993111079369
9.772788547278125
8.799442053471616
8.67268429059559
8.169162174255636
7.946872134493734
7.721597089058359
7.6600514126481745
7.382202993014774
7.0195390551799
6.34219752051127
5.5157580968457856
4.957805735588911
4.408149673069142
3.2961463692761526
1.685995031400516
1.5817714383687786
-4.9875474891254
