5.61	0.0005016259092371911
5.62	0.0004966956912539899
5.63	0.0004917835467495024
5.64	0.0004869785043410957
5.65	0.00048214694834314287
5.66	0.00047735171392560005
5.67	0.00047264486784115434
5.68	0.000467972393380478
5.69	0.00046328609460033476
5.7	0.0004587050061672926
5.71	0.00045416809734888375
5.72	0.0004496806359384209
5.73	0.00044513566535897553
5.74	0.00044073149911127985
5.75	0.0004363014013506472
5.76	0.0004319703148212284
5.77	0.0004276430991012603
5.78	0.00042335063335485756
5.79	0.00041910354048013687
5.8	0.00041488849092274904
5.81	0.0004107473941985518
5.82	0.0004065839166287333
5.83	0.0004024529189337045
5.84	0.00039840678800828755
5.85	0.0003943971823900938
5.86	0.0003904133045580238
5.87	0.00038642040453851223
5.88	0.00038251152727752924
5.89	0.0003786545421462506
5.9	0.00037478411104530096
5.91	0.0003709478478413075
5.92	0.00036719112540595233
5.93	0.0003634681343100965
5.94	0.0003597143804654479
5.95	0.0003560692130122334
5.96	0.00035239802673459053
5.97	0.00034880294697359204
5.98	0.0003451943339314312
5.99	0.0003416774270590395
6.0	0.0003381516726221889
6.01	0.0003346704470459372
6.02	0.0003312435874249786
6.03	0.0003278151561971754
6.04	0.00032440212089568377
6.05	0.00032105817808769643
6.06	0.00031774971284903586
6.07	0.00031443886109627783
6.08	0.0003111608966719359
6.09	0.0003079398302361369
6.1	0.00030476797837764025
6.11	0.0003015966503880918
6.12	0.000298425555229187
6.13	0.00029529817402362823
6.14	0.00029221412842161953
6.15	0.00028917143936268985
6.16	0.00028613483300432563
6.17	0.0002831151068676263
6.18	0.00028016060241498053
6.19	0.00027718330966308713
6.2	0.00027428430621512234
6.21	0.00027137360302731395
6.22	0.00026849372079595923
6.23	0.0002656577853485942
6.24	0.0002628552610985935
6.25	0.00026006705593317747
6.26	0.0002573096426203847
6.27	0.0002545969618950039
6.28	0.00025189240113832057
6.29	0.0002491841441951692
6.3	0.0002465283323545009
6.31	0.0002438994124531746
6.32	0.0002413115871604532
6.33	0.0002387338608969003
6.34	0.00023617176339030266
6.35	0.00023364066146314144
6.36	0.00023113866336643696
6.37	0.00022866475046612322
6.38	0.00022618548246100545
6.39	0.0002237361914012581
6.4	0.00022134388564154506
6.41	0.00021894226665608585
6.42	0.0002165620680898428
6.43	0.00021421985002234578
6.44	0.00021188583923503757
6.45	0.0002095896634273231
6.46	0.00020729648531414568
6.47	0.00020503730047494173
6.48	0.00020280160242691636
6.49	0.00020060536917299032
6.5	0.00019841836183331907
6.51	0.00019624785636551678
6.52	0.00019407979561947286
6.53	0.00019197390065528452
6.54	0.00018986265058629215
6.55	0.00018774735508486629
6.56	0.00018570420797914267
6.57	0.0001836545707192272
6.58	0.00018164573702961206
6.59	0.00017961853882297873
6.6	0.00017763100913725793
6.61	0.00017567831673659384
6.62	0.0001737161073833704
6.63	0.0001717724371701479
6.64	0.00016986270202323794
6.65	0.00016798745491541922
6.66	0.00016612224862910807
6.67	0.00016426172805950046
6.68	0.00016242396668531
6.69	0.00016059938934631646
6.7	0.00015880781575106084
6.71	0.0001570355670992285
6.72	0.00015526401693932712
6.73	0.0001535180490463972
6.74	0.00015180150512605906
6.75	0.000150083884363994
6.76	0.00014837027993053198
6.77	0.00014670510427094996
6.78	0.00014504283899441361
6.79	0.00014340708730742335
6.8	0.00014176961849443614
6.81	0.00014016067143529654
6.82	0.00013856854639016092
6.83	0.00013700028648599982
6.84	0.00013541121734306216
6.85	0.00013385989586822689
6.86	0.00013233572826720774
6.87	0.00013082457007840276
6.88	0.00012932586832903326
6.89	0.0001278351992368698
6.9	0.00012636635801754892
6.91	0.00012492563109844923
6.92	0.00012349005555734038
6.93	0.00012205803068354726
6.94	0.00012064664042554796
6.95	0.00011926644947379827
6.96	0.00011789030395448208
6.97	0.00011650641681626439
6.98	0.00011516496306285262
6.99	0.00011382639058865607
7.0	0.00011250490206293762
7.01	0.00011117052054032683
7.02	0.00010986809502355754
7.03	0.00010858240420930088
7.04	0.00010732791270129383
7.05	0.00010606832802295685
7.06	0.00010481724166311324
7.07	0.00010357631254009902
7.08	0.00010236242087557912
7.09	0.0001011497515719384
7.1	9.995404980145395e-05
7.11	9.875654359348118e-05
7.12	9.762396803125739e-05
7.13	9.645745740272105e-05
7.14	9.52967384364456e-05
7.15	9.41684702411294e-05
7.16	9.306537685915828e-05
7.17	9.19598969630897e-05
7.18	9.084987686946988e-05
7.19	8.976247045211494e-05
7.2	8.86914785951376e-05
7.21	8.763404912315309e-05
7.22	8.658674778416753e-05
7.23	8.553688530810177e-05
7.24	8.450116729363799e-05
7.25	8.349723066203296e-05
7.26	8.248398080468178e-05
7.27	8.148775668814778e-05
7.28	8.049971074797213e-05
7.29	7.953617023304105e-05
7.3	7.857009768486023e-05
7.31	7.76096130721271e-05
7.32	7.665294106118381e-05
7.33	7.573846960440278e-05
7.34	7.48101738281548e-05
7.35	7.38990493118763e-05
7.36	7.298984564840794e-05
7.37	7.210709736682475e-05
7.38	7.122545503079891e-05
7.39	7.035370799712837e-05
7.4	6.947299698367715e-05
7.41	6.861524889245629e-05
7.42	6.777638918720186e-05
7.43	6.694303010590374e-05
7.44	6.610804121010005e-05
7.45	6.528597441501915e-05
7.46	6.447703344747424e-05
7.47	6.368375034071505e-05
7.48	6.288380245678127e-05
7.49	6.210114224813879e-05
7.5	6.133984425105155e-05
7.51	6.057342397980392e-05
7.52	5.9811281971633434e-05
7.53	5.905813304707408e-05
7.54	5.832829629071057e-05
7.55	5.7598022976890206e-05
7.56	5.687438533641398e-05
7.57	5.61451306566596e-05
7.58	5.5448326747864485e-05
7.59	5.475309444591403e-05
7.6	5.4064177675172687e-05
7.61	5.3372205002233386e-05
7.62	5.269693792797625e-05
7.63	5.2024261094629765e-05
7.64	5.1364011596888304e-05
7.65	5.0702859880402684e-05
7.66	5.005655111745e-05
7.67	4.941684892401099e-05
7.68	4.879705375060439e-05
7.69	4.815554711967707e-05
7.7	4.753132816404104e-05
7.71	4.692759830504656e-05
7.72	4.6329019824042916e-05
7.73	4.572933539748192e-05
7.74	4.513942985795438e-05
7.75	4.456081660464406e-05
7.76	4.3991836719214916e-05
7.77	4.3422565795481205e-05
7.78	4.285085014998913e-05
7.79	4.229854675941169e-05
7.8	4.175020148977637e-05
7.81	4.120997618883848e-05
7.82	4.0669634472578764e-05
7.83	4.01325523853302e-05
7.84	3.961368929594755e-05
7.85	3.9103731978684664e-05
7.86	3.857698175124824e-05
7.87	3.807173925451934e-05
7.88	3.756326623260975e-05
7.89	3.707440919242799e-05
7.9	3.657859633676708e-05
7.91	3.6099052522331476e-05
7.92	3.562148776836693e-05
7.93	3.5153672797605395e-05
7.94	3.4687313018366694e-05
7.95	3.421990550123155e-05
7.96	3.37619858328253e-05
7.97	3.3318152418360114e-05
7.98	3.287394065409899e-05
7.99	3.243435639888048e-05
8.0	3.1995034078136086e-05
8.01	3.1569943530485034e-05
8.02	3.114496939815581e-05
8.03	3.0721130315214396e-05
8.04	3.0308961868286133e-05
8.05	2.9896997148171067e-05
8.06	2.949859481304884e-05
8.07	2.9096758225932717e-05
8.08	2.869978197850287e-05
8.09	2.8307316824793816e-05
8.1	2.792556188069284e-05
8.11	2.7542264433577657e-05
8.12	2.716828021220863e-05
8.13	2.6794179575517774e-05
8.14	2.6441586669534445e-05
8.15	2.6065477868542075e-05
8.16	2.5713059585541487e-05
8.17	2.5360961444675922e-05
8.18	2.501462586224079e-05
8.19	2.4666660465300083e-05
8.2	2.4323962861672044e-05
8.21	2.397934440523386e-05
8.22	2.3658998543396592e-05
8.23	2.3332046112045646e-05
8.24	2.3007334675639868e-05
8.25	2.26787815336138e-05
8.26	2.2362044546753168e-05
8.27	2.2050458937883377e-05
8.28	2.1744752302765846e-05
8.29	2.143322490155697e-05
8.3	2.1131359972059727e-05
8.31	2.084049629047513e-05
8.32	2.054875949397683e-05
8.33	2.0257779397070408e-05
8.34	1.997262006625533e-05
8.35	1.9691098714247346e-05
8.36	1.9414816051721573e-05
8.37	1.9143655663356185e-05
8.38	1.886559766717255e-05
8.39	1.8602993804961443e-05
8.4	1.8340389942750335e-05
8.41	1.8077436834573746e-05
8.42	1.7809245036914945e-05
8.43	1.756203710101545e-05
8.44	1.730737858451903e-05
8.45	1.706127659417689e-05
8.46	1.6811740351840854e-05
8.47	1.657084794715047e-05
8.48	1.6333360690623522e-05
8.49	1.6100617358461022e-05
8.5	1.5859463019296527e-05
8.51	1.5628960682079196e-05
8.52	1.540064113214612e-05
8.53	1.5178695321083069e-05
8.54	1.4958437532186508e-05
8.55	1.4739925973117352e-05
8.56	1.45281373988837e-05
8.57	1.4317512977868319e-05
8.58	1.4105462469160557e-05
8.59	1.3895536540076137e-05
8.6	1.3693294022232294e-05
8.61	1.3495475286617875e-05
8.62	1.329780207015574e-05
8.63	1.3096898328512907e-05
8.64	1.2902775779366493e-05
8.65	1.271168002858758e-05
8.66	1.2526405043900013e-05
8.67	1.2336939107626677e-05
8.68	1.2151896953582764e-05
8.69	1.1970405466854572e-05
8.7	1.1795316822826862e-05
8.71	1.1614116374403238e-05
8.72	1.1441996321082115e-05
8.73	1.1268799426034093e-05
8.74	1.1103547876700759e-05
8.75	1.0932562872767448e-05
8.76	1.0766612831503153e-05
8.77	1.0602176189422607e-05
8.78	1.0445481166243553e-05
8.79	1.0288611520081758e-05
8.8	1.0129006113857031e-05
8.81	9.9767348729074e-06
8.82	9.827985195443034e-06
8.83	9.673909517005086e-06
8.84	9.524170309305191e-06
8.85	9.376934031024575e-06
8.86	9.237905032932758e-06
8.87	9.095208952203393e-06
8.88	8.95222183316946e-06
8.89	8.813512977212667e-06
8.9	8.67413473315537e-06
8.91	8.543313015252352e-06
8.92	8.414557669311762e-06
8.93	8.28056363388896e-06
8.94	8.15215753391385e-06
8.95	8.02849535830319e-06
8.96	7.902999641373754e-06
8.97	7.777241989970207e-06
8.98	7.652124622836709e-06
8.99	7.537688361480832e-06
9.0	7.418828317895532e-06
9.01	7.3021219577640295e-06
9.02	7.1861722972244024e-06
9.03	7.07517028786242e-06
9.04	6.961810868233442e-06
9.05	6.851827492937446e-06
9.06	6.742047844454646e-06
9.07	6.634538294747472e-06
9.08	6.530724931508303e-06
9.09	6.423884769901633e-06
9.1	6.319169187918305e-06
9.11	6.217160262167454e-06
9.12	6.119254976511002e-06
9.13	6.021931767463684e-06
9.14	5.921581760048866e-06
9.15	5.826615961268544e-06
9.16	5.735084414482117e-06
9.17	5.641195457428694e-06
9.18	5.550740752369165e-06
9.19	5.462788976728916e-06
9.2	5.3752155508846045e-06
9.21	5.284236976876855e-06
9.22	5.197594873607159e-06
9.23	5.112728103995323e-06
9.24	5.031877662986517e-06
9.25	4.948844434693456e-06
9.26	4.867761163040996e-06
9.27	4.784727934747934e-06
9.28	4.7085341066122055e-06
9.29	4.6291970647871494e-06
9.3	4.5532360672950745e-06
9.31	4.475790774449706e-06
9.32	4.400935722514987e-06
9.33	4.329602234065533e-06
9.34	4.257686669006944e-06
9.35	4.1835883166641e-06
9.36	4.1134480852633715e-06
9.37	4.046742105856538e-06
9.38	3.978493623435497e-06
9.39	3.909459337592125e-06
9.4	3.844936145469546e-06
9.41	3.781053237617016e-06
9.42	3.7196441553533077e-06
9.43	3.655790351331234e-06
9.44	3.5921402741223574e-06
9.45	3.532943082973361e-06
9.46	3.470195224508643e-06
9.47	3.4111144486814737e-06
9.48	3.355147782713175e-06
9.49	3.295019268989563e-06
9.5	3.241584636271e-06
9.51	3.185967216268182e-06
9.52	3.1279923859983683e-06
9.53	3.0754017643630505e-06
9.54	3.0226074159145355e-06
9.55	2.969754859805107e-06
9.56	2.9185903258621693e-06
9.57	2.867367584258318e-06
9.58	2.8175709303468466e-06
9.59	2.7690257411450148e-06
9.6	2.7199857868254185e-06
9.61	2.6730704121291637e-06
9.62	2.626387868076563e-06
9.63	2.5805493351072073e-06
9.64	2.5362824089825153e-06
9.65	2.491171471774578e-06
9.66	2.4458568077534437e-06
9.67	2.403423422947526e-06
9.68	2.3611646611243486e-06
9.69	2.3171305656433105e-06
9.7	2.275337465107441e-06
9.71	2.236745785921812e-06
9.72	2.196116838604212e-06
9.73	2.1557207219302654e-06
9.74	2.1174782887101173e-06
9.75	2.0805164240300655e-06
9.76	2.041429979726672e-06
9.77	2.0059815142303705e-06
9.78	1.9688450265675783e-06
9.79	1.933338353410363e-06
9.8	1.9008293747901917e-06
9.81	1.865060767158866e-06
9.82	1.831620465964079e-06
9.83	1.7987331375479698e-06
9.84	1.7655838746577501e-06
9.85	1.733133103698492e-06
9.86	1.7003912944346666e-06
9.87	1.6691628843545914e-06
9.88	1.640029950067401e-06
9.89	1.6102276276797056e-06
9.9	1.5786790754646063e-06
9.91	1.5489058569073677e-06
9.92	1.520675141364336e-06
9.93	1.4922406990081072e-06
9.94	1.4651741366833448e-06
9.95	1.436186721548438e-06
9.96	1.4089164324104786e-06
9.97	1.3833632692694664e-06
9.98	1.358712324872613e-06
9.99	1.3314711395651102e-06
10.0	1.3074895832687616e-06
10.01	1.283187884837389e-06
10.02	1.2590026017278433e-06
10.03	1.2356322258710861e-06
10.04	1.2116506695747375e-06
10.05	1.189415343105793e-06
10.06	1.1676165740936995e-06
10.07	1.1445663403719664e-06
10.08	1.122098183259368e-06
10.09	1.0999210644513369e-06
10.1	1.079140929505229e-06
10.11	1.0578369256109e-06
10.12	1.038162736222148e-06
10.13	1.0184012353420258e-06
10.14	9.985233191400766e-07
10.15	9.79256583377719e-07
10.16	9.590003173798323e-07
10.17	9.396462701261044e-07
10.18	9.222421795129776e-07
10.19	9.045761544257402e-07
10.2	8.87666828930378e-07
10.21	8.683418855071068e-07
10.22	8.524511940777302e-07
10.23	8.360075298696756e-07
10.24	8.181668817996979e-07
10.25	8.022470865398645e-07
10.26	7.870839908719063e-07
10.27	7.712806109338999e-07
10.28	7.558264769613743e-07
10.29	7.408671081066132e-07
10.3	7.248017936944962e-07
10.31	7.105991244316101e-07
10.32	6.972695700824261e-07
10.33	6.829795893281698e-07
10.34	6.686896085739136e-07
10.35	6.548361852765083e-07
10.36	6.423506420105696e-07
10.37	6.294576451182365e-07
10.38	6.160116754472256e-07
10.39	6.045738700777292e-07
10.4	5.92466676607728e-07
10.41	5.796609912067652e-07
10.42	5.672336556017399e-07
10.43	5.56290615350008e-07
10.44	5.449401214718819e-07
10.45	5.340261850506067e-07
10.46	5.226465873420238e-07
10.47	5.118490662425756e-07
10.48	5.00876922160387e-07
10.49	4.90719685330987e-07
10.5	4.805333446711302e-07
10.51	4.697649274021387e-07
10.52	4.603643901646137e-07
10.53	4.5017804950475693e-07
10.54	4.4069020077586174e-07
10.55	4.3059117160737514e-07
10.56	4.2171450331807137e-07
10.57	4.135363269597292e-07
10.58	4.049798008054495e-07
10.59	3.9572478272020817e-07
10.6	3.8783764466643333e-07
10.61	3.7992140278220177e-07
10.62	3.7206336855888367e-07
10.63	3.630411811172962e-07
10.64	3.5564880818128586e-07
10.65	3.4822733141481876e-07
10.66	3.414170350879431e-07
10.67	3.332388587296009e-07
10.68	3.264867700636387e-07
10.69	3.198510967195034e-07
10.7	3.1263334676623344e-07
10.71	3.062887117266655e-07
10.72	2.9910006560385227e-07
10.73	2.922315616160631e-07
10.74	2.863234840333462e-07
10.75	2.7983332984149456e-07
10.76	2.739834599196911e-07
10.77	2.6758061721920967e-07
10.78	2.61206878349185e-07
10.79	2.55415216088295e-07
10.8	2.4915789254009724e-07
10.81	2.4391920305788517e-07
10.82	2.390297595411539e-07
10.83	2.3379107005894184e-07
10.84	2.2773747332394123e-07
10.85	2.2290623746812344e-07
10.86	2.1807500161230564e-07
10.87	2.1301093511283398e-07
10.88	2.0826701074838638e-07
10.89	2.0340667106211185e-07
10.9	1.9892468117177486e-07
10.91	1.9406434148550034e-07
10.92	1.8984428606927395e-07
10.93	1.8536229617893696e-07
10.94	1.8120044842362404e-07
10.95	1.777953002601862e-07
10.96	1.731386873871088e-07
10.97	1.6877311281859875e-07
10.98	1.6548437997698784e-07
10.99	1.6210833564400673e-07
11.0	1.58033799380064e-07
11.01	1.5425030142068863e-07
11.02	1.503503881394863e-07
11.03	1.4717807061970234e-07
11.04	1.4348188415169716e-07
11.05	1.3998942449688911e-07
11.06	1.3684621080756187e-07
11.07	1.3390672393143177e-07
11.08	1.307344064116478e-07
11.09	1.2730015441775322e-07
11.1	1.2415694072842598e-07
11.11	1.2121745385229588e-07
11.12	1.1816155165433884e-07
11.13	1.1548399925231934e-07
11.14	1.1228257790207863e-07
11.15	1.0922667570412159e-07
11.16	1.0689836926758289e-07
11.17	1.0424992069602013e-07
11.18	1.0148505680263042e-07
11.19	9.924406185746193e-08
11.2	9.729410521686077e-08
11.21	9.467476047575474e-08
11.22	9.255018085241318e-08
11.23	9.007635526359081e-08
11.24	8.812639862298965e-08
11.25	8.60891304910183e-08
11.26	8.37608240544796e-08
11.27	8.181086741387844e-08
11.28	8.018105290830135e-08
11.29	7.785274647176266e-08
11.3	7.601920515298843e-08
11.31	7.409835234284401e-08
11.32	7.232301868498325e-08
11.33	7.057678885757923e-08
11.34	6.897607818245888e-08
11.35	6.644404493272305e-08
11.36	6.478512659668922e-08
11.37	6.356276571750641e-08
11.38	6.152549758553505e-08
11.39	6.004120223224163e-08
11.4	5.846959538757801e-08
11.41	5.686888471245766e-08
11.42	5.5035343393683434e-08
11.43	5.390029400587082e-08
11.44	5.247420631349087e-08
11.45	5.116453394293785e-08
11.46	5.0175003707408905e-08
11.47	4.857429303228855e-08
11.48	4.7322828322649e-08
11.49	4.595494829118252e-08
11.5	4.4674379751086235e-08
11.51	4.383036866784096e-08
11.52	4.249159246683121e-08
11.53	4.118192009627819e-08
11.54	4.030880518257618e-08
11.55	3.934837877750397e-08
11.56	3.8067810237407684e-08
11.57	3.7282006815075874e-08
11.58	3.6496203392744064e-08
11.59	3.536115400493145e-08
11.6	3.457535058259964e-08
11.61	3.349850885570049e-08
11.62	3.2800016924738884e-08
11.63	3.189779818058014e-08
11.64	3.111199475824833e-08
11.65	3.003515303134918e-08
11.66	2.9132934287190437e-08
11.67	2.8405338525772095e-08
11.68	2.7794158086180687e-08
11.69	2.671731635928154e-08
11.7	2.5989720597863197e-08
11.71	2.537854015827179e-08
11.72	2.4534529075026512e-08
11.73	2.3690517991781235e-08
11.74	2.287561073899269e-08
11.75	2.214801497757435e-08
11.76	2.1507730707526207e-08
11.77	2.0925654098391533e-08
11.78	2.0314473658800125e-08
11.79	1.9703293219208717e-08
11.8	1.9208528101444244e-08
11.81	1.871376298367977e-08
11.82	1.82189978659153e-08
11.83	1.7869751900434494e-08
11.84	1.7404090613126755e-08
11.85	1.7025740817189217e-08
11.86	1.6472768038511276e-08
11.87	1.586158759891987e-08
11.88	1.5512341633439064e-08
11.89	1.5221303328871727e-08
11.9	1.4668330550193787e-08
11.91	1.4202669262886047e-08
11.92	1.391163095831871e-08
11.93	1.3300450518727303e-08
11.94	1.289299689233303e-08
11.95	1.2660166248679161e-08
11.96	1.2136297300457954e-08
11.97	1.1728843674063683e-08
11.98	1.132139004766941e-08
11.99	1.0855728760361671e-08
12.0	1.05355866253376e-08
12.01	1.0128132998943329e-08
12.02	9.98261384665966e-09
12.03	9.633367881178856e-09
12.04	9.225914254784584e-09
12.05	8.993083611130714e-09
12.06	8.789356797933578e-09
12.07	8.614733815193176e-09
12.08	8.236384019255638e-09
12.09	8.032657206058502e-09
12.1	7.741618901491165e-09
12.11	7.450580596923828e-09
12.12	7.188646122813225e-09
12.13	7.07223080098629e-09
12.14	6.781192496418953e-09
12.15	6.606569513678551e-09
12.16	6.4319465309381485e-09
12.17	6.199115887284279e-09
12.18	5.995389074087143e-09
12.19	5.9371814131736755e-09
12.2	5.6461431086063385e-09
12.21	5.4424162954092026e-09
12.22	5.238689482212067e-09
12.23	5.180481821298599e-09
12.24	5.005858838558197e-09
12.25	4.773028194904327e-09
12.26	4.71482053399086e-09
12.27	4.627509042620659e-09
12.28	4.511093720793724e-09
12.29	4.16184775531292e-09
12.3	4.045432433485985e-09
12.31	3.899913281202316e-09
12.32	3.725290298461914e-09
12.33	3.6088749766349792e-09
12.34	3.521563485264778e-09
12.35	3.259629011154175e-09
12.36	3.1141098588705063e-09
12.37	3.026798367500305e-09
12.38	2.939486876130104e-09
12.39	2.8230715543031693e-09
12.4	2.7939677238464355e-09
12.41	2.6193447411060333e-09
12.42	2.5320332497358322e-09
12.43	2.473825588822365e-09
12.44	2.444721758365631e-09
12.45	2.35741026699543e-09
12.46	2.3283064365386963e-09
12.47	2.2118911147117615e-09
12.48	2.1827872842550278e-09
12.49	2.153683453798294e-09
12.5	2.0372681319713593e-09
12.51	2.0372681319713593e-09
12.52	2.0372681319713593e-09
12.53	1.862645149230957e-09
12.54	1.8044374883174896e-09
12.55	1.7462298274040222e-09
12.56	1.6589183360338211e-09
12.57	1.5133991837501526e-09
12.58	1.5133991837501526e-09
12.59	1.3387762010097504e-09
12.6	1.280568540096283e-09
12.61	1.2514647096395493e-09
12.62	1.1932570487260818e-09
12.63	1.1059455573558807e-09
12.64	1.1059455573558807e-09
12.65	1.076841726899147e-09
12.66	1.0186340659856796e-09
12.67	9.604264050722122e-10
12.68	9.022187441587448e-10
12.69	9.022187441587448e-10
12.7	9.022187441587448e-10
12.71	8.149072527885437e-10
12.72	8.149072527885437e-10
12.73	7.8580342233181e-10
12.74	7.566995918750763e-10
12.75	7.566995918750763e-10
12.76	7.566995918750763e-10
12.77	7.275957614183426e-10
12.78	6.984919309616089e-10
12.79	6.984919309616089e-10
12.8	5.820766091346741e-10
12.81	5.529727786779404e-10
12.82	5.529727786779404e-10
12.83	5.238689482212067e-10
12.84	4.656612873077393e-10
12.85	4.656612873077393e-10
12.86	4.656612873077393e-10
12.87	4.3655745685100555e-10
12.88	4.0745362639427185e-10
12.89	4.0745362639427185e-10
12.9	4.0745362639427185e-10
12.91	4.0745362639427185e-10
12.92	3.2014213502407074e-10
12.93	3.2014213502407074e-10
12.94	3.2014213502407074e-10
12.95	2.6193447411060333e-10
12.96	2.6193447411060333e-10
12.97	2.6193447411060333e-10
12.98	2.0372681319713593e-10
12.99	2.0372681319713593e-10
13.0	2.0372681319713593e-10
13.01	2.0372681319713593e-10
13.02	2.0372681319713593e-10
13.03	2.0372681319713593e-10
13.04	1.7462298274040222e-10
13.05	1.4551915228366852e-10
13.06	1.4551915228366852e-10
13.07	1.4551915228366852e-10
13.08	1.4551915228366852e-10
13.09	1.4551915228366852e-10
13.1	1.4551915228366852e-10
13.11	1.4551915228366852e-10
13.12	1.4551915228366852e-10
13.13	1.4551915228366852e-10
13.14	1.4551915228366852e-10
13.15	1.4551915228366852e-10
13.16	1.1641532182693481e-10
13.17	1.1641532182693481e-10
13.18	1.1641532182693481e-10
13.19	5.820766091346741e-11
13.2	5.820766091346741e-11
13.21	5.820766091346741e-11
13.22	2.9103830456733704e-11
13.23	2.9103830456733704e-11
13.24	2.9103830456733704e-11
13.25	2.9103830456733704e-11
13.26	2.9103830456733704e-11
13.27	2.9103830456733704e-11
13.28	2.9103830456733704e-11
13.29	2.9103830456733704e-11
13.3	2.9103830456733704e-11
13.31	2.9103830456733704e-11
13.32	2.9103830456733704e-11
13.33	2.9103830456733704e-11
13.34	2.9103830456733704e-11
13.35	2.9103830456733704e-11
13.36	2.9103830456733704e-11
13.37	2.9103830456733704e-11
13.38	2.9103830456733704e-11
13.39	2.9103830456733704e-11
13.4	2.9103830456733704e-11
13.41	2.9103830456733704e-11
13.42	2.9103830456733704e-11
13.43	2.9103830456733704e-11
