5.47	0.0005003996193408966
5.48	0.0004960629157721996
5.49	0.0004918603226542473
5.5	0.0004876398015767336
5.51	0.00048347096890211105
5.52	0.0004792839754372835
5.53	0.0004751498345285654
5.54	0.0004710645880550146
5.55	0.0004669839981943369
5.56	0.0004629688337445259
5.57	0.0004589685704559088
5.58	0.0004549694713205099
5.59	0.0004510125145316124
5.6	0.0004470988642424345
5.61	0.00044319150038063526
5.62	0.0004393362905830145
5.63	0.0004355290438979864
5.64	0.00043174787424504757
5.65	0.0004279890563338995
5.66	0.0004242383874952793
5.67	0.0004205447621643543
5.68	0.0004168760497123003
5.69	0.00041321502067148685
5.7	0.00040963548235595226
5.71	0.00040600518696010113
5.72	0.00040245242416858673
5.73	0.00039889500476419926
5.74	0.0003954167477786541
5.75	0.00039195315912365913
5.76	0.0003884776961058378
5.77	0.00038505508564412594
5.78	0.0003816685639321804
5.79	0.00037831184454262257
5.8	0.0003749909810721874
5.81	0.00037166825495660305
5.82	0.00036836997605860233
5.83	0.0003651177976280451
5.84	0.0003618698101490736
5.85	0.0003586462698876858
5.86	0.00035545858554542065
5.87	0.0003522953484207392
5.88	0.0003491730894893408
5.89	0.00034604035317897797
5.9	0.0003429392818361521
5.91	0.00033988035283982754
5.92	0.00033684796653687954
5.93	0.00033382768742740154
5.94	0.00033081043511629105
5.95	0.0003278555814176798
5.96	0.00032491120509803295
5.97	0.000322005245834589
5.98	0.00031909323297441006
5.99	0.00031623896211385727
6.0	0.0003133669961243868
6.01	0.00031051901169121265
6.02	0.00030771782621741295
6.03	0.00030494597740471363
6.04	0.00030218204483389854
6.05	0.00029945303685963154
6.06	0.0002967205364257097
6.07	0.00029406207613646984
6.08	0.00029138592071831226
6.09	0.0002887481823563576
6.1	0.0002861148677766323
6.11	0.00028351531364023685
6.12	0.0002809353172779083
6.13	0.0002783779054880142
6.14	0.0002758351620286703
6.15	0.0002732798457145691
6.16	0.00027078879065811634
6.17	0.00026829284615814686
6.18	0.00026580202393233776
6.19	0.00026332330889999866
6.2	0.00026093446649610996
6.21	0.0002585374750196934
6.22	0.0002561945002526045
6.23	0.00025380379520356655
6.24	0.00025147292762994766
6.25	0.00024914066307246685
6.26	0.00024686427786946297
6.27	0.00024456437677145004
6.28	0.0002423170953989029
6.29	0.0002400523517280817
6.3	0.0002378169447183609
6.31	0.0002356425393372774
6.32	0.000233418308198452
6.33	0.00023124855943024158
6.34	0.00022908346727490425
6.35	0.00022696447558701038
6.36	0.00022484245710074902
6.37	0.00022274884395301342
6.38	0.00022066687233746052
6.39	0.0002186046913266182
6.4	0.0002165318001061678
6.41	0.00021450337953865528
6.42	0.00021246913820505142
6.43	0.00021044467575848103
6.44	0.00020844838581979275
6.45	0.00020650681108236313
6.46	0.0002045733854174614
6.47	0.00020264764316380024
6.48	0.00020071095786988735
6.49	0.0001988124568015337
6.5	0.00019696285016834736
6.51	0.0001950911246240139
6.52	0.0001932326704263687
6.53	0.00019138981588184834
6.54	0.00018958584405481815
6.55	0.00018777558580040932
6.56	0.00018598628230392933
6.57	0.00018420699052512646
6.58	0.00018242490477859974
6.59	0.000180685892701149
6.6	0.0001789359375834465
6.61	0.00017722300253808498
6.62	0.0001755189150571823
6.63	0.0001738392747938633
6.64	0.00017217546701431274
6.65	0.00017053820192813873
6.66	0.00016888254322111607
6.67	0.00016726134344935417
6.68	0.00016563967801630497
6.69	0.00016404618509113789
6.7	0.00016247224994003773
6.71	0.00016089691780507565
6.72	0.00015932554379105568
6.73	0.0001577860675752163
6.74	0.00015624752268195152
6.75	0.0001547178253531456
6.76	0.0001532163005322218
6.77	0.00015170732513070107
6.78	0.0001502388622611761
6.79	0.00014877552166581154
6.8	0.00014732778072357178
6.81	0.00014588423073291779
6.82	0.00014446256682276726
6.83	0.00014303368516266346
6.84	0.0001416313461959362
6.85	0.00014023901894688606
6.86	0.00013886252418160439
6.87	0.0001374941784888506
6.88	0.00013614259660243988
6.89	0.00013481779024004936
6.9	0.00013347575441002846
6.91	0.00013214582577347755
6.92	0.00013083708472549915
6.93	0.00012954790145158768
6.94	0.000128280371427536
6.95	0.00012701121158897877
6.96	0.00012574181891977787
6.97	0.0001244863960891962
6.98	0.00012323306873440742
6.99	0.00012199184857308865
7.0	0.00012075505219399929
7.01	0.00011954712681472301
7.02	0.00011834735050797462
7.03	0.00011716294102370739
7.04	0.00011599785648286343
7.05	0.00011485349386930466
7.06	0.0001136944629251957
7.07	0.000112560810521245
7.08	0.00011142576113343239
7.09	0.00011030002497136593
7.1	0.00010918872430920601
7.11	0.0001080778893083334
7.12	0.00010698428377509117
7.13	0.00010590883903205395
7.14	0.00010483316145837307
7.15	0.00010375562123954296
7.16	0.00010269484482705593
7.17	0.00010165292769670486
7.18	0.00010063149966299534
7.19	9.9582364782691e-05
7.2	9.857863187789917e-05
7.21	9.75725706666708e-05
7.22	9.657465852797031e-05
7.23	9.559420868754387e-05
7.24	9.462307207286358e-05
7.25	9.364262223243713e-05
7.26	9.268289431929588e-05
7.27	9.173015132546425e-05
7.28	9.079440496861935e-05
7.29	8.986378088593483e-05
7.3	8.893338963389397e-05
7.31	8.801324293017387e-05
7.32	8.709519170224667e-05
7.33	8.619716390967369e-05
7.34	8.528493344783783e-05
7.35	8.441857062280178e-05
7.36	8.353567682206631e-05
7.37	8.269120007753372e-05
7.38	8.182763122022152e-05
7.39	8.097663521766663e-05
7.4	8.012354373931885e-05
7.41	7.929443381726742e-05
7.42	7.846718654036522e-05
7.43	7.764436304569244e-05
7.44	7.68234021961689e-05
7.45	7.602130062878132e-05
7.46	7.523992098867893e-05
7.47	7.4450159445405e-05
7.48	7.36734364181757e-05
7.49	7.288716733455658e-05
7.5	7.211766205728054e-05
7.51	7.135304622352123e-05
7.52	7.062195800244808e-05
7.53	6.985710933804512e-05
7.54	6.913044489920139e-05
7.55	6.838352419435978e-05
7.56	6.765732541680336e-05
7.57	6.69343862682581e-05
7.58	6.620306521654129e-05
7.59	6.549549289047718e-05
7.6	6.480677984654903e-05
7.61	6.412179209291935e-05
7.62	6.342609412968159e-05
7.63	6.276136264204979e-05
7.64	6.210175342857838e-05
7.65	6.14349264651537e-05
7.66	6.077112630009651e-05
7.67	6.0123857110738754e-05
7.68	5.945679731667042e-05
7.69	5.8821868151426315e-05
7.7	5.8181583881378174e-05
7.71	5.7560158893465996e-05
7.72	5.692848935723305e-05
7.73	5.6313350796699524e-05
7.74	5.569984205067158e-05
7.75	5.5095646530389786e-05
7.76	5.4520322009921074e-05
7.77	5.3916359320282936e-05
7.78	5.333195440471172e-05
7.79	5.275825969874859e-05
7.8	5.2184564992785454e-05
7.81	5.1602255553007126e-05
7.82	5.1048118621110916e-05
7.83	5.04844356328249e-05
7.84	4.9931928515434265e-05
7.85	4.9386871978640556e-05
7.86	4.884367808699608e-05
7.87	4.830583930015564e-05
7.88	4.778290167450905e-05
7.89	4.7260429710149765e-05
7.9	4.674098454415798e-05
7.91	4.6212924644351006e-05
7.92	4.569767042994499e-05
7.93	4.520220682024956e-05
7.94	4.4703949242830276e-05
7.95	4.422455094754696e-05
7.96	4.373048432171345e-05
7.97	4.324456676840782e-05
7.98	4.275771789252758e-05
7.99	4.229159094393253e-05
8.0	4.1816383600234985e-05
8.01	4.134955815970898e-05
8.02	4.088389687240124e-05
8.03	4.0428247302770615e-05
8.04	3.998377360403538e-05
8.05	3.9528124034404755e-05
8.06	3.908132202923298e-05
8.07	3.8643600419163704e-05
8.08	3.8211699575185776e-05
8.09	3.777351230382919e-05
8.1	3.7347665056586266e-05
8.11	3.692391328513622e-05
8.12	3.650994040071964e-05
8.13	3.608386032283306e-05
8.14	3.5678502172231674e-05
8.15	3.5264063626527786e-05
8.16	3.485195338726044e-05
8.17	3.445986658334732e-05
8.18	3.407592885196209e-05
8.19	3.3692456781864166e-05
8.2	3.3315038308501244e-05
8.21	3.2928772270679474e-05
8.22	3.25571745634079e-05
8.23	3.21932602673769e-05
8.24	3.181584179401398e-05
8.25	3.144051879644394e-05
8.26	3.107241354882717e-05
8.27	3.071199171245098e-05
8.28	3.0355295166373253e-05
8.29	3.0008144676685333e-05
8.3	2.9659364372491837e-05
8.31	2.9321061447262764e-05
8.32	2.8983457013964653e-05
8.33	2.8649810701608658e-05
8.34	2.8325244784355164e-05
8.35	2.799299545586109e-05
8.36	2.7669593691825867e-05
8.37	2.7350150048732758e-05
8.38	2.701929770410061e-05
8.39	2.6712194085121155e-05
8.4	2.6390422135591507e-05
8.41	2.6077963411808014e-05
8.42	2.5771325454115868e-05
8.43	2.5469809770584106e-05
8.44	2.5167129933834076e-05
8.45	2.4864915758371353e-05
8.46	2.4577835574746132e-05
8.47	2.4288194254040718e-05
8.48	2.4001114070415497e-05
8.49	2.3716827854514122e-05
8.5	2.343696542084217e-05
8.51	2.3153843358159065e-05
8.52	2.2889580577611923e-05
8.53	2.2622989490628242e-05
8.54	2.2354302927851677e-05
8.55	2.2089341655373573e-05
8.56	2.182554453611374e-05
8.57	2.1565239876508713e-05
8.58	2.1308893337845802e-05
8.59	2.1052546799182892e-05
8.6	2.079666592180729e-05
8.61	2.0547769963741302e-05
8.62	2.0300038158893585e-05
8.63	2.0054634660482407e-05
8.64	1.980271190404892e-05
8.65	1.956196501851082e-05
8.66	1.9326340407133102e-05
8.67	1.9091647118330002e-05
8.68	1.8857885152101517e-05
8.69	1.86283141374588e-05
8.7	1.840083859860897e-05
8.71	1.8180115148425102e-05
8.72	1.7954735085368156e-05
8.73	1.772982068359852e-05
8.74	1.7516780644655228e-05
8.75	1.729722134768963e-05
8.76	1.7093028873205185e-05
8.77	1.688278280198574e-05
8.78	1.6679521650075912e-05
8.79	1.647183671593666e-05
8.8	1.6273697838187218e-05
8.81	1.6067642718553543e-05
8.82	1.5862751752138138e-05
8.83	1.566018909215927e-05
8.84	1.545669510960579e-05
8.85	1.525948755443096e-05
8.86	1.5074852854013443e-05
8.87	1.4879042282700539e-05
8.88	1.469021663069725e-05
8.89	1.4520017430186272e-05
8.9	1.4340737834572792e-05
8.91	1.4169607311487198e-05
8.92	1.3990327715873718e-05
8.93	1.3817567378282547e-05
8.94	1.3642711564898491e-05
8.95	1.3472279533743858e-05
8.96	1.329369843006134e-05
8.97	1.313001848757267e-05
8.98	1.2958189472556114e-05
8.99	1.2798234820365906e-05
9.0	1.2633157894015312e-05
9.01	1.2470176443457603e-05
9.02	1.2320233508944511e-05
9.03	1.2155389413237572e-05
9.04	1.2000557035207748e-05
9.05	1.185084693133831e-05
9.06	1.169438473880291e-05
9.07	1.1540483683347702e-05
9.08	1.1397292837500572e-05
9.09	1.1246651411056519e-05
9.1	1.1111842468380928e-05
9.11	1.096329651772976e-05
9.12	1.0821502655744553e-05
9.13	1.0682037100195885e-05
9.14	1.0550953447818756e-05
9.15	1.0412419214844704e-05
9.16	1.027504913508892e-05
9.17	1.0140473023056984e-05
9.18	1.000845804810524e-05
9.19	9.877141565084457e-06
9.2	9.744428098201752e-06
9.21	9.617069736123085e-06
9.22	9.485287591814995e-06
9.23	9.363517165184021e-06
9.24	9.233132004737854e-06
9.25	9.110663086175919e-06
9.26	8.989125490188599e-06
9.27	8.87364149093628e-06
9.28	8.754432201385498e-06
9.29	8.638016879558563e-06
9.3	8.522998541593552e-06
9.31	8.41217115521431e-06
9.32	8.29971395432949e-06
9.33	8.196337148547173e-06
9.34	8.086208254098892e-06
9.35	7.971655577421188e-06
9.36	7.869210094213486e-06
9.37	7.763272151350975e-06
9.38	7.659196853637695e-06
9.39	7.556285709142685e-06
9.4	7.452908903360367e-06
9.41	7.348833605647087e-06
9.42	7.246853783726692e-06
9.43	7.147667929530144e-06
9.44	7.049413397908211e-06
9.45	6.949063390493393e-06
9.46	6.858259439468384e-06
9.47	6.764894351363182e-06
9.48	6.67572021484375e-06
9.49	6.589340046048164e-06
9.5	6.502028554677963e-06
9.51	6.410293281078339e-06
9.52	6.321584805846214e-06
9.53	6.233109161257744e-06
9.54	6.137881428003311e-06
9.55	6.055692210793495e-06
9.56	5.9746671468019485e-06
9.57	5.893874913454056e-06
9.58	5.813082680106163e-06
9.59	5.733920261263847e-06
9.6	5.657551810145378e-06
9.61	5.583278834819794e-06
9.62	5.50481490790844e-06
9.63	5.4263509809970856e-06
9.64	5.350681021809578e-06
9.65	5.275942385196686e-06
9.66	5.200738087296486e-06
9.67	5.130190402269363e-06
9.68	5.057547241449356e-06
9.69	4.983972758054733e-06
9.7	4.9122609198093414e-06
9.71	4.84054908156395e-06
9.72	4.777684807777405e-06
9.73	4.71062958240509e-06
9.74	4.643108695745468e-06
9.75	4.575354978442192e-06
9.76	4.511559382081032e-06
9.77	4.4407788664102554e-06
9.78	4.37605194747448e-06
9.79	4.313420504331589e-06
9.8	4.250789061188698e-06
9.81	4.188623279333115e-06
9.82	4.127621650695801e-06
9.83	4.068948328495026e-06
9.84	4.01143915951252e-06
9.85	3.954628482460976e-06
9.86	3.896886482834816e-06
9.87	3.839610144495964e-06
9.88	3.7814024835824966e-06
9.89	3.727152943611145e-06
9.9	3.6761630326509476e-06
9.91	3.625405952334404e-06
9.92	3.572087734937668e-06
9.93	3.518536686897278e-06
9.94	3.4640543162822723e-06
9.95	3.414927050471306e-06
9.96	3.363005816936493e-06
9.97	3.3141113817691803e-06
9.98	3.266148269176483e-06
9.99	3.218185156583786e-06
10.0	3.1706877052783966e-06
10.01	3.1243544071912766e-06
10.02	3.0775554478168488e-06
10.03	3.0316878110170364e-06
10.04	2.9888469725847244e-06
10.05	2.9457733035087585e-06
10.06	2.9029324650764465e-06
10.07	2.8619542717933655e-06
10.08	2.821674570441246e-06
10.09	2.7776695787906647e-06
10.1	2.7336645871400833e-06
10.11	2.6884954422712326e-06
10.12	2.6461202651262283e-06
10.13	2.6016496121883392e-06
10.14	2.5669578462839127e-06
10.15	2.5297049432992935e-06
10.16	2.494547516107559e-06
10.17	2.4563632905483246e-06
10.18	2.4191103875637054e-06
10.19	2.3851171135902405e-06
10.2	2.348097041249275e-06
10.21	2.312939614057541e-06
10.22	2.277316525578499e-06
10.23	2.246350049972534e-06
10.24	2.2118911147117615e-06
10.25	2.1774321794509888e-06
10.26	2.1425075829029083e-06
10.27	2.1101441234350204e-06
10.28	2.0763836801052094e-06
10.29	2.041459083557129e-06
10.3	2.0116567611694336e-06
10.31	1.9834842532873154e-06
10.32	1.9506551325321198e-06
10.33	1.9203871488571167e-06
10.34	1.8915161490440369e-06
10.35	1.8584541976451874e-06
10.36	1.8260907381772995e-06
10.37	1.796521246433258e-06
10.38	1.7695128917694092e-06
10.39	1.7404090613126755e-06
10.4	1.7178244888782501e-06
10.41	1.6880221664905548e-06
10.42	1.6624107956886292e-06
10.43	1.6379635781049728e-06
10.44	1.6111880540847778e-06
10.45	1.583946868777275e-06
10.46	1.55717134475708e-06
10.47	1.5343539416790009e-06
10.48	1.5078112483024597e-06
10.49	1.4842953532934189e-06
10.5	1.4605466276407242e-06
10.51	1.434236764907837e-06
10.52	1.4102552086114883e-06
10.53	1.3879034668207169e-06
10.54	1.362757757306099e-06
10.55	1.3422686606645584e-06
10.56	1.3206154108047485e-06
10.57	1.301756128668785e-06
10.58	1.2808013707399368e-06
10.59	1.2614764273166656e-06
10.6	1.2388918548822403e-06
10.61	1.2174714356660843e-06
10.62	1.2011732906103134e-06
10.63	1.1820811778306961e-06
10.64	1.1650845408439636e-06
10.65	1.1459924280643463e-06
10.66	1.130392774939537e-06
10.67	1.1101365089416504e-06
10.68	1.0891817510128021e-06
10.69	1.0679941624403e-06
10.7	1.0496005415916443e-06
10.71	1.0309740900993347e-06
10.72	1.0156072676181793e-06
10.73	1.00000761449337e-06
10.74	9.85804945230484e-07
10.75	9.702052921056747e-07
10.76	9.529758244752884e-07
10.77	9.362120181322098e-07
10.78	9.208451956510544e-07
10.79	9.045470505952835e-07
10.8	8.868519216775894e-07
10.81	8.749775588512421e-07
10.82	8.600763976573944e-07
10.83	8.44709575176239e-07
10.84	8.284114301204681e-07
10.85	8.12578946352005e-07
10.86	7.997732609510422e-07
10.87	7.865019142627716e-07
10.88	7.71600753068924e-07
10.89	7.585622370243073e-07
10.9	7.455237209796906e-07
10.91	7.3225237429142e-07
10.92	7.180497050285339e-07
10.93	7.029157131910324e-07
10.94	6.908085197210312e-07
10.95	6.770715117454529e-07
10.96	6.649643182754517e-07
10.97	6.547197699546814e-07
10.98	6.449408829212189e-07
10.99	6.337650120258331e-07
11.0	6.225891411304474e-07
11.01	6.109476089477539e-07
11.02	5.997717380523682e-07
11.03	5.881302058696747e-07
11.04	5.760230123996735e-07
11.05	5.674082785844803e-07
11.06	5.566980689764023e-07
11.07	5.452893674373627e-07
11.08	5.338806658983231e-07
11.09	5.224719643592834e-07
11.1	5.122274160385132e-07
11.11	5.022156983613968e-07
11.12	4.924368113279343e-07
11.13	4.838220775127411e-07
11.14	4.759058356285095e-07
11.15	4.677567631006241e-07
11.16	4.600733518600464e-07
11.17	4.5192427933216095e-07
11.18	4.423782229423523e-07
11.19	4.3283216655254364e-07
11.2	4.2445026338100433e-07
11.21	4.183966666460037e-07
11.22	4.10713255405426e-07
11.23	4.039611667394638e-07
11.24	3.969762474298477e-07
11.25	3.8836151361465454e-07
11.26	3.788154572248459e-07
11.27	3.704335540533066e-07
11.28	3.6298297345638275e-07
11.29	3.564637154340744e-07
11.3	3.5134144127368927e-07
11.31	3.450550138950348e-07
11.32	3.390014171600342e-07
11.33	3.3248215913772583e-07
11.34	3.2712705433368683e-07
11.35	3.19676473736763e-07
11.36	3.126915544271469e-07
11.37	3.066379576921463e-07
11.38	3.005843609571457e-07
11.39	2.942979335784912e-07
11.4	2.9010698199272156e-07
11.41	2.8312206268310547e-07
11.42	2.7567148208618164e-07
11.43	2.6961788535118103e-07
11.44	2.6402994990348816e-07
11.45	2.5890767574310303e-07
11.46	2.5401823222637177e-07
11.47	2.491287887096405e-07
11.48	2.430751919746399e-07
11.49	2.3795291781425476e-07
11.5	2.3166649043560028e-07
11.51	2.2421590983867645e-07
11.52	2.1909363567829132e-07
11.53	2.1560117602348328e-07
11.54	2.1024607121944427e-07
11.55	2.062879502773285e-07
11.56	2.0326115190982819e-07
11.57	1.9976869225502014e-07
11.58	1.9511207938194275e-07
11.59	1.9068829715251923e-07
11.6	1.8649734556674957e-07
11.61	1.8114224076271057e-07
11.62	1.762527972459793e-07
11.63	1.7369166016578674e-07
11.64	1.701992005109787e-07
11.65	1.655425876379013e-07
11.66	1.618172973394394e-07
11.67	1.5599653124809265e-07
11.68	1.5320256352424622e-07
11.69	1.4901161193847656e-07
11.7	1.4505349099636078e-07
11.71	1.424923539161682e-07
11.72	1.4016404747962952e-07
11.73	1.3783574104309082e-07
11.74	1.334119588136673e-07
11.75	1.3015232980251312e-07
11.76	1.2712553143501282e-07
11.77	1.2293457984924316e-07
11.78	1.19674950838089e-07
11.79	1.1757947504520416e-07
11.8	1.1525116860866547e-07
11.81	1.1292286217212677e-07
11.82	1.1106021702289581e-07
11.83	1.0803341865539551e-07
11.84	1.0360963642597198e-07
11.85	1.0104849934577942e-07
11.86	9.825453162193298e-08
11.87	9.755603969097137e-08
11.88	9.569339454174042e-08
11.89	9.336508810520172e-08
11.9	9.173527359962463e-08
11.91	8.940696716308594e-08
11.92	8.707866072654724e-08
11.93	8.42846930027008e-08
11.94	8.195638656616211e-08
11.95	7.986091077327728e-08
11.96	7.799826562404633e-08
11.97	7.636845111846924e-08
11.98	7.473863661289215e-08
11.99	7.241033017635345e-08
12.0	7.031485438346863e-08
12.01	6.798654794692993e-08
12.02	6.612390279769897e-08
12.03	6.472691893577576e-08
12.04	6.332993507385254e-08
12.05	6.216578185558319e-08
12.06	6.100162863731384e-08
12.07	5.9138983488082886e-08
12.08	5.657784640789032e-08
12.09	5.4249539971351624e-08
12.1	5.2386894822120667e-08
12.11	5.145557224750519e-08
12.12	4.98257577419281e-08
12.13	4.819594323635101e-08
12.14	4.7031790018081665e-08
12.15	4.6100467443466187e-08
12.16	4.540197551250458e-08
12.17	4.307366907596588e-08
12.18	4.0978193283081055e-08
12.19	3.9814040064811707e-08
12.2	3.818422555923462e-08
12.21	3.702007234096527e-08
12.22	3.608874976634979e-08
12.23	3.5157427191734314e-08
12.24	3.4226104617118835e-08
12.25	3.306195139884949e-08
12.26	3.213062882423401e-08
12.27	3.119930624961853e-08
12.28	3.050081431865692e-08
12.29	2.9802322387695312e-08
12.3	2.9569491744041443e-08
12.31	2.9336661100387573e-08
12.32	2.7474015951156616e-08
12.33	2.584420144557953e-08
12.34	2.537854015827179e-08
12.35	2.3981556296348572e-08
12.36	2.2584572434425354e-08
12.37	2.2118911147117615e-08
12.38	2.1653249859809875e-08
12.39	2.1420419216156006e-08
12.4	2.0954757928848267e-08
12.41	2.0023435354232788e-08
12.42	1.909211277961731e-08
12.43	1.83936208486557e-08
12.44	1.7695128917694092e-08
12.45	1.7462298274040222e-08
12.46	1.7462298274040222e-08
12.47	1.6996636986732483e-08
12.48	1.6530975699424744e-08
12.49	1.6065314412117004e-08
12.5	1.5832483768463135e-08
12.51	1.4435499906539917e-08
12.52	1.3737007975578308e-08
12.53	1.3504177331924438e-08
12.54	1.280568540096283e-08
12.55	1.234002411365509e-08
12.56	1.1641532182693481e-08
12.57	1.1408701539039612e-08
12.58	1.0943040251731873e-08
12.59	1.0244548320770264e-08
12.6	1.0011717677116394e-08
12.61	9.546056389808655e-09
12.62	9.313225746154785e-09
12.63	9.313225746154785e-09
12.64	9.313225746154785e-09
12.65	8.847564458847046e-09
12.66	8.381903171539307e-09
12.67	8.149072527885437e-09
12.68	7.916241884231567e-09
12.69	7.683411240577698e-09
12.7	7.450580596923828e-09
12.71	6.984919309616089e-09
12.72	6.984919309616089e-09
12.73	6.752088665962219e-09
12.74	6.05359673500061e-09
12.75	5.820766091346741e-09
12.76	5.122274160385132e-09
12.77	4.6566128730773926e-09
12.78	4.423782229423523e-09
12.79	3.958120942115784e-09
12.8	3.958120942115784e-09
12.81	3.725290298461914e-09
12.82	3.725290298461914e-09
12.83	3.725290298461914e-09
12.84	3.259629011154175e-09
12.85	3.259629011154175e-09
12.86	3.259629011154175e-09
12.87	3.259629011154175e-09
12.88	3.259629011154175e-09
12.89	3.259629011154175e-09
12.9	3.026798367500305e-09
12.91	2.561137080192566e-09
12.92	2.561137080192566e-09
12.93	2.3283064365386963e-09
12.94	1.862645149230957e-09
12.95	1.862645149230957e-09
12.96	1.862645149230957e-09
12.97	1.862645149230957e-09
12.98	1.862645149230957e-09
12.99	1.6298145055770874e-09
13.0	1.6298145055770874e-09
13.01	1.6298145055770874e-09
13.02	1.3969838619232178e-09
13.03	1.3969838619232178e-09
13.04	1.3969838619232178e-09
13.05	1.3969838619232178e-09
13.06	1.3969838619232178e-09
13.07	1.3969838619232178e-09
13.08	1.3969838619232178e-09
13.09	1.1641532182693481e-09
13.1	1.1641532182693481e-09
13.11	1.1641532182693481e-09
13.12	9.313225746154785e-10
13.13	9.313225746154785e-10
13.14	6.984919309616089e-10
13.15	6.984919309616089e-10
13.16	6.984919309616089e-10
13.17	4.656612873077393e-10
13.18	4.656612873077393e-10
13.19	4.656612873077393e-10
13.2	4.656612873077393e-10
13.21	4.656612873077393e-10
13.22	4.656612873077393e-10
13.23	4.656612873077393e-10
13.24	4.656612873077393e-10
13.25	4.656612873077393e-10
13.26	4.656612873077393e-10
13.27	4.656612873077393e-10
13.28	4.656612873077393e-10
13.29	4.656612873077393e-10
13.3	4.656612873077393e-10
13.31	4.656612873077393e-10
13.32	4.656612873077393e-10
13.33	2.3283064365386963e-10
13.34	2.3283064365386963e-10
13.35	2.3283064365386963e-10
13.36	0.0
