5.52	0.000500895082950592
5.53	0.0004927255213260651
5.54	0.00048818811774253845
5.55	0.0004825703799724579
5.56	0.00047720223665237427
5.57	0.00047385692596435547
5.58	0.0004690922796726227
5.59	0.0004649423062801361
5.6	0.00046243518590927124
5.61	0.0004569441080093384
5.62	0.00045575201511383057
5.63	0.0004518255591392517
5.64	0.00044744089245796204
5.65	0.000445045530796051
5.66	0.0004405379295349121
5.67	0.0004386231303215027
5.68	0.0004326961934566498
5.69	0.0004252195358276367
5.7	0.0004214569926261902
5.71	0.00041729211807250977
5.72	0.0004110857844352722
5.73	0.00040915608406066895
5.74	0.00040145963430404663
5.75	0.00039742887020111084
5.76	0.00039516761898994446
5.77	0.0003893263638019562
5.78	0.0003872625529766083
5.79	0.00038502737879753113
5.8	0.0003812834620475769
5.81	0.00037958472967147827
5.82	0.00037651509046554565
5.83	0.00037431344389915466
5.84	0.00037163496017456055
5.85	0.0003680773079395294
5.86	0.0003646276891231537
5.87	0.00036140158772468567
5.88	0.0003560595214366913
5.89	0.00035217031836509705
5.9	0.00034564360976219177
5.91	0.00034035369753837585
5.92	0.00033563748002052307
5.93	0.0003298744559288025
5.94	0.00032638758420944214
5.95	0.00032265111804008484
5.96	0.00031792372465133667
5.97	0.00031416863203048706
5.98	0.00031157582998275757
5.99	0.00031033530831336975
6.0	0.000309038907289505
6.01	0.0003069378435611725
6.02	0.00030504539608955383
6.03	0.0003039054572582245
6.04	0.00030211731791496277
6.05	0.00029866769909858704
6.06	0.0002969391644001007
6.07	0.00029417499899864197
6.08	0.00029043108224868774
6.09	0.00028755515813827515
6.1	0.0002837441861629486
6.11	0.0002803504467010498
6.12	0.0002765581011772156
6.13	0.0002712458372116089
6.14	0.00026679784059524536
6.15	0.00026467442512512207
6.16	0.00026227161288261414
6.17	0.0002600960433483124
6.18	0.0002584382891654968
6.19	0.0002551749348640442
6.2	0.0002530403435230255
6.21	0.00025057047605514526
6.22	0.00024918094277381897
6.23	0.0002478659152984619
6.24	0.0002450086176395416
6.25	0.00024397298693656921
6.26	0.0002412758767604828
6.27	0.000238124281167984
6.28	0.00023587793111801147
6.29	0.00023121386766433716
6.3	0.00022950023412704468
6.31	0.00022630766034126282
6.32	0.00022166967391967773
6.33	0.00021911785006523132
6.34	0.00021594390273094177
6.35	0.00021389871835708618
6.36	0.00021244212985038757
6.37	0.00020965561270713806
6.38	0.00020765885710716248
6.39	0.00020638853311538696
6.4	0.00020561367273330688
6.41	0.00020452216267585754
6.42	0.00020325183868408203
6.43	0.0002008378505706787
6.44	0.0001995079219341278
6.45	0.00019789859652519226
6.46	0.00019609183073043823
6.47	0.00019350647926330566
6.48	0.00019062310457229614
6.49	0.0001874193549156189
6.5	0.00018437951803207397
6.51	0.00018168985843658447
6.52	0.00017962977290153503
6.53	0.00017686933279037476
6.54	0.00017376989126205444
6.55	0.00017224252223968506
6.56	0.00016990303993225098
6.57	0.00016818195581436157
6.58	0.00016723573207855225
6.59	0.0001654699444770813
6.6	0.00016524642705917358
6.61	0.00016450881958007812
6.62	0.00016281381249427795
6.63	0.00016207993030548096
6.64	0.00016089528799057007
6.65	0.0001591406762599945
6.66	0.00015750527381896973
6.67	0.00015613436698913574
6.68	0.00015421584248542786
6.69	0.00015264004468917847
6.7	0.0001499652862548828
6.71	0.00014787539839744568
6.72	0.00014530867338180542
6.73	0.00014197826385498047
6.74	0.00013999268412590027
6.75	0.00013821572065353394
6.76	0.00013669580221176147
6.77	0.00013569369912147522
6.78	0.0001337490975856781
6.79	0.00013264641165733337
6.8	0.0001313909888267517
6.81	0.0001307763159275055
6.82	0.00012950971722602844
6.83	0.0001290254294872284
6.84	0.00012745335698127747
6.85	0.00012623518705368042
6.86	0.00012511759996414185
6.87	0.00012309104204177856
6.88	0.00012218952178955078
6.89	0.00012009590864181519
6.9	0.00011780858039855957
6.91	0.00011656805872917175
6.92	0.00011469051241874695
6.93	0.00011388584971427917
6.94	0.00011236593127250671
6.95	0.00011046603322029114
6.96	0.0001100003719329834
6.97	0.00010897219181060791
6.98	0.00010803341865539551
6.99	0.0001072809100151062
7.0	0.00010690838098526001
7.01	0.00010597705841064453
7.02	0.0001054219901561737
7.03	0.00010401010513305664
7.04	0.00010332837700843811
7.05	0.00010264664888381958
7.06	0.00010164827108383179
7.07	9.97781753540039e-05
7.08	9.879842400550842e-05
7.09	9.70102846622467e-05
7.1	9.546428918838501e-05
7.11	9.341537952423096e-05
7.12	9.20519232749939e-05
7.13	9.112060070037842e-05
7.14	8.931383490562439e-05
7.15	8.829310536384583e-05
7.16	8.67992639541626e-05
7.17	8.576363325119019e-05
7.18	8.538365364074707e-05
7.19	8.452683687210083e-05
7.2	8.424744009971619e-05
7.21	8.38153064250946e-05
7.22	8.298829197883606e-05
7.23	8.253008127212524e-05
7.24	8.19377601146698e-05
7.25	8.120015263557434e-05
7.26	7.986649870872498e-05
7.27	7.902458310127258e-05
7.28	7.857754826545715e-05
7.29	7.782131433486938e-05
7.3	7.61672854423523e-05
7.31	7.465854287147522e-05
7.32	7.338449358940125e-05
7.33	7.25872814655304e-05
7.34	7.111206650733948e-05
7.35	7.02105462551117e-05
7.36	6.921961903572083e-05
7.37	6.89290463924408e-05
7.38	6.850063800811768e-05
7.39	6.793439388275146e-05
7.4	6.698817014694214e-05
7.41	6.65523111820221e-05
7.42	6.626918911933899e-05
7.43	6.578117609024048e-05
7.44	6.51329755783081e-05
7.45	6.428733468055725e-05
7.46	6.38328492641449e-05
7.47	6.27376139163971e-05
7.48	6.22384250164032e-05
7.49	6.13965094089508e-05
7.5	6.017833948135376e-05
7.51	5.985051393508911e-05
7.52	5.825608968734741e-05
7.53	5.741789937019348e-05
7.54	5.6918710470199585e-05
7.55	5.58607280254364e-05
7.56	5.5711716413497925e-05
7.57	5.505979061126709e-05
7.58	5.445629358291626e-05
7.59	5.387887358665466e-05
7.6	5.338340997695923e-05
7.61	5.3122639656066895e-05
7.62	5.290284752845764e-05
7.63	5.202367901802063e-05
7.64	5.159899592399597e-05
7.65	5.115196108818054e-05
7.66	5.068257451057434e-05
7.67	4.996731877326965e-05
7.68	4.8860907554626465e-05
7.69	4.807114601135254e-05
7.7	4.67933714389801e-05
7.71	4.6078115701675415e-05
7.72	4.5377761125564575e-05
7.73	4.509836435317993e-05
7.74	4.4323503971099854e-05
7.75	4.3429434299468994e-05
7.76	4.301220178604126e-05
7.77	4.252046346664429e-05
7.78	4.234910011291504e-05
7.79	4.217028617858887e-05
7.8	4.190206527709961e-05
7.81	4.178285598754883e-05
7.82	4.122406244277954e-05
7.83	4.097446799278259e-05
7.84	4.075095057487488e-05
7.85	4.025548696517944e-05
7.86	3.949180245399475e-05
7.87	3.914162516593933e-05
7.88	3.889203071594238e-05
7.89	3.826245665550232e-05
7.9	3.796815872192383e-05
7.91	3.688409924507141e-05
7.92	3.625452518463135e-05
7.93	3.5744160413742065e-05
7.94	3.493577241897583e-05
7.95	3.455206751823425e-05
7.96	3.414228558540344e-05
7.97	3.372505307197571e-05
7.98	3.3445656299591064e-05
7.99	3.2942742109298706e-05
8.0	3.2726675271987915e-05
8.01	3.233179450035095e-05
8.02	3.2141804695129395e-05
8.03	3.182142972946167e-05
8.04	3.158673644065857e-05
8.05	3.0916184186935425e-05
8.06	3.080442547798157e-05
8.07	3.0253082513809204e-05
8.08	2.9910355806350708e-05
8.09	2.9567629098892212e-05
8.1	2.880766987800598e-05
8.11	2.8479844331741333e-05
8.12	2.7820467948913574e-05
8.13	2.7336180210113525e-05
8.14	2.7060508728027344e-05
8.15	2.6553869247436523e-05
8.16	2.6300549507141113e-05
8.17	2.621486783027649e-05
8.18	2.5939196348190308e-05
8.19	2.564862370491028e-05
8.2	2.5462359189987183e-05
8.21	2.5194138288497925e-05
8.22	2.5045126676559448e-05
8.23	2.4780631065368652e-05
8.24	2.442672848701477e-05
8.25	2.4370849132537842e-05
8.26	2.4050474166870117e-05
8.27	2.389773726463318e-05
8.28	2.3048371076583862e-05
8.29	2.276897430419922e-05
8.3	2.247840166091919e-05
8.31	2.1968036890029907e-05
8.32	2.162531018257141e-05
8.33	2.123415470123291e-05
8.34	2.0965933799743652e-05
8.35	2.0701438188552856e-05
8.36	2.055242657661438e-05
8.37	2.008303999900818e-05
8.38	1.988932490348816e-05
8.39	1.9844621419906616e-05
8.4	1.965463161468506e-05
8.41	1.9591301679611206e-05
8.42	1.9416213035583496e-05
8.43	1.9177794456481934e-05
8.44	1.9066035747528076e-05
8.45	1.8790364265441895e-05
8.46	1.860782504081726e-05
8.47	1.8209218978881836e-05
8.48	1.796334981918335e-05
8.49	1.7695128917694092e-05
8.5	1.7408281564712524e-05
8.51	1.6927719116210938e-05
8.52	1.6450881958007812e-05
8.53	1.609697937965393e-05
8.54	1.590326428413391e-05
8.55	1.568719744682312e-05
8.56	1.545250415802002e-05
8.57	1.5057623386383057e-05
8.58	1.50240957736969e-05
8.59	1.49458646774292e-05
8.6	1.4878809452056885e-05
8.61	1.4685094356536865e-05
8.62	1.4591962099075317e-05
8.63	1.4591962099075317e-05
8.64	1.449882984161377e-05
8.65	1.4171004295349121e-05
8.66	1.407042145729065e-05
8.67	1.3966113328933716e-05
8.68	1.3660639524459839e-05
8.69	1.3563781976699829e-05
8.7	1.3239681720733643e-05
8.71	1.3127923011779785e-05
8.72	1.2926757335662842e-05
8.73	1.2326985597610474e-05
8.74	1.2248754501342773e-05
8.75	1.2159347534179688e-05
8.76	1.2036412954330444e-05
8.77	1.1984258890151978e-05
8.78	1.185387372970581e-05
8.79	1.171603798866272e-05
8.8	1.1552125215530396e-05
8.81	1.1444091796875e-05
8.82	1.1321157217025757e-05
8.83	1.1302530765533447e-05
8.84	1.107528805732727e-05
8.85	1.0993331670761108e-05
8.86	1.0885298252105713e-05
8.87	1.0676681995391846e-05
8.88	1.0464340448379517e-05
8.89	1.0129064321517944e-05
8.9	9.957700967788696e-06
8.91	9.659677743911743e-06
8.92	9.4585120677948e-06
8.93	9.287148714065552e-06
8.94	9.175390005111694e-06
8.95	8.996576070785522e-06
8.96	8.832663297653198e-06
8.97	8.765608072280884e-06
8.98	8.66129994392395e-06
8.99	8.66129994392395e-06
9.0	8.66129994392395e-06
9.01	8.631497621536255e-06
9.02	8.542090654373169e-06
9.03	8.359551429748535e-06
9.04	8.333474397659302e-06
9.05	8.281320333480835e-06
9.06	8.210539817810059e-06
9.07	7.953494787216187e-06
9.08	7.849186658859253e-06
9.09	7.621943950653076e-06
9.1	7.424503564834595e-06
9.11	7.372349500656128e-06
9.12	7.241964340209961e-06
9.13	7.051974534988403e-06
9.14	6.865710020065308e-06
9.15	6.686896085739136e-06
9.16	6.686896085739136e-06
9.17	6.590038537979126e-06
9.18	6.552785634994507e-06
9.19	6.455928087234497e-06
9.2	6.4373016357421875e-06
9.21	6.411224603652954e-06
9.22	6.34416937828064e-06
9.23	6.340444087982178e-06
9.24	6.295740604400635e-06
9.25	6.206333637237549e-06
9.26	6.042420864105225e-06
9.27	6.0051679611206055e-06
9.28	5.863606929779053e-06
9.29	5.826354026794434e-06
9.3	5.6996941566467285e-06
9.31	5.4836273193359375e-06
9.32	5.386769771575928e-06
9.33	5.159527063369751e-06
9.34	5.09992241859436e-06
9.35	5.04031777381897e-06
9.36	4.980713129043579e-06
9.37	4.913657903671265e-06
9.38	4.86522912979126e-06
9.39	4.813075065612793e-06
9.4	4.727393388748169e-06
9.41	4.727393388748169e-06
9.42	4.652887582778931e-06
9.43	4.630535840988159e-06
9.44	4.5299530029296875e-06
9.45	4.414469003677368e-06
9.46	4.392117261886597e-06
9.47	4.295259714126587e-06
9.48	4.239380359649658e-06
9.49	4.045665264129639e-06
9.5	3.915280103683472e-06
9.51	3.8929283618927e-06
9.52	3.829598426818848e-06
9.53	3.777444362640381e-06
9.54	3.721565008163452e-06
9.55	3.6619603633880615e-06
9.56	3.6545097827911377e-06
9.57	3.6247074604034424e-06
9.58	3.5874545574188232e-06
9.59	3.5874545574188232e-06
9.6	3.5874545574188232e-06
9.61	3.5651028156280518e-06
9.62	3.553926944732666e-06
9.63	3.4794211387634277e-06
9.64	3.4570693969726562e-06
9.65	3.427267074584961e-06
9.66	3.4011900424957275e-06
9.67	3.3080577850341797e-06
9.68	3.2335519790649414e-06
9.69	3.1739473342895508e-06
9.7	3.0472874641418457e-06
9.71	2.983957529067993e-06
9.72	2.898275852203369e-06
9.73	2.823770046234131e-06
9.74	2.779066562652588e-06
9.75	2.693384885787964e-06
9.76	2.6747584342956543e-06
9.77	2.6300549507141113e-06
9.78	2.5704503059387207e-06
9.79	2.5704503059387207e-06
9.8	2.555549144744873e-06
9.81	2.5406479835510254e-06
9.82	2.518296241760254e-06
9.83	2.51084566116333e-06
9.84	2.4884939193725586e-06
9.85	2.462416887283325e-06
9.86	2.343207597732544e-06
9.87	2.343207597732544e-06
9.88	2.343207597732544e-06
9.89	2.3283064365386963e-06
9.9	2.253800630569458e-06
9.91	2.1457672119140625e-06
9.92	2.1420419216156006e-06
9.93	2.089887857437134e-06
9.94	2.045184373855591e-06
9.95	1.993030309677124e-06
9.96	1.993030309677124e-06
9.97	1.989305019378662e-06
9.98	1.9818544387817383e-06
9.99	1.952052116394043e-06
10.0	1.903623342514038e-06
10.01	1.8887221813201904e-06
10.02	1.8738210201263428e-06
10.03	1.8253922462463379e-06
10.04	1.8253922462463379e-06
10.05	1.776963472366333e-06
10.06	1.7695128917694092e-06
10.07	1.7099082469940186e-06
10.08	1.6652047634124756e-06
10.09	1.6242265701293945e-06
10.1	1.5869736671447754e-06
10.11	1.5869736671447754e-06
10.12	1.5422701835632324e-06
10.13	1.516193151473999e-06
10.14	1.5012919902801514e-06
10.15	1.4640390872955322e-06
10.16	1.4640390872955322e-06
10.17	1.4416873455047607e-06
10.18	1.434236764907837e-06
10.19	1.4193356037139893e-06
10.2	1.4193356037139893e-06
10.21	1.4193356037139893e-06
10.22	1.4118850231170654e-06
10.23	1.3671815395355225e-06
10.24	1.3522803783416748e-06
10.25	1.344829797744751e-06
10.26	1.3373792171478271e-06
10.27	1.3150274753570557e-06
10.28	1.2367963790893555e-06
10.29	1.2367963790893555e-06
10.3	1.1473894119262695e-06
10.31	1.12876296043396e-06
10.32	1.1064112186431885e-06
10.33	1.0728836059570312e-06
10.34	1.0728836059570312e-06
10.35	1.0207295417785645e-06
10.36	9.909272193908691e-07
10.37	9.909272193908691e-07
10.38	9.834766387939453e-07
10.39	9.834766387939453e-07
10.4	9.685754776000977e-07
10.41	9.57399606704712e-07
10.42	9.5367431640625e-07
10.43	9.462237358093262e-07
10.44	9.462237358093262e-07
10.45	9.313225746154785e-07
10.46	8.940696716308594e-07
10.47	8.940696716308594e-07
10.48	8.940696716308594e-07
10.49	8.940696716308594e-07
10.5	8.940696716308594e-07
10.51	8.419156074523926e-07
10.52	8.270144462585449e-07
10.53	7.972121238708496e-07
10.54	7.934868335723877e-07
10.55	7.7858567237854e-07
10.56	7.711350917816162e-07
10.57	7.562339305877686e-07
10.58	7.413327693939209e-07
10.59	7.301568984985352e-07
10.6	7.227063179016113e-07
10.61	7.003545761108398e-07
10.62	7.003545761108398e-07
10.63	6.854534149169922e-07
10.64	6.817281246185303e-07
10.65	6.51925802230835e-07
10.66	6.444752216339111e-07
10.67	6.146728992462158e-07
10.68	6.07222318649292e-07
10.69	5.923211574554443e-07
10.7	5.699694156646729e-07
10.71	5.62518835067749e-07
10.72	5.327165126800537e-07
10.73	5.289912223815918e-07
10.74	5.140900611877441e-07
10.75	5.140900611877441e-07
10.76	5.140900611877441e-07
10.77	5.140900611877441e-07
10.78	5.140900611877441e-07
10.79	5.066394805908203e-07
10.8	5.066394805908203e-07
10.81	5.066394805908203e-07
10.82	5.066394805908203e-07
10.83	4.954636096954346e-07
10.84	4.880130290985107e-07
10.85	4.880130290985107e-07
10.86	4.880130290985107e-07
10.87	4.880130290985107e-07
10.88	4.3958425521850586e-07
10.89	4.3958425521850586e-07
10.9	4.246830940246582e-07
10.91	3.948807716369629e-07
10.92	3.948807716369629e-07
10.93	3.688037395477295e-07
10.94	3.688037395477295e-07
10.95	3.5390257835388184e-07
10.96	3.3527612686157227e-07
10.97	3.3527612686157227e-07
10.98	3.2782554626464844e-07
10.99	3.2782554626464844e-07
11.0	3.203749656677246e-07
11.01	3.166496753692627e-07
11.02	3.166496753692627e-07
11.03	3.0919909477233887e-07
11.04	3.0919909477233887e-07
11.05	3.0174851417541504e-07
11.06	2.942979335784912e-07
11.07	2.7939677238464355e-07
11.08	2.7939677238464355e-07
11.09	2.7939677238464355e-07
11.1	2.7939677238464355e-07
11.11	2.5704503059387207e-07
11.12	2.5704503059387207e-07
11.13	2.421438694000244e-07
11.14	2.3469328880310059e-07
11.15	2.3469328880310059e-07
11.16	2.2351741790771484e-07
11.17	2.2351741790771484e-07
11.18	2.2351741790771484e-07
11.19	2.2351741790771484e-07
11.2	2.2351741790771484e-07
11.21	2.123415470123291e-07
11.22	2.123415470123291e-07
11.23	2.123415470123291e-07
11.24	2.0116567611694336e-07
11.25	2.0116567611694336e-07
11.26	1.9744038581848145e-07
11.27	1.9744038581848145e-07
11.28	1.825392246246338e-07
11.29	1.7136335372924805e-07
11.3	1.6763806343078613e-07
11.31	1.6763806343078613e-07
11.32	1.6763806343078613e-07
11.33	1.5273690223693848e-07
11.34	1.5273690223693848e-07
11.35	1.5273690223693848e-07
11.36	1.5273690223693848e-07
11.37	1.5273690223693848e-07
11.38	1.5273690223693848e-07
11.39	1.5273690223693848e-07
11.4	1.5273690223693848e-07
11.41	1.5273690223693848e-07
11.42	1.5273690223693848e-07
11.43	1.5273690223693848e-07
11.44	1.4528632164001465e-07
11.45	1.4528632164001465e-07
11.46	1.4528632164001465e-07
11.47	1.4528632164001465e-07
11.48	1.3783574104309082e-07
11.49	1.1548399925231934e-07
11.5	1.1548399925231934e-07
11.51	1.0058283805847168e-07
11.52	1.0058283805847168e-07
11.53	9.313225746154785e-08
11.54	8.568167686462402e-08
11.55	8.568167686462402e-08
11.56	7.82310962677002e-08
11.57	7.82310962677002e-08
11.58	7.450580596923828e-08
11.59	7.450580596923828e-08
11.6	7.450580596923828e-08
11.61	7.450580596923828e-08
11.62	7.450580596923828e-08
11.63	7.078051567077637e-08
11.64	7.078051567077637e-08
11.65	7.078051567077637e-08
11.66	7.078051567077637e-08
11.67	6.332993507385254e-08
11.68	6.332993507385254e-08
11.69	6.332993507385254e-08
11.7	6.332993507385254e-08
11.71	6.332993507385254e-08
11.72	5.587935447692871e-08
11.73	5.587935447692871e-08
11.74	5.587935447692871e-08
11.75	5.587935447692871e-08
11.76	5.587935447692871e-08
11.77	5.587935447692871e-08
11.78	5.587935447692871e-08
11.79	5.587935447692871e-08
11.8	5.587935447692871e-08
11.81	5.587935447692871e-08
11.82	5.587935447692871e-08
11.83	5.587935447692871e-08
11.84	5.587935447692871e-08
11.85	5.587935447692871e-08
11.86	4.842877388000488e-08
11.87	4.842877388000488e-08
11.88	4.0978193283081055e-08
11.89	4.0978193283081055e-08
11.9	4.0978193283081055e-08
11.91	3.3527612686157227e-08
11.92	3.3527612686157227e-08
11.93	2.60770320892334e-08
11.94	2.60770320892334e-08
11.95	2.60770320892334e-08
11.96	2.60770320892334e-08
11.97	2.60770320892334e-08
11.98	2.60770320892334e-08
11.99	2.60770320892334e-08
12.0	2.60770320892334e-08
12.01	2.60770320892334e-08
12.02	2.60770320892334e-08
12.03	2.60770320892334e-08
12.04	2.2351741790771484e-08
12.05	2.2351741790771484e-08
12.06	2.2351741790771484e-08
12.07	2.2351741790771484e-08
12.08	2.2351741790771484e-08
12.09	1.1175870895385742e-08
12.1	1.1175870895385742e-08
12.11	1.1175870895385742e-08
12.12	1.1175870895385742e-08
12.13	1.1175870895385742e-08
12.14	7.450580596923828e-09
12.15	7.450580596923828e-09
12.16	7.450580596923828e-09
12.17	7.450580596923828e-09
12.18	7.450580596923828e-09
12.19	7.450580596923828e-09
12.2	7.450580596923828e-09
12.21	7.450580596923828e-09
12.22	7.450580596923828e-09
12.23	7.450580596923828e-09
12.24	7.450580596923828e-09
12.25	7.450580596923828e-09
12.26	7.450580596923828e-09
12.27	7.450580596923828e-09
12.28	7.450580596923828e-09
12.29	7.450580596923828e-09
12.3	7.450580596923828e-09
12.31	7.450580596923828e-09
12.32	7.450580596923828e-09
12.33	7.450580596923828e-09
12.34	7.450580596923828e-09
12.35	7.450580596923828e-09
12.36	7.450580596923828e-09
12.37	7.450580596923828e-09
12.38	7.450580596923828e-09
12.39	7.450580596923828e-09
12.4	7.450580596923828e-09
12.41	7.450580596923828e-09
12.42	7.450580596923828e-09
12.43	7.450580596923828e-09
12.44	7.450580596923828e-09
12.45	7.450580596923828e-09
12.46	3.725290298461914e-09
12.47	3.725290298461914e-09
12.48	3.725290298461914e-09
12.49	3.725290298461914e-09
12.5	3.725290298461914e-09
