6.39	0.000518798828125
6.4	0.00048828125
6.41	0.00048828125
6.42	0.00048828125
6.43	0.00048828125
6.44	0.0004730224609375
6.45	0.0004730224609375
6.46	0.0004730224609375
6.47	0.000457763671875
6.48	0.000457763671875
6.49	0.000457763671875
6.5	0.000457763671875
6.51	0.0004425048828125
6.52	0.0004425048828125
6.53	0.0004425048828125
6.54	0.0004425048828125
6.55	0.0004425048828125
6.56	0.00042724609375
6.57	0.0004119873046875
6.58	0.0004119873046875
6.59	0.0004119873046875
6.6	0.000396728515625
6.61	0.000396728515625
6.62	0.000396728515625
6.63	0.000396728515625
6.64	0.0003814697265625
6.65	0.0003814697265625
6.66	0.0003814697265625
6.67	0.0003814697265625
6.68	0.0003662109375
6.69	0.0003509521484375
6.7	0.0003509521484375
6.71	0.0003509521484375
6.72	0.0003509521484375
6.73	0.0003204345703125
6.74	0.0003204345703125
6.75	0.0003204345703125
6.76	0.0003204345703125
6.77	0.00030517578125
6.78	0.0002899169921875
6.79	0.0002899169921875
6.8	0.0002899169921875
6.81	0.0002899169921875
6.82	0.0002899169921875
6.83	0.0002899169921875
6.84	0.0002899169921875
6.85	0.0002899169921875
6.86	0.000274658203125
6.87	0.000274658203125
6.88	0.000274658203125
6.89	0.000274658203125
6.9	0.0002593994140625
6.91	0.0002593994140625
6.92	0.0002593994140625
6.93	0.0002593994140625
6.94	0.0002593994140625
6.95	0.000244140625
6.96	0.000244140625
6.97	0.000244140625
6.98	0.000244140625
6.99	0.000244140625
7.0	0.000244140625
7.01	0.000244140625
7.02	0.0002288818359375
7.03	0.0002288818359375
7.04	0.0002288818359375
7.05	0.0002288818359375
7.06	0.0002288818359375
7.07	0.0002288818359375
7.08	0.0002288818359375
7.09	0.0002288818359375
7.1	0.0002288818359375
7.11	0.000213623046875
7.12	0.000213623046875
7.13	0.000213623046875
7.14	0.000213623046875
7.15	0.000213623046875
7.16	0.000213623046875
7.17	0.000213623046875
7.18	0.000213623046875
7.19	0.0001983642578125
7.2	0.00018310546875
7.21	0.00018310546875
7.22	0.00018310546875
7.23	0.00018310546875
7.24	0.0001678466796875
7.25	0.0001678466796875
7.26	0.0001678466796875
7.27	0.0001678466796875
7.28	0.000152587890625
7.29	0.000152587890625
7.3	0.000152587890625
7.31	0.000152587890625
7.32	0.000152587890625
7.33	0.000152587890625
7.34	0.000152587890625
7.35	0.000152587890625
7.36	0.000152587890625
7.37	0.0001373291015625
7.38	0.0001373291015625
7.39	0.0001373291015625
7.4	0.0001373291015625
7.41	0.0001220703125
7.42	0.0001220703125
7.43	0.0001220703125
7.44	0.0001220703125
7.45	0.0001220703125
7.46	0.0001220703125
7.47	0.0001220703125
7.48	0.0001220703125
7.49	0.0001220703125
7.5	0.0001220703125
7.51	0.0001220703125
7.52	0.0001220703125
7.53	0.0001068115234375
7.54	0.0001068115234375
7.55	0.0001068115234375
7.56	0.0001068115234375
7.57	9.1552734375e-05
7.58	9.1552734375e-05
7.59	9.1552734375e-05
7.6	9.1552734375e-05
7.61	9.1552734375e-05
7.62	9.1552734375e-05
7.63	9.1552734375e-05
7.64	9.1552734375e-05
7.65	9.1552734375e-05
7.66	9.1552734375e-05
7.67	9.1552734375e-05
7.68	9.1552734375e-05
7.69	9.1552734375e-05
7.7	7.62939453125e-05
7.71	7.62939453125e-05
7.72	7.62939453125e-05
7.73	7.62939453125e-05
7.74	6.103515625e-05
7.75	4.57763671875e-05
7.76	4.57763671875e-05
7.77	4.57763671875e-05
7.78	4.57763671875e-05
7.79	4.57763671875e-05
7.8	4.57763671875e-05
7.81	4.57763671875e-05
7.82	4.57763671875e-05
7.83	4.57763671875e-05
7.84	4.57763671875e-05
7.85	4.57763671875e-05
7.86	4.57763671875e-05
7.87	4.57763671875e-05
7.88	4.57763671875e-05
7.89	4.57763671875e-05
7.9	4.57763671875e-05
7.91	4.57763671875e-05
7.92	3.0517578125e-05
7.93	3.0517578125e-05
7.94	3.0517578125e-05
7.95	3.0517578125e-05
7.96	3.0517578125e-05
7.97	3.0517578125e-05
7.98	3.0517578125e-05
7.99	3.0517578125e-05
8.0	3.0517578125e-05
8.01	3.0517578125e-05
8.02	3.0517578125e-05
8.03	3.0517578125e-05
8.04	3.0517578125e-05
8.05	3.0517578125e-05
8.06	3.0517578125e-05
8.07	3.0517578125e-05
8.08	1.52587890625e-05
8.09	1.52587890625e-05
8.1	1.52587890625e-05
8.11	1.52587890625e-05
8.12	1.52587890625e-05
8.13	1.52587890625e-05
8.14	1.52587890625e-05
8.15	1.52587890625e-05
8.16	1.52587890625e-05
8.17	1.52587890625e-05
8.18	1.52587890625e-05
8.19	1.52587890625e-05
8.2	1.52587890625e-05
8.21	1.52587890625e-05
8.22	1.52587890625e-05
8.23	1.52587890625e-05
8.24	1.52587890625e-05
8.25	0.0
