5.56	0.0005092620849609375
5.57	0.0004901885986328125
5.58	0.0004901885986328125
5.59	0.0004892349243164062
5.6	0.00047969818115234375
5.61	0.00047969818115234375
5.62	0.00047779083251953125
5.63	0.00047779083251953125
5.64	0.0004749298095703125
5.65	0.0004673004150390625
5.66	0.00046539306640625
5.67	0.00046539306640625
5.68	0.00046443939208984375
5.69	0.0004596710205078125
5.7	0.000457763671875
5.71	0.000457763671875
5.72	0.0004558563232421875
5.73	0.0004425048828125
5.74	0.0004405975341796875
5.75	0.0004405975341796875
5.76	0.00043487548828125
5.77	0.00043487548828125
5.78	0.0004329681396484375
5.79	0.0004291534423828125
5.8	0.0004177093505859375
5.81	0.00041484832763671875
5.82	0.0004138946533203125
5.83	0.0003910064697265625
5.84	0.0003910064697265625
5.85	0.00039005279541015625
5.86	0.00037860870361328125
5.87	0.00037860870361328125
5.88	0.000377655029296875
5.89	0.00037384033203125
5.9	0.0003566741943359375
5.91	0.00035190582275390625
5.92	0.00034999847412109375
5.93	0.00034236907958984375
5.94	0.0003414154052734375
5.95	0.000339508056640625
5.96	0.000339508056640625
5.97	0.00033855438232421875
5.98	0.00033855438232421875
5.99	0.00033092498779296875
6.0	0.00032806396484375
6.01	0.00032520294189453125
6.02	0.000324249267578125
6.03	0.0003223419189453125
6.04	0.0003223419189453125
6.05	0.0003223419189453125
6.06	0.00032138824462890625
6.07	0.00031948089599609375
6.08	0.00031948089599609375
6.09	0.00031566619873046875
6.1	0.00031375885009765625
6.11	0.0003108978271484375
6.12	0.000308990478515625
6.13	0.000308990478515625
6.14	0.000308990478515625
6.15	0.0003070831298828125
6.16	0.00030517578125
6.17	0.00030517578125
6.18	0.00029277801513671875
6.19	0.00029087066650390625
6.2	0.00029087066650390625
6.21	0.00028514862060546875
6.22	0.00028514862060546875
6.23	0.0002841949462890625
6.24	0.00028228759765625
6.25	0.0002803802490234375
6.26	0.00027751922607421875
6.27	0.0002727508544921875
6.28	0.00025081634521484375
6.29	0.00025081634521484375
6.3	0.00025081634521484375
6.31	0.00024318695068359375
6.32	0.00024318695068359375
6.33	0.00024127960205078125
6.34	0.000240325927734375
6.35	0.0002384185791015625
6.36	0.00023651123046875
6.37	0.00022983551025390625
6.38	0.00022792816162109375
6.39	0.00022792816162109375
6.4	0.00022792816162109375
6.41	0.0002269744873046875
6.42	0.00022602081298828125
6.43	0.00022602081298828125
6.44	0.00021457672119140625
6.45	0.00021266937255859375
6.46	0.00021266937255859375
6.47	0.00020694732666015625
6.48	0.00020694732666015625
6.49	0.00020599365234375
6.5	0.0002040863037109375
6.51	0.0002040863037109375
6.52	0.00020122528076171875
6.53	0.0002002716064453125
6.54	0.000179290771484375
6.55	0.000179290771484375
6.56	0.00017833709716796875
6.57	0.00017070770263671875
6.58	0.00017070770263671875
6.59	0.00016880035400390625
6.6	0.00016498565673828125
6.61	0.00016498565673828125
6.62	0.00016498565673828125
6.63	0.00015926361083984375
6.64	0.00015926361083984375
6.65	0.00015926361083984375
6.66	0.000156402587890625
6.67	0.000156402587890625
6.68	0.000156402587890625
6.69	0.000156402587890625
6.7	0.0001506805419921875
6.71	0.0001506805419921875
6.72	0.00014972686767578125
6.73	0.00014972686767578125
6.74	0.00014972686767578125
6.75	0.00014972686767578125
6.76	0.00014781951904296875
6.77	0.0001468658447265625
6.78	0.0001468658447265625
6.79	0.0001468658447265625
6.8	0.0001468658447265625
6.81	0.00014591217041015625
6.82	0.0001430511474609375
6.83	0.0001430511474609375
6.84	0.0001430511474609375
6.85	0.0001430511474609375
6.86	0.0001430511474609375
6.87	0.00014019012451171875
6.88	0.00014019012451171875
6.89	0.00013828277587890625
6.9	0.0001354217529296875
6.91	0.0001354217529296875
6.92	0.00013256072998046875
6.93	0.00013256072998046875
6.94	0.00013256072998046875
6.95	0.00013256072998046875
6.96	0.00013256072998046875
6.97	0.00013065338134765625
6.98	0.00012969970703125
6.99	0.00012111663818359375
7.0	0.00012111663818359375
7.01	0.00012111663818359375
7.02	0.00011920928955078125
7.03	0.00011920928955078125
7.04	0.00011920928955078125
7.05	0.00011920928955078125
7.06	0.00011920928955078125
7.07	0.000118255615234375
7.08	0.00011539459228515625
7.09	0.00010776519775390625
7.1	0.00010776519775390625
7.11	0.00010776519775390625
7.12	0.00010776519775390625
7.13	0.0001068115234375
7.14	0.0001068115234375
7.15	0.0001068115234375
7.16	0.0001049041748046875
7.17	0.0001049041748046875
7.18	0.000102996826171875
7.19	0.000102996826171875
7.2	0.00010204315185546875
7.21	0.00010204315185546875
7.22	0.00010204315185546875
7.23	0.00010013580322265625
7.24	0.00010013580322265625
7.25	9.632110595703125e-05
7.26	9.632110595703125e-05
7.27	9.632110595703125e-05
7.28	9.632110595703125e-05
7.29	9.632110595703125e-05
7.3	9.441375732421875e-05
7.31	9.250640869140625e-05
7.32	9.1552734375e-05
7.33	9.1552734375e-05
7.34	8.7738037109375e-05
7.35	8.487701416015625e-05
7.36	8.487701416015625e-05
7.37	8.392333984375e-05
7.38	8.392333984375e-05
7.39	8.392333984375e-05
7.4	8.392333984375e-05
7.41	8.20159912109375e-05
7.42	8.0108642578125e-05
7.43	7.915496826171875e-05
7.44	7.915496826171875e-05
7.45	7.724761962890625e-05
7.46	7.724761962890625e-05
7.47	7.534027099609375e-05
7.48	7.534027099609375e-05
7.49	7.534027099609375e-05
7.5	7.534027099609375e-05
7.51	7.534027099609375e-05
7.52	7.534027099609375e-05
7.53	7.343292236328125e-05
7.54	7.343292236328125e-05
7.55	7.343292236328125e-05
7.56	7.343292236328125e-05
7.57	7.343292236328125e-05
7.58	7.2479248046875e-05
7.59	7.2479248046875e-05
7.6	7.2479248046875e-05
7.61	7.152557373046875e-05
7.62	7.152557373046875e-05
7.63	7.05718994140625e-05
7.64	7.05718994140625e-05
7.65	7.05718994140625e-05
7.66	7.05718994140625e-05
7.67	7.05718994140625e-05
7.68	6.866455078125e-05
7.69	6.866455078125e-05
7.7	6.4849853515625e-05
7.71	6.389617919921875e-05
7.72	6.389617919921875e-05
7.73	6.198883056640625e-05
7.74	6.198883056640625e-05
7.75	6.198883056640625e-05
7.76	6.198883056640625e-05
7.77	6.103515625e-05
7.78	6.103515625e-05
7.79	6.103515625e-05
7.8	5.7220458984375e-05
7.81	5.7220458984375e-05
7.82	5.7220458984375e-05
7.83	5.7220458984375e-05
7.84	5.626678466796875e-05
7.85	5.626678466796875e-05
7.86	5.53131103515625e-05
7.87	5.340576171875e-05
7.88	5.340576171875e-05
7.89	5.340576171875e-05
7.9	5.340576171875e-05
7.91	5.340576171875e-05
7.92	5.340576171875e-05
7.93	5.340576171875e-05
7.94	5.14984130859375e-05
7.95	5.14984130859375e-05
7.96	4.76837158203125e-05
7.97	4.673004150390625e-05
7.98	4.673004150390625e-05
7.99	4.673004150390625e-05
8.0	4.673004150390625e-05
8.01	4.673004150390625e-05
8.02	4.673004150390625e-05
8.03	4.57763671875e-05
8.04	4.57763671875e-05
8.05	4.57763671875e-05
8.06	4.1961669921875e-05
8.07	4.1961669921875e-05
8.08	4.1961669921875e-05
8.09	4.1961669921875e-05
8.1	4.1961669921875e-05
8.11	4.1961669921875e-05
8.12	4.1961669921875e-05
8.13	4.00543212890625e-05
8.14	4.00543212890625e-05
8.15	4.00543212890625e-05
8.16	3.910064697265625e-05
8.17	3.910064697265625e-05
8.18	3.910064697265625e-05
8.19	3.910064697265625e-05
8.2	3.910064697265625e-05
8.21	3.910064697265625e-05
8.22	3.910064697265625e-05
8.23	3.910064697265625e-05
8.24	3.814697265625e-05
8.25	3.814697265625e-05
8.26	3.62396240234375e-05
8.27	3.62396240234375e-05
8.28	3.62396240234375e-05
8.29	3.62396240234375e-05
8.3	3.62396240234375e-05
8.31	3.62396240234375e-05
8.32	3.62396240234375e-05
8.33	3.528594970703125e-05
8.34	3.337860107421875e-05
8.35	3.337860107421875e-05
8.36	3.337860107421875e-05
8.37	3.337860107421875e-05
8.38	3.337860107421875e-05
8.39	3.337860107421875e-05
8.4	3.337860107421875e-05
8.41	3.337860107421875e-05
8.42	3.147125244140625e-05
8.43	2.956390380859375e-05
8.44	2.956390380859375e-05
8.45	2.956390380859375e-05
8.46	2.956390380859375e-05
8.47	2.956390380859375e-05
8.48	2.956390380859375e-05
8.49	2.956390380859375e-05
8.5	2.86102294921875e-05
8.51	2.86102294921875e-05
8.52	2.47955322265625e-05
8.53	2.47955322265625e-05
8.54	2.47955322265625e-05
8.55	2.47955322265625e-05
8.56	2.47955322265625e-05
8.57	2.47955322265625e-05
8.58	2.47955322265625e-05
8.59	2.47955322265625e-05
8.6	2.288818359375e-05
8.61	2.288818359375e-05
8.62	2.288818359375e-05
8.63	2.288818359375e-05
8.64	2.288818359375e-05
8.65	2.288818359375e-05
8.66	2.288818359375e-05
8.67	2.288818359375e-05
8.68	2.193450927734375e-05
8.69	2.193450927734375e-05
8.7	2.193450927734375e-05
8.71	2.193450927734375e-05
8.72	2.193450927734375e-05
8.73	2.193450927734375e-05
8.74	2.193450927734375e-05
8.75	2.193450927734375e-05
8.76	2.09808349609375e-05
8.77	1.9073486328125e-05
8.78	1.9073486328125e-05
8.79	1.9073486328125e-05
8.8	1.9073486328125e-05
8.81	1.9073486328125e-05
8.82	1.9073486328125e-05
8.83	1.9073486328125e-05
8.84	1.9073486328125e-05
8.85	1.9073486328125e-05
8.86	1.71661376953125e-05
8.87	1.71661376953125e-05
8.88	1.71661376953125e-05
8.89	1.71661376953125e-05
8.9	1.71661376953125e-05
8.91	1.71661376953125e-05
8.92	1.71661376953125e-05
8.93	1.71661376953125e-05
8.94	1.71661376953125e-05
8.95	1.71661376953125e-05
8.96	1.71661376953125e-05
8.97	1.71661376953125e-05
8.98	1.71661376953125e-05
8.99	1.71661376953125e-05
9.0	1.71661376953125e-05
9.01	1.71661376953125e-05
9.02	1.71661376953125e-05
9.03	1.71661376953125e-05
9.04	1.621246337890625e-05
9.05	1.621246337890625e-05
9.06	1.621246337890625e-05
9.07	1.621246337890625e-05
9.08	1.621246337890625e-05
9.09	1.621246337890625e-05
9.1	1.621246337890625e-05
9.11	1.621246337890625e-05
9.12	1.621246337890625e-05
9.13	1.621246337890625e-05
9.14	1.33514404296875e-05
9.15	1.33514404296875e-05
9.16	1.33514404296875e-05
9.17	1.33514404296875e-05
9.18	1.33514404296875e-05
9.19	1.33514404296875e-05
9.2	1.33514404296875e-05
9.21	1.33514404296875e-05
9.22	1.33514404296875e-05
9.23	1.33514404296875e-05
9.24	1.1444091796875e-05
9.25	1.1444091796875e-05
9.26	1.1444091796875e-05
9.27	1.1444091796875e-05
9.28	1.1444091796875e-05
9.29	1.1444091796875e-05
9.3	1.1444091796875e-05
9.31	1.1444091796875e-05
9.32	1.1444091796875e-05
9.33	1.1444091796875e-05
9.34	1.1444091796875e-05
9.35	1.1444091796875e-05
9.36	1.1444091796875e-05
9.37	1.1444091796875e-05
9.38	1.1444091796875e-05
9.39	1.1444091796875e-05
9.4	1.049041748046875e-05
9.41	1.049041748046875e-05
9.42	1.049041748046875e-05
9.43	1.049041748046875e-05
9.44	1.049041748046875e-05
9.45	1.049041748046875e-05
9.46	1.049041748046875e-05
9.47	9.5367431640625e-06
9.48	9.5367431640625e-06
9.49	9.5367431640625e-06
9.5	7.62939453125e-06
9.51	7.62939453125e-06
9.52	7.62939453125e-06
9.53	7.62939453125e-06
9.54	7.62939453125e-06
9.55	7.62939453125e-06
9.56	7.62939453125e-06
9.57	5.7220458984375e-06
9.58	5.7220458984375e-06
9.59	5.7220458984375e-06
9.6	5.7220458984375e-06
9.61	5.7220458984375e-06
9.62	5.7220458984375e-06
9.63	5.7220458984375e-06
9.64	5.7220458984375e-06
9.65	5.7220458984375e-06
9.66	5.7220458984375e-06
9.67	5.7220458984375e-06
9.68	5.7220458984375e-06
9.69	5.7220458984375e-06
9.7	5.7220458984375e-06
9.71	5.7220458984375e-06
9.72	5.7220458984375e-06
9.73	5.7220458984375e-06
9.74	5.7220458984375e-06
9.75	5.7220458984375e-06
9.76	5.7220458984375e-06
9.77	5.7220458984375e-06
9.78	5.7220458984375e-06
9.79	5.7220458984375e-06
9.8	5.7220458984375e-06
9.81	5.7220458984375e-06
9.82	5.7220458984375e-06
9.83	5.7220458984375e-06
9.84	5.7220458984375e-06
9.85	4.76837158203125e-06
9.86	4.76837158203125e-06
9.87	4.76837158203125e-06
9.88	4.76837158203125e-06
9.89	4.76837158203125e-06
9.9	4.76837158203125e-06
9.91	4.76837158203125e-06
9.92	4.76837158203125e-06
9.93	4.76837158203125e-06
9.94	4.76837158203125e-06
9.95	2.86102294921875e-06
9.96	2.86102294921875e-06
9.97	2.86102294921875e-06
9.98	2.86102294921875e-06
9.99	2.86102294921875e-06
10.0	2.86102294921875e-06
10.01	2.86102294921875e-06
10.02	2.86102294921875e-06
10.03	2.86102294921875e-06
10.04	2.86102294921875e-06
10.05	2.86102294921875e-06
10.06	2.86102294921875e-06
10.07	2.86102294921875e-06
10.08	2.86102294921875e-06
10.09	2.86102294921875e-06
10.1	2.86102294921875e-06
10.11	1.9073486328125e-06
10.12	1.9073486328125e-06
10.13	1.9073486328125e-06
10.14	1.9073486328125e-06
10.15	1.9073486328125e-06
10.16	1.9073486328125e-06
10.17	1.9073486328125e-06
10.18	1.9073486328125e-06
10.19	1.9073486328125e-06
10.2	1.9073486328125e-06
10.21	0.0
