5.59	0.000507354736328125
5.6	0.000499725341796875
5.61	0.00049591064453125
5.62	0.000492095947265625
5.63	0.000492095947265625
5.64	0.00048828125
5.65	0.00048828125
5.66	0.000484466552734375
5.67	0.00048065185546875
5.68	0.00046539306640625
5.69	0.000461578369140625
5.7	0.000461578369140625
5.71	0.000461578369140625
5.72	0.000453948974609375
5.73	0.00045013427734375
5.74	0.000446319580078125
5.75	0.000446319580078125
5.76	0.00043487548828125
5.77	0.000431060791015625
5.78	0.00042724609375
5.79	0.000423431396484375
5.8	0.00041961669921875
5.81	0.000415802001953125
5.82	0.000415802001953125
5.83	0.0004119873046875
5.84	0.0004119873046875
5.85	0.000408172607421875
5.86	0.000408172607421875
5.87	0.000408172607421875
5.88	0.000408172607421875
5.89	0.000408172607421875
5.9	0.000400543212890625
5.91	0.000396728515625
5.92	0.000392913818359375
5.93	0.00038909912109375
5.94	0.0003814697265625
5.95	0.00037384033203125
5.96	0.000370025634765625
5.97	0.000370025634765625
5.98	0.000370025634765625
5.99	0.00035858154296875
6.0	0.000354766845703125
6.01	0.0003509521484375
6.02	0.00034332275390625
6.03	0.000335693359375
6.04	0.000335693359375
6.05	0.000335693359375
6.06	0.000335693359375
6.07	0.00032806396484375
6.08	0.00032806396484375
6.09	0.00032806396484375
6.1	0.00032806396484375
6.11	0.000324249267578125
6.12	0.000324249267578125
6.13	0.0003204345703125
6.14	0.0003204345703125
6.15	0.0003204345703125
6.16	0.0003204345703125
6.17	0.000316619873046875
6.18	0.000316619873046875
6.19	0.000308990478515625
6.2	0.000308990478515625
6.21	0.00029754638671875
6.22	0.000293731689453125
6.23	0.000293731689453125
6.24	0.000293731689453125
6.25	0.0002899169921875
6.26	0.0002899169921875
6.27	0.000286102294921875
6.28	0.000286102294921875
6.29	0.000286102294921875
6.3	0.00028228759765625
6.31	0.00028228759765625
6.32	0.00028228759765625
6.33	0.00028228759765625
6.34	0.000274658203125
6.35	0.000274658203125
6.36	0.000270843505859375
6.37	0.000270843505859375
6.38	0.00026702880859375
6.39	0.00026702880859375
6.4	0.00026702880859375
6.41	0.000263214111328125
6.42	0.000255584716796875
6.43	0.000244140625
6.44	0.000240325927734375
6.45	0.000240325927734375
6.46	0.000240325927734375
6.47	0.000232696533203125
6.48	0.000232696533203125
6.49	0.000232696533203125
6.5	0.000232696533203125
6.51	0.000225067138671875
6.52	0.000225067138671875
6.53	0.000225067138671875
6.54	0.000225067138671875
6.55	0.000225067138671875
6.56	0.000225067138671875
6.57	0.000225067138671875
6.58	0.000225067138671875
6.59	0.000225067138671875
6.6	0.00022125244140625
6.61	0.000217437744140625
6.62	0.000217437744140625
6.63	0.000217437744140625
6.64	0.000217437744140625
6.65	0.000217437744140625
6.66	0.000217437744140625
6.67	0.000213623046875
6.68	0.000209808349609375
6.69	0.000202178955078125
6.7	0.0001983642578125
6.71	0.0001983642578125
6.72	0.0001983642578125
6.73	0.0001983642578125
6.74	0.000194549560546875
6.75	0.000194549560546875
6.76	0.000194549560546875
6.77	0.00019073486328125
6.78	0.00018310546875
6.79	0.00018310546875
6.8	0.00018310546875
6.81	0.00018310546875
6.82	0.000179290771484375
6.83	0.00017547607421875
6.84	0.00017547607421875
6.85	0.000171661376953125
6.86	0.0001678466796875
6.87	0.0001678466796875
6.88	0.0001678466796875
6.89	0.0001678466796875
6.9	0.0001678466796875
6.91	0.000164031982421875
6.92	0.000156402587890625
6.93	0.000156402587890625
6.94	0.000156402587890625
6.95	0.000148773193359375
6.96	0.00014495849609375
6.97	0.00014495849609375
6.98	0.00014495849609375
6.99	0.00014495849609375
7.0	0.000141143798828125
7.01	0.000141143798828125
7.02	0.000141143798828125
7.03	0.000141143798828125
7.04	0.000141143798828125
7.05	0.000141143798828125
7.06	0.000141143798828125
7.07	0.000141143798828125
7.08	0.0001373291015625
7.09	0.000133514404296875
7.1	0.000133514404296875
7.11	0.000133514404296875
7.12	0.000133514404296875
7.13	0.000133514404296875
7.14	0.000133514404296875
7.15	0.000133514404296875
7.16	0.000133514404296875
7.17	0.000125885009765625
7.18	0.00011444091796875
7.19	0.000110626220703125
7.2	0.000110626220703125
7.21	0.000110626220703125
7.22	0.000110626220703125
7.23	0.000110626220703125
7.24	0.000110626220703125
7.25	0.0001068115234375
7.26	0.000102996826171875
7.27	0.000102996826171875
7.28	0.000102996826171875
7.29	0.000102996826171875
7.3	0.000102996826171875
7.31	9.918212890625e-05
7.32	9.918212890625e-05
7.33	9.918212890625e-05
7.34	9.918212890625e-05
7.35	9.5367431640625e-05
7.36	9.5367431640625e-05
7.37	9.1552734375e-05
7.38	9.1552734375e-05
7.39	9.1552734375e-05
7.4	8.7738037109375e-05
7.41	8.7738037109375e-05
7.42	8.7738037109375e-05
7.43	8.392333984375e-05
7.44	8.0108642578125e-05
7.45	8.0108642578125e-05
7.46	8.0108642578125e-05
7.47	8.0108642578125e-05
7.48	8.0108642578125e-05
7.49	8.0108642578125e-05
7.5	8.0108642578125e-05
7.51	8.0108642578125e-05
7.52	8.0108642578125e-05
7.53	8.0108642578125e-05
7.54	8.0108642578125e-05
7.55	8.0108642578125e-05
7.56	8.0108642578125e-05
7.57	7.2479248046875e-05
7.58	7.2479248046875e-05
7.59	7.2479248046875e-05
7.6	6.866455078125e-05
7.61	6.866455078125e-05
7.62	6.866455078125e-05
7.63	6.866455078125e-05
7.64	6.866455078125e-05
7.65	6.4849853515625e-05
7.66	5.7220458984375e-05
7.67	5.7220458984375e-05
7.68	5.340576171875e-05
7.69	5.340576171875e-05
7.7	5.340576171875e-05
7.71	5.340576171875e-05
7.72	5.340576171875e-05
7.73	5.340576171875e-05
7.74	5.340576171875e-05
7.75	4.9591064453125e-05
7.76	4.9591064453125e-05
7.77	4.9591064453125e-05
7.78	4.9591064453125e-05
7.79	4.9591064453125e-05
7.8	4.9591064453125e-05
7.81	4.9591064453125e-05
7.82	4.9591064453125e-05
7.83	4.57763671875e-05
7.84	4.57763671875e-05
7.85	4.57763671875e-05
7.86	4.1961669921875e-05
7.87	4.1961669921875e-05
7.88	4.1961669921875e-05
7.89	4.1961669921875e-05
7.9	4.1961669921875e-05
7.91	4.1961669921875e-05
7.92	4.1961669921875e-05
7.93	4.1961669921875e-05
7.94	4.1961669921875e-05
7.95	4.1961669921875e-05
7.96	4.1961669921875e-05
7.97	4.1961669921875e-05
7.98	3.814697265625e-05
7.99	3.814697265625e-05
8.0	3.4332275390625e-05
8.01	3.4332275390625e-05
8.02	3.4332275390625e-05
8.03	3.4332275390625e-05
8.04	3.4332275390625e-05
8.05	3.4332275390625e-05
8.06	3.0517578125e-05
8.07	3.0517578125e-05
8.08	2.6702880859375e-05
8.09	2.6702880859375e-05
8.1	2.6702880859375e-05
8.11	2.6702880859375e-05
8.12	2.6702880859375e-05
8.13	2.6702880859375e-05
8.14	2.6702880859375e-05
8.15	2.6702880859375e-05
8.16	2.6702880859375e-05
8.17	2.6702880859375e-05
8.18	2.6702880859375e-05
8.19	2.6702880859375e-05
8.2	2.6702880859375e-05
8.21	2.6702880859375e-05
8.22	2.6702880859375e-05
8.23	2.6702880859375e-05
8.24	2.6702880859375e-05
8.25	2.6702880859375e-05
8.26	2.6702880859375e-05
8.27	2.6702880859375e-05
8.28	2.6702880859375e-05
8.29	2.6702880859375e-05
8.3	2.6702880859375e-05
8.31	2.6702880859375e-05
8.32	2.6702880859375e-05
8.33	2.6702880859375e-05
8.34	2.6702880859375e-05
8.35	2.6702880859375e-05
8.36	2.6702880859375e-05
8.37	2.6702880859375e-05
8.38	2.6702880859375e-05
8.39	2.6702880859375e-05
8.4	2.6702880859375e-05
8.41	2.6702880859375e-05
8.42	2.6702880859375e-05
8.43	2.6702880859375e-05
8.44	2.6702880859375e-05
8.45	2.6702880859375e-05
8.46	2.6702880859375e-05
8.47	2.6702880859375e-05
8.48	2.6702880859375e-05
8.49	2.288818359375e-05
8.5	2.288818359375e-05
8.51	2.288818359375e-05
8.52	2.288818359375e-05
8.53	2.288818359375e-05
8.54	2.288818359375e-05
8.55	2.288818359375e-05
8.56	2.288818359375e-05
8.57	2.288818359375e-05
8.58	2.288818359375e-05
8.59	2.288818359375e-05
8.6	2.288818359375e-05
8.61	2.288818359375e-05
8.62	2.288818359375e-05
8.63	2.288818359375e-05
8.64	2.288818359375e-05
8.65	2.288818359375e-05
8.66	2.288818359375e-05
8.67	2.288818359375e-05
8.68	2.288818359375e-05
8.69	2.288818359375e-05
8.7	2.288818359375e-05
8.71	2.288818359375e-05
8.72	2.288818359375e-05
8.73	2.288818359375e-05
8.74	2.288818359375e-05
8.75	2.288818359375e-05
8.76	2.288818359375e-05
8.77	2.288818359375e-05
8.78	2.288818359375e-05
8.79	2.288818359375e-05
8.8	2.288818359375e-05
8.81	2.288818359375e-05
8.82	2.288818359375e-05
8.83	1.9073486328125e-05
8.84	1.9073486328125e-05
8.85	1.9073486328125e-05
8.86	1.9073486328125e-05
8.87	1.9073486328125e-05
8.88	1.9073486328125e-05
8.89	1.9073486328125e-05
8.9	1.9073486328125e-05
8.91	1.9073486328125e-05
8.92	1.9073486328125e-05
8.93	1.9073486328125e-05
8.94	1.9073486328125e-05
8.95	1.9073486328125e-05
8.96	1.9073486328125e-05
8.97	1.9073486328125e-05
8.98	1.9073486328125e-05
8.99	1.9073486328125e-05
9.0	1.9073486328125e-05
9.01	1.52587890625e-05
9.02	1.52587890625e-05
9.03	1.52587890625e-05
9.04	1.52587890625e-05
9.05	1.52587890625e-05
9.06	1.52587890625e-05
9.07	1.52587890625e-05
9.08	1.52587890625e-05
9.09	1.52587890625e-05
9.1	1.52587890625e-05
9.11	1.52587890625e-05
9.12	1.52587890625e-05
9.13	1.52587890625e-05
9.14	1.52587890625e-05
9.15	1.52587890625e-05
9.16	1.52587890625e-05
9.17	1.52587890625e-05
9.18	1.52587890625e-05
9.19	1.52587890625e-05
9.2	1.52587890625e-05
9.21	1.52587890625e-05
9.22	1.52587890625e-05
9.23	1.52587890625e-05
9.24	1.1444091796875e-05
9.25	1.1444091796875e-05
9.26	1.1444091796875e-05
9.27	1.1444091796875e-05
9.28	1.1444091796875e-05
9.29	1.1444091796875e-05
9.3	1.1444091796875e-05
9.31	1.1444091796875e-05
9.32	7.62939453125e-06
9.33	7.62939453125e-06
9.34	7.62939453125e-06
9.35	7.62939453125e-06
9.36	7.62939453125e-06
9.37	7.62939453125e-06
9.38	7.62939453125e-06
9.39	7.62939453125e-06
9.4	7.62939453125e-06
9.41	7.62939453125e-06
9.42	7.62939453125e-06
9.43	7.62939453125e-06
9.44	7.62939453125e-06
9.45	7.62939453125e-06
9.46	7.62939453125e-06
9.47	7.62939453125e-06
9.48	7.62939453125e-06
9.49	7.62939453125e-06
9.5	3.814697265625e-06
9.51	3.814697265625e-06
9.52	3.814697265625e-06
9.53	3.814697265625e-06
9.54	3.814697265625e-06
9.55	3.814697265625e-06
9.56	3.814697265625e-06
9.57	3.814697265625e-06
9.58	3.814697265625e-06
9.59	3.814697265625e-06
9.6	3.814697265625e-06
9.61	3.814697265625e-06
9.62	3.814697265625e-06
9.63	3.814697265625e-06
9.64	3.814697265625e-06
9.65	3.814697265625e-06
9.66	3.814697265625e-06
9.67	3.814697265625e-06
9.68	3.814697265625e-06
9.69	3.814697265625e-06
9.7	3.814697265625e-06
9.71	3.814697265625e-06
9.72	0.0
