5.58	0.0005049516912549734
5.59	0.0004996571224182844
5.6	0.0004944547545164824
5.61	0.0004893364384770393
5.62	0.0004842302296310663
5.63	0.00047929747961461544
5.64	0.0004743104800581932
5.65	0.00046945526264607906
5.66	0.00046460889279842377
5.67	0.0004597778897732496
5.68	0.0004550584126263857
5.69	0.00045020272955298424
5.7	0.00044554565101861954
5.71	0.00044084666296839714
5.72	0.00043620355427265167
5.73	0.000431576045230031
5.74	0.0004270442295819521
5.75	0.0004225592128932476
5.76	0.00041810586117208004
5.77	0.0004136469215154648
5.78	0.0004093197640031576
5.79	0.00040498748421669006
5.8	0.00040069082751870155
5.81	0.0003964444622397423
5.82	0.00039221998304128647
5.83	0.0003881361335515976
5.84	0.00038399617187678814
5.85	0.00037996191531419754
5.86	0.000375926960259676
5.87	0.00037189363501966
5.88	0.00036797812208533287
5.89	0.0003639881033450365
5.9	0.00036008190363645554
5.91	0.00035619945265352726
5.92	0.0003523516934365034
5.93	0.0003485789056867361
5.94	0.00034473976120352745
5.95	0.000341102946549654
5.96	0.00033743493258953094
5.97	0.0003337739035487175
5.98	0.0003302004188299179
5.99	0.00032664602622389793
6.0	0.0003231277223676443
6.01	0.0003196436446160078
6.02	0.00031616678461432457
6.03	0.00031279586255550385
6.04	0.0003093651030212641
6.05	0.0003060009330511093
6.06	0.0003026628401130438
6.07	0.0002993084490299225
6.08	0.0002960388083010912
6.09	0.00029273959808051586
6.1	0.0002895207144320011
6.11	0.0002863507252186537
6.12	0.000283221248537302
6.13	0.00028016348369419575
6.14	0.00027708779089152813
6.15	0.0002740488853305578
6.16	0.0002710535190999508
6.17	0.0002680509351193905
6.18	0.0002651361282914877
6.19	0.00026214332319796085
6.2	0.0002592732198536396
6.21	0.0002564196474850178
6.22	0.0002535420935600996
6.23	0.0002507288008928299
6.24	0.0002479241229593754
6.25	0.00024516438134014606
6.26	0.00024241372011601925
6.27	0.00023966538719832897
6.28	0.0002369775902479887
6.29	0.00023427768610417843
6.3	0.00023167557083070278
6.31	0.00022910465486347675
6.32	0.00022652652114629745
6.33	0.0002240329049527645
6.34	0.0002215118147432804
6.35	0.0002190528903156519
6.36	0.00021659303456544876
6.37	0.00021413341164588928
6.38	0.00021174270659685135
6.39	0.0002093147486448288
6.4	0.00020692450925707817
6.41	0.00020456314086914062
6.42	0.0002021819818764925
6.43	0.00019990908913314342
6.44	0.00019759638234972954
6.45	0.0001953581813722849
6.46	0.0001931509468704462
6.47	0.00019093230366706848
6.48	0.00018876045942306519
6.49	0.00018659397028386593
6.5	0.0001844540238380432
6.51	0.00018236646428704262
6.52	0.00018024793826043606
6.53	0.0001782025210559368
6.54	0.0001761498861014843
6.55	0.00017412472516298294
6.56	0.0001721191219985485
6.57	0.00017009698785841465
6.58	0.0001681349240243435
6.59	0.00016614655032753944
6.6	0.00016421056352555752
6.61	0.00016229692846536636
6.62	0.00016038445755839348
6.63	0.00015851971693336964
6.64	0.000156669644638896
6.65	0.0001548768486827612
6.66	0.000153072876855731
6.67	0.00015127286314964294
6.68	0.00014953012578189373
6.69	0.0001477648038417101
6.7	0.00014603952877223492
6.71	0.00014434591867029667
6.72	0.00014264089986681938
6.73	0.00014096591621637344
6.74	0.0001392844133079052
6.75	0.0001376389991492033
6.76	0.00013598264195024967
6.77	0.0001343118492513895
6.78	0.00013274094089865685
6.79	0.00013114651665091515
6.8	0.00012959796003997326
6.81	0.0001280754804611206
6.82	0.00012655393220484257
6.83	0.00012507406063377857
6.84	0.00012358836829662323
6.85	0.00012211594730615616
6.86	0.00012068171054124832
6.87	0.00011920626275241375
6.88	0.00011779065243899822
6.89	0.000116345239803195
6.9	0.0001149435993283987
6.91	0.00011357222683727741
6.92	0.00011218106374144554
6.93	0.00011082412675023079
6.94	0.000109473941847682
6.95	0.00010814657434821129
6.96	0.00010683061555027962
6.97	0.00010549952276051044
6.98	0.00010423059575259686
6.99	0.0001029574777930975
7.0	0.00010170834138989449
7.01	0.00010047666728496552
7.02	9.925407357513905e-05
7.03	9.8066171631217e-05
7.04	9.687268175184727e-05
7.05	9.569083340466022e-05
7.06	9.453296661376953e-05
7.07	9.334529750049114e-05
7.08	9.218277409672737e-05
7.09	9.102374315261841e-05
7.1	8.987495675683022e-05
7.11	8.875853382050991e-05
7.12	8.76446720212698e-05
7.13	8.659111335873604e-05
7.14	8.550751954317093e-05
7.15	8.446304127573967e-05
7.16	8.342298679053783e-05
7.17	8.237455040216446e-05
7.18	8.136918768286705e-05
7.19	8.036242797970772e-05
7.2	7.935822941362858e-05
7.21	7.837219163775444e-05
7.22	7.737800478935242e-05
7.23	7.642456330358982e-05
7.24	7.545831613242626e-05
7.25	7.448648102581501e-05
7.26	7.354980334639549e-05
7.27	7.260031998157501e-05
7.28	7.169018499553204e-05
7.29	7.07677099853754e-05
7.3	6.985967047512531e-05
7.31	6.899307481944561e-05
7.32	6.810855120420456e-05
7.33	6.727129220962524e-05
7.34	6.642215885221958e-05
7.35	6.557186134159565e-05
7.36	6.474019028246403e-05
7.37	6.391853094100952e-05
7.38	6.31227158010006e-05
7.39	6.231316365301609e-05
7.4	6.151525303721428e-05
7.41	6.074458360671997e-05
7.42	5.994481034576893e-05
7.43	5.916948430240154e-05
7.44	5.839555524289608e-05
7.45	5.760928615927696e-05
7.46	5.687936209142208e-05
7.47	5.611567758023739e-05
7.48	5.540624260902405e-05
7.49	5.467189475893974e-05
7.5	5.3966185078024864e-05
7.51	5.3285155445337296e-05
7.52	5.258945748209953e-05
7.53	5.19284512847662e-05
7.54	5.124509334564209e-05
7.55	5.057523958384991e-05
7.56	4.991539753973484e-05
7.57	4.92362305521965e-05
7.58	4.860293120145798e-05
7.59	4.794495180249214e-05
7.6	4.7302572056651115e-05
7.61	4.6686967834830284e-05
7.62	4.607136361300945e-05
7.63	4.54694963991642e-05
7.64	4.487019032239914e-05
7.65	4.425900988280773e-05
7.66	4.3689506128430367e-05
7.67	4.310323856770992e-05
7.68	4.253187216818333e-05
7.69	4.195608198642731e-05
7.7	4.1393330320715904e-05
7.71	4.0860846638679504e-05
7.72	4.031648859381676e-05
7.73	3.9785634726285934e-05
7.74	3.9258040487766266e-05
7.75	3.872415982186794e-05
7.76	3.82009893655777e-05
7.77	3.7658028304576874e-05
7.78	3.7147197872400284e-05
7.79	3.66398598998785e-05
7.8	3.612879663705826e-05
7.81	3.565778024494648e-05
7.82	3.517838194966316e-05
7.83	3.47113236784935e-05
7.84	3.424030728638172e-05
7.85	3.378046676516533e-05
7.86	3.333180211484432e-05
7.87	3.287638537585735e-05
7.88	3.2432377338409424e-05
7.89	3.1992094591259956e-05
7.9	3.1549250707030296e-05
7.91	3.1121307983994484e-05
7.92	3.06922011077404e-05
7.93	3.026658669114113e-05
7.94	2.9843300580978394e-05
7.95	2.9421644285321236e-05
7.96	2.901209518313408e-05
7.97	2.859649248421192e-05
7.98	2.8205104172229767e-05
7.99	2.781720831990242e-05
8.0	2.742675133049488e-05
8.01	2.706563100218773e-05
8.02	2.668728120625019e-05
8.03	2.6321038603782654e-05
8.04	2.5949208065867424e-05
8.05	2.558017149567604e-05
8.06	2.5233253836631775e-05
8.07	2.4877022951841354e-05
8.08	2.452475018799305e-05
8.09	2.4185283109545708e-05
8.1	2.3841625079512596e-05
8.11	2.3508910089731216e-05
8.12	2.316315658390522e-05
8.13	2.2826949134469032e-05
8.14	2.250424586236477e-05
8.15	2.217991277575493e-05
8.16	2.1868152543902397e-05
8.17	2.1549174562096596e-05
8.18	2.1244864910840988e-05
8.19	2.0945211872458458e-05
8.2	2.0651845261454582e-05
8.21	2.0366627722978592e-05
8.22	2.0076287910342216e-05
8.23	1.9788509234786034e-05
8.24	1.9502360373735428e-05
8.25	1.921551302075386e-05
8.26	1.893565058708191e-05
8.27	1.8656952306628227e-05
8.28	1.8382910639047623e-05
8.29	1.811562106013298e-05
8.3	1.7853686586022377e-05
8.31	1.759873703122139e-05
8.32	1.7338665202260017e-05
8.33	1.70879065990448e-05
8.34	1.6846228390932083e-05
8.35	1.659453846514225e-05
8.36	1.6354955732822418e-05
8.37	1.610536128282547e-05
8.38	1.587066799402237e-05
8.39	1.5639932826161385e-05
8.4	1.541641540825367e-05
8.41	1.5200581401586533e-05
8.42	1.4971708878874779e-05
8.43	1.4753080904483795e-05
8.44	1.4537712559103966e-05
8.45	1.4312565326690674e-05
8.46	1.4096032828092575e-05
8.47	1.3878336176276207e-05
8.48	1.3672513887286186e-05
8.49	1.3467622920870781e-05
8.5	1.3268552720546722e-05
8.51	1.3079727068543434e-05
8.52	1.2878328561782837e-05
8.53	1.269439235329628e-05
8.54	1.2506963685154915e-05
8.55	1.2322096154093742e-05
8.56	1.2140022590756416e-05
8.57	1.1949567124247551e-05
8.58	1.1775409802794456e-05
8.59	1.1594034731388092e-05
8.6	1.1417083442211151e-05
8.61	1.1243624612689018e-05
8.62	1.1064577847719193e-05
8.63	1.0898569598793983e-05
8.64	1.073465682566166e-05
8.65	1.056678593158722e-05
8.66	1.0400312021374702e-05
8.67	1.0238029062747955e-05
8.68	1.0081101208925247e-05
8.69	9.933719411492348e-06
8.7	9.775161743164062e-06
8.71	9.631738066673279e-06
8.72	9.475741535425186e-06
8.73	9.33278352022171e-06
8.74	9.188661351799965e-06
8.75	9.041279554367065e-06
8.76	8.90018418431282e-06
8.77	8.753268048167229e-06
8.78	8.624512702226639e-06
8.79	8.488073945045471e-06
8.8	8.351635187864304e-06
8.81	8.22986476123333e-06
8.82	8.094590157270432e-06
8.83	7.967231795191765e-06
8.84	7.838476449251175e-06
8.85	7.711350917816162e-06
8.86	7.59330578148365e-06
8.87	7.471535354852676e-06
8.88	7.358146831393242e-06
8.89	7.250811904668808e-06
8.9	7.13719055056572e-06
8.91	7.0319510996341705e-06
8.92	6.916932761669159e-06
8.93	6.803078576922417e-06
8.94	6.692484021186829e-06
8.95	6.576068699359894e-06
8.96	6.468035280704498e-06
8.97	6.361864507198334e-06
8.98	6.261281669139862e-06
8.99	6.166053935885429e-06
9.0	6.063841283321381e-06
9.01	5.9730373322963715e-06
9.02	5.873385816812515e-06
9.03	5.777692422270775e-06
9.04	5.685724318027496e-06
9.05	5.5853743106126785e-06
9.06	5.501089617609978e-06
9.07	5.409820005297661e-06
9.08	5.322275683283806e-06
9.09	5.237990990281105e-06
9.1	5.151610821485519e-06
9.11	5.070818588137627e-06
9.12	4.981644451618195e-06
9.13	4.901085048913956e-06
9.14	4.821224138140678e-06
9.15	4.737870767712593e-06
9.16	4.658941179513931e-06
9.17	4.580710083246231e-06
9.18	4.504108801484108e-06
9.19	4.427507519721985e-06
9.2	4.3495092540979385e-06
9.21	4.281988367438316e-06
9.22	4.211440682411194e-06
9.23	4.144618287682533e-06
9.24	4.080357030034065e-06
9.25	4.005385562777519e-06
9.26	3.937631845474243e-06
9.27	3.870343789458275e-06
9.28	3.800727427005768e-06
9.29	3.7387944757938385e-06
9.3	3.673601895570755e-06
9.31	3.612600266933441e-06
9.32	3.5495031625032425e-06
9.33	3.487803041934967e-06
9.34	3.4335535019636154e-06
9.35	3.3695250749588013e-06
9.36	3.3122487366199493e-06
9.37	3.2545067369937897e-06
9.38	3.1960662454366684e-06
9.39	3.145309165120125e-06
9.4	3.089895471930504e-06
9.41	3.0423980206251144e-06
9.42	2.986285835504532e-06
9.43	2.934364601969719e-06
9.44	2.880813553929329e-06
9.45	2.8228387236595154e-06
9.46	2.775341272354126e-06
9.47	2.729007974267006e-06
9.48	2.680812031030655e-06
9.49	2.6354100555181503e-06
9.5	2.591637894511223e-06
9.51	2.5476329028606415e-06
9.52	2.4994369596242905e-06
9.53	2.4531036615371704e-06
9.54	2.408865839242935e-06
9.55	2.3634638637304306e-06
9.56	2.323184162378311e-06
9.57	2.287561073899269e-06
9.58	2.2491440176963806e-06
9.59	2.2116582840681076e-06
9.6	2.1720770746469498e-06
9.61	2.134358510375023e-06
9.62	2.0924489945173264e-06
9.63	2.051703631877899e-06
9.64	2.0151492208242416e-06
9.65	1.9746366888284683e-06
9.66	1.941574737429619e-06
9.67	1.9068829715251923e-06
9.68	1.871725544333458e-06
9.69	1.8421560525894165e-06
9.7	1.809094101190567e-06
9.71	1.7771963030099869e-06
9.72	1.7446000128984451e-06
9.73	1.708976924419403e-06
9.74	1.6784761101007462e-06
9.75	1.6456469893455505e-06
9.76	1.61794014275074e-06
9.77	1.5862751752138138e-06
9.78	1.5581026673316956e-06
9.79	1.5294644981622696e-06
9.8	1.4991965144872665e-06
9.81	1.4731194823980331e-06
9.82	1.4454126358032227e-06
9.83	1.4177057892084122e-06
9.84	1.3909302651882172e-06
9.85	1.362524926662445e-06
9.86	1.3378448784351349e-06
9.87	1.3106036931276321e-06
9.88	1.2842938303947449e-06
9.89	1.2628734111785889e-06
9.9	1.2400560081005096e-06
9.91	1.2174714356660843e-06
9.92	1.1953525245189667e-06
9.93	1.1709053069353104e-06
9.94	1.1492520570755005e-06
9.95	1.1236406862735748e-06
9.96	1.101987436413765e-06
9.97	1.0796356946229935e-06
9.98	1.0600779205560684e-06
9.99	1.0407529771327972e-06
10.0	1.0186340659856796e-06
10.01	1.0011717677116394e-06
10.02	9.806826710700989e-07
10.03	9.615905582904816e-07
10.04	9.441282600164413e-07
10.05	9.236391633749008e-07
10.06	9.092036634683609e-07
10.07	8.896458894014359e-07
10.08	8.731149137020111e-07
10.09	8.584465831518173e-07
10.1	8.414499461650848e-07
10.11	8.256174623966217e-07
10.12	8.060596883296967e-07
10.13	7.890630513429642e-07
10.14	7.734633982181549e-07
10.15	7.566995918750763e-07
10.16	7.436610758304596e-07
10.17	7.296912372112274e-07
10.18	7.152557373046875e-07
10.19	7.010530680418015e-07
10.2	6.863847374916077e-07
10.21	6.726477295160294e-07
10.22	6.570480763912201e-07
10.23	6.435438990592957e-07
10.24	6.30505383014679e-07
10.25	6.176996976137161e-07
10.26	6.067566573619843e-07
10.27	5.951151251792908e-07
10.28	5.825422704219818e-07
10.29	5.729962140321732e-07
10.3	5.604233592748642e-07
10.31	5.501788109540939e-07
10.32	5.35743311047554e-07
10.33	5.236361175775528e-07
10.34	5.131587386131287e-07
10.35	5.00120222568512e-07
10.36	4.919711500406265e-07
10.37	4.810281097888947e-07
10.38	4.721805453300476e-07
10.39	4.647299647331238e-07
10.4	4.5495107769966125e-07
10.41	4.4587068259716034e-07
10.42	4.353933036327362e-07
10.43	4.239846020936966e-07
10.44	4.1513703763484955e-07
10.45	4.0512531995773315e-07
10.46	3.9744190871715546e-07
10.47	3.8743019104003906e-07
10.48	3.792811185121536e-07
10.49	3.7299469113349915e-07
10.5	3.650784492492676e-07
10.51	3.573950380086899e-07
10.52	3.487803041934967e-07
10.53	3.3993273973464966e-07
10.54	3.334134817123413e-07
10.55	3.2526440918445587e-07
10.56	3.182794898748398e-07
10.57	3.1152740120887756e-07
10.58	3.0617229640483856e-07
10.59	3.005843609571457e-07
10.6	2.9383227229118347e-07
10.61	2.861488610506058e-07
10.62	2.791639417409897e-07
10.63	2.7171336114406586e-07
10.64	2.6705674827098846e-07
10.65	2.60770320892334e-07
10.66	2.561137080192566e-07
10.67	2.498272806406021e-07
10.68	2.437736839056015e-07
10.69	2.3818574845790863e-07
10.7	2.314336597919464e-07
10.71	2.2724270820617676e-07
10.72	2.2118911147117615e-07
10.73	2.1583400666713715e-07
10.74	2.130400389432907e-07
10.75	2.086162567138672e-07
10.76	2.046581357717514e-07
10.77	1.9976869225502014e-07
10.78	1.9581057131290436e-07
10.79	1.909211277961731e-07
10.8	1.8603168427944183e-07
10.81	1.8044374883174896e-07
10.82	1.7601996660232544e-07
10.83	1.708976924419403e-07
10.84	1.6787089407444e-07
10.85	1.6437843441963196e-07
10.86	1.6135163605213165e-07
10.87	1.578591763973236e-07
10.88	1.5436671674251556e-07
10.89	1.5157274901866913e-07
10.9	1.4668330550193787e-07
10.91	1.434236764907837e-07
10.92	1.3969838619232178e-07
10.93	1.3597309589385986e-07
10.94	1.334119588136673e-07
10.95	1.2898817658424377e-07
10.96	1.264270395040512e-07
10.97	1.2386590242385864e-07
10.98	1.210719347000122e-07
10.99	1.1920928955078125e-07
11.0	1.157168298959732e-07
11.01	1.1292286217212677e-07
11.02	1.0873191058635712e-07
11.03	1.0547228157520294e-07
11.04	1.0221265256404877e-07
11.05	9.988434612751007e-08
11.06	9.825453162193298e-08
11.07	9.592622518539429e-08
11.08	9.452924132347107e-08
11.09	9.313225746154785e-08
11.1	9.010545909404755e-08
11.11	8.777715265750885e-08
11.12	8.475035429000854e-08
11.13	8.172355592250824e-08
11.14	8.009374141693115e-08
11.15	7.776543498039246e-08
11.16	7.566995918750763e-08
11.17	7.427297532558441e-08
11.18	7.241033017635345e-08
11.19	7.078051567077637e-08
11.2	6.891787052154541e-08
11.21	6.658956408500671e-08
11.22	6.472691893577576e-08
11.23	6.309710443019867e-08
11.24	6.216578185558319e-08
11.25	6.030313670635223e-08
11.26	5.9138983488082886e-08
11.27	5.75091689825058e-08
11.28	5.657784640789032e-08
11.29	5.494803190231323e-08
11.3	5.2852556109428406e-08
11.31	5.145557224750519e-08
11.32	4.959292709827423e-08
11.33	4.866160452365875e-08
11.34	4.842877388000488e-08
11.35	4.6798959374427795e-08
11.36	4.586763679981232e-08
11.37	4.44706529378891e-08
11.38	4.284083843231201e-08
11.39	4.0745362639427185e-08
11.4	4.0046870708465576e-08
11.41	3.888271749019623e-08
11.42	3.771856427192688e-08
11.43	3.725290298461914e-08
11.44	3.655441105365753e-08
11.45	3.5390257835388184e-08
11.46	3.4691765904426575e-08
11.47	3.3993273973464966e-08
11.48	3.259629011154175e-08
11.49	3.189779818058014e-08
11.5	2.9802322387695312e-08
11.51	2.9336661100387573e-08
11.52	2.8405338525772095e-08
11.53	2.7241185307502747e-08
11.54	2.7008354663848877e-08
11.55	2.60770320892334e-08
11.56	2.60770320892334e-08
11.57	2.584420144557953e-08
11.58	2.491287887096405e-08
11.59	2.3981556296348572e-08
11.6	2.3050233721733093e-08
11.61	2.2351741790771484e-08
11.62	2.1187588572502136e-08
11.63	2.0954757928848267e-08
11.64	2.0023435354232788e-08
11.65	1.955777406692505e-08
11.66	1.932494342327118e-08
11.67	1.885928213596344e-08
11.68	1.816079020500183e-08
11.69	1.7462298274040222e-08
11.7	1.6298145055770874e-08
11.71	1.6065314412117004e-08
11.72	1.5366822481155396e-08
11.73	1.4668330550193787e-08
11.74	1.4668330550193787e-08
11.75	1.4202669262886047e-08
11.76	1.4202669262886047e-08
11.77	1.4202669262886047e-08
11.78	1.3737007975578308e-08
11.79	1.30385160446167e-08
11.8	1.210719347000122e-08
11.81	1.210719347000122e-08
11.82	1.1641532182693481e-08
11.83	1.1408701539039612e-08
11.84	1.0943040251731873e-08
11.85	1.0477378964424133e-08
11.86	9.778887033462524e-09
11.87	9.778887033462524e-09
11.88	8.847564458847046e-09
11.89	8.847564458847046e-09
11.9	8.381903171539307e-09
11.91	8.381903171539307e-09
11.92	8.381903171539307e-09
11.93	7.916241884231567e-09
11.94	7.916241884231567e-09
11.95	7.450580596923828e-09
11.96	7.450580596923828e-09
11.97	7.2177499532699585e-09
11.98	6.752088665962219e-09
11.99	6.51925802230835e-09
12.0	6.28642737865448e-09
12.01	6.05359673500061e-09
12.02	6.05359673500061e-09
12.03	5.820766091346741e-09
12.04	5.587935447692871e-09
12.05	5.3551048040390015e-09
12.06	5.3551048040390015e-09
12.07	5.122274160385132e-09
12.08	4.6566128730773926e-09
12.09	4.6566128730773926e-09
12.1	4.423782229423523e-09
12.11	4.423782229423523e-09
12.12	4.423782229423523e-09
12.13	4.190951585769653e-09
12.14	4.190951585769653e-09
12.15	3.958120942115784e-09
12.16	3.958120942115784e-09
12.17	3.958120942115784e-09
12.18	3.4924596548080444e-09
12.19	3.026798367500305e-09
12.2	2.7939677238464355e-09
12.21	2.561137080192566e-09
12.22	2.561137080192566e-09
12.23	2.561137080192566e-09
12.24	2.561137080192566e-09
12.25	2.561137080192566e-09
12.26	2.561137080192566e-09
12.27	2.3283064365386963e-09
12.28	2.0954757928848267e-09
12.29	2.0954757928848267e-09
12.3	1.862645149230957e-09
12.31	1.862645149230957e-09
12.32	1.6298145055770874e-09
12.33	1.6298145055770874e-09
12.34	1.6298145055770874e-09
12.35	1.6298145055770874e-09
12.36	1.6298145055770874e-09
12.37	1.6298145055770874e-09
12.38	1.3969838619232178e-09
12.39	1.1641532182693481e-09
12.4	1.1641532182693481e-09
12.41	1.1641532182693481e-09
12.42	1.1641532182693481e-09
12.43	1.1641532182693481e-09
12.44	1.1641532182693481e-09
12.45	1.1641532182693481e-09
12.46	1.1641532182693481e-09
12.47	1.1641532182693481e-09
12.48	9.313225746154785e-10
12.49	9.313225746154785e-10
12.5	9.313225746154785e-10
12.51	9.313225746154785e-10
12.52	6.984919309616089e-10
12.53	6.984919309616089e-10
12.54	6.984919309616089e-10
12.55	4.656612873077393e-10
12.56	4.656612873077393e-10
12.57	4.656612873077393e-10
12.58	4.656612873077393e-10
12.59	4.656612873077393e-10
12.6	4.656612873077393e-10
12.61	4.656612873077393e-10
12.62	4.656612873077393e-10
12.63	4.656612873077393e-10
12.64	4.656612873077393e-10
12.65	4.656612873077393e-10
12.66	4.656612873077393e-10
12.67	2.3283064365386963e-10
12.68	2.3283064365386963e-10
12.69	2.3283064365386963e-10
12.7	2.3283064365386963e-10
12.71	2.3283064365386963e-10
12.72	2.3283064365386963e-10
12.73	2.3283064365386963e-10
12.74	2.3283064365386963e-10
12.75	2.3283064365386963e-10
12.76	2.3283064365386963e-10
12.77	2.3283064365386963e-10
12.78	2.3283064365386963e-10
12.79	2.3283064365386963e-10
12.8	2.3283064365386963e-10
12.81	2.3283064365386963e-10
12.82	2.3283064365386963e-10
12.83	2.3283064365386963e-10
12.84	2.3283064365386963e-10
12.85	2.3283064365386963e-10
12.86	2.3283064365386963e-10
12.87	0.0
