5.51	0.0005025369055147166
5.52	0.000497828134939482
5.53	0.0004932003848807653
5.54	0.0004885774596914416
5.55	0.00048401802359876456
5.56	0.0004794656560989097
5.57	0.00047501099470537156
5.58	0.00047056576750037493
5.59	0.0004661553575715516
5.6	0.0004618062366716913
5.61	0.0004574311451506219
5.62	0.0004531414670054801
5.63	0.0004488492359087104
5.64	0.0004446304710654658
5.65	0.00044039466683898354
5.66	0.00043623520468827337
5.67	0.00043210038620600244
5.68	0.0004279863387637306
5.69	0.0004239237059664447
5.7	0.0004199211125524016
5.71	0.0004159692352914135
5.72	0.0004119960321986582
5.73	0.00040807156528899213
5.74	0.0004042092068630154
5.75	0.000400365654968482
5.76	0.000396561338675383
5.77	0.0003927439056496951
5.78	0.0003890230964316288
5.79	0.00038527418018929893
5.8	0.00038158717961778166
5.81	0.0003779183034566813
5.82	0.0003743000297617982
5.83	0.000370677297723887
5.84	0.00036711889424623223
5.85	0.0003635895482148044
5.86	0.00036008483220939524
5.87	0.00035663015569298295
5.88	0.000353176688804524
5.89	0.000349790284417395
5.9	0.00034639779096323764
5.91	0.0003430660917729256
5.92	0.00033972877190535655
5.93	0.0003364267950018984
5.94	0.0003331319403514499
5.95	0.00032990669387800153
5.96	0.0003267185529693961
5.97	0.0003235141548429965
5.98	0.00032034908326750156
5.99	0.0003172387941958732
6.0	0.00031416820820595603
6.01	0.00031109606334212003
6.02	0.0003080522819800535
6.03	0.00030505063114105724
6.04	0.00030204851827875245
6.05	0.0002990984503412619
6.06	0.00029614590403070906
6.07	0.00029324575280043064
6.08	0.0002903515951402369
6.09	0.0002875010550269508
6.1	0.00028465526793297613
6.11	0.000281844010714849
6.12	0.0002790645194181707
6.13	0.0002762773428912624
6.14	0.0002735536199907074
6.15	0.0002708338479351369
6.16	0.00026816885292646475
6.17	0.00026550443908490706
6.18	0.0002628829333843896
6.19	0.00026024350518127903
6.2	0.0002576828383098473
6.21	0.00025512238789815456
6.22	0.0002525773170418688
6.23	0.00025003029077197425
6.24	0.00024754732294240966
6.25	0.0002450647752993973
6.26	0.00024259660585812526
6.27	0.00024017544728849316
6.28	0.0002377557457293733
6.29	0.00023536916978628142
6.3	0.00023301210785575677
6.31	0.00023065989898896078
6.32	0.00022834932042314904
6.33	0.00022604682180826785
6.34	0.0002237794296888751
6.35	0.00022151261782710208
6.36	0.00021928575188212562
6.37	0.00021707033192797098
6.38	0.00021487522008101223
6.39	0.00021269825901981676
6.4	0.00021051995008747326
6.41	0.00020839211629208876
6.42	0.000206258092475764
6.43	0.00020414839582372224
6.44	0.00020205396867822856
6.45	0.00020001364373456454
6.46	0.00019796834112639772
6.47	0.00019594475088524632
6.48	0.00019393066668271786
6.49	0.0001919662918226095
6.5	0.00018999968233401887
6.51	0.00018805375657393597
6.52	0.0001861154869402526
6.53	0.00018421184631733922
6.54	0.00018231230387755204
6.55	0.00018043177988147363
6.56	0.0001785624726835522
6.57	0.0001767168396327179
6.58	0.00017488414778199513
6.59	0.0001730800040604663
6.6	0.00017128867966675898
6.61	0.00016951318684732541
6.62	0.00016775668882473838
6.63	0.00016601927109149983
6.64	0.0001642935549170943
6.65	0.00016259108815575019
6.66	0.00016089722521428484
6.67	0.00015922303646220826
6.68	0.0001575602473167237
6.69	0.00015592444833600894
6.7	0.0001542855834486545
6.71	0.00015267267372109927
6.72	0.0001510662623331882
6.73	0.00014947606450732565
6.74	0.00014790878776693717
6.75	0.0001463549551772303
6.76	0.000144812959661067
6.77	0.00014329104033095064
6.78	0.00014179212575982092
6.79	0.0001402875677740667
6.8	0.0001388186256008339
6.81	0.000137353980790067
6.82	0.0001358998106297804
6.83	0.00013445638069242705
6.84	0.00013302529259817675
6.85	0.0001316137258982053
6.86	0.00013020514143136097
6.87	0.0001288265420953394
6.88	0.0001274418254979537
6.89	0.0001260873877981794
6.9	0.00012473886908992426
6.91	0.00012340683952061227
6.92	0.0001220907315655495
6.93	0.00012078171585017117
6.94	0.0001194986898553907
6.95	0.0001182158102892572
6.96	0.00011696416731865611
6.97	0.00011569654725462897
6.98	0.00011445703421486542
6.99	0.00011323124817863572
7.0	0.00011200027074664831
7.01	0.00011079922569479095
7.02	0.00010959633709717309
7.03	0.00010841507355507929
7.04	0.00010722710976551753
7.05	0.00010607660988171119
7.06	0.00010491801094758557
7.07	0.0001037846732288017
7.08	0.00010265928813169012
7.09	0.00010154245956073282
7.1	0.00010044258124253247
7.11	9.934384797816165e-05
7.12	9.82712090262794e-05
7.13	9.718588353280211e-05
7.14	9.612771827960387e-05
7.15	9.506592869001906e-05
7.16	9.402076102560386e-05
7.17	9.298681652580854e-05
7.18	9.196302835334791e-05
7.19	9.095760469790548e-05
7.2	8.995150346891023e-05
7.21	8.897013049136149e-05
7.22	8.798422823019791e-05
7.23	8.702554077899549e-05
7.24	8.605411403550534e-05
7.25	8.510931820637779e-05
7.26	8.417402204941027e-05
7.27	8.323942711285781e-05
7.28	8.232618074544007e-05
7.29	8.140393674693769e-05
7.3	8.050172982621007e-05
7.31	7.959751474118093e-05
7.32	7.87171065894654e-05
7.33	7.783258752169786e-05
7.34	7.69587268223404e-05
7.35	7.610082684550434e-05
7.36	7.524193460994866e-05
7.37	7.440712852258002e-05
7.38	7.356788228207733e-05
7.39	7.275230655068299e-05
7.4	7.193073452071985e-05
7.41	7.112873026926536e-05
7.42	7.03253026586026e-05
7.43	6.95374556016759e-05
7.44	6.875430790387327e-05
7.45	6.797312562412117e-05
7.46	6.720984220009996e-05
7.47	6.643832330155419e-05
7.48	6.568686330865603e-05
7.49	6.493666387541452e-05
7.5	6.420223780878587e-05
7.51	6.34685766272014e-05
7.52	6.274750376178417e-05
7.53	6.20367191004334e-05
7.54	6.132829366833903e-05
7.55	6.0634523833869025e-05
7.56	5.994025923428126e-05
7.57	5.9257946304569487e-05
7.58	5.857710402779048e-05
7.59	5.791323565063067e-05
7.6	5.7247142649430316e-05
7.61	5.658813279296737e-05
7.62	5.594005779130384e-05
7.63	5.528683959710179e-05
7.64	5.4651874052069616e-05
7.65	5.4015780733607244e-05
7.66	5.339408471627394e-05
7.67	5.277299987938022e-05
7.68	5.2163902182655875e-05
7.69	5.1563698434620164e-05
7.7	5.0963701141881756e-05
7.71	5.037533537688432e-05
7.72	4.979039749741787e-05
7.73	4.921116851619445e-05
7.74	4.863584035774693e-05
7.75	4.806559627468232e-05
7.76	4.750525022245711e-05
7.77	4.694897688750643e-05
7.78	4.6398467020480894e-05
7.79	4.585214264807291e-05
7.8	4.5318798584048636e-05
7.81	4.478413120523328e-05
7.82	4.425852785061579e-05
7.83	4.374221316538751e-05
7.84	4.322678523749346e-05
7.85	4.271924717613729e-05
7.86	4.221871040499536e-05
7.87	4.172014450887218e-05
7.88	4.122494010516675e-05
7.89	4.073764375789324e-05
7.9	4.025523503514705e-05
7.91	3.977676351496484e-05
7.92	3.930261482310016e-05
7.93	3.8831899473734666e-05
7.94	3.836636733467458e-05
7.95	3.790767641476123e-05
7.96	3.745362391782692e-05
7.97	3.70061861758586e-05
7.98	3.656402805063408e-05
7.99	3.612688578868983e-05
8.0	3.569461205188418e-05
8.01	3.527180706441868e-05
8.02	3.4849284929805435e-05
8.03	3.4430750929459464e-05
8.04	3.4016126846836414e-05
8.05	3.360494611115428e-05
8.06	3.31977962559904e-05
8.07	3.279591146565508e-05
8.08	3.239632587792585e-05
8.09	3.200064747943543e-05
8.1	3.161788390571019e-05
8.11	3.123076385236345e-05
8.12	3.085403295699507e-05
8.13	3.0472981961793266e-05
8.14	3.010891941812588e-05
8.15	2.9740114769083448e-05
8.16	2.937753015430644e-05
8.17	2.90243669951451e-05
8.18	2.866699196601985e-05
8.19	2.8320429009909276e-05
8.2	2.7970372684649192e-05
8.21	2.7625020265986677e-05
8.22	2.7287445846013725e-05
8.23	2.694892100407742e-05
8.24	2.6616748982633e-05
8.25	2.6283404622517992e-05
8.26	2.5959492631955072e-05
8.27	2.5634705707489047e-05
8.28	2.5322175133624114e-05
8.29	2.5008476768562105e-05
8.3	2.4699313144083135e-05
8.31	2.439452237013029e-05
8.32	2.4092430976452306e-05
8.33	2.3793885702616535e-05
8.34	2.34978215303272e-05
8.35	2.3205229808809236e-05
8.36	2.2911428459337912e-05
8.37	2.2630160856351722e-05
8.38	2.2339654606184922e-05
8.39	2.206334102083929e-05
8.4	2.1786508114018943e-05
8.41	2.151172338926699e-05
8.42	2.1241853573883418e-05
8.43	2.0972706806787755e-05
8.44	2.0710471289930865e-05
8.45	2.0445681002456695e-05
8.46	2.018854138441384e-05
8.47	1.9933584553655237e-05
8.48	1.9684661310748197e-05
8.49	1.9436485672486015e-05
8.5	1.9190210878150538e-05
8.51	1.8947210264741443e-05
8.52	1.870248161139898e-05
8.53	1.846539726102492e-05
8.54	1.8225487110612448e-05
8.55	1.7995368580159266e-05
8.56	1.776047338353237e-05
8.57	1.753409014781937e-05
8.58	1.7309706890955567e-05
8.59	1.708669151412323e-05
8.6	1.687098392721964e-05
8.61	1.6653679267619736e-05
8.62	1.6443373169749975e-05
8.63	1.6226746993197594e-05
8.64	1.60225808940595e-05
8.65	1.5814031939953566e-05
8.66	1.5607915884174872e-05
8.67	1.540843368275091e-05
8.68	1.5206790521915536e-05
8.69	1.5011036339274142e-05
8.7	1.4814516362093855e-05
8.71	1.4621012269344646e-05
8.72	1.4429127077164594e-05
8.73	1.4240532436815556e-05
8.74	1.4053327504370827e-05
8.75	1.386961685057031e-05
8.76	1.3687609680346213e-05
8.77	1.3509353266272228e-05
8.78	1.3333498827705625e-05
8.79	1.315854115091497e-05
8.8	1.2987302397959866e-05
8.81	1.2814593901566695e-05
8.82	1.2647127732634544e-05
8.83	1.247733052878175e-05
8.84	1.2309476005611941e-05
8.85	1.2147022971475963e-05
8.86	1.1984750926785637e-05
8.87	1.1826075933640823e-05
8.88	1.1667193575704005e-05
8.89	1.1516186532389838e-05
8.9	1.136226455855649e-05
8.91	1.1213116522412747e-05
8.92	1.1064421414630488e-05
8.93	1.0916711289610248e-05
8.94	1.0770169865281787e-05
8.95	1.0625404684105888e-05
8.96	1.0481900972081348e-05
8.97	1.0340980225009844e-05
8.98	1.0203063538938295e-05
8.99	1.006308139039902e-05
9.0	9.927814971888438e-06
9.01	9.793259778234642e-06
9.02	9.660247087595053e-06
9.03	9.529105227557011e-06
9.04	9.39848723646719e-06
9.05	9.271120688936207e-06
9.06	9.145504009211436e-06
9.07	9.022356607601978e-06
9.08	8.900248758436646e-06
9.09	8.780302778177429e-06
9.1	8.659866580273956e-06
9.11	8.541355782654136e-06
9.12	8.424530278716702e-06
9.13	8.307600182888564e-06
9.14	8.193098437914159e-06
9.15	8.079506187641528e-06
9.16	7.966394150571432e-06
9.17	7.855577678128611e-06
9.18	7.748106327198911e-06
9.19	7.64120886742603e-06
9.2	7.535321856266819e-06
9.21	7.431079211528413e-06
9.22	7.329683285206556e-06
9.23	7.228980393847451e-06
9.24	7.128108336473815e-06
9.25	7.029640983091667e-06
9.26	6.9307088779169135e-06
9.27	6.834559826529585e-06
9.28	6.73995691613527e-06
9.29	6.645773282798473e-06
9.3	6.5521744545549154e-06
9.31	6.458828465838451e-06
9.32	6.367419700836763e-06
9.33	6.276914064073935e-06
9.34	6.1870414356235415e-06
9.35	6.099731763242744e-06
9.36	6.013682650518604e-06
9.37	5.929357030254323e-06
9.38	5.844105544383638e-06
9.39	5.7641036619315855e-06
9.4	5.682554728991818e-06
9.41	5.600496479019057e-06
9.42	5.521502316696569e-06
9.43	5.441685061668977e-06
9.44	5.363619493437e-06
9.45	5.286720806907397e-06
9.46	5.210376002651174e-06
9.47	5.135728315508459e-06
9.48	5.062157470092643e-06
9.49	4.989544322597794e-06
9.5	4.917317710351199e-06
9.51	4.8472502385266125e-06
9.52	4.77692810818553e-06
9.53	4.7085941332625225e-06
9.54	4.640184670279268e-06
9.55	4.573588739731349e-06
9.56	4.5072029024595395e-06
9.57	4.441044438863173e-06
9.58	4.376999640953727e-06
9.59	4.312777491577435e-06
9.6	4.250953679729719e-06
9.61	4.187912054476328e-06
9.62	4.12621557188686e-06
9.63	4.063800588482991e-06
9.64	4.004725269624032e-06
9.65	3.9458491301047616e-06
9.66	3.888239007210359e-06
9.67	3.831413778243586e-06
9.68	3.774260221689474e-06
9.69	3.7200425140326843e-06
9.7	3.6649489629780874e-06
9.71	3.610605745052453e-06
9.72	3.5568600651458837e-06
9.73	3.504368578433059e-06
9.74	3.450809344940353e-06
9.75	3.3983778848778456e-06
9.76	3.3483083825558424e-06
9.77	3.296857357781846e-06
9.78	3.248782377340831e-06
9.79	3.1993304219213314e-06
9.8	3.1523841244052164e-06
9.81	3.104714778601192e-06
9.82	3.058133188460488e-06
9.83	3.0121373129077256e-06
9.84	2.9659913707291707e-06
9.85	2.9227658160380088e-06
9.86	2.8776339604519308e-06
9.87	2.83564531855518e-06
9.88	2.7916767066926695e-06
9.89	2.749674422375392e-06
9.9	2.7070072974311188e-06
9.91	2.6654442990547977e-06
9.92	2.624581611598842e-06
9.93	2.5837443899945356e-06
9.94	2.5444160201004706e-06
9.95	2.5040353648364544e-06
9.96	2.466359546815511e-06
9.97	2.4291684894706123e-06
9.98	2.3920792955323122e-06
9.99	2.3553575374535285e-06
10.0	2.3190614228951745e-06
10.01	2.28343196795322e-06
10.02	2.2477415768662468e-06
10.03	2.2135218387120403e-06
10.04	2.178047907364089e-06
10.05	2.144327481801156e-06
10.06	2.110142304445617e-06
10.07	2.0767402020283043e-06
10.08	2.044118446065113e-06
10.09	2.012067852774635e-06
10.1	1.980658453248907e-06
10.11	1.9491390048642643e-06
10.12	1.9190820239600725e-06
10.13	1.8885784811573103e-06
10.14	1.8598675524117425e-06
10.15	1.8295313566341065e-06
10.16	1.8011578504228964e-06
10.17	1.772918039932847e-06
10.18	1.7445654520997778e-06
10.19	1.7172151274280623e-06
10.2	1.6892381609068252e-06
10.21	1.661910573602654e-06
10.22	1.6351414160453714e-06
10.23	1.608847924217116e-06
10.24	1.5829564290470444e-06
10.25	1.5572004485875368e-06
10.26	1.5322930266847834e-06
10.27	1.5070154404384084e-06
10.28	1.4834104149485938e-06
10.29	1.4596216715290211e-06
10.3	1.4367169569595717e-06
10.31	1.4130937415757217e-06
10.32	1.3903400031267665e-06
10.33	1.3674261936102994e-06
10.34	1.3449725884129293e-06
10.35	1.3232320270617492e-06
10.36	1.300939402426593e-06
10.37	1.279839125345461e-06
10.38	1.2581958799273707e-06
10.39	1.2378150131553411e-06
10.4	1.2173386494396254e-06
10.41	1.1969823390245438e-06
10.42	1.1771935533033684e-06
10.43	1.1577394616324455e-06
10.44	1.1388447092031129e-06
10.45	1.119738954002969e-06
10.46	1.1011716196662746e-06
10.47	1.0834055501618423e-06
10.48	1.0650765034370124e-06
10.49	1.0472085705259815e-06
10.5	1.0300991561962292e-06
10.51	1.01287332654465e-06
10.52	9.95497430267278e-07
10.53	9.788327588466927e-07
10.54	9.620980563340709e-07
10.55	9.459099601372145e-07
10.56	9.296154530602507e-07
10.57	9.139221219811589e-07
10.58	8.984870873973705e-07
10.59	8.829993021208793e-07
10.6	8.6849740910111e-07
10.61	8.535707820556127e-07
10.62	8.390470611630008e-07
10.63	8.246797733590938e-07
10.64	8.101833373075351e-07
10.65	7.963471944094636e-07
10.66	7.823764462955296e-07
10.67	7.686612661927938e-07
10.68	7.550215741503052e-07
10.69	7.422040653182194e-07
10.7	7.293174348887987e-07
10.71	7.16883732820861e-07
10.72	7.046501195873134e-07
10.73	6.921563908690587e-07
10.74	6.804320946685039e-07
10.75	6.685113476123661e-07
10.76	6.570535333594307e-07
10.77	6.453628884628415e-07
10.78	6.344198482111096e-07
10.79	6.228483471204527e-07
10.8	6.117834345786832e-07
10.81	6.011641744407825e-07
10.82	5.901520125917159e-07
10.83	5.79593688598834e-07
10.84	5.690963007509708e-07
10.85	5.586725819739513e-07
10.86	5.484298526425846e-07
10.87	5.392303137341514e-07
10.88	5.293577487464063e-07
10.89	5.200099622015841e-07
10.9	5.111824066261761e-07
10.91	5.019319360144436e-07
10.92	4.931998773827218e-07
10.93	4.843959686695598e-07
10.94	4.756620910484344e-07
10.95	4.666298991651274e-07
10.96	4.5819251681677997e-07
10.97	4.4969965529162437e-07
10.98	4.4114585762145e-07
10.99	4.3313411879353225e-07
11.0	4.249177436577156e-07
11.01	4.1742077883100137e-07
11.02	4.0967370296129957e-07
11.03	4.0227951103588566e-07
11.04	3.9485803426941857e-07
11.05	3.8770303945057094e-07
11.06	3.8043617678340524e-07
11.07	3.733293851837516e-07
11.08	3.6694655136670917e-07
11.09	3.5995526559418067e-07
11.1	3.533723429427482e-07
11.11	3.465629561105743e-07
11.12	3.40223778039217e-07
11.13	3.333670974825509e-07
11.14	3.2699881558073685e-07
11.15	3.2085335988085717e-07
11.16	3.145532900816761e-07
11.17	3.0858518584864214e-07
11.18	3.0252158467192203e-07
11.19	2.971037247334607e-07
11.2	2.91523065243382e-07
11.21	2.861652319552377e-07
11.22	2.8070007829228416e-07
11.23	2.7541591407498345e-07
11.24	2.701799530768767e-07
11.25	2.6492762117413804e-07
11.26	2.5975077733164653e-07
11.27	2.5466033548582345e-07
11.28	2.499054971849546e-07
11.29	2.449423845973797e-07
11.3	2.4041310098255053e-07
11.31	2.3567190510220826e-07
11.32	2.3100801627151668e-07
11.33	2.265760485897772e-07
11.34	2.221077011199668e-07
11.35	2.1783034753752872e-07
11.36	2.1337746147764847e-07
11.37	2.093447619699873e-07
11.38	2.0508377929218113e-07
11.39	2.0123297872487456e-07
11.4	1.9723302102647722e-07
11.41	1.9335766410222277e-07
11.42	1.895405148388818e-07
11.43	1.8546234059613198e-07
11.44	1.8165610526921228e-07
11.45	1.7781258065951988e-07
11.46	1.743546818033792e-07
11.47	1.7062757251551375e-07
11.48	1.6736157704144716e-07
11.49	1.6414742276538163e-07
11.5	1.608423190191388e-07
11.51	1.578191586304456e-07
11.52	1.5454861568287015e-07
11.53	1.5156911103986204e-07
11.54	1.4832585293333977e-07
11.55	1.4535453374264762e-07
11.56	1.4225042832549661e-07
11.57	1.3933640730101615e-07
11.58	1.3649514585267752e-07
11.59	1.3357384887058288e-07
11.6	1.3091175787849352e-07
11.61	1.2829968909500167e-07
11.62	1.2565033102873713e-07
11.63	1.2286363926250488e-07
11.64	1.2032251106575131e-07
11.65	1.1782321962527931e-07
11.66	1.1515567166497931e-07
11.67	1.127773430198431e-07
11.68	1.1043084668926895e-07
11.69	1.081580194295384e-07
11.7	1.0580697562545538e-07
11.71	1.0360508895246312e-07
11.72	1.0130679584108293e-07
11.73	9.903942554956302e-08
11.74	9.67456799116917e-08
11.75	9.450832294533029e-08
11.76	9.246741683455184e-08
11.77	9.037012205226347e-08
11.78	8.854021871229634e-08
11.79	8.67476046551019e-08
11.8	8.499409887008369e-08
11.81	8.320057531818748e-08
11.82	8.147071639541537e-08
11.83	7.97663233242929e-08
11.84	7.796461432008073e-08
11.85	7.621383701916784e-08
11.86	7.455764716723934e-08
11.87	7.28387021808885e-08
11.88	7.113612809916958e-08
11.89	6.968275556573644e-08
11.9	6.802565621910617e-08
11.91	6.65395418764092e-08
11.92	6.502705218736082e-08
11.93	6.345362635329366e-08
11.94	6.201480573508888e-08
11.95	6.05932655162178e-08
11.96	5.917991074966267e-08
11.97	5.7912075135391206e-08
11.98	5.6703356676734984e-08
11.99	5.540368874790147e-08
12.0	5.4128577176015824e-08
12.01	5.2901668823324144e-08
12.02	5.1581992011051625e-08
12.03	5.028778105042875e-08
12.04	4.909907147521153e-08
12.05	4.788034857483581e-08
12.06	4.668527253670618e-08
12.07	4.553839971777052e-08
12.08	4.4475200411397964e-08
12.09	4.3413820094428957e-08
12.1	4.254616214893758e-08
12.11	4.1528437577653676e-08
12.12	4.064531822223216e-08
12.13	3.975856088800356e-08
12.14	3.8798134482931346e-08
12.15	3.785135049838573e-08
12.16	3.6940036807209253e-08
12.17	3.6074197851121426e-08
12.18	3.5194716474507004e-08
12.19	3.433979145484045e-08
12.2	3.3543074096087366e-08
12.21	3.268087311880663e-08
12.22	3.17950252792798e-08
12.23	3.0967385100666434e-08
12.24	3.0117007554508746e-08
12.25	2.9328475648071617e-08
12.26	2.865817805286497e-08
12.27	2.788510755635798e-08
12.28	2.7232090360485017e-08
12.29	2.6612724468577653e-08
12.3	2.599335857667029e-08
12.31	2.533852239139378e-08
12.32	2.470187610015273e-08
12.33	2.404340193606913e-08
12.34	2.3361280909739435e-08
12.35	2.2771928342990577e-08
12.36	2.2144376998767257e-08
12.37	2.162960299756378e-08
12.38	2.114211383741349e-08
12.39	2.0658262656070292e-08
12.4	2.0152583601884544e-08
12.41	1.9672370399348438e-08
12.42	1.915759639814496e-08
12.43	1.8614628061186522e-08
12.44	1.815078576328233e-08
12.45	1.763601176207885e-08
12.46	1.7223101167473942e-08
12.47	1.6741978470236063e-08
12.48	1.6329067875631154e-08
12.49	1.5897967386990786e-08
12.5	1.5486875781789422e-08
12.51	1.5102159522939473e-08
12.52	1.4584657037630677e-08
12.53	1.4246325008571148e-08
12.54	1.3789758668281138e-08
12.55	1.3440512702800333e-08
12.56	1.305761543335393e-08
12.57	1.2742930266540498e-08
12.58	1.2450982467271388e-08
12.59	1.2115378922317177e-08
12.6	1.1811607691925019e-08
12.61	1.1454176274128258e-08
12.62	1.1177689884789288e-08
12.63	1.0782969184219837e-08
12.64	1.0481016943231225e-08
12.65	1.0111762094311416e-08
12.66	9.846189641393721e-09
12.67	9.593350114300847e-09
12.68	9.320501703768969e-09
12.69	9.138602763414383e-09
12.7	8.885763236321509e-09
12.71	8.663846529088914e-09
12.72	8.440110832452774e-09
12.73	8.159986464306712e-09
12.74	7.908965926617384e-09
12.75	7.650669431313872e-09
12.76	7.448761607520282e-09
12.77	7.185008144006133e-09
12.78	7.01948010828346e-09
12.79	6.781192496418953e-09
12.8	6.604750524275005e-09
12.81	6.348273018375039e-09
12.82	6.1536411521956325e-09
12.83	5.920810508541763e-09
12.84	5.737092578783631e-09
12.85	5.560650606639683e-09
12.86	5.366018740460277e-09
12.87	5.262336344458163e-09
12.88	5.135007086209953e-09
12.89	5.009496817365289e-09
12.9	4.856701707467437e-09
12.91	4.740286385640502e-09
12.92	4.589310265146196e-09
12.93	4.398316377773881e-09
12.94	4.261892172507942e-09
12.95	4.121829988434911e-09
12.96	4.016328603029251e-09
12.97	3.894456312991679e-09
12.98	3.768946044147015e-09
12.99	3.6725396057590842e-09
13.0	3.574314177967608e-09
13.01	3.434251993894577e-09
13.02	3.3141986932605505e-09
13.03	3.230525180697441e-09
13.04	3.1013769330456853e-09
13.05	2.9940565582364798e-09
13.06	2.8830982046201825e-09
13.07	2.7921487344428897e-09
13.08	2.7030182536691427e-09
13.09	2.6047928258776665e-09
13.1	2.5174813345074654e-09
13.11	2.408341970294714e-09
13.12	2.308297553099692e-09
13.13	2.2100721253082156e-09
13.14	2.117303665727377e-09
13.15	2.055458026006818e-09
13.16	1.988155418075621e-09
13.17	1.9226717995479703e-09
13.18	1.8826540326699615e-09
13.19	1.8353603081777692e-09
13.2	1.7589627532288432e-09
13.21	1.7280399333685637e-09
13.22	1.6516423784196377e-09
13.23	1.57160684466362e-09
13.24	1.5224941307678819e-09
13.25	1.4715624274685979e-09
13.26	1.418811734765768e-09
13.27	1.3496901374310255e-09
13.28	1.318767317570746e-09
13.29	1.2732925824820995e-09
13.3	1.2059899745509028e-09
13.31	1.1423253454267979e-09
13.32	1.0804797057062387e-09
13.33	1.025910023599863e-09
13.34	9.76797309704125e-10
13.35	9.276845958083868e-10
13.36	8.949427865445614e-10
13.37	8.840288501232862e-10
13.38	8.36735125631094e-10
13.39	7.894414011389017e-10
13.4	7.60337570682168e-10
13.41	7.203198038041592e-10
13.42	6.803020369261503e-10
13.43	6.366462912410498e-10
13.44	6.257323548197746e-10
13.45	5.966285243630409e-10
13.46	5.820766091346741e-10
13.47	5.638867150992155e-10
13.48	5.384208634495735e-10
13.49	5.311449058353901e-10
13.5	4.94765117764473e-10
13.51	4.729372449219227e-10
13.52	4.43833414465189e-10
13.53	4.220055416226387e-10
13.54	3.965396899729967e-10
13.55	3.80168785341084e-10
13.56	3.6561687011271715e-10
13.57	3.4378899727016687e-10
13.58	3.255991032347083e-10
13.59	3.055902197957039e-10
13.6	2.9467628337442875e-10
13.61	2.6557245291769505e-10
13.62	2.601154847070575e-10
13.63	2.3646862246096134e-10
13.64	2.128217602148652e-10
13.65	1.9826984498649836e-10
13.66	1.8189894035458565e-10
13.67	1.8189894035458565e-10
13.68	1.6007106751203537e-10
13.69	1.6007106751203537e-10
13.7	1.3096723705530167e-10
13.71	1.2369127944111824e-10
13.72	1.0913936421275139e-10
13.73	9.458744898438454e-11
13.74	9.458744898438454e-11
13.75	8.731149137020111e-11
13.76	8.731149137020111e-11
13.77	8.731149137020111e-11
13.78	8.731149137020111e-11
13.79	8.731149137020111e-11
13.8	8.003553375601768e-11
13.81	8.003553375601768e-11
13.82	6.548361852765083e-11
13.83	6.184563972055912e-11
13.84	5.093170329928398e-11
13.85	4.729372449219227e-11
13.86	4.001776687800884e-11
13.87	3.637978807091713e-11
13.88	2.9103830456733704e-11
13.89	1.8189894035458565e-11
13.9	1.8189894035458565e-11
13.91	7.275957614183426e-12
13.92	3.637978807091713e-12
13.93	3.637978807091713e-12
