0.21	0.0005005292565520847
0.22	0.00049801552480222
0.23	0.000495493339352393
0.24	0.000492976960230429
0.25	0.000490517527553358
0.26	0.0004880406526783787
0.27	0.00048558590587255424
0.28	0.0004830888750841922
0.29	0.0004806880609331543
0.3	0.0004782609602456134
0.31	0.00047583899552083864
0.32	0.0004734169605775662
0.33	0.0004710238620404539
0.34	0.0004686245829184088
0.35	0.000466263317425053
0.36	0.0004638928071178938
0.37	0.000461517299961578
0.38	0.00045921025452599906
0.39	0.00045686510877462894
0.4	0.00045454279933565545
0.41	0.00045221043443355313
0.42	0.00044992781512398494
0.43	0.0004476482345667776
0.44	0.000445363195972881
0.45	0.00044309102418527146
0.46	0.00044083506433434394
0.47	0.00043860150195129677
0.48	0.00043636711396732863
0.49	0.0004341471888080761
0.5	0.0004319333320044194
0.51	0.0004297378230946336
0.52	0.00042755499274527153
0.53	0.00042537514598528503
0.54	0.00042321018155355716
0.55	0.00042104818538479805
0.56	0.0004188883589604231
0.57	0.0004167712707197069
0.58	0.00041464541093905183
0.59	0.00041251834554234534
0.6	0.00041042737925689465
0.61	0.0004083321746932711
0.62	0.00040625205447764046
0.63	0.0004041742738474241
0.64	0.0004020971553675423
0.65	0.00040005840826218275
0.66	0.00039800530828326686
0.67	0.0003959834906597237
0.68	0.00039390325969179685
0.69	0.00039192731559367644
0.7	0.0003899028329117371
0.71	0.0003879243084856654
0.72	0.00038589967996394137
0.73	0.0003839334803927841
0.74	0.00038195920889982915
0.75	0.0003799920309157656
0.76	0.0003780213557078582
0.77	0.0003760833563459798
0.78	0.00037414449530626115
0.79	0.000372221552018992
0.8	0.00037028582090048445
0.81	0.0003683469330724165
0.82	0.0003664637152906991
0.83	0.00036459591281090553
0.84	0.0003626893559314226
0.85	0.0003608133935202318
0.86	0.00035892482178923046
0.87	0.00035710377886832845
0.88	0.00035524043441892417
0.89	0.00035340557986529575
0.9	0.00035155747014048444
0.91	0.00034975216901944606
0.92	0.0003479393415179999
0.93	0.00034614773049135295
0.94	0.0003443363308086589
0.95	0.00034256185143544116
0.96	0.000340801870439833
0.97	0.000339025897098999
0.98	0.0003372694211645211
0.99	0.0003355194646763593
1.0	0.000333802494367319
1.01	0.00033206517536221725
1.02	0.0003303421236076076
1.03	0.0003286179819061985
1.04	0.00032692982063409204
1.05	0.00032523601344180975
1.06	0.00032354545132040613
1.07	0.0003218499199464375
1.08	0.0003201874220746248
1.09	0.0003185305353303747
1.1	0.00031687266280311377
1.11	0.00031518368653493667
1.12	0.00031356422914097237
1.13	0.00031193856824618393
1.14	0.0003103161787212372
1.15	0.0003086712357873722
1.16	0.0003070784027370266
1.17	0.0003054654362388831
1.18	0.0003038867133264844
1.19	0.0003022638477379047
1.2	0.00030069710132885064
1.21	0.0002991019817732976
1.22	0.0002975660415209802
1.23	0.0002959775704551859
1.24	0.00029443025222519736
1.25	0.0002928696425730237
1.26	0.0002913508246571439
1.27	0.0002898080794562219
1.28	0.0002882862876898429
1.29	0.00028676681200501264
1.3	0.0002852596116635908
1.31	0.000283757758591463
1.32	0.0002822694271573667
1.33	0.00028078351642601973
1.34	0.0002793093826030102
1.35	0.0002778341185960542
1.36	0.00027636016987830914
1.37	0.00027489650135770205
1.38	0.00027347428452006994
1.39	0.000272029327957668
1.4	0.00027060130935741
1.41	0.0002691714254821065
1.42	0.00026775665032108265
1.43	0.00026634715120721353
1.44	0.00026494451140823827
1.45	0.0002635556609229539
1.46	0.0002621531923177045
1.47	0.0002607807596080036
1.48	0.0002593955001479742
1.49	0.0002580412672283927
1.5	0.0002566642419772336
1.51	0.0002553208520765793
1.52	0.0002539557131822079
1.53	0.00025263039756584504
1.54	0.00025127825405135695
1.55	0.0002499595795795173
1.56	0.0002486139769972695
1.57	0.00024732063030175055
1.58	0.0002459910042151847
1.59	0.00024469241646762896
1.6	0.00024337323475531747
1.61	0.00024208134152292615
1.62	0.00024079088058659437
1.63	0.00023952119677073114
1.64	0.00023823080966156596
1.65	0.00023696590652821925
1.66	0.0002356997859429555
1.67	0.0002344565874965454
1.68	0.0002331803476112171
1.69	0.0002319446389646984
1.7	0.00023069513549778264
1.71	0.0002294815401393535
1.72	0.00022823137702498997
1.73	0.0002270223580698172
1.74	0.00022580126159343905
1.75	0.0002246071837017638
1.76	0.0002233928987989131
1.77	0.00022219899432585066
1.78	0.0002210131979660801
1.79	0.00021983915820911193
1.8	0.000218659210672989
1.81	0.00021747956370887778
1.82	0.00021632153312722835
1.83	0.00021516799264897912
1.84	0.0002140219151529621
1.85	0.00021286247391927304
1.86	0.00021172987571116408
1.87	0.00021059890506869294
1.88	0.00020947309776886414
1.89	0.00020834451301343648
1.9	0.0002072329040476717
1.91	0.0002061182326871247
1.92	0.00020502388113730063
1.93	0.00020391498451566292
1.94	0.00020281974739244646
1.95	0.0002017288164006814
1.96	0.00020065476790165349
1.97	0.0001995693074174909
1.98	0.00019849286147533007
1.99	0.00019740985404848033
2.0	0.00019636609499773527
2.01	0.0001952967570986175
2.02	0.00019424880701990332
2.03	0.00019318192768924547
2.04	0.00019215300410024838
2.05	0.00019110267018440652
2.06	0.0001900764045839054
2.07	0.00018903498020783616
2.08	0.00018801815655766774
2.09	0.00018699483862061328
2.1	0.00018598154550897306
2.11	0.00018496722485394912
2.12	0.00018396652395047397
2.13	0.00018296751660606958
2.14	0.0001819748019098455
2.15	0.00018098008215883254
2.16	0.0001799947061860152
2.17	0.0001790213544659025
2.18	0.00017804953838229665
2.19	0.00017707378419196118
2.2	0.00017611348011126182
2.21	0.00017515125531630815
2.22	0.00017419827475961824
2.23	0.00017325436265824834
2.24	0.0001723080678823763
2.25	0.00017137713428283519
2.26	0.00017044774047647593
2.27	0.00016951883422677838
2.28	0.00016859759687903875
2.29	0.00016768150448775998
2.3	0.00016676716568486682
2.31	0.00016586346090896598
2.32	0.00016495348451339709
2.33	0.00016406244028210892
2.34	0.0001631626359870353
2.35	0.0001622801823142339
2.36	0.0001613901456885003
2.37	0.0001605118777936454
2.38	0.00015962654934309484
2.39	0.0001587600131518485
2.4	0.00015788951597706102
2.41	0.00015702908212400501
2.42	0.0001561660803766074
2.43	0.00015530674798736044
2.44	0.0001544572585103765
2.45	0.00015360794427188296
2.46	0.00015276749355130903
2.47	0.0001519166262236027
2.48	0.00015108626344328968
2.49	0.00015024679383301986
2.5	0.000149427473486341
2.51	0.00014860247899672885
2.52	0.00014778158952832854
2.53	0.00014696773986155875
2.54	0.00014614956827063708
2.55	0.00014534840176860797
2.56	0.0001445409148397303
2.57	0.0001437491772948718
2.58	0.00014295322937041277
2.59	0.00014216236056263654
2.6	0.00014137506150557755
2.61	0.00014059243316388859
2.62	0.00013982454164018776
2.63	0.00013904623178717657
2.64	0.00013827629288343246
2.65	0.00013750490007158334
2.66	0.0001367583739435574
2.67	0.00013599748403692047
2.68	0.0001352405194845474
2.69	0.00013449472756388303
2.7	0.00013375484223221434
2.71	0.0001330175465783512
2.72	0.00013227060993070694
2.73	0.00013154462728337535
2.74	0.00013081305019557732
2.75	0.00013010006716651645
2.76	0.0001293748522259719
2.77	0.00012865681378126936
2.78	0.00012794260777315714
2.79	0.00012724327255231316
2.8	0.00012653353084868257
2.81	0.00012582600550814504
2.82	0.00012512576674694742
2.83	0.00012443840455311772
2.84	0.00012374531380654474
2.85	0.00012305600989126475
2.86	0.00012236478410088125
2.87	0.00012168867000372785
2.88	0.00012101148540377693
2.89	0.00012033162708036116
2.9	0.00011965348266329556
2.91	0.0001189936014460713
2.92	0.00011832732794658796
2.93	0.0001176665499649232
2.94	0.00011699525628383611
2.95	0.00011635037364055023
2.96	0.00011569577417258614
2.97	0.0001150469767319251
2.98	0.00011439531904233746
2.99	0.00011374918866824402
3.0	0.00011311495128829563
3.01	0.00011248803795815832
3.02	0.00011184932667784864
3.03	0.00011121729472840514
3.04	0.00011059413681380192
3.05	0.00010997638476162308
3.06	0.00010935577604165303
3.07	0.00010874123724757823
3.08	0.0001081300020615572
3.09	0.00010752463223795417
3.1	0.0001069176550734241
3.11	0.00010631855456288974
3.12	0.0001057190635265215
3.13	0.00010512757389058436
3.14	0.00010453778218533216
3.15	0.00010395028078935553
3.16	0.00010336348394801576
3.17	0.00010278540151631432
3.18	0.00010220972361629777
3.19	0.00010163296066867389
3.2	0.00010106090587314043
3.21	0.00010048950605057172
3.22	9.992113569445848e-05
3.23	9.935958748830132e-05
3.24	9.880017815433462e-05
3.25	9.823823372290263e-05
3.26	9.769057379394042e-05
3.27	9.713324833704462e-05
3.28	9.659274159545816e-05
3.29	9.603401872926298e-05
3.3	9.549810551767735e-05
3.31	9.49513254875356e-05
3.32	9.442252582303468e-05
3.33	9.38756196440238e-05
3.34	9.33459322816077e-05
3.35	9.280962950164451e-05
3.36	9.22922029964468e-05
3.37	9.175905060843093e-05
3.38	9.123632285401584e-05
3.39	9.071063397847468e-05
3.4	9.020212337773614e-05
3.41	8.968369601713988e-05
3.42	8.917288475895901e-05
3.43	8.865807802749259e-05
3.44	8.815721845056856e-05
3.45	8.764977908182203e-05
3.46	8.715771834477692e-05
3.47	8.664963240434531e-05
3.48	8.615925896382493e-05
3.49	8.566617282568245e-05
3.5	8.518366530907429e-05
3.51	8.46870373107933e-05
3.52	8.420755663163249e-05
3.53	8.372724465921522e-05
3.54	8.325363843209033e-05
3.55	8.277157135605506e-05
3.56	8.229484113897456e-05
3.57	8.183124704252975e-05
3.58	8.13643727877178e-05
3.59	8.090247163039521e-05
3.6	8.043086397435673e-05
3.61	7.997444723795155e-05
3.62	7.952033978675388e-05
3.63	7.907063870415953e-05
3.64	7.860875005771817e-05
3.65	7.816301012120164e-05
3.66	7.771540558643153e-05
3.67	7.727592682194029e-05
3.68	7.68258836076896e-05
3.69	7.638704337775692e-05
3.7	7.594600612037539e-05
3.71	7.55189395897915e-05
3.72	7.507543845797215e-05
3.73	7.464435059301167e-05
3.74	7.421064205725969e-05
3.75	7.37939539448007e-05
3.76	7.336257949308589e-05
3.77	7.29393993106342e-05
3.78	7.250842247241707e-05
3.79	7.21020521039506e-05
3.8	7.167818692099814e-05
3.81	7.12700623823892e-05
3.82	7.084619186148444e-05
3.83	7.044317109361486e-05
3.84	7.00323839302186e-05
3.85	6.963057537046069e-05
3.86	6.921878558419081e-05
3.87	6.882106545536004e-05
3.88	6.842205455459549e-05
3.89	6.802567450492347e-05
3.9	6.76260122967065e-05
3.91	6.723582050316423e-05
3.92	6.684567762071936e-05
3.93	6.645935617477505e-05
3.94	6.606923010643584e-05
3.95	6.568699374387421e-05
3.96	6.530745976274233e-05
3.97	6.493119501538303e-05
3.98	6.455208955991054e-05
3.99	6.41776258980542e-05
4.0	6.380371886738345e-05
4.01	6.343597779512322e-05
4.02	6.306813898060426e-05
4.03	6.270036326938566e-05
4.04	6.233700084568028e-05
4.05	6.197186387524312e-05
4.06	6.161637152679589e-05
4.07	6.125426078185114e-05
4.08	6.090092345267806e-05
4.09	6.054221996620868e-05
4.1	6.019677987101346e-05
4.11	5.984054010710338e-05
4.12	5.949625108847556e-05
4.13	5.9141552809727216e-05
4.14	5.880441153838234e-05
4.15	5.8457061800076815e-05
4.16	5.811756364870746e-05
4.17	5.777249037830501e-05
4.18	5.7437459741294106e-05
4.19	5.7096888741448026e-05
4.2	5.6769567609471494e-05
4.21	5.643121692422426e-05
4.22	5.609898696690152e-05
4.23	5.5765664862761355e-05
4.24	5.544398768186909e-05
4.25	5.511294076310236e-05
4.26	5.479141003661425e-05
4.27	5.446394561836598e-05
4.28	5.414771252709727e-05
4.29	5.3825932296192036e-05
4.3	5.351019392474399e-05
4.31	5.319255023028546e-05
4.32	5.2880783791842134e-05
4.33	5.256793086605427e-05
4.34	5.2258380551784e-05
4.35	5.1945855025437027e-05
4.36	5.164399581403245e-05
4.37	5.133950235602924e-05
4.38	5.103437261322341e-05
4.39	5.073206879924186e-05
4.4	5.0432062626448726e-05
4.41	5.0139350582512066e-05
4.42	4.9842612487971394e-05
4.43	4.954715439353663e-05
4.44	4.92501734346007e-05
4.45	4.896881981153456e-05
4.46	4.86789986782199e-05
4.47	4.839168731329835e-05
4.48	4.8100143414941954e-05
4.49	4.782290105609377e-05
4.5	4.754217334568267e-05
4.51	4.725895389512402e-05
4.52	4.697771121886518e-05
4.53	4.670149476204699e-05
4.54	4.642693761791605e-05
4.55	4.6152602290128186e-05
4.56	4.5875442721943216e-05
4.57	4.560422836785705e-05
4.58	4.533517698579459e-05
4.59	4.506896753930789e-05
4.6	4.479492142994701e-05
4.61	4.45294511868255e-05
4.62	4.426423994186024e-05
4.63	4.400276745997189e-05
4.64	4.3737550224243193e-05
4.65	4.347559188122574e-05
4.66	4.3216475810403665e-05
4.67	4.2960269875713664e-05
4.68	4.270184655297271e-05
4.69	4.24416258981708e-05
4.7	4.2190396585262135e-05
4.71	4.194029019544132e-05
4.72	4.168816322103197e-05
4.73	4.143223482788727e-05
4.74	4.1188064210828657e-05
4.75	4.0942641307495364e-05
4.76	4.069930313654879e-05
4.77	4.045204158753535e-05
4.78	4.020957545058934e-05
4.79	3.9969566234532294e-05
4.8	3.973205590490636e-05
4.81	3.9494165491760214e-05
4.82	3.9255487953582247e-05
4.83	3.902068154371108e-05
4.84	3.878795495193543e-05
4.85	3.855499289517894e-05
4.86	3.832410946813525e-05
4.87	3.809427135603727e-05
4.88	3.786704295105636e-05
4.89	3.7639236902364814e-05
4.9	3.741463100936926e-05
4.91	3.718956773024473e-05
4.92	3.69677592590989e-05
4.93	3.674479469140124e-05
4.94	3.6522957280737955e-05
4.95	3.6304407085019363e-05
4.96	3.608604056193343e-05
4.97	3.5869498118401566e-05
4.98	3.5651294655991705e-05
4.99	3.543997674526622e-05
5.0	3.522504441466623e-05
5.01	3.5013343041789824e-05
5.02	3.480064317340492e-05
5.03	3.459331751809458e-05
5.04	3.438110821818441e-05
5.05	3.417457553656078e-05
5.06	3.3965605445551716e-05
5.07	3.3762116515845264e-05
5.08	3.355488822176511e-05
5.09	3.3351778458090564e-05
5.1	3.3148081142186925e-05
5.11	3.2949845981455894e-05
5.12	3.274742077241655e-05
5.13	3.254783319839305e-05
5.14	3.23488510858283e-05
5.15	3.215430668035424e-05
5.16	3.195827208646307e-05
5.17	3.176285988004679e-05
5.18	3.1566260413562475e-05
5.19	3.1375120017607117e-05
5.2	3.118544370117604e-05
5.21	3.099705498055272e-05
5.22	3.0804689071572966e-05
5.23	3.061646164326248e-05
5.24	3.0432462089002854e-05
5.25	3.0249254015402016e-05
5.26	3.006285342088688e-05
5.27	2.9880694469852642e-05
5.28	2.969980971290198e-05
5.29	2.952011183765535e-05
5.3	2.9337840588894437e-05
5.31	2.9159896715036382e-05
5.32	2.8983825413497755e-05
5.33	2.8807707233013957e-05
5.34	2.8631611487028863e-05
5.35	2.8454818896683776e-05
5.36	2.8284635473774244e-05
5.37	2.8111505712580254e-05
5.38	2.7942170314432246e-05
5.39	2.776731845699487e-05
5.4	2.7598970262943112e-05
5.41	2.743149270756362e-05
5.42	2.7265067214621297e-05
5.43	2.709437828141148e-05
5.44	2.6927998975523337e-05
5.45	2.6765323120514495e-05
5.46	2.6602255239538408e-05
5.47	2.6435978337957522e-05
5.48	2.627307979974347e-05
5.49	2.6112681602796783e-05
5.5	2.595541639749399e-05
5.51	2.5790606748010703e-05
5.52	2.5633629805454916e-05
5.53	2.547265435648427e-05
5.54	2.531972115438208e-05
5.55	2.5160704956839197e-05
5.56	2.5006404072769328e-05
5.57	2.484791466539349e-05
5.58	2.4698752230101206e-05
5.59	2.454392890793855e-05
5.6	2.439478106186499e-05
5.61	2.4240509834960733e-05
5.62	2.4092512191487003e-05
5.63	2.3942918894626075e-05
5.64	2.3796241973350618e-05
5.65	2.3646347812267265e-05
5.66	2.3501749624621482e-05
5.67	2.3355402701596972e-05
5.68	2.321109017167089e-05
5.69	2.306528112949735e-05
5.7	2.292422909988545e-05
5.71	2.278373092057251e-05
5.72	2.264296945586608e-05
5.73	2.2500288141102942e-05
5.74	2.236303346236923e-05
5.75	2.2224464675701938e-05
5.76	2.2088840581524494e-05
5.77	2.1950991748731497e-05
5.78	2.1814369350892093e-05
5.79	2.1679787893802427e-05
5.8	2.154565662504382e-05
5.81	2.1412677309484707e-05
5.82	2.127812030039422e-05
5.83	2.1148890435362944e-05
5.84	2.1014927811258133e-05
5.85	2.0887235789857073e-05
5.86	2.0753858025024385e-05
5.87	2.0627384532012627e-05
5.88	2.0496177397966164e-05
5.89	2.0371067822821942e-05
5.9	2.024161341118713e-05
5.91	2.011638897947421e-05
5.92	1.9988185735897446e-05
5.93	1.9866056596207216e-05
5.94	1.9738788060941204e-05
5.95	1.9618240528984643e-05
5.96	1.9492553974487237e-05
5.97	1.9371777965737635e-05
5.98	1.9247797697907743e-05
5.99	1.9130882707329988e-05
6.0	1.9007568069717706e-05
6.01	1.888946444594808e-05
6.02	1.8768874753050113e-05
6.03	1.8653419303404917e-05
6.04	1.853390799322341e-05
6.05	1.8419332143970735e-05
6.06	1.8301747523707945e-05
6.07	1.818849012913404e-05
6.08	1.8072722532735952e-05
6.09	1.7960546614403938e-05
6.1	1.7846120580422564e-05
6.11	1.7735794624051948e-05
6.12	1.762384442027809e-05
6.13	1.7512538055264315e-05
6.14	1.7401619607504415e-05
6.15	1.7293803000306696e-05
6.16	1.718637178260707e-05
6.17	1.7075736977290035e-05
6.18	1.6968561620700484e-05
6.19	1.6861001647328067e-05
6.2	1.6757929429900287e-05
6.21	1.6651065918082963e-05
6.22	1.654553220742372e-05
6.23	1.643941648676872e-05
6.24	1.6339387570951658e-05
6.25	1.6236024944049632e-05
6.26	1.6133162642262278e-05
6.27	1.6029466401334957e-05
6.28	1.5930826877230686e-05
6.29	1.5830729599208837e-05
6.3	1.5730106563083268e-05
6.31	1.5628329519401518e-05
6.32	1.5531851873973324e-05
6.33	1.543350726507242e-05
6.34	1.5336711549629456e-05
6.35	1.5235777678590523e-05
6.36	1.5141111787464467e-05
6.37	1.5044258698360125e-05
6.38	1.4950908392208362e-05
6.39	1.4852011303467805e-05
6.4	1.4759230885452723e-05
6.41	1.4664646950102167e-05
6.42	1.4572742935037297e-05
6.43	1.447767569207059e-05
6.44	1.4385034987185463e-05
6.45	1.429430443966595e-05
6.46	1.4204017454666484e-05
6.47	1.4111537520733464e-05
6.48	1.4020290672434044e-05
6.49	1.3931595945315678e-05
6.5	1.38442265287253e-05
6.51	1.3754497142137723e-05
6.52	1.3665736915413618e-05
6.53	1.3578178900353066e-05
6.54	1.3492812340309968e-05
6.55	1.3406677227045805e-05
6.56	1.3320256994298063e-05
6.57	1.3234462978850559e-05
6.58	1.3150718507937142e-05
6.59	1.3067241703801358e-05
6.6	1.2983795666166031e-05
6.61	1.2900225305756408e-05
6.62	1.2817939492038022e-05
6.63	1.2736961059189866e-05
6.64	1.265558625362928e-05
6.65	1.2574678604160283e-05
6.66	1.2493584117478918e-05
6.67	1.241452170219759e-05
6.68	1.2334680062231484e-05
6.69	1.2256479954508848e-05
6.7	1.2176045403933244e-05
6.71	1.2099403929433095e-05
6.72	1.2020976558169139e-05
6.73	1.194507587953808e-05
6.74	1.1866726719489407e-05
6.75	1.1790783282172868e-05
6.76	1.1715058571226677e-05
6.77	1.1639972987254055e-05
6.78	1.1564626708704395e-05
6.79	1.1489775363138222e-05
6.8	1.1415397490388557e-05
6.81	1.1342054069274354e-05
6.82	1.126833969689045e-05
6.83	1.1195190229962293e-05
6.84	1.1122059436097231e-05
6.85	1.1051170890397088e-05
6.86	1.0978904129821387e-05
6.87	1.0907615141775295e-05
6.88	1.083610049956718e-05
6.89	1.0766565007536144e-05
6.9	1.0697107279966644e-05
6.91	1.0627367625914985e-05
6.92	1.0557118389264986e-05
6.93	1.0488883992465503e-05
6.94	1.0421772097757298e-05
6.95	1.035453760334093e-05
6.96	1.0286176306273376e-05
6.97	1.0218477084045219e-05
6.98	1.0153438054771868e-05
6.99	1.0087939937619694e-05
7.0	1.0022659071573514e-05
7.01	9.956013656164941e-06
7.02	9.891932202243936e-06
7.03	9.82852108410981e-06
7.04	9.764992351612989e-06
7.05	9.700163454695598e-06
7.06	9.63753140847956e-06
7.07	9.575746965140297e-06
7.08	9.513874729805138e-06
7.09	9.451080548394941e-06
7.1	9.389493634159862e-06
7.11	9.32945306164612e-06
7.12	9.269415374824064e-06
7.13	9.208465589161108e-06
7.14	9.14790231387741e-06
7.15	9.088642658916513e-06
7.16	9.030596973325089e-06
7.17	8.971535906177053e-06
7.18	8.911784085796626e-06
7.19	8.853084974447256e-06
7.2	8.796467907856709e-06
7.21	8.738632774729638e-06
7.22	8.680462800114697e-06
7.23	8.62360495279546e-06
7.24	8.56765607615273e-06
7.25	8.511726838023037e-06
7.26	8.454577344885195e-06
7.27	8.398828543754178e-06
7.28	8.34362314883208e-06
7.29	8.289955519380499e-06
7.3	8.234232822701415e-06
7.31	8.180028260973415e-06
7.32	8.124924590902083e-06
7.33	8.073371672523422e-06
7.34	8.019382966573119e-06
7.35	7.966211897247888e-06
7.36	7.91268316646665e-06
7.37	7.861522574259538e-06
7.38	7.809759966725949e-06
7.39	7.758174489502778e-06
7.4	7.706521783390485e-06
7.41	7.655691176999824e-06
7.42	7.605573364877216e-06
7.43	7.555432970818288e-06
7.44	7.50534549176507e-06
7.45	7.456256340354628e-06
7.46	7.406919408481372e-06
7.47	7.358541192381551e-06
7.48	7.309642886532686e-06
7.49	7.2614842689944226e-06
7.5	7.213663202776388e-06
7.51	7.166322974150319e-06
7.52	7.118898224689474e-06
7.53	7.071567655891897e-06
7.54	7.024725071858029e-06
7.55	6.978755961561944e-06
7.56	6.932990220143154e-06
7.57	6.886295320640556e-06
7.58	6.840962230469927e-06
7.59	6.795640678625148e-06
7.6	6.751291038220586e-06
7.61	6.705748912594345e-06
7.62	6.66191362252988e-06
7.63	6.616707374895725e-06
7.64	6.573952433974739e-06
7.65	6.529282134515313e-06
7.66	6.486336896038836e-06
7.67	6.442022835173589e-06
7.68	6.400271818307601e-06
7.69	6.35714582131186e-06
7.7	6.314553520958555e-06
7.71	6.271448432570992e-06
7.72	6.230244943061791e-06
7.73	6.188430956122204e-06
7.74	6.147267979095261e-06
7.75	6.105252576382725e-06
7.76	6.0644134967091645e-06
7.77	6.023645980235415e-06
7.78	5.984358873334372e-06
7.79	5.9429506773511775e-06
7.8	5.903428207609807e-06
7.81	5.863250431836775e-06
7.82	5.8250500956091855e-06
7.83	5.785135790858931e-06
7.84	5.746535655326568e-06
7.85	5.70768894814222e-06
7.86	5.67007589591384e-06
7.87	5.631922665116917e-06
7.88	5.594107328477094e-06
7.89	5.556425989539093e-06
7.9	5.519889547223045e-06
7.91	5.48323849347554e-06
7.92	5.445739780007841e-06
7.93	5.4094383461489315e-06
7.94	5.373518676243805e-06
7.95	5.338115792064002e-06
7.96	5.301701800242142e-06
7.97	5.266341481124925e-06
7.98	5.2308585036797695e-06
7.99	5.196469150092753e-06
8.0	5.161246614093784e-06
8.01	5.126343602057659e-06
8.02	5.091558758607562e-06
8.03	5.0581576749308965e-06
8.04	5.0238656452705754e-06
8.05	4.98990768971197e-06
8.06	4.95507947562146e-06
8.07	4.923004823353949e-06
8.08	4.889412752895339e-06
8.09	4.856434119737685e-06
8.1	4.822194660469847e-06
8.11	4.790663469478318e-06
8.12	4.757842635427778e-06
8.13	4.726121374254433e-06
8.14	4.692805285699819e-06
8.15	4.661548344664368e-06
8.16	4.629466960892614e-06
8.17	4.598923568188695e-06
8.18	4.566474332889925e-06
8.19	4.535803172167618e-06
8.2	4.50450219435794e-06
8.21	4.474097511142361e-06
8.22	4.443483041072227e-06
8.23	4.413248461787589e-06
8.24	4.383217521386484e-06
8.25	4.353962777869924e-06
8.26	4.323791594984527e-06
8.27	4.294353384892702e-06
8.28	4.265080176146796e-06
8.29	4.236633576404358e-06
8.3	4.207502854569611e-06
8.31	4.178667959209292e-06
8.32	4.150090744836632e-06
8.33	4.122372204484748e-06
8.34	4.094174334667855e-06
8.35	4.066328015639442e-06
8.36	4.038480392765109e-06
8.37	4.010883832172851e-06
8.38	3.983822207231924e-06
8.39	3.956747598010679e-06
8.4	3.929867769869588e-06
8.41	3.902660421495341e-06
8.42	3.876700023219826e-06
8.43	3.8498498744488074e-06
8.44	3.823838184757733e-06
8.45	3.797151662432441e-06
8.46	3.7715075080768656e-06
8.47	3.7456195203233733e-06
8.48	3.72053707042852e-06
8.49	3.694217554084389e-06
8.5	3.6692231208945714e-06
8.51	3.6436780916915268e-06
8.52	3.6194210313311714e-06
8.53	3.5937376212658023e-06
8.54	3.5692060116332414e-06
8.55	3.54424263271369e-06
8.56	3.520175224203115e-06
8.57	3.495842307188468e-06
8.58	3.4718172985392926e-06
8.59	3.447257634903167e-06
8.6	3.4237497290590113e-06
8.61	3.3999610451473927e-06
8.62	3.376722182757419e-06
8.63	3.352532607081571e-06
8.64	3.3300499966415487e-06
8.65	3.30663116887564e-06
8.66	3.284100605682738e-06
8.67	3.260743860700188e-06
8.68	3.2386644974735646e-06
8.69	3.216274923723006e-06
8.7	3.1941298797022455e-06
8.71	3.171316215855313e-06
8.72	3.1496630104044243e-06
8.73	3.128399531426851e-06
8.74	3.106921676376828e-06
8.75	3.0850061341070045e-06
8.76	3.0633617278397196e-06
8.77	3.0427160844226364e-06
8.78	3.0218905413548214e-06
8.79	3.0008567923900387e-06
8.8	2.9797645479945345e-06
8.81	2.959411784964061e-06
8.82	2.9391565963265975e-06
8.83	2.9188964507653736e-06
8.84	2.898194785494468e-06
8.85	2.8783451284652983e-06
8.86	2.858505862235461e-06
8.87	2.8389403130546498e-06
8.88	2.81848067196222e-06
8.89	2.79908537859086e-06
8.9	2.7799126058880574e-06
8.91	2.7608288535319048e-06
8.92	2.741141511997114e-06
8.93	2.72207140650238e-06
8.94	2.7029371274522873e-06
8.95	2.684642955053107e-06
8.96	2.6654771110301567e-06
8.97	2.646936035688441e-06
8.98	2.6281499838631817e-06
8.99	2.610159257621092e-06
9.0	2.5915812491561496e-06
9.01	2.57337247155931e-06
9.02	2.555089027467261e-06
9.03	2.537476888164747e-06
9.04	2.5196816633155095e-06
9.05	2.501716668490417e-06
9.06	2.483995809043904e-06
9.07	2.4666598674727425e-06
9.08	2.4495175194871877e-06
9.09	2.4322268066256925e-06
9.1	2.4148117709898997e-06
9.11	2.397746097670961e-06
9.12	2.3812915550536218e-06
9.13	2.3644721220961173e-06
9.14	2.3476507058362017e-06
9.15	2.3310870522763594e-06
9.16	2.3148429741937093e-06
9.17	2.2987329364454467e-06
9.18	2.28244357369789e-06
9.19	2.2663720899984696e-06
9.2	2.2505151253682243e-06
9.21	2.2346051595789618e-06
9.22	2.219026161931481e-06
9.23	2.2032933006954636e-06
9.24	2.187938618725127e-06
9.25	2.1726158196955225e-06
9.26	2.1575181046173952e-06
9.27	2.142033578067526e-06
9.28	2.1271973427161583e-06
9.29	2.1122624502822873e-06
9.3	2.0975111683085856e-06
9.31	2.0826139213170336e-06
9.32	2.0678408967356177e-06
9.33	2.053142886815351e-06
9.34	2.038724487896104e-06
9.35	2.0243932361552197e-06
9.36	2.0097789716899683e-06
9.37	1.9954578025505043e-06
9.38	1.981333217493386e-06
9.39	1.9674276341419272e-06
9.4	1.9532634825125683e-06
9.41	1.9393292749469992e-06
9.42	1.925580100703428e-06
9.43	1.9120830518915e-06
9.44	1.8981962295328003e-06
9.45	1.8845441491777137e-06
9.46	1.870860966590726e-06
9.47	1.8579617533376336e-06
9.48	1.8445935108246658e-06
9.49	1.8311905458645583e-06
9.5	1.8180341472273653e-06
9.51	1.8052139072466389e-06
9.52	1.7922989448138082e-06
9.53	1.7793906446073038e-06
9.54	1.766599288188786e-06
9.55	1.7539536534272315e-06
9.56	1.7414518866942785e-06
9.57	1.7293605418799984e-06
9.58	1.7166168886362243e-06
9.59	1.704403397084775e-06
9.6	1.6922254655327151e-06
9.61	1.6805229483551898e-06
9.62	1.6682445798110734e-06
9.63	1.6560462716697089e-06
9.64	1.6445308830270733e-06
9.65	1.6330072662995576e-06
9.66	1.621288320485803e-06
9.67	1.609452279005552e-06
9.68	1.5980214671529325e-06
9.69	1.5867705993599657e-06
9.7	1.5755591222799126e-06
9.71	1.5638730905820353e-06
9.72	1.5527205992071913e-06
9.73	1.5417689454011452e-06
9.74	1.5310071814766957e-06
9.75	1.5198362852686387e-06
9.76	1.5087812226255437e-06
9.77	1.4979737050779818e-06
9.78	1.4876463030333298e-06
9.79	1.4766573297464447e-06
9.8	1.4660344449524132e-06
9.81	1.45522808026044e-06
9.82	1.4452497731909375e-06
9.83	1.4346392696040766e-06
9.84	1.4241411694371209e-06
9.85	1.4135153216798813e-06
9.86	1.403792106557944e-06
9.87	1.393497649715414e-06
9.88	1.383286800660244e-06
9.89	1.3729050953870114e-06
9.9	1.363301154633234e-06
9.91	1.3533286127298538e-06
9.92	1.3437142509786781e-06
9.93	1.3335161153094077e-06
9.94	1.3239017802035846e-06
9.95	1.3142374530872303e-06
9.96	1.304847587313418e-06
9.97	1.2951430070629044e-06
9.98	1.285712632359548e-06
9.99	1.2764429371259212e-06
10.0	1.2673660405582154e-06
10.01	1.2579509602872463e-06
10.02	1.2487313441056358e-06
10.03	1.239699487065593e-06
10.04	1.230887506586953e-06
10.05	1.221880857826818e-06
10.06	1.2129267998872706e-06
10.07	1.2040976340443876e-06
10.08	1.195552709276626e-06
10.09	1.186983997314428e-06
10.1	1.1782461371012687e-06
10.11	1.169687160462729e-06
10.12	1.1613337393967527e-06
10.13	1.1529506602769857e-06
10.14	1.1445566849843658e-06
10.15	1.1362761060951243e-06
10.16	1.1278576117490502e-06
10.17	1.1199516114501762e-06
10.18	1.111538703746362e-06
10.19	1.1035821501081955e-06
10.2	1.0952857030233076e-06
10.21	1.0875279059519016e-06
10.22	1.0794560472149328e-06
10.23	1.071723941592495e-06
10.24	1.0634626663730273e-06
10.25	1.0560114596103176e-06
10.26	1.0481118684069202e-06
10.27	1.0406671924201305e-06
10.28	1.0326656036951931e-06
10.29	1.0251754369861033e-06
10.3	1.0175535889445086e-06
10.31	1.0103770033964565e-06
10.32	1.002514765424678e-06
10.33	9.951705548516543e-07
10.34	9.87717596601101e-07
10.35	9.806967327108396e-07
10.36	9.73184672403704e-07
10.37	9.66108363975593e-07
10.38	9.586971039254877e-07
10.39	9.518170829281303e-07
10.4	9.447030109299703e-07
10.41	9.378372309853944e-07
10.42	9.307463768593038e-07
10.43	9.240221636730439e-07
10.44	9.171990491552151e-07
10.45	9.105006144594086e-07
10.46	9.034689609777047e-07
10.47	8.970545168907051e-07
10.48	8.904884483129649e-07
10.49	8.839481173694708e-07
10.5	8.772932416079016e-07
10.51	8.707259100404485e-07
10.52	8.645550764185828e-07
10.53	8.581691073317188e-07
10.54	8.51878724006383e-07
10.55	8.45351276979045e-07
10.56	8.393590986699451e-07
10.57	8.332482765993632e-07
10.58	8.271549809535372e-07
10.59	8.207594373033089e-07
10.6	8.149050794159507e-07
10.61	8.089053258331091e-07
10.62	8.030554283777747e-07
10.63	7.967427704258512e-07
10.64	7.910195707339085e-07
10.65	7.85145406467791e-07
10.66	7.795390963849513e-07
10.67	7.733761409056683e-07
10.68	7.676737343587092e-07
10.69	7.619165023342589e-07
10.7	7.56528308443194e-07
10.71	7.505163353016542e-07
10.72	7.450114054563528e-07
10.73	7.392673744277545e-07
10.74	7.339758960611675e-07
10.75	7.283152587689301e-07
10.76	7.229055283275443e-07
10.77	7.172973637281643e-07
10.78	7.121112055585854e-07
10.79	7.066828402457759e-07
10.8	7.014154999041011e-07
10.81	6.959528127126191e-07
10.82	6.909157566070689e-07
10.83	6.857364915902053e-07
10.84	6.805212491300949e-07
10.85	6.753128802827746e-07
10.86	6.703486210568599e-07
10.87	6.653691757563251e-07
10.88	6.60316518796833e-07
10.89	6.553301945544376e-07
10.9	6.504118248429336e-07
10.91	6.456508039320852e-07
10.92	6.408928934220626e-07
10.93	6.360276918471186e-07
10.94	6.311960794036509e-07
10.95	6.265479211009506e-07
10.96	6.21846636406076e-07
10.97	6.172480890853649e-07
10.98	6.124995950429479e-07
10.99	6.080225567473008e-07
11.0	6.034097834728414e-07
11.01	5.989972162723234e-07
11.02	5.943479290948517e-07
11.03	5.899521893226733e-07
11.04	5.854894320478365e-07
11.05	5.812173409225352e-07
11.06	5.766482145119767e-07
11.07	5.723856304484798e-07
11.08	5.679879730990933e-07
11.09	5.638472044822151e-07
11.1	5.595288703474921e-07
11.11	5.552934698727086e-07
11.12	5.509802205594383e-07
11.13	5.468603392344562e-07
11.14	5.427758802412086e-07
11.15	5.386629080561534e-07
11.16	5.344424423014971e-07
11.17	5.304412491469179e-07
11.18	5.263851852177481e-07
11.19	5.223664558684504e-07
11.2	5.182424818173104e-07
11.21	5.143506731641878e-07
11.22	5.104576290548835e-07
11.23	5.065447687968572e-07
11.24	5.026303675492727e-07
11.25	4.988114810089428e-07
11.26	4.950309699935929e-07
11.27	4.913082332080876e-07
11.28	4.875014685268297e-07
11.29	4.837169722549106e-07
11.3	4.800455313258567e-07
11.31	4.764504826226812e-07
11.32	4.7284465232166895e-07
11.33	4.691457435868074e-07
11.34	4.6555804722459015e-07
11.35	4.6207262194286614e-07
11.36	4.5863929365452805e-07
11.37	4.550540220193966e-07
11.38	4.515836389273886e-07
11.39	4.4820921996091556e-07
11.4	4.449285286867166e-07
11.41	4.4144756561337317e-07
11.42	4.380875511245108e-07
11.43	4.347392206227596e-07
11.44	4.3155176054909816e-07
11.45	4.282717220860377e-07
11.46	4.2490599572175825e-07
11.47	4.216505029575046e-07
11.48	4.1848919529741124e-07
11.49	4.1534194927805856e-07
11.5	4.120687364661535e-07
11.51	4.088297282933695e-07
11.52	4.05751372056784e-07
11.53	4.0268933698683895e-07
11.54	3.995596937755863e-07
11.55	3.9639745885722277e-07
11.56	3.933748784490376e-07
11.57	3.903977674468706e-07
11.58	3.8732295237764447e-07
11.59	3.8430489990304295e-07
11.6	3.812928293100981e-07
11.61	3.7844427946964743e-07
11.62	3.7550584952583677e-07
11.63	3.7251285966988235e-07
11.64	3.695562211802894e-07
11.65	3.6677418968622533e-07
11.66	3.639599936988702e-07
11.67	3.611241101708629e-07
11.68	3.581917171757709e-07
11.69	3.554775380720798e-07
11.7	3.5277764265373435e-07
11.71	3.5006643805957083e-07
11.72	3.4727035469472867e-07
11.73	3.44612685942991e-07
11.74	3.4196624909554885e-07
11.75	3.394220389196789e-07
11.76	3.367009915322683e-07
11.77	3.3409164679198966e-07
11.78	3.315281205118481e-07
11.79	3.2899903423810883e-07
11.8	3.264175436612504e-07
11.81	3.238792807280788e-07
11.82	3.2139243089090996e-07
11.83	3.1894589280767605e-07
11.84	3.16463209415474e-07
11.85	3.1398087152467724e-07
11.86	3.115404538789335e-07
11.87	3.091944122957102e-07
11.88	3.0676427797970973e-07
11.89	3.0436529208088814e-07
11.9	3.0198653178103996e-07
11.91	2.996722079373626e-07
11.92	2.9737781215288805e-07
11.93	2.9499933429377734e-07
11.94	2.927433238042454e-07
11.95	2.904095621758529e-07
11.96	2.882125844649863e-07
11.97	2.8588565825771184e-07
11.98	2.836934172023575e-07
11.99	2.81407670499334e-07
12.0	2.792618793989732e-07
12.01	2.7701824567571975e-07
12.02	2.7486114362318403e-07
12.03	2.7262422008789144e-07
12.04	2.705376385137015e-07
12.05	2.6834862776325963e-07
12.06	2.663230516120052e-07
12.07	2.641621366095137e-07
12.08	2.620539758524387e-07
12.09	2.5998392150228256e-07
12.1	2.580319939937681e-07
12.11	2.559043466021649e-07
12.12	2.5389693014687964e-07
12.13	2.5182059104622567e-07
12.14	2.499417952606109e-07
12.15	2.4792679909069193e-07
12.16	2.459963299727974e-07
12.17	2.4402260478950666e-07
12.18	2.421553251252817e-07
12.19	2.402399639223063e-07
12.2	2.3834994777871543e-07
12.21	2.3641977264787783e-07
12.22	2.346324974311642e-07
12.23	2.3282599137530724e-07
12.24	2.3096148282775175e-07
12.25	2.2910599373204832e-07
12.26	2.2735272242613291e-07
12.27	2.2561962076395048e-07
12.28	2.2380600572802223e-07
12.29	2.2203549399080202e-07
12.3	2.202434039588752e-07
12.31	2.1859787135980469e-07
12.32	2.1685257323156293e-07
12.33	2.1516015458189486e-07
12.34	2.133480769828111e-07
12.35	2.117416970648378e-07
12.36	2.100841953733834e-07
12.37	2.0841792203185605e-07
12.38	2.0663543054411093e-07
12.39	2.0508094422666545e-07
12.4	2.0347900608896907e-07
12.41	2.0187660165760235e-07
12.42	2.0016696833380365e-07
12.43	1.986277489152144e-07
12.44	1.9705956244564504e-07
12.45	1.9556029595690916e-07
12.46	1.938322471417564e-07
12.47	1.9235351533808398e-07
12.48	1.9077671442602195e-07
12.49	1.8935221923754852e-07
12.5	1.8771879695123062e-07
12.51	1.862431942001308e-07
12.52	1.8470379981039287e-07
12.53	1.832970752957408e-07
12.54	1.8177438576572058e-07
12.55	1.8032958948310807e-07
12.56	1.7883674097163293e-07
12.57	1.7746766189929986e-07
12.58	1.760286441054859e-07
12.59	1.7462182633209977e-07
12.6	1.731593135545495e-07
12.61	1.7184515943569068e-07
12.62	1.704698817661665e-07
12.63	1.6905001931633024e-07
12.64	1.676906080660956e-07
12.65	1.6638688915548983e-07
12.66	1.6508069311527152e-07
12.67	1.6374543143626852e-07
12.68	1.6242050016046505e-07
12.69	1.6111419043340902e-07
12.7	1.5985836387955032e-07
12.71	1.585842861473452e-07
12.72	1.5731178315547822e-07
12.73	1.5602039127315948e-07
12.74	1.5482586945836374e-07
12.75	1.5358314886526614e-07
12.76	1.5235924255563305e-07
12.77	1.5108696072019256e-07
12.78	1.4993790209416602e-07
12.79	1.4871050346698667e-07
12.8	1.4757303912205089e-07
12.81	1.4628847022635227e-07
12.82	1.451437432464786e-07
12.83	1.439403094494196e-07
12.84	1.428505660427959e-07
12.85	1.4159387085044273e-07
12.86	1.40474551102443e-07
12.87	1.3929854869587643e-07
12.88	1.3820909394723913e-07
12.89	1.370548696755236e-07
12.9	1.359536980771736e-07
12.91	1.3480387117681403e-07
12.92	1.3374697882539976e-07
12.93	1.3262612164055554e-07
12.94	1.3157740497149462e-07
12.95	1.3043506719156994e-07
12.96	1.2941104632346878e-07
12.97	1.2834396212468846e-07
12.98	1.273133456436426e-07
12.99	1.2622673484230518e-07
13.0	1.2523894898919252e-07
13.01	1.2420357098363866e-07
13.02	1.2321171549700694e-07
13.03	1.221736694034803e-07
13.04	1.2117979686365743e-07
13.05	1.2020117079458714e-07
13.06	1.1925612763974414e-07
13.07	1.182671702792959e-07
13.08	1.1727214310752743e-07
13.09	1.1633830077073526e-07
13.1	1.1542764521976778e-07
13.11	1.1449366787985582e-07
13.12	1.1351574258355868e-07
13.13	1.1260535348611711e-07
13.14	1.1172177671880945e-07
13.15	1.1083030049263698e-07
13.16	1.0987224374758853e-07
13.17	1.0898232538636421e-07
13.18	1.0810216544143714e-07
13.19	1.0726563193230731e-07
13.2	1.0634236513595852e-07
13.21	1.0546881590300927e-07
13.22	1.045976549818306e-07
13.23	1.0379705805974027e-07
13.24	1.0293696472984948e-07
13.25	1.0207229728109724e-07
13.26	1.0120678162195418e-07
13.27	1.0041865650123327e-07
13.28	9.960989011403854e-08
13.29	9.878821849440556e-08
13.3	9.790139809950915e-08
13.31	9.714616400202658e-08
13.32	9.633327291425076e-08
13.33	9.55476568975655e-08
13.34	9.470274520140265e-08
13.35	9.395257460909079e-08
13.36	9.317193239155586e-08
13.37	9.239379306080764e-08
13.38	9.158316949253731e-08
13.39	9.08366528662441e-08
13.4	9.009471479970443e-08
13.41	8.936161233208395e-08
13.42	8.858922129206803e-08
13.43	8.782534344220494e-08
13.44	8.71273684310836e-08
13.45	8.64305045311653e-08
13.46	8.568310772005816e-08
13.47	8.494956205140625e-08
13.48	8.425915432042075e-08
13.49	8.359246184141966e-08
13.5	8.289669750638495e-08
13.51	8.218485447741841e-08
13.52	8.150868513467913e-08
13.53	8.084976066413674e-08
13.54	8.019879427223486e-08
13.55	7.950836700132413e-08
13.56	7.885382924399664e-08
13.57	7.82101272633895e-08
13.58	7.759277309560275e-08
13.59	7.694333348240434e-08
13.6	7.630187859319904e-08
13.61	7.566354831567423e-08
13.62	7.505551025133173e-08
13.63	7.444349581220422e-08
13.64	7.381263156247542e-08
13.65	7.316492212083858e-08
13.66	7.258728640380241e-08
13.67	7.197384466195444e-08
13.68	7.136928203976822e-08
13.69	7.075203445339184e-08
13.7	7.017012304544323e-08
13.71	6.95902260261505e-08
13.72	6.900114879471175e-08
13.73	6.840665811580493e-08
13.74	6.783362493933964e-08
13.75	6.727352541702203e-08
13.76	6.670488428284216e-08
13.77	6.613905512153906e-08
13.78	6.556340981234143e-08
13.79	6.50266587243209e-08
13.8	6.44856354981016e-08
13.81	6.392276485911452e-08
13.82	6.337672076028866e-08
13.83	6.28388727719198e-08
13.84	6.231599680717181e-08
13.85	6.179897926728017e-08
13.86	6.12598327620617e-08
13.87	6.07284258435925e-08
13.88	6.022567422547809e-08
13.89	5.974733596758597e-08
13.9	5.92205786631439e-08
13.91	5.871602848372959e-08
13.92	5.821727988575276e-08
13.93	5.7751485371682065e-08
13.94	5.726376706149949e-08
13.95	5.6778701740256565e-08
13.96	5.628486832165436e-08
13.97	5.5828039968730536e-08
13.98	5.537052327753145e-08
13.99	5.490064847180065e-08
14.0	5.441460704247447e-08
14.01	5.397080649061081e-08
14.02	5.353815168973597e-08
14.03	5.307349937311301e-08
14.04	5.2608292833156156e-08
14.05	5.218209953028463e-08
14.06	5.175767725518199e-08
14.07	5.131805735913986e-08
14.08	5.0870829326754574e-08
14.09	5.0434604936810956e-08
14.1	5.002530745201739e-08
14.11	4.960992239233519e-08
14.12	4.9178524363924225e-08
14.13	4.873837422536553e-08
14.14	4.833542810445124e-08
14.15	4.793513319611975e-08
14.16	4.750972415479282e-08
14.17	4.707238243639722e-08
14.18	4.669089204156762e-08
14.19	4.6297613742751764e-08
14.2	4.590337177035053e-08
14.21	4.548098697654268e-08
14.22	4.509976747613109e-08
14.23	4.471467462963119e-08
14.24	4.4355572548226974e-08
14.25	4.3938777949392716e-08
14.26	4.356766947211099e-08
14.27	4.318672974790161e-08
14.28	4.284618437822019e-08
14.29	4.24571879875657e-08
14.3	4.2091902408003534e-08
14.31	4.172218570630548e-08
14.32	4.1385411542194106e-08
14.33	4.102622508384002e-08
14.34	4.067008685382234e-08
14.35	4.031600919773837e-08
14.36	3.998590969445104e-08
14.37	3.964488382024456e-08
14.38	3.930103975591237e-08
14.39	3.895960709598967e-08
14.4	3.864188435898086e-08
14.41	3.8311178229832876e-08
14.42	3.7977527789223586e-08
14.43	3.7646365136367876e-08
14.44	3.7327406054998846e-08
14.45	3.701121986665612e-08
14.46	3.669255743687927e-08
14.47	3.637757473029524e-08
14.48	3.605378307014462e-08
14.49	3.575246676490451e-08
14.5	3.544565085888962e-08
14.51	3.514312485464188e-08
14.52	3.482015031863739e-08
14.53	3.4534490822579755e-08
14.54	3.4232795265154436e-08
14.55	3.39457830733636e-08
14.56	3.363529810229693e-08
14.57	3.3355442852212036e-08
14.58	3.3062785398385586e-08
14.59	3.279772009534554e-08
14.6	3.248529534261024e-08
14.61	3.220827871075471e-08
14.62	3.192019537578972e-08
14.63	3.1664983524137824e-08
14.64	3.136993953489764e-08
14.65	3.109706092629949e-08
14.66	3.0816122098542564e-08
14.67	3.056191211214809e-08
14.68	3.0289757368962e-08
14.69	3.002482884539859e-08
14.7	2.9750095720260106e-08
14.71	2.9497810416501125e-08
14.72	2.9237910759150054e-08
14.73	2.898960005381923e-08
14.74	2.8717424882529485e-08
14.75	2.847750213419431e-08
14.76	2.8229099058307838e-08
14.77	2.7989072393097558e-08
14.78	2.772738749712289e-08
14.79	2.7494929888405295e-08
14.8	2.725861936170304e-08
14.81	2.7027851068339714e-08
14.82	2.678727106797396e-08
14.83	2.6548477194410225e-08
14.84	2.632395545987265e-08
14.85	2.610549199033585e-08
14.86	2.5875399600749915e-08
14.87	2.5634721012579575e-08
14.88	2.542347043998916e-08
14.89	2.521303255065277e-08
14.9	2.4991681613073524e-08
14.91	2.476100036119533e-08
14.92	2.455206882245875e-08
14.93	2.434500601111722e-08
14.94	2.413928168465418e-08
14.95	2.3913106161899123e-08
14.96	2.3704918028499833e-08
14.97	2.3494153289504993e-08
14.98	2.3301073959203222e-08
14.99	2.3078186472957896e-08
15.0	2.2872667315709805e-08
15.01	2.266470122691544e-08
15.02	2.248216102174183e-08
15.03	2.2274163846702777e-08
15.04	2.2075854921865812e-08
15.05	2.186435388296104e-08
15.06	2.1688233431405024e-08
15.07	2.1491662671735412e-08
15.08	2.1308874664782707e-08
15.09	2.110082153450321e-08
15.1	2.092521711460904e-08
15.11	2.0736142580801697e-08
15.12	2.055996795036208e-08
15.13	2.036161372842571e-08
15.14	2.018680600457401e-08
15.15	2.000595333839783e-08
15.16	1.9834504705329437e-08
15.17	1.964701024093074e-08
15.18	1.947395311674427e-08
15.19	1.9303719511754025e-08
15.2	1.9140015794505416e-08
15.21	1.895983636757137e-08
15.22	1.878641775476808e-08
15.23	1.8629523701463313e-08
15.24	1.8475033947140673e-08
15.25	1.830141815872821e-08
15.26	1.813561567587385e-08
15.27	1.797902715594546e-08
15.28	1.7827924914115556e-08
15.29	1.7666871521271332e-08
15.3	1.7504473426299683e-08
15.31	1.7351699632683903e-08
15.32	1.719831210778011e-08
15.33	1.704907415245316e-08
15.34	1.68899036978587e-08
15.35	1.6740053787600573e-08
15.36	1.659057513592188e-08
15.37	1.645353009394057e-08
15.38	1.63000262176638e-08
15.39	1.6156294968538987e-08
15.4	1.6008557146562907e-08
15.41	1.587592013407857e-08
15.42	1.5728709890083792e-08
15.43	1.5589908919366735e-08
15.44	1.5438736511441675e-08
15.45	1.5307761280780596e-08
15.46	1.5168499345463715e-08
15.47	1.5036343725682855e-08
15.48	1.4888105859256484e-08
15.49	1.4758482436150189e-08
15.5	1.461992393814171e-08
15.51	1.4489333288736361e-08
15.52	1.435525476267685e-08
15.53	1.423017614854416e-08
15.54	1.4096769973548362e-08
15.55	1.3971090950803955e-08
15.56	1.3841403578851441e-08
15.57	1.3714275048926083e-08
15.58	1.3592529768402528e-08
15.59	1.3472903681588377e-08
15.6	1.334367283334359e-08
15.61	1.3224472183992475e-08
15.62	1.3102796181385656e-08
15.63	1.299186536130037e-08
15.64	1.2870847498902549e-08
15.65	1.2753857525638068e-08
15.66	1.2636426127698996e-08
15.67	1.2523913461848224e-08
15.68	1.2417974204481652e-08
15.69	1.2300461094127968e-08
15.7	1.2184491637867723e-08
15.71	1.207728228536098e-08
15.72	1.1977664193807414e-08
15.73	1.1866404747706838e-08
15.74	1.1754655027118588e-08
15.75	1.1650152842435091e-08
15.76	1.1550247869251962e-08
15.77	1.1446846137630473e-08
15.78	1.1342144112802544e-08
15.79	1.1232608621014606e-08
15.8	1.1134065225348877e-08
15.81	1.1039078096075627e-08
15.82	1.0935679917167818e-08
15.83	1.0827972296567623e-08
15.84	1.0731836752597701e-08
15.85	1.0639690017910652e-08
15.86	1.0542126283041853e-08
15.87	1.043698993896669e-08
15.88	1.0345495127239701e-08
15.89	1.0253547344518665e-08
15.9	1.016017492361243e-08
15.91	1.0065082989285656e-08
15.92	9.96828131150096e-09
15.93	9.883085461126484e-09
15.94	9.793009070335756e-09
15.95	9.697732394897685e-09
15.96	9.604648631977852e-09
15.97	9.519483867848066e-09
15.98	9.434206305058979e-09
15.99	9.342744355933519e-09
16.0	9.252664412429112e-09
16.01	9.167172798640877e-09
16.02	9.083228391659759e-09
16.03	9.002972589655656e-09
16.04	8.914066818022093e-09
16.05	8.828166642160795e-09
16.06	8.747124802255257e-09
16.07	8.673464613195847e-09
16.08	8.591244160527367e-09
16.09	8.507247351019487e-09
16.1	8.430608211540402e-09
16.11	8.35819946587435e-09
16.12	8.280556684781004e-09
16.13	8.202015955305342e-09
16.14	8.126095352167795e-09
16.15	8.055094369296967e-09
16.16	7.982753125190811e-09
16.17	7.905021526255496e-09
16.18	7.828975689960771e-09
16.19	7.761682851992191e-09
16.2	7.69285524171437e-09
16.21	7.620486464077203e-09
16.22	7.547765967785836e-09
16.23	7.483031083665992e-09
16.24	7.417474634507926e-09
16.25	7.346868891033864e-09
16.26	7.278448066472265e-09
16.27	7.20888948535503e-09
16.28	7.144985936236026e-09
16.29	7.078016395212217e-09
16.3	7.011580649418647e-09
16.31	6.940211960682063e-09
16.32	6.877913349967457e-09
16.33	6.813998254528997e-09
16.34	6.748225978014943e-09
16.35	6.680733299901931e-09
16.36	6.620060943873796e-09
16.37	6.558587450911091e-09
16.38	6.499543125926266e-09
16.39	6.433383603621223e-09
16.4	6.37163921624051e-09
16.41	6.310778566387398e-09
16.42	6.257900864170551e-09
16.43	6.194392554448314e-09
16.44	6.1333169654176345e-09
16.45	6.075882907907726e-09
16.46	6.023422649548138e-09
16.47	5.963901372751934e-09
16.48	5.9059255264060084e-09
16.49	5.848700190824729e-09
16.5	5.795257607132953e-09
16.51	5.73996850050662e-09
16.52	5.689886783954989e-09
16.53	5.630965915770503e-09
16.54	5.579980033587617e-09
16.55	5.530788271812526e-09
16.56	5.480942810720535e-09
16.57	5.423987481378845e-09
16.58	5.376024958536618e-09
16.59	5.327783547670606e-09
16.6	5.278711689982174e-09
16.61	5.227887456271674e-09
16.62	5.175813555524655e-09
16.63	5.129711766471701e-09
16.64	5.083859555554682e-09
16.65	5.036461026008965e-09
16.66	4.983701451521938e-09
16.67	4.938212505578576e-09
16.68	4.894288530010726e-09
16.69	4.849343149260221e-09
16.7	4.79855266632967e-09
16.71	4.75643435748907e-09
16.72	4.71212402430865e-09
16.73	4.671005804368633e-09
16.74	4.620932969601199e-09
16.75	4.577692891416518e-09
16.76	4.531973019084035e-09
16.77	4.49623804854582e-09
16.78	4.4465480186772766e-09
16.79	4.4028700685316835e-09
16.8	4.359868022163482e-09
16.81	4.323760904867413e-09
16.82	4.278333243235011e-09
16.83	4.2363916818999314e-09
16.84	4.1919223647823856e-09
16.85	4.155408461770094e-09
16.86	4.113872797972817e-09
16.87	4.075644710610504e-09
16.88	4.031692313333224e-09
16.89	3.994273356511258e-09
16.9	3.957235428231343e-09
16.91	3.920291646863916e-09
16.92	3.878293242109976e-09
16.93	3.8429801563211186e-09
16.94	3.807111070841529e-09
16.95	3.771704726318603e-09
16.96	3.734223597007258e-09
16.97	3.69879415984542e-09
16.98	3.6640619427430465e-09
16.99	3.631225986566733e-09
17.0	3.596584363663169e-09
17.01	3.5599354575310826e-09
17.02	3.5279752452765933e-09
17.03	3.4960701000841254e-09
17.04	3.4619791478007755e-09
17.05	3.426954719998321e-09
17.06	3.3962717083113603e-09
17.07	3.3652076680823484e-09
17.08	3.3342777427947112e-09
17.09	3.2993359155852886e-09
17.1	3.2686013895499855e-09
17.11	3.2368951963235304e-09
17.12	3.2093758761675417e-09
17.13	3.1734694871943248e-09
17.14	3.1438665004657196e-09
17.15	3.1119382626343395e-09
17.16	3.085641964162278e-09
17.17	3.0512001814031464e-09
17.18	3.022658567886083e-09
17.19	2.989811065390313e-09
17.2	2.964386958126397e-09
17.21	2.934233300777578e-09
17.22	2.905594875812767e-09
17.23	2.8742332958131556e-09
17.24	2.848345559414156e-09
17.25	2.8209647950916406e-09
17.26	2.795118803078367e-09
17.27	2.764256379350627e-09
17.28	2.738283377823336e-09
17.29	2.7110251821227394e-09
17.3	2.685483835307423e-09
17.31	2.6567734678906163e-09
17.32	2.6322757307184474e-09
17.33	2.6053914581325444e-09
17.34	2.5811131010300414e-09
17.35	2.555474054588558e-09
17.36	2.529637832537901e-09
17.37	2.505756491189004e-09
17.38	2.482772210044004e-09
17.39	2.457085201967857e-09
17.4	2.43317366255269e-09
17.41	2.4098039119735404e-09
17.42	2.387730013708733e-09
17.43	2.3654562752994934e-09
17.44	2.341300486818909e-09
17.45	2.3184041353374596e-09
17.46	2.29580443544819e-09
17.47	2.275411858931875e-09
17.48	2.2517365749763485e-09
17.49	2.2300090662952243e-09
17.5	2.2072859096056163e-09
17.51	2.188405012759631e-09
17.52	2.165303492063231e-09
17.53	2.1448416376301793e-09
17.54	2.1220740720195863e-09
17.55	2.1040680309170057e-09
17.56	2.0838388792299156e-09
17.57	2.063327286805361e-09
17.58	2.0397434852270635e-09
17.59	2.021215195213699e-09
17.6	2.002188637106883e-09
17.61	1.9832260278462854e-09
17.62	1.9591759325976454e-09
17.63	1.940884786222341e-09
17.64	1.9216699342905486e-09
17.65	1.902934698705394e-09
17.66	1.8811814328500986e-09
17.67	1.863326382078867e-09
17.68	1.8446604244104492e-09
17.69	1.8277539481914573e-09
17.7	1.808067473518804e-09
17.71	1.7896821802310114e-09
17.72	1.7718377876008162e-09
17.73	1.756123246821062e-09
17.74	1.7371473148841687e-09
17.75	1.719251407905631e-09
17.76	1.702422203209153e-09
17.77	1.6871286590003365e-09
17.78	1.670135141296214e-09
17.79	1.6525678603329652e-09
17.8	1.6356400678319005e-09
17.81	1.6204433350708314e-09
17.82	1.6055929918934453e-09
17.83	1.5883072634892414e-09
17.84	1.5722783075489133e-09
17.85	1.5573107248201268e-09
17.86	1.5433530009545393e-09
17.87	1.5268319941696973e-09
17.88	1.511647695906504e-09
17.89	1.4966907713187538e-09
17.9	1.483217104691903e-09
17.91	1.467983956615626e-09
17.92	1.452321818362634e-09
17.93	1.4372130152651152e-09
17.94	1.4236363199415791e-09
17.95	1.409606653623996e-09
17.96	1.3953229682783785e-09
17.97	1.3797851750041445e-09
17.98	1.3673950860493278e-09
17.99	1.3540875087869608e-09
18.0	1.3401137977098188e-09
18.01	1.3245964325392379e-09
18.02	1.3129497489217101e-09
18.03	1.299746088534448e-09
18.04	1.2868577314861795e-09
18.05	1.2740057897531187e-09
18.06	1.2608465382868417e-09
18.07	1.248314340784873e-09
18.08	1.236099222978737e-09
18.09	1.2232526103161945e-09
18.1	1.2103802404794806e-09
18.11	1.1983098957557559e-09
18.12	1.1864198512512303e-09
18.13	1.17404042043745e-09
18.14	1.16177822917507e-09
18.15	1.1492637952414952e-09
18.16	1.1379279740708625e-09
18.17	1.1268213029325125e-09
18.18	1.1143983513761668e-09
18.19	1.1028546964553243e-09
18.2	1.0916592074750042e-09
18.21	1.0812506445745385e-09
18.22	1.0697238650436702e-09
18.23	1.0584511045408362e-09
18.24	1.0474758838086018e-09
18.25	1.0380034609625e-09
18.26	1.0271667960637387e-09
18.27	1.0169820541250374e-09
18.28	1.0059837407538907e-09
18.29	9.960947622289495e-10
18.3	9.868958983361154e-10
18.31	9.768834630108358e-10
18.32	9.66170254912413e-10
18.33	9.56976720090097e-10
18.34	9.484120155889286e-10
18.35	9.386775801090153e-10
18.36	9.275709089706652e-10
18.37	9.18999987220559e-10
18.38	9.105569631628896e-10
18.39	9.014229362946935e-10
18.4	8.923164429575081e-10
18.41	8.824692088182928e-10
18.42	8.738441081845849e-10
18.43	8.655201000351553e-10
18.44	8.569367437871733e-10
18.45	8.467120338195855e-10
18.46	8.378933102903829e-10
18.47	8.296252573813945e-10
18.48	8.211218371911855e-10
18.49	8.116165517435547e-10
18.5	8.034417575686348e-10
18.51	7.95298937816824e-10
18.52	7.873417473547306e-10
18.53	7.783160782537379e-10
18.54	7.705382998324239e-10
18.55	7.626193010423776e-10
18.56	7.556089087756845e-10
18.57	7.468639040553171e-10
18.58	7.391482981233821e-10
18.59	7.310188010478669e-10
18.6	7.24739379620587e-10
18.61	7.169642657345321e-10
18.62	7.090035225587599e-10
18.63	7.00840274703296e-10
18.64	6.93989754552149e-10
18.65	6.868789981240297e-10
18.66	6.795959350824887e-10
18.67	6.719389489262539e-10
18.68	6.654801154581946e-10
18.69	6.588463108414544e-10
18.7	6.521290174532623e-10
18.71	6.442917310778284e-10
18.72	6.384528461467198e-10
18.73	6.323643830796755e-10
18.74	6.255875817373635e-10
18.75	6.190603585309873e-10
18.76	6.127569562863755e-10
18.77	6.068612279364061e-10
18.78	6.005347330528821e-10
18.79	5.943725511770026e-10
18.8	5.877645037344337e-10
18.81	5.820046666826784e-10
18.82	5.7607607573118e-10
18.83	5.702025518417031e-10
18.84	5.636628941374511e-10
18.85	5.581064499438071e-10
18.86	5.525402357875464e-10
18.87	5.471036956805619e-10
18.88	5.40637756785145e-10
18.89	5.356639576348243e-10
18.9	5.301110661548591e-10
18.91	5.253584234310438e-10
18.92	5.18205034438779e-10
18.93	5.130313951440257e-10
18.94	5.074163311746815e-10
18.95	5.029505700804293e-10
18.96	4.965956534874749e-10
18.97	4.910214457254369e-10
18.98	4.855138513448765e-10
18.99	4.807771958326157e-10
19.0	4.750200233161195e-10
19.01	4.703650802184711e-10
19.02	4.6505821416076287e-10
19.03	4.602522807317655e-10
19.04	4.551976573452521e-10
19.05	4.509574935696037e-10
19.06	4.452296309409576e-10
19.07	4.4082870687134346e-10
19.08	4.362084027320634e-10
19.09	4.319549162801195e-10
19.1	4.2668091282394016e-10
19.11	4.22605950234356e-10
19.12	4.1810288564647635e-10
19.13	4.1399950134746177e-10
19.14	4.093552163908498e-10
19.15	4.050120239185162e-10
19.16	4.007452147902768e-10
19.17	3.9685943420408876e-10
19.18	3.9266012663574656e-10
19.19	3.880655796706378e-10
19.2	3.842686169264198e-10
19.21	3.8066527707769637e-10
19.22	3.7684966258666464e-10
19.23	3.723039654346394e-10
19.24	3.686428939886355e-10
19.25	3.6472869169301703e-10
19.26	3.6122305147046063e-10
19.27	3.568780826412876e-10
19.28	3.5319835944847e-10
19.29	3.488898059345047e-10
19.3	3.460298714230703e-10
19.31	3.419806660076574e-10
19.32	3.382734092838291e-10
19.33	3.338938014962878e-10
19.34	3.3101699159487907e-10
19.35	3.2741542810299507e-10
19.36	3.2386537895945366e-10
19.37	3.1964209057377957e-10
19.38	3.1672531264348436e-10
19.39	3.13415071673262e-10
19.4	3.1033664527058136e-10
19.41	3.058264752553441e-10
19.42	3.029754225281067e-10
19.43	2.9975222304301496e-10
19.44	2.9696156644831717e-10
19.45	2.9268765189272017e-10
19.46	2.8975399857245066e-10
19.47	2.86515700054224e-10
19.48	2.835376378129695e-10
19.49	2.799920295615266e-10
19.5	2.7703350724550546e-10
19.51	2.738023141546364e-10
19.52	2.7117597056758314e-10
19.53	2.679367838709368e-10
19.54	2.646896035685131e-10
19.55	2.6189717061697593e-10
19.56	2.595994530452117e-10
19.57	2.56873633475152e-10
19.58	2.537250409773151e-10
19.59	2.509903396230584e-10
19.6	2.488551587020993e-10
19.61	2.462625658949946e-10
19.62	2.432587464795688e-10
19.63	2.4067325909982173e-10
19.64	2.382671837608541e-10
19.65	2.360387441058265e-10
19.66	2.331530524202208e-10
19.67	2.3064217202772852e-10
19.68	2.2802293386803285e-10
19.69	2.2600321614163477e-10
19.7	2.233164764220419e-10
19.71	2.2079760242377233e-10
19.72	2.183959679769032e-10
19.73	2.163318413295201e-10
19.74	2.1379964465495505e-10
19.75	2.1184831666687387e-10
19.76	2.0870061234745663e-10
19.77	2.0677148881986795e-10
19.78	2.0447288306968403e-10
19.79	2.0244428355908894e-10
19.8	1.9938450890322201e-10
19.81	1.9729728961692672e-10
19.82	1.949960193314837e-10
19.83	1.9277024421171518e-10
19.84	1.9022827757453342e-10
19.85	1.8846613158984837e-10
19.86	1.8611601149132184e-10
19.87	1.84323667440367e-10
19.88	1.8197710005551926e-10
19.89	1.7992718426285137e-10
19.9	1.7785151129601218e-10
19.91	1.7619861125695024e-10
19.92	1.7405454855179414e-10
19.93	1.7215828762573437e-10
19.94	1.702051832808138e-10
19.95	1.6849721617973046e-10
19.96	1.665974025399919e-10
19.97	1.6470469432761092e-10
19.98	1.6263967950180813e-10
19.99	1.6084822362927298e-10
20.0	1.5927792418324316e-10
20.01	1.574465002818215e-10
20.02	1.5574208589441696e-10
20.03	1.538378313625799e-10
20.04	1.524824710941175e-10
20.05	1.5084467008819047e-10
20.06	1.4908252410350542e-10
20.07	1.4738876785713728e-10
20.08	1.4595258335248218e-10
20.09	1.4450662888521038e-10
20.1	1.4294876393705636e-10
20.11	1.4094592160063257e-10
20.12	1.3945289367711666e-10
20.13	1.3812684329650438e-10
20.14	1.3668532972133107e-10
20.15	1.3462653214446618e-10
20.16	1.332489674155113e-10
20.17	1.318367637281881e-10
20.18	1.3037126933568288e-10
20.19	1.2869971754980725e-10
20.2	1.2742873423121637e-10
20.21	1.2598189158552486e-10
20.22	1.247801861836706e-10
20.23	1.2328804643857438e-10
20.24	1.2159873108430475e-10
20.25	1.2010215044711003e-10
20.26	1.1893064311152557e-10
20.27	1.1735945548707605e-10
20.28	1.1594192272923465e-10
20.29	1.1458034521183436e-10
20.3	1.1342571326622419e-10
20.31	1.120366022178132e-10
20.32	1.1058087778792469e-10
20.33	1.091784440632182e-10
20.34	1.0804601657810053e-10
20.35	1.0701661778966809e-10
20.36	1.0574918718475601e-10
20.37	1.0442313680414372e-10
20.38	1.0307132924936013e-10
20.39	1.0222578339380561e-10
20.4	1.0097345182202844e-10
20.41	9.969536307607996e-11
20.42	9.864198347031561e-11
20.43	9.770761977279108e-11
20.44	9.668887912539503e-11
20.45	9.554668167766067e-11
20.46	9.442757686883851e-11
20.47	9.337419726307417e-11
20.48	9.253575683487725e-11
20.49	9.154899061059041e-11
20.5	9.023448654943422e-11
20.51	8.941736240331011e-11
20.52	8.852385491309178e-11
20.53	8.732570222491631e-11
20.54	8.633982417904917e-11
20.55	8.543654672621415e-11
20.56	8.448974853081381e-11
20.57	8.356693115274538e-11
20.58	8.262013295734505e-11
20.59	8.145573104911819e-11
20.6	8.039879872967504e-11
20.61	7.962341896927683e-11
20.62	7.865175177812489e-11
20.63	7.755396325137554e-11
20.64	7.671729918001802e-11
20.65	7.58575424697483e-11
20.66	7.492850784274196e-11
20.67	7.391509626586412e-11
20.68	7.310507754709761e-11
20.69	7.222134001949598e-11
20.7	7.149569825060098e-11
20.71	7.058620354882805e-11
20.72	6.965272802972322e-11
20.73	6.88249457425627e-11
20.74	6.826628151657133e-11
20.75	6.73736622047727e-11
20.76	6.651390549450298e-11
20.77	6.576605926511547e-11
20.78	6.508749095246458e-11
20.79	6.432898658204067e-11
20.8	6.361844384628057e-11
20.81	6.283773501536416e-11
20.82	6.207212521758265e-11
20.83	6.140599140280756e-11
20.84	6.083400450052068e-11
20.85	5.989964080299615e-11
20.86	5.926192869765146e-11
20.87	5.867928365432817e-11
20.88	5.794920099333467e-11
20.89	5.7201354763947165e-11
20.9	5.665867774951039e-11
20.91	5.60511637104355e-11
20.92	5.546674231027282e-11
20.93	5.487521548275254e-11
20.94	5.417710724486824e-11
20.95	5.347544629330514e-11
20.96	5.297273730775487e-11
20.97	5.243094847173779e-11
20.98	5.155964544201197e-11
20.99	5.10524955643632e-11
21.0	5.048761408943392e-11
21.01	4.984279655673163e-11
21.02	4.921130170032484e-11
21.03	4.8605564018089353e-11
21.04	4.8048676148937375e-11
21.05	4.760192240382821e-11
21.06	4.6990855651074526e-11
21.07	4.629274741319023e-11
21.08	4.573674772245795e-11
21.09	4.532463293571709e-11
21.1	4.4721559788740706e-11
21.11	4.409717035969152e-11
21.12	4.346389914644533e-11
21.13	4.311306867066378e-11
21.14	4.2439829428531084e-11
21.15	4.1943337691918714e-11
21.16	4.135536357807723e-11
21.17	4.091571526032567e-11
21.18	4.049294233254841e-11
21.19	4.014300003518656e-11
21.2	3.951594607087827e-11
21.21	3.9103831284137414e-11
21.22	3.8683722891619254e-11
21.23	3.83115761337649e-11
21.24	3.773692469621892e-11
21.25	3.737365972256157e-11
21.26	3.6926017799032707e-11
21.27	3.653699565120405e-11
21.28	3.6139091719178396e-11
21.29	3.5650593588343327e-11
21.3	3.519406988061746e-11
21.31	3.4869884757426917e-11
21.32	3.440625562234345e-11
21.33	3.389111213891738e-11
21.34	3.353406441419793e-11
21.35	3.3238301000437787e-11
21.36	3.2730262944369315e-11
21.37	3.2303937302913255e-11
21.38	3.196554132500751e-11
21.39	3.163158623920026e-11
21.4	3.1244340448211005e-11
21.41	3.0810021200977644e-11
21.42	3.0395241878977686e-11
21.43	2.9965363523842825e-11
21.44	2.970157453319189e-11
21.45	2.9254820788082725e-11
21.46	2.8888003100746573e-11
21.47	2.8532731732866523e-11
21.48	2.8283153596930788e-11
21.49	2.7848834349697427e-11
21.5	2.7539748259641783e-11
21.51	2.7186253248601133e-11
21.52	2.6930457863727497e-11
21.53	2.6630253557868855e-11
21.54	2.638511631403162e-11
21.55	2.5974777884130162e-11
21.56	2.566302725881542e-11
21.57	2.5358382060858276e-11
21.58	2.510880392492254e-11
21.59	2.467448467768918e-11
21.6	2.4447999180665647e-11
21.61	2.41069386675008e-11
21.62	2.3817392502678558e-11
21.63	2.355360351202762e-11
21.64	2.3250734670909878e-11
21.65	2.290434508722683e-11
21.66	2.2662760557068395e-11
21.67	2.2367885321727954e-11
21.68	2.2071233729548112e-11
21.69	2.1794122062601673e-11
21.7	2.155520206770234e-11
21.71	2.1227464230832993e-11
21.72	2.0956569812824455e-11
21.73	2.0736301564738824e-11
21.74	2.0529355992948695e-11
21.75	2.028333057069176e-11
21.76	2.0055956895248528e-11
21.77	1.9737989020995883e-11
21.78	1.949906902609655e-11
21.79	1.9319656985317124e-11
21.8	1.907896063357839e-11
21.81	1.8833823389741156e-11
21.82	1.8602008822199423e-11
21.83	1.84448012419125e-11
21.84	1.8199663998075266e-11
21.85	1.795097404055923e-11
21.86	1.7694290477265895e-11
21.87	1.751399025806677e-11
21.88	1.7341683644644945e-11
21.89	1.715871889018672e-11
21.9	1.6867396368525078e-11
21.91	1.666666804567285e-11
21.92	1.651478953590413e-11
21.93	1.6295409466238198e-11
21.94	1.6005863301415957e-11
21.95	1.5837109401672933e-11
21.96	1.5631052008302504e-11
21.97	1.5448087253844278e-11
21.98	1.5214496329463145e-11
21.99	1.5082157744927827e-11
22.0	1.4834355965831492e-11
22.01	1.468514199132187e-11
22.02	1.4489742738987843e-11
22.03	1.4297896200332616e-11
22.04	1.4123813230071391e-11
22.05	1.397371107714207e-11
22.06	1.3736567439082137e-11
22.07	1.3582912572474015e-11
22.08	1.3415046851150692e-11
22.09	1.3288037337133574e-11
22.1	1.3102408047416247e-11
22.11	1.2956746786585427e-11
22.12	1.2728484932722495e-11
22.13	1.2546408356683969e-11
22.14	1.2398970739013748e-11
22.15	1.2221335055073723e-11
22.16	1.2046363906392799e-11
22.17	1.1885603612427076e-11
22.18	1.1786127629420662e-11
22.19	1.163247276281254e-11
22.2	1.1440626224157313e-11
22.21	1.1313616710140195e-11
22.22	1.1216805262392882e-11
22.23	1.1104894781510666e-11
22.24	1.0973444375395047e-11
22.25	1.0828671292983927e-11
22.26	1.071054356316381e-11
22.27	1.0603962152799795e-11
22.28	1.0455636356709874e-11
22.29	1.028510610012745e-11
22.3	1.0176748332924035e-11
22.31	1.0050626997326617e-11
22.32	9.9236174833095e-12
22.33	9.78683800667568e-12
22.34	9.699796521545068e-12
22.35	9.559464331232448e-12
22.36	9.468870132423035e-12
22.37	9.354295116281719e-12
22.38	9.207745677031198e-12
22.39	9.097611552988383e-12
22.4	8.998135569981969e-12
22.41	8.819611707622244e-12
22.42	8.697931264123326e-12
22.43	8.563816322748607e-12
22.44	8.473222123939195e-12
22.45	8.337330825725076e-12
22.46	8.22186763116406e-12
22.47	8.098410830825742e-12
22.48	7.990053063622327e-12
22.49	7.87725440432041e-12
22.5	7.755573960821494e-12
22.51	7.648104372037778e-12
22.52	7.569056492684467e-12
22.53	7.51221307382366e-12
22.54	7.398526236102043e-12
22.55	7.276845792603126e-12
22.56	7.177369809596712e-12
22.57	7.116085498637403e-12
22.58	7.034373084024992e-12
22.59	6.9331207441791776e-12
22.6	6.838973831690964e-12
22.61	6.743050562363351e-12
22.62	6.66844357510854e-12
22.63	6.600053836791631e-12
22.64	6.482814285391214e-12
22.65	6.410871833395504e-12
22.66	6.360245663472597e-12
22.67	6.269651464663184e-12
22.68	6.165734589558269e-12
22.69	6.104450278598961e-12
22.7	6.041389610800252e-12
22.71	5.977440764581843e-12
22.72	5.894840171549731e-12
22.73	5.811351400097919e-12
22.74	5.737632591262809e-12
22.75	5.658584711909498e-12
22.76	5.583977724654687e-12
22.77	5.487166276907374e-12
22.78	5.406342040714662e-12
22.79	5.339728659237153e-12
22.8	5.279332526697544e-12
22.81	5.210054609960935e-12
22.82	5.1167958758924215e-12
22.83	5.055511564933113e-12
22.84	4.9897863618753036e-12
22.85	4.8974158062264905e-12
22.86	4.839684208945982e-12
22.87	4.781952611665474e-12
22.88	4.742872761198669e-12
22.89	4.6425085997725546e-12
22.9	4.567901612517744e-12
22.91	4.484412841065932e-12
22.92	4.4506620611173275e-12
22.93	4.389377750158019e-12
22.94	4.306777157125907e-12
22.95	4.241940132487798e-12
22.96	4.191313962564891e-12
22.97	4.134470543704083e-12
22.98	4.090949801138777e-12
22.99	4.021671884402167e-12
23.0	3.962163930282259e-12
23.01	3.9186431877169525e-12
23.02	3.863576125695545e-12
23.03	3.794298208958935e-12
23.04	3.750777466393629e-12
23.05	3.709033080667723e-12
23.06	3.676170479138818e-12
23.07	3.622879773956811e-12
23.08	3.5864644587491057e-12
23.09	3.5429437161837996e-12
23.1	3.517186542012496e-12
23.11	3.4807712268047908e-12
23.12	3.4061642395499803e-12
23.13	3.3590907833058736e-12
23.14	3.3173463975799677e-12
23.15	3.2818192607919627e-12
23.16	3.232969447708456e-12
23.17	3.1734614935885475e-12
23.18	3.1441516057384433e-12
23.19	3.099742684753437e-12
23.2	3.021582983819826e-12
23.21	2.993161274389422e-12
23.22	2.9594104944408173e-12
23.23	2.937206033948314e-12
23.24	2.8688162956314045e-12
23.25	2.8199664825478976e-12
23.26	2.7746693831431912e-12
23.27	2.750688565811288e-12
23.28	2.701838752727781e-12
23.29	2.653877118063974e-12
23.3	2.597033699203166e-12
23.31	2.566835632933362e-12
23.32	2.525091247207456e-12
23.33	2.5011104298755527e-12
23.34	2.453148795211746e-12
23.35	2.426503442620742e-12
23.36	2.3927526626721374e-12
23.37	2.369660023759934e-12
23.38	2.318145675417327e-12
23.39	2.2870594307278225e-12
23.4	2.2639667918156192e-12
23.41	2.2506441155201173e-12
23.42	2.2071233729548112e-12
23.43	2.1893598045608087e-12
23.44	2.1538326677728037e-12
23.45	2.1307400288606004e-12
23.46	2.085442929455894e-12
23.47	2.063238468963391e-12
23.48	2.0241586184965854e-12
23.49	1.9904078385479806e-12
23.5	1.9673151996357774e-12
23.51	1.9388934902053734e-12
23.52	1.91402449445377e-12
23.53	1.892708212380967e-12
23.54	1.8696155734687636e-12
23.55	1.84474657771716e-12
23.56	1.8198775819655566e-12
23.57	1.7994494783124537e-12
23.58	1.7816859099184512e-12
23.59	1.745270594710746e-12
23.6	1.7204015989591426e-12
23.61	1.6830981053317373e-12
23.62	1.673328142715036e-12
23.63	1.6440182548649318e-12
23.64	1.6209256159527285e-12
23.65	1.5756285165480222e-12
23.66	1.5685230891904212e-12
23.67	1.5365486660812167e-12
23.68	1.5196732761069143e-12
23.69	1.4885870314174099e-12
23.7	1.4717116414431075e-12
23.71	1.4566126083082054e-12
23.72	1.4450662888521038e-12
23.73	1.3962164757685969e-12
23.74	1.3740120152760937e-12
23.75	1.3580248037214915e-12
23.76	1.3447021274259896e-12
23.77	1.3136158827364852e-12
23.78	1.3011813848606835e-12
23.79	1.2789769243681803e-12
23.8	1.2594369991347776e-12
23.81	1.2372325386422744e-12
23.82	1.2256862191861728e-12
23.83	1.199040866595169e-12
23.84	1.1928236176572682e-12
23.85	1.177724584522366e-12
23.86	1.1581846592889633e-12
23.87	1.142197447734361e-12
23.88	1.1288747714388592e-12
23.89	1.1155520951433573e-12
23.9	1.098676705169055e-12
23.91	1.0889067425523535e-12
23.92	1.0800249583553523e-12
23.93	1.06314956838105e-12
23.94	1.0382805726294464e-12
23.95	1.0258460747536446e-12
23.96	1.0063061495202419e-12
23.97	1.0045297926808416e-12
23.98	9.832135106080386e-13
23.99	9.663381206337363e-13
24.0	9.530154443382344e-13
24.01	9.459100169806334e-13
24.02	9.228173780684301e-13
24.03	9.094947017729282e-13
24.04	8.961720254774264e-13
24.05	8.828493491819245e-13
24.06	8.704148513061227e-13
24.07	8.641976023682219e-13
24.08	8.339995360984176e-13
24.09	8.206768598029157e-13
24.1	8.109068971862143e-13
24.11	8.020251129892131e-13
24.12	7.789324740770098e-13
24.13	7.72715225139109e-13
24.14	7.602807272633072e-13
24.15	7.513989430663059e-13
24.16	7.380762667708041e-13
24.17	7.265299473147024e-13
24.18	7.087663789206999e-13
24.19	7.034373084024992e-13
24.2	6.989964163039986e-13
24.21	6.838973831690964e-13
24.22	6.750155989720952e-13
24.23	6.67021993194794e-13
24.24	6.581402089977928e-13
24.25	6.448175327022909e-13
24.26	6.394884621840902e-13
24.27	6.368239269249898e-13
24.28	6.226130722097878e-13
24.29	6.17284001691587e-13
24.3	6.066258606551855e-13
24.31	5.933031843596837e-13
24.32	5.915268275202834e-13
24.33	5.826450433232822e-13
24.34	5.693223670277803e-13
24.35	5.595524044110789e-13
24.36	5.577760475716786e-13
24.37	5.453415496958769e-13
24.38	5.337952302397753e-13
24.39	5.329070518200751e-13
24.4	5.266898028821743e-13
24.41	5.222489107836736e-13
24.42	5.17808018685173e-13
24.43	5.03597163969971e-13
24.44	4.938272013532696e-13
24.45	4.884981308350689e-13
24.46	4.831690603168681e-13
24.47	4.645173135031655e-13
24.48	4.627409566637652e-13
24.49	4.565237077258644e-13
24.5	4.4586556668946287e-13
24.51	4.4231285301066237e-13
24.52	4.360956040727615e-13
24.53	4.2366110619695974e-13
24.54	4.18332035678759e-13
24.55	4.1389114358025836e-13
24.56	4.04121180963557e-13
24.57	3.9523939676655573e-13
24.58	3.9168668308775523e-13
24.59	3.872457909892546e-13
24.6	3.765876499528531e-13
24.61	3.730349362740526e-13
24.62	3.6770586575585185e-13
24.63	3.588240815588506e-13
24.64	3.5438318946034997e-13
24.65	3.490541189421492e-13
24.66	3.4372504842394846e-13
24.67	3.4017233474514796e-13
24.68	3.4017233474514796e-13
24.69	3.348432642269472e-13
24.7	3.2862601528904634e-13
24.71	3.2862601528904634e-13
24.72	3.206324095117452e-13
24.73	3.135269821541442e-13
24.74	3.126388037344441e-13
24.75	3.064215547965432e-13
24.76	3.0375701953744283e-13
24.77	3.028688411177427e-13
24.78	2.948752353404416e-13
24.79	2.859934511434403e-13
24.8	2.8332891588433995e-13
24.81	2.815525590449397e-13
24.82	2.6645352591003757e-13
24.83	2.6556534749033744e-13
24.84	2.637889906509372e-13
24.85	2.5579538487363607e-13
24.86	2.540190280342358e-13
24.87	2.504663143554353e-13
24.88	2.4513724383723456e-13
24.89	2.424727085781342e-13
24.9	2.389199948993337e-13
24.91	2.318145675417327e-13
24.92	2.255973186038318e-13
24.93	2.2382096176443156e-13
24.94	2.220446049250313e-13
24.95	2.149391775674303e-13
24.96	2.1405099914773018e-13
24.97	2.1316282072803006e-13
24.98	2.078337502098293e-13
24.99	2.042810365310288e-13
25.0	2.0250467969162855e-13
25.01	2.007283228522283e-13
25.02	1.9984014443252818e-13
25.03	1.9806378759312793e-13
25.04	1.9451107391432743e-13
25.05	1.900701818158268e-13
25.06	1.8918200339612667e-13
25.07	1.8385293287792592e-13
25.08	1.7763568394002505e-13
25.09	1.7674750552032492e-13
25.1	1.7319479184152442e-13
25.11	1.6786572132332367e-13
25.12	1.6786572132332367e-13
25.13	1.6608936448392342e-13
25.14	1.6076029396572267e-13
25.15	1.5898393712632242e-13
25.16	1.5631940186722204e-13
25.17	1.4921397450962104e-13
25.18	1.4921397450962104e-13
25.19	1.4832579608992091e-13
25.2	1.438849039914203e-13
25.21	1.412203687323199e-13
25.22	1.3944401189291966e-13
25.23	1.376676550535194e-13
25.24	1.3589129821411916e-13
25.25	1.3500311979441904e-13
25.26	1.3145040611561853e-13
25.27	1.270095140171179e-13
25.28	1.2612133559741778e-13
25.29	1.2434497875801753e-13
25.3	1.2256862191861728e-13
25.31	1.2256862191861728e-13
25.32	1.2168044349891716e-13
25.33	1.199040866595169e-13
25.34	1.163513729807164e-13
25.35	1.1457501614131615e-13
25.36	1.1102230246251565e-13
25.37	1.1102230246251565e-13
25.38	1.1102230246251565e-13
25.39	1.0835776720341528e-13
25.4	1.056932319443149e-13
25.41	1.0480505352461478e-13
25.42	1.0302869668521453e-13
25.43	1.0036416142611415e-13
25.44	9.85878045867139e-14
25.45	9.85878045867139e-14
25.46	9.414691248821327e-14
25.47	9.414691248821327e-14
25.48	9.237055564881302e-14
25.49	8.970602038971265e-14
25.5	8.970602038971265e-14
25.51	8.881784197001252e-14
25.52	8.43769498715119e-14
25.53	8.43769498715119e-14
25.54	8.348877145181177e-14
25.55	8.260059303211165e-14
25.56	7.72715225139109e-14
25.57	7.72715225139109e-14
25.58	7.549516567451064e-14
25.59	7.460698725481052e-14
25.6	7.460698725481052e-14
25.61	7.016609515630989e-14
25.62	6.750155989720952e-14
25.63	6.750155989720952e-14
25.64	6.483702463810914e-14
25.65	6.306066779870889e-14
25.66	6.306066779870889e-14
25.67	6.306066779870889e-14
25.68	6.217248937900877e-14
25.69	6.039613253960852e-14
25.7	5.950795411990839e-14
25.71	5.950795411990839e-14
25.72	5.950795411990839e-14
25.73	5.950795411990839e-14
25.74	5.861977570020827e-14
25.75	5.861977570020827e-14
25.76	5.861977570020827e-14
25.77	5.684341886080802e-14
25.78	5.595524044110789e-14
25.79	5.5067062021407764e-14
25.8	5.5067062021407764e-14
25.81	5.1514348342607263e-14
25.82	5.1514348342607263e-14
25.83	5.1514348342607263e-14
25.84	4.973799150320701e-14
25.85	4.973799150320701e-14
25.86	4.973799150320701e-14
25.87	4.618527782440651e-14
25.88	4.618527782440651e-14
25.89	4.618527782440651e-14
25.9	4.440892098500626e-14
25.91	3.9968028886505635e-14
25.92	3.9968028886505635e-14
25.93	3.8191672047105385e-14
25.94	3.8191672047105385e-14
25.95	3.8191672047105385e-14
25.96	3.6415315207705135e-14
25.97	3.4638958368304884e-14
25.98	3.4638958368304884e-14
25.99	3.2862601528904634e-14
26.0	3.2862601528904634e-14
26.01	3.2862601528904634e-14
26.02	3.2862601528904634e-14
26.03	3.197442310920451e-14
26.04	3.197442310920451e-14
26.05	3.197442310920451e-14
26.06	3.108624468950438e-14
26.07	3.108624468950438e-14
26.08	3.108624468950438e-14
26.09	2.930988785010413e-14
26.1	2.842170943040401e-14
26.11	2.842170943040401e-14
26.12	2.842170943040401e-14
26.13	2.7533531010703882e-14
26.14	2.7533531010703882e-14
26.15	2.7533531010703882e-14
26.16	2.5757174171303632e-14
26.17	2.5757174171303632e-14
26.18	2.5757174171303632e-14
26.19	2.5757174171303632e-14
26.2	2.5757174171303632e-14
26.21	2.5757174171303632e-14
26.22	2.398081733190338e-14
26.23	2.398081733190338e-14
26.24	2.398081733190338e-14
26.25	2.3092638912203256e-14
26.26	2.042810365310288e-14
26.27	2.042810365310288e-14
26.28	1.9539925233402755e-14
26.29	1.9539925233402755e-14
26.3	1.9539925233402755e-14
26.31	1.9539925233402755e-14
26.32	1.7763568394002505e-14
26.33	1.7763568394002505e-14
26.34	1.7763568394002505e-14
26.35	1.5987211554602254e-14
26.36	1.5987211554602254e-14
26.37	1.5987211554602254e-14
26.38	1.4210854715202004e-14
26.39	1.4210854715202004e-14
26.4	1.4210854715202004e-14
26.41	1.3322676295501878e-14
26.42	1.3322676295501878e-14
26.43	1.3322676295501878e-14
26.44	1.2434497875801753e-14
26.45	1.2434497875801753e-14
26.46	1.2434497875801753e-14
26.47	1.2434497875801753e-14
26.48	1.2434497875801753e-14
26.49	1.2434497875801753e-14
26.5	1.2434497875801753e-14
26.51	1.1546319456101628e-14
26.52	1.1546319456101628e-14
26.53	1.1546319456101628e-14
26.54	1.1546319456101628e-14
26.55	1.1546319456101628e-14
26.56	1.1546319456101628e-14
26.57	1.1546319456101628e-14
26.58	1.1546319456101628e-14
26.59	1.1546319456101628e-14
26.6	1.1546319456101628e-14
26.61	9.769962616701378e-15
26.62	9.769962616701378e-15
26.63	9.769962616701378e-15
26.64	8.881784197001252e-15
26.65	8.881784197001252e-15
26.66	8.881784197001252e-15
26.67	7.993605777301127e-15
26.68	7.993605777301127e-15
26.69	7.105427357601002e-15
26.7	6.217248937900877e-15
26.71	6.217248937900877e-15
26.72	6.217248937900877e-15
26.73	5.329070518200751e-15
26.74	5.329070518200751e-15
26.75	5.329070518200751e-15
26.76	5.329070518200751e-15
26.77	5.329070518200751e-15
26.78	5.329070518200751e-15
26.79	4.440892098500626e-15
26.8	4.440892098500626e-15
26.81	4.440892098500626e-15
26.82	4.440892098500626e-15
26.83	4.440892098500626e-15
26.84	4.440892098500626e-15
26.85	4.440892098500626e-15
26.86	4.440892098500626e-15
26.87	4.440892098500626e-15
26.88	4.440892098500626e-15
26.89	4.440892098500626e-15
26.9	4.440892098500626e-15
26.91	4.440892098500626e-15
26.92	4.440892098500626e-15
26.93	4.440892098500626e-15
26.94	4.440892098500626e-15
26.95	4.440892098500626e-15
26.96	3.552713678800501e-15
26.97	3.552713678800501e-15
26.98	3.552713678800501e-15
26.99	2.6645352591003757e-15
27.0	2.6645352591003757e-15
27.01	2.6645352591003757e-15
27.02	2.6645352591003757e-15
27.03	2.6645352591003757e-15
27.04	2.6645352591003757e-15
27.05	2.6645352591003757e-15
27.06	2.6645352591003757e-15
27.07	2.6645352591003757e-15
27.08	2.6645352591003757e-15
27.09	1.7763568394002505e-15
27.1	1.7763568394002505e-15
27.11	1.7763568394002505e-15
27.12	1.7763568394002505e-15
27.13	1.7763568394002505e-15
27.14	8.881784197001252e-16
27.15	8.881784197001252e-16
27.16	8.881784197001252e-16
27.17	8.881784197001252e-16
27.18	8.881784197001252e-16
27.19	8.881784197001252e-16
27.2	8.881784197001252e-16
27.21	8.881784197001252e-16
27.22	8.881784197001252e-16
27.23	8.881784197001252e-16
27.24	8.881784197001252e-16
27.25	8.881784197001252e-16
27.26	8.881784197001252e-16
27.27	8.881784197001252e-16
27.28	8.881784197001252e-16
27.29	8.881784197001252e-16
27.3	8.881784197001252e-16
27.31	8.881784197001252e-16
27.32	8.881784197001252e-16
27.33	8.881784197001252e-16
27.34	8.881784197001252e-16
27.35	8.881784197001252e-16
27.36	8.881784197001252e-16
27.37	8.881784197001252e-16
27.38	8.881784197001252e-16
27.39	8.881784197001252e-16
27.4	8.881784197001252e-16
27.41	8.881784197001252e-16
27.42	8.881784197001252e-16
27.43	8.881784197001252e-16
