5.48	0.00048828125
5.49	0.0004730224609375
5.5	0.0004730224609375
5.51	0.0004730224609375
5.52	0.0004730224609375
5.53	0.0004730224609375
5.54	0.0004425048828125
5.55	0.00042724609375
5.56	0.00042724609375
5.57	0.00042724609375
5.58	0.00042724609375
5.59	0.00042724609375
5.6	0.00042724609375
5.61	0.0004119873046875
5.62	0.0004119873046875
5.63	0.0004119873046875
5.64	0.0004119873046875
5.65	0.0004119873046875
5.66	0.000396728515625
5.67	0.000396728515625
5.68	0.0003814697265625
5.69	0.0003662109375
5.7	0.0003662109375
5.71	0.0003509521484375
5.72	0.0003509521484375
5.73	0.0003509521484375
5.74	0.000335693359375
5.75	0.000335693359375
5.76	0.000335693359375
5.77	0.000335693359375
5.78	0.000335693359375
5.79	0.000335693359375
5.8	0.0003204345703125
5.81	0.0003204345703125
5.82	0.0003204345703125
5.83	0.0003204345703125
5.84	0.0003204345703125
5.85	0.0003204345703125
5.86	0.00030517578125
5.87	0.0002899169921875
5.88	0.000274658203125
5.89	0.000274658203125
5.9	0.000274658203125
5.91	0.000274658203125
5.92	0.0002593994140625
5.93	0.000244140625
5.94	0.0002288818359375
5.95	0.0002288818359375
5.96	0.0002288818359375
5.97	0.0002288818359375
5.98	0.0002288818359375
5.99	0.0002288818359375
6.0	0.000213623046875
6.01	0.000213623046875
6.02	0.000213623046875
6.03	0.000213623046875
6.04	0.000213623046875
6.05	0.000213623046875
6.06	0.000213623046875
6.07	0.000213623046875
6.08	0.000213623046875
6.09	0.0001983642578125
6.1	0.0001983642578125
6.11	0.0001983642578125
6.12	0.0001983642578125
6.13	0.0001983642578125
6.14	0.0001983642578125
6.15	0.00018310546875
6.16	0.00018310546875
6.17	0.00018310546875
6.18	0.00018310546875
6.19	0.00018310546875
6.2	0.00018310546875
6.21	0.00018310546875
6.22	0.00018310546875
6.23	0.00018310546875
6.24	0.00018310546875
6.25	0.00018310546875
6.26	0.0001678466796875
6.27	0.000152587890625
6.28	0.000152587890625
6.29	0.0001373291015625
6.3	0.0001373291015625
6.31	0.0001373291015625
6.32	0.0001373291015625
6.33	0.0001373291015625
6.34	0.0001373291015625
6.35	0.0001373291015625
6.36	0.0001373291015625
6.37	0.0001373291015625
6.38	0.0001373291015625
6.39	0.0001373291015625
6.4	0.0001373291015625
6.41	0.0001373291015625
6.42	0.0001373291015625
6.43	0.0001373291015625
6.44	0.0001373291015625
6.45	0.0001373291015625
6.46	0.0001373291015625
6.47	0.0001373291015625
6.48	0.0001220703125
6.49	0.0001220703125
6.5	0.0001220703125
6.51	0.0001220703125
6.52	0.0001220703125
6.53	0.0001068115234375
6.54	0.0001068115234375
6.55	0.0001068115234375
6.56	0.0001068115234375
6.57	0.0001068115234375
6.58	0.0001068115234375
6.59	0.0001068115234375
6.6	0.0001068115234375
6.61	0.0001068115234375
6.62	0.0001068115234375
6.63	0.0001068115234375
6.64	0.0001068115234375
6.65	0.0001068115234375
6.66	0.0001068115234375
6.67	0.0001068115234375
6.68	0.0001068115234375
6.69	0.0001068115234375
6.7	0.0001068115234375
6.71	0.0001068115234375
6.72	0.0001068115234375
6.73	0.0001068115234375
6.74	9.1552734375e-05
6.75	7.62939453125e-05
6.76	7.62939453125e-05
6.77	7.62939453125e-05
6.78	7.62939453125e-05
6.79	7.62939453125e-05
6.8	4.57763671875e-05
6.81	4.57763671875e-05
6.82	4.57763671875e-05
6.83	4.57763671875e-05
6.84	4.57763671875e-05
6.85	4.57763671875e-05
6.86	4.57763671875e-05
6.87	3.0517578125e-05
6.88	3.0517578125e-05
6.89	3.0517578125e-05
6.9	3.0517578125e-05
6.91	3.0517578125e-05
6.92	3.0517578125e-05
6.93	3.0517578125e-05
6.94	3.0517578125e-05
6.95	3.0517578125e-05
6.96	3.0517578125e-05
6.97	3.0517578125e-05
6.98	3.0517578125e-05
6.99	3.0517578125e-05
7.0	3.0517578125e-05
7.01	3.0517578125e-05
7.02	3.0517578125e-05
7.03	3.0517578125e-05
7.04	3.0517578125e-05
7.05	3.0517578125e-05
7.06	3.0517578125e-05
7.07	3.0517578125e-05
7.08	3.0517578125e-05
7.09	3.0517578125e-05
7.1	3.0517578125e-05
7.11	3.0517578125e-05
7.12	3.0517578125e-05
7.13	3.0517578125e-05
7.14	3.0517578125e-05
7.15	3.0517578125e-05
7.16	3.0517578125e-05
7.17	3.0517578125e-05
7.18	3.0517578125e-05
7.19	3.0517578125e-05
7.2	3.0517578125e-05
7.21	3.0517578125e-05
7.22	3.0517578125e-05
7.23	3.0517578125e-05
7.24	3.0517578125e-05
7.25	3.0517578125e-05
7.26	3.0517578125e-05
7.27	3.0517578125e-05
7.28	3.0517578125e-05
7.29	3.0517578125e-05
7.3	3.0517578125e-05
7.31	3.0517578125e-05
7.32	3.0517578125e-05
7.33	3.0517578125e-05
7.34	1.52587890625e-05
7.35	1.52587890625e-05
7.36	1.52587890625e-05
7.37	1.52587890625e-05
7.38	1.52587890625e-05
7.39	1.52587890625e-05
7.4	0.0
