5.85	0.0005092620849609375
5.86	0.000499725341796875
5.87	0.0004940032958984375
5.88	0.0004901885986328125
5.89	0.0004863739013671875
5.9	0.00048351287841796875
5.91	0.000476837158203125
5.92	0.00047016143798828125
5.93	0.0004634857177734375
5.94	0.00045871734619140625
5.95	0.00045490264892578125
5.96	0.00044918060302734375
5.97	0.00044727325439453125
5.98	0.0004444122314453125
5.99	0.00043773651123046875
6.0	0.00042819976806640625
6.01	0.0004253387451171875
6.02	0.00042057037353515625
6.03	0.00041866302490234375
6.04	0.0004119873046875
6.05	0.0004062652587890625
6.06	0.000396728515625
6.07	0.00039196014404296875
6.08	0.00039005279541015625
6.09	0.00038433074951171875
6.1	0.0003795623779296875
6.11	0.0003757476806640625
6.12	0.00037384033203125
6.13	0.000370025634765625
6.14	0.00036525726318359375
6.15	0.00035953521728515625
6.16	0.0003566741943359375
6.17	0.00035190582275390625
6.18	0.0003490447998046875
6.19	0.0003414154052734375
6.2	0.0003376007080078125
6.21	0.00033283233642578125
6.22	0.000331878662109375
6.23	0.00032711029052734375
6.24	0.00032329559326171875
6.25	0.0003204345703125
6.26	0.000316619873046875
6.27	0.000308990478515625
6.28	0.00030612945556640625
6.29	0.000301361083984375
6.3	0.00029850006103515625
6.31	0.00029468536376953125
6.32	0.0002899169921875
6.33	0.00028514862060546875
6.34	0.00028324127197265625
6.35	0.00028133392333984375
6.36	0.00027942657470703125
6.37	0.00027751922607421875
6.38	0.00027561187744140625
6.39	0.00027179718017578125
6.4	0.00026798248291015625
6.41	0.00026226043701171875
6.42	0.0002574920654296875
6.43	0.00025653839111328125
6.44	0.00025272369384765625
6.45	0.00025081634521484375
6.46	0.00024700164794921875
6.47	0.000244140625
6.48	0.00024127960205078125
6.49	0.00023651123046875
6.5	0.0002346038818359375
6.51	0.00023174285888671875
6.52	0.0002307891845703125
6.53	0.0002288818359375
6.54	0.0002231597900390625
6.55	0.00021839141845703125
6.56	0.00021266937255859375
6.57	0.00021266937255859375
6.58	0.0002117156982421875
6.59	0.00021076202392578125
6.6	0.00020503997802734375
6.61	0.0002040863037109375
6.62	0.000202178955078125
6.63	0.0002002716064453125
6.64	0.00019741058349609375
6.65	0.00019359588623046875
6.66	0.0001926422119140625
6.67	0.0001888275146484375
6.68	0.000186920166015625
6.69	0.00018310546875
6.7	0.0001811981201171875
6.71	0.000179290771484375
6.72	0.00017642974853515625
6.73	0.00017547607421875
6.74	0.000171661376953125
6.75	0.00016880035400390625
6.76	0.00016689300537109375
6.77	0.000164031982421875
6.78	0.0001583099365234375
6.79	0.000156402587890625
6.8	0.00015544891357421875
6.81	0.000152587890625
6.82	0.000148773193359375
6.83	0.0001468658447265625
6.84	0.00014591217041015625
6.85	0.00014495849609375
6.86	0.0001430511474609375
6.87	0.00014019012451171875
6.88	0.0001392364501953125
6.89	0.0001354217529296875
6.9	0.0001354217529296875
6.91	0.00013065338134765625
6.92	0.00012874603271484375
6.93	0.00012493133544921875
6.94	0.0001239776611328125
6.95	0.00012302398681640625
6.96	0.0001220703125
6.97	0.00011920928955078125
6.98	0.00011730194091796875
6.99	0.00011539459228515625
7.0	0.00011539459228515625
7.01	0.00011157989501953125
7.02	0.000110626220703125
7.03	0.00010776519775390625
7.04	0.0001049041748046875
7.05	0.00010204315185546875
7.06	0.0001010894775390625
7.07	9.918212890625e-05
7.08	9.918212890625e-05
7.09	9.632110595703125e-05
7.1	9.5367431640625e-05
7.11	9.34600830078125e-05
7.12	9.250640869140625e-05
7.13	9.059906005859375e-05
7.14	8.96453857421875e-05
7.15	8.96453857421875e-05
7.16	8.678436279296875e-05
7.17	8.58306884765625e-05
7.18	8.392333984375e-05
7.19	8.106231689453125e-05
7.2	8.0108642578125e-05
7.21	8.0108642578125e-05
7.22	8.0108642578125e-05
7.23	7.724761962890625e-05
7.24	7.534027099609375e-05
7.25	7.43865966796875e-05
7.26	7.2479248046875e-05
7.27	7.152557373046875e-05
7.28	7.05718994140625e-05
7.29	6.961822509765625e-05
7.3	6.961822509765625e-05
7.31	6.866455078125e-05
7.32	6.580352783203125e-05
7.33	6.4849853515625e-05
7.34	6.29425048828125e-05
7.35	6.29425048828125e-05
7.36	6.29425048828125e-05
7.37	6.29425048828125e-05
7.38	6.008148193359375e-05
7.39	5.817413330078125e-05
7.4	5.817413330078125e-05
7.41	5.626678466796875e-05
7.42	5.626678466796875e-05
7.43	5.53131103515625e-05
7.44	5.435943603515625e-05
7.45	5.435943603515625e-05
7.46	5.435943603515625e-05
7.47	5.054473876953125e-05
7.48	5.054473876953125e-05
7.49	4.9591064453125e-05
7.5	4.9591064453125e-05
7.51	4.9591064453125e-05
7.52	4.863739013671875e-05
7.53	4.76837158203125e-05
7.54	4.673004150390625e-05
7.55	4.57763671875e-05
7.56	4.38690185546875e-05
7.57	4.291534423828125e-05
7.58	4.291534423828125e-05
7.59	4.100799560546875e-05
7.6	4.00543212890625e-05
7.61	3.910064697265625e-05
7.62	3.814697265625e-05
7.63	3.814697265625e-05
7.64	3.719329833984375e-05
7.65	3.719329833984375e-05
7.66	3.719329833984375e-05
7.67	3.62396240234375e-05
7.68	3.62396240234375e-05
7.69	3.528594970703125e-05
7.7	3.4332275390625e-05
7.71	3.4332275390625e-05
7.72	3.4332275390625e-05
7.73	3.24249267578125e-05
7.74	3.147125244140625e-05
7.75	3.0517578125e-05
7.76	2.956390380859375e-05
7.77	2.86102294921875e-05
7.78	2.86102294921875e-05
7.79	2.6702880859375e-05
7.8	2.6702880859375e-05
7.81	2.47955322265625e-05
7.82	2.384185791015625e-05
7.83	2.384185791015625e-05
7.84	2.384185791015625e-05
7.85	2.288818359375e-05
7.86	2.288818359375e-05
7.87	2.193450927734375e-05
7.88	2.09808349609375e-05
7.89	2.09808349609375e-05
7.9	2.09808349609375e-05
7.91	2.002716064453125e-05
7.92	2.002716064453125e-05
7.93	2.002716064453125e-05
7.94	2.002716064453125e-05
7.95	2.002716064453125e-05
7.96	1.71661376953125e-05
7.97	1.621246337890625e-05
7.98	1.621246337890625e-05
7.99	1.621246337890625e-05
8.0	1.621246337890625e-05
8.01	1.52587890625e-05
8.02	1.430511474609375e-05
8.03	1.430511474609375e-05
8.04	1.33514404296875e-05
8.05	1.33514404296875e-05
8.06	1.33514404296875e-05
8.07	1.33514404296875e-05
8.08	1.33514404296875e-05
8.09	1.33514404296875e-05
8.1	1.1444091796875e-05
8.11	1.049041748046875e-05
8.12	1.049041748046875e-05
8.13	1.049041748046875e-05
8.14	1.049041748046875e-05
8.15	1.049041748046875e-05
8.16	1.049041748046875e-05
8.17	1.049041748046875e-05
8.18	1.049041748046875e-05
8.19	9.5367431640625e-06
8.2	9.5367431640625e-06
8.21	9.5367431640625e-06
8.22	9.5367431640625e-06
8.23	9.5367431640625e-06
8.24	8.58306884765625e-06
8.25	7.62939453125e-06
8.26	7.62939453125e-06
8.27	7.62939453125e-06
8.28	7.62939453125e-06
8.29	7.62939453125e-06
8.3	7.62939453125e-06
8.31	7.62939453125e-06
8.32	7.62939453125e-06
8.33	6.67572021484375e-06
8.34	6.67572021484375e-06
8.35	6.67572021484375e-06
8.36	6.67572021484375e-06
8.37	5.7220458984375e-06
8.38	5.7220458984375e-06
8.39	5.7220458984375e-06
8.4	5.7220458984375e-06
8.41	5.7220458984375e-06
8.42	5.7220458984375e-06
8.43	5.7220458984375e-06
8.44	5.7220458984375e-06
8.45	5.7220458984375e-06
8.46	5.7220458984375e-06
8.47	5.7220458984375e-06
8.48	4.76837158203125e-06
8.49	4.76837158203125e-06
8.5	4.76837158203125e-06
8.51	3.814697265625e-06
8.52	3.814697265625e-06
8.53	3.814697265625e-06
8.54	3.814697265625e-06
8.55	3.814697265625e-06
8.56	3.814697265625e-06
8.57	3.814697265625e-06
8.58	3.814697265625e-06
8.59	2.86102294921875e-06
8.6	2.86102294921875e-06
8.61	2.86102294921875e-06
8.62	2.86102294921875e-06
8.63	2.86102294921875e-06
8.64	2.86102294921875e-06
8.65	2.86102294921875e-06
8.66	2.86102294921875e-06
8.67	2.86102294921875e-06
8.68	2.86102294921875e-06
8.69	2.86102294921875e-06
8.7	2.86102294921875e-06
8.71	2.86102294921875e-06
8.72	2.86102294921875e-06
8.73	1.9073486328125e-06
8.74	9.5367431640625e-07
8.75	9.5367431640625e-07
8.76	9.5367431640625e-07
8.77	9.5367431640625e-07
8.78	9.5367431640625e-07
8.79	9.5367431640625e-07
8.8	9.5367431640625e-07
8.81	9.5367431640625e-07
8.82	9.5367431640625e-07
8.83	9.5367431640625e-07
8.84	9.5367431640625e-07
8.85	9.5367431640625e-07
8.86	9.5367431640625e-07
8.87	9.5367431640625e-07
8.88	9.5367431640625e-07
8.89	9.5367431640625e-07
8.9	9.5367431640625e-07
8.91	9.5367431640625e-07
8.92	9.5367431640625e-07
8.93	9.5367431640625e-07
8.94	9.5367431640625e-07
8.95	9.5367431640625e-07
8.96	9.5367431640625e-07
8.97	0.0
