5.26	0.0005016326904296875
5.27	0.0004935264587402344
5.28	0.0004825592041015625
5.29	0.00047850608825683594
5.3	0.00046634674072265625
5.31	0.0004611015319824219
5.32	0.0004551410675048828
5.33	0.0004544258117675781
5.34	0.0004534721374511719
5.35	0.0004527568817138672
5.36	0.00045180320739746094
5.37	0.0004506111145019531
5.38	0.0004467964172363281
5.39	0.0004420280456542969
5.4	0.00044083595275878906
5.41	0.0004317760467529297
5.42	0.0004265308380126953
5.43	0.0004222393035888672
5.44	0.0004208087921142578
5.45	0.000415802001953125
5.46	0.00041103363037109375
5.47	0.0004105567932128906
5.48	0.0004093647003173828
5.49	0.000408172607421875
5.5	0.0004029273986816406
5.51	0.00039887428283691406
5.52	0.0003871917724609375
5.53	0.00038170814514160156
5.54	0.00037550926208496094
5.55	0.0003693103790283203
5.56	0.0003681182861328125
5.57	0.0003674030303955078
5.58	0.00036716461181640625
5.59	0.0003628730773925781
5.6	0.00035834312438964844
5.61	0.0003542900085449219
5.62	0.0003464221954345703
5.63	0.00034427642822265625
5.64	0.0003428459167480469
5.65	0.00034165382385253906
5.66	0.00034046173095703125
5.67	0.00033926963806152344
5.68	0.00033855438232421875
5.69	0.0003345012664794922
5.7	0.0003306865692138672
5.71	0.0003304481506347656
5.72	0.00032520294189453125
5.73	0.00032401084899902344
5.74	0.0003228187561035156
5.75	0.00032210350036621094
5.76	0.00032138824462890625
5.77	0.0003211498260498047
5.78	0.00032067298889160156
5.79	0.00032019615173339844
5.8	0.00031638145446777344
5.81	0.0003159046173095703
5.82	0.0003142356872558594
5.83	0.00031280517578125
5.84	0.00031113624572753906
5.85	0.00031065940856933594
5.86	0.00030994415283203125
5.87	0.0003094673156738281
5.88	0.0003085136413574219
5.89	0.00030732154846191406
5.9	0.00030732154846191406
5.91	0.0003027915954589844
5.92	0.0003020763397216797
5.93	0.00029778480529785156
5.94	0.00029349327087402344
5.95	0.00028896331787109375
5.96	0.00028705596923828125
5.97	0.000286102294921875
5.98	0.00028443336486816406
5.99	0.00028324127197265625
6.0	0.0002830028533935547
6.01	0.00027871131896972656
6.02	0.000278472900390625
6.03	0.000274658203125
6.04	0.00026726722717285156
6.05	0.000263214111328125
6.06	0.0002620220184326172
6.07	0.00026035308837890625
6.08	0.0002593994140625
6.09	0.00025844573974609375
6.1	0.0002582073211669922
6.11	0.00025773048400878906
6.12	0.00025725364685058594
6.13	0.00025653839111328125
6.14	0.0002524852752685547
6.15	0.00025177001953125
6.16	0.0002510547637939453
6.17	0.0002493858337402344
6.18	0.0002486705780029297
6.19	0.000247955322265625
6.2	0.00024771690368652344
6.21	0.0002474784851074219
6.22	0.0002474784851074219
6.23	0.0002467632293701172
6.24	0.00024628639221191406
6.25	0.0002455711364746094
6.26	0.00024390220642089844
6.27	0.00024366378784179688
6.28	0.00024271011352539062
6.29	0.0002422332763671875
6.3	0.00024127960205078125
6.31	0.00024080276489257812
6.32	0.00023293495178222656
6.33	0.0002257823944091797
6.34	0.00021767616271972656
6.35	0.00021648406982421875
6.36	0.0002155303955078125
6.37	0.00021505355834960938
6.38	0.0002143383026123047
6.39	0.000213623046875
6.4	0.0002129077911376953
6.41	0.0002117156982421875
6.42	0.00020432472229003906
6.43	0.00020051002502441406
6.44	0.0002002716064453125
6.45	0.00019288063049316406
6.46	0.00019240379333496094
6.47	0.00018858909606933594
6.48	0.0001876354217529297
6.49	0.000186920166015625
6.5	0.00018644332885742188
6.51	0.00018644332885742188
6.52	0.0001862049102783203
6.53	0.0001862049102783203
6.54	0.00018596649169921875
6.55	0.0001819133758544922
6.56	0.0001780986785888672
6.57	0.00017452239990234375
6.58	0.00017404556274414062
6.59	0.0001723766326904297
6.6	0.00017189979553222656
6.61	0.0001709461212158203
6.62	0.0001709461212158203
6.63	0.0001709461212158203
6.64	0.0001704692840576172
6.65	0.00016999244689941406
6.66	0.00016617774963378906
6.67	0.00016236305236816406
6.68	0.00015807151794433594
6.69	0.000156402587890625
6.7	0.0001552104949951172
6.71	0.0001544952392578125
6.72	0.00015401840209960938
6.73	0.0001537799835205078
6.74	0.00014972686767578125
6.75	0.00014591217041015625
6.76	0.00014519691467285156
6.77	0.00014066696166992188
6.78	0.0001399517059326172
6.79	0.0001385211944580078
6.8	0.00013780593872070312
6.81	0.00013709068298339844
6.82	0.00013637542724609375
6.83	0.00013589859008789062
6.84	0.00013184547424316406
6.85	0.0001316070556640625
6.86	0.00013113021850585938
6.87	0.0001304149627685547
6.88	0.00012922286987304688
6.89	0.00012803077697753906
6.9	0.0001277923583984375
6.91	0.00012683868408203125
6.92	0.00012636184692382812
6.93	0.00012540817260742188
6.94	0.00012493133544921875
6.95	0.0001246929168701172
6.96	0.00012445449829101562
6.97	0.00012040138244628906
6.98	0.0001201629638671875
6.99	0.00011563301086425781
7.0	0.00011467933654785156
7.01	0.00011348724365234375
7.02	0.0001125335693359375
7.03	0.00011229515075683594
7.04	0.00011181831359863281
7.05	0.00011157989501953125
7.06	0.00011157989501953125
7.07	0.00010800361633300781
7.08	0.00010442733764648438
7.09	0.00010442733764648438
7.1	9.989738464355469e-05
7.11	9.799003601074219e-05
7.12	9.751319885253906e-05
7.13	9.703636169433594e-05
7.14	9.655952453613281e-05
7.15	9.632110595703125e-05
7.16	9.584426879882812e-05
7.17	9.584426879882812e-05
7.18	9.226799011230469e-05
7.19	9.179115295410156e-05
7.2	9.107589721679688e-05
7.21	8.940696716308594e-05
7.22	8.845329284667969e-05
7.23	8.797645568847656e-05
7.24	8.749961853027344e-05
7.25	8.726119995117188e-05
7.26	8.726119995117188e-05
7.27	8.678436279296875e-05
7.28	8.630752563476562e-05
7.29	8.535385131835938e-05
7.3	8.416175842285156e-05
7.31	8.368492126464844e-05
7.32	8.273124694824219e-05
7.33	8.225440979003906e-05
7.34	8.130073547363281e-05
7.35	8.058547973632812e-05
7.36	8.0108642578125e-05
7.37	7.987022399902344e-05
7.38	7.915496826171875e-05
7.39	7.843971252441406e-05
7.4	7.796287536621094e-05
7.41	7.748603820800781e-05
7.42	7.724761962890625e-05
7.43	7.653236389160156e-05
7.44	7.62939453125e-05
7.45	7.534027099609375e-05
7.46	7.510185241699219e-05
7.47	7.486343383789062e-05
7.48	7.462501525878906e-05
7.49	7.43865966796875e-05
7.5	7.414817810058594e-05
7.51	7.367134094238281e-05
7.52	7.319450378417969e-05
7.53	7.271766662597656e-05
7.54	7.224082946777344e-05
7.55	7.176399230957031e-05
7.56	7.128715515136719e-05
7.57	7.104873657226562e-05
7.58	7.104873657226562e-05
7.59	7.081031799316406e-05
7.6	7.081031799316406e-05
7.61	7.05718994140625e-05
7.62	7.009506225585938e-05
7.63	6.890296936035156e-05
7.64	6.794929504394531e-05
7.65	6.771087646484375e-05
7.66	6.747245788574219e-05
7.67	6.747245788574219e-05
7.68	6.747245788574219e-05
7.69	6.747245788574219e-05
7.7	6.389617919921875e-05
7.71	6.365776062011719e-05
7.72	6.008148193359375e-05
7.73	5.91278076171875e-05
7.74	5.8650970458984375e-05
7.75	5.841255187988281e-05
7.76	5.793571472167969e-05
7.77	5.793571472167969e-05
7.78	5.7697296142578125e-05
7.79	5.745887756347656e-05
7.8	5.3882598876953125e-05
7.81	5.364418029785156e-05
7.82	5.364418029785156e-05
7.83	5.364418029785156e-05
7.84	5.340576171875e-05
7.85	5.340576171875e-05
7.86	5.269050598144531e-05
7.87	5.269050598144531e-05
7.88	5.245208740234375e-05
7.89	5.245208740234375e-05
7.9	5.1975250244140625e-05
7.91	5.1975250244140625e-05
7.92	5.14984130859375e-05
7.93	5.14984130859375e-05
7.94	5.125999450683594e-05
7.95	5.125999450683594e-05
7.96	5.078315734863281e-05
7.97	5.0067901611328125e-05
7.98	5.0067901611328125e-05
7.99	4.9591064453125e-05
8.0	4.9591064453125e-05
8.01	4.935264587402344e-05
8.02	4.863739013671875e-05
8.03	4.839897155761719e-05
8.04	4.8160552978515625e-05
8.05	4.792213439941406e-05
8.06	4.7206878662109375e-05
8.07	4.696846008300781e-05
8.08	4.6253204345703125e-05
8.09	4.601478576660156e-05
8.1	4.601478576660156e-05
8.11	4.601478576660156e-05
8.12	4.220008850097656e-05
8.13	3.838539123535156e-05
8.14	3.7670135498046875e-05
8.15	3.6716461181640625e-05
8.16	3.647804260253906e-05
8.17	3.552436828613281e-05
8.18	3.552436828613281e-05
8.19	3.552436828613281e-05
8.2	3.552436828613281e-05
8.21	3.552436828613281e-05
8.22	3.1948089599609375e-05
8.23	3.1948089599609375e-05
8.24	3.1948089599609375e-05
8.25	3.123283386230469e-05
8.26	3.0994415283203125e-05
8.27	3.0517578125e-05
8.28	3.0517578125e-05
8.29	3.0517578125e-05
8.3	3.0517578125e-05
8.31	3.0517578125e-05
8.32	3.0517578125e-05
8.33	3.0517578125e-05
8.34	3.0279159545898438e-05
8.35	3.0040740966796875e-05
8.36	2.9802322387695312e-05
8.37	2.9802322387695312e-05
8.38	2.9325485229492188e-05
8.39	2.9087066650390625e-05
8.4	2.86102294921875e-05
8.41	2.86102294921875e-05
8.42	2.86102294921875e-05
8.43	2.8371810913085938e-05
8.44	2.765655517578125e-05
8.45	2.7418136596679688e-05
8.46	2.7418136596679688e-05
8.47	2.7418136596679688e-05
8.48	2.7179718017578125e-05
8.49	2.574920654296875e-05
8.5	2.5510787963867188e-05
8.51	2.5272369384765625e-05
8.52	2.5272369384765625e-05
8.53	2.47955322265625e-05
8.54	2.4318695068359375e-05
8.55	2.4318695068359375e-05
8.56	2.384185791015625e-05
8.57	2.384185791015625e-05
8.58	2.3126602172851562e-05
8.59	2.2411346435546875e-05
8.6	2.2172927856445312e-05
8.61	2.193450927734375e-05
8.62	2.193450927734375e-05
8.63	2.1696090698242188e-05
8.64	2.1696090698242188e-05
8.65	2.1696090698242188e-05
8.66	2.1219253540039062e-05
8.67	2.0265579223632812e-05
8.68	1.9550323486328125e-05
8.69	1.9311904907226562e-05
8.7	1.9073486328125e-05
8.71	1.9073486328125e-05
8.72	1.9073486328125e-05
8.73	1.9073486328125e-05
8.74	1.9073486328125e-05
8.75	1.9073486328125e-05
8.76	1.8835067749023438e-05
8.77	1.7881393432617188e-05
8.78	1.7642974853515625e-05
8.79	1.6927719116210938e-05
8.8	1.6689300537109375e-05
8.81	1.6450881958007812e-05
8.82	1.6450881958007812e-05
8.83	1.6450881958007812e-05
8.84	1.6450881958007812e-05
8.85	1.6450881958007812e-05
8.86	1.6450881958007812e-05
8.87	1.6450881958007812e-05
8.88	1.5974044799804688e-05
8.89	1.5974044799804688e-05
8.9	1.5497207641601562e-05
8.91	1.52587890625e-05
8.92	1.5020370483398438e-05
8.93	1.5020370483398438e-05
8.94	1.4781951904296875e-05
8.95	1.4543533325195312e-05
8.96	1.4543533325195312e-05
8.97	1.4543533325195312e-05
8.98	1.4543533325195312e-05
8.99	1.430511474609375e-05
9.0	1.430511474609375e-05
9.01	1.33514404296875e-05
9.02	1.3113021850585938e-05
9.03	1.2874603271484375e-05
9.04	1.2636184692382812e-05
9.05	1.2636184692382812e-05
9.06	1.2636184692382812e-05
9.07	1.2636184692382812e-05
9.08	1.239776611328125e-05
9.09	1.2159347534179688e-05
9.1	1.1920928955078125e-05
9.11	1.1682510375976562e-05
9.12	1.1444091796875e-05
9.13	1.1444091796875e-05
9.14	1.1444091796875e-05
9.15	1.1444091796875e-05
9.16	1.1444091796875e-05
9.17	1.1444091796875e-05
9.18	1.1205673217773438e-05
9.19	1.0967254638671875e-05
9.2	1.0967254638671875e-05
9.21	1.0728836059570312e-05
9.22	1.0728836059570312e-05
9.23	1.0728836059570312e-05
9.24	1.0728836059570312e-05
9.25	1.0728836059570312e-05
9.26	1.0728836059570312e-05
9.27	1.0728836059570312e-05
9.28	1.0728836059570312e-05
9.29	1.0728836059570312e-05
9.3	1.049041748046875e-05
9.31	1.049041748046875e-05
9.32	1.049041748046875e-05
9.33	1.049041748046875e-05
9.34	1.049041748046875e-05
9.35	1.049041748046875e-05
9.36	1.049041748046875e-05
9.37	1.049041748046875e-05
9.38	1.049041748046875e-05
9.39	1.049041748046875e-05
9.4	1.0251998901367188e-05
9.41	1.0251998901367188e-05
9.42	1.0013580322265625e-05
9.43	9.775161743164062e-06
9.44	9.5367431640625e-06
9.45	9.5367431640625e-06
9.46	9.5367431640625e-06
9.47	9.5367431640625e-06
9.48	9.5367431640625e-06
9.49	9.5367431640625e-06
9.5	9.5367431640625e-06
9.51	9.298324584960938e-06
9.52	9.059906005859375e-06
9.53	8.58306884765625e-06
9.54	8.344650268554688e-06
9.55	8.344650268554688e-06
9.56	8.344650268554688e-06
9.57	8.344650268554688e-06
9.58	8.344650268554688e-06
9.59	8.344650268554688e-06
9.6	8.344650268554688e-06
9.61	8.344650268554688e-06
9.62	8.344650268554688e-06
9.63	8.106231689453125e-06
9.64	8.106231689453125e-06
9.65	8.106231689453125e-06
9.66	8.106231689453125e-06
9.67	8.106231689453125e-06
9.68	8.106231689453125e-06
9.69	8.106231689453125e-06
9.7	8.106231689453125e-06
9.71	8.106231689453125e-06
9.72	8.106231689453125e-06
9.73	8.106231689453125e-06
9.74	8.106231689453125e-06
9.75	8.106231689453125e-06
9.76	8.106231689453125e-06
9.77	8.106231689453125e-06
9.78	8.106231689453125e-06
9.79	8.106231689453125e-06
9.8	8.106231689453125e-06
9.81	7.62939453125e-06
9.82	7.152557373046875e-06
9.83	6.67572021484375e-06
9.84	6.67572021484375e-06
9.85	6.67572021484375e-06
9.86	6.67572021484375e-06
9.87	6.67572021484375e-06
9.88	6.67572021484375e-06
9.89	6.67572021484375e-06
9.9	6.67572021484375e-06
9.91	6.4373016357421875e-06
9.92	5.9604644775390625e-06
9.93	5.9604644775390625e-06
9.94	5.4836273193359375e-06
9.95	5.4836273193359375e-06
9.96	5.245208740234375e-06
9.97	5.245208740234375e-06
9.98	5.245208740234375e-06
9.99	5.245208740234375e-06
10.0	5.245208740234375e-06
10.01	5.245208740234375e-06
10.02	5.245208740234375e-06
10.03	5.245208740234375e-06
10.04	5.245208740234375e-06
10.05	4.76837158203125e-06
10.06	4.5299530029296875e-06
10.07	4.5299530029296875e-06
10.08	4.5299530029296875e-06
10.09	4.5299530029296875e-06
10.1	4.5299530029296875e-06
10.11	4.5299530029296875e-06
10.12	4.5299530029296875e-06
10.13	4.5299530029296875e-06
10.14	4.5299530029296875e-06
10.15	4.291534423828125e-06
10.16	4.0531158447265625e-06
10.17	3.814697265625e-06
10.18	3.814697265625e-06
10.19	3.814697265625e-06
10.2	3.814697265625e-06
10.21	3.814697265625e-06
10.22	3.814697265625e-06
10.23	3.5762786865234375e-06
10.24	3.337860107421875e-06
10.25	3.337860107421875e-06
10.26	3.0994415283203125e-06
10.27	3.0994415283203125e-06
10.28	3.0994415283203125e-06
10.29	3.0994415283203125e-06
10.3	3.0994415283203125e-06
10.31	3.0994415283203125e-06
10.32	3.0994415283203125e-06
10.33	2.86102294921875e-06
10.34	2.86102294921875e-06
10.35	2.86102294921875e-06
10.36	2.86102294921875e-06
10.37	2.86102294921875e-06
10.38	2.86102294921875e-06
10.39	2.86102294921875e-06
10.4	2.86102294921875e-06
10.41	2.86102294921875e-06
10.42	2.86102294921875e-06
10.43	2.86102294921875e-06
10.44	2.86102294921875e-06
10.45	2.86102294921875e-06
10.46	2.6226043701171875e-06
10.47	2.6226043701171875e-06
10.48	2.384185791015625e-06
10.49	2.384185791015625e-06
10.5	2.384185791015625e-06
10.51	2.384185791015625e-06
10.52	2.384185791015625e-06
10.53	2.384185791015625e-06
10.54	2.384185791015625e-06
10.55	2.384185791015625e-06
10.56	2.1457672119140625e-06
10.57	1.9073486328125e-06
10.58	1.9073486328125e-06
10.59	1.6689300537109375e-06
10.6	1.6689300537109375e-06
10.61	1.6689300537109375e-06
10.62	1.6689300537109375e-06
10.63	1.6689300537109375e-06
10.64	1.6689300537109375e-06
10.65	1.6689300537109375e-06
10.66	1.6689300537109375e-06
10.67	1.6689300537109375e-06
10.68	1.430511474609375e-06
10.69	1.430511474609375e-06
10.7	1.430511474609375e-06
10.71	1.430511474609375e-06
10.72	1.430511474609375e-06
10.73	1.430511474609375e-06
10.74	1.430511474609375e-06
10.75	1.430511474609375e-06
10.76	1.430511474609375e-06
10.77	1.430511474609375e-06
10.78	1.430511474609375e-06
10.79	1.430511474609375e-06
10.8	1.430511474609375e-06
10.81	1.430511474609375e-06
10.82	1.430511474609375e-06
10.83	1.430511474609375e-06
10.84	1.430511474609375e-06
10.85	1.430511474609375e-06
10.86	1.430511474609375e-06
10.87	1.430511474609375e-06
10.88	1.430511474609375e-06
10.89	1.430511474609375e-06
10.9	1.430511474609375e-06
10.91	1.430511474609375e-06
10.92	1.430511474609375e-06
10.93	1.430511474609375e-06
10.94	1.430511474609375e-06
10.95	1.430511474609375e-06
10.96	1.430511474609375e-06
10.97	1.430511474609375e-06
10.98	1.430511474609375e-06
10.99	1.430511474609375e-06
11.0	1.430511474609375e-06
11.01	1.430511474609375e-06
11.02	1.430511474609375e-06
11.03	1.430511474609375e-06
11.04	1.430511474609375e-06
11.05	1.430511474609375e-06
11.06	1.430511474609375e-06
11.07	1.430511474609375e-06
11.08	1.430511474609375e-06
11.09	1.430511474609375e-06
11.1	1.430511474609375e-06
11.11	1.430511474609375e-06
11.12	1.430511474609375e-06
11.13	1.430511474609375e-06
11.14	1.430511474609375e-06
11.15	1.430511474609375e-06
11.16	1.430511474609375e-06
11.17	1.430511474609375e-06
11.18	1.430511474609375e-06
11.19	1.1920928955078125e-06
11.2	1.1920928955078125e-06
11.21	9.5367431640625e-07
11.22	9.5367431640625e-07
11.23	9.5367431640625e-07
11.24	9.5367431640625e-07
11.25	9.5367431640625e-07
11.26	9.5367431640625e-07
11.27	9.5367431640625e-07
11.28	9.5367431640625e-07
11.29	9.5367431640625e-07
11.3	7.152557373046875e-07
11.31	7.152557373046875e-07
11.32	7.152557373046875e-07
11.33	7.152557373046875e-07
11.34	7.152557373046875e-07
11.35	7.152557373046875e-07
11.36	7.152557373046875e-07
11.37	7.152557373046875e-07
11.38	7.152557373046875e-07
11.39	7.152557373046875e-07
11.4	7.152557373046875e-07
11.41	7.152557373046875e-07
11.42	7.152557373046875e-07
11.43	7.152557373046875e-07
11.44	7.152557373046875e-07
11.45	7.152557373046875e-07
11.46	7.152557373046875e-07
11.47	7.152557373046875e-07
11.48	7.152557373046875e-07
11.49	7.152557373046875e-07
11.5	7.152557373046875e-07
11.51	7.152557373046875e-07
11.52	7.152557373046875e-07
11.53	7.152557373046875e-07
11.54	7.152557373046875e-07
11.55	7.152557373046875e-07
11.56	7.152557373046875e-07
11.57	7.152557373046875e-07
11.58	7.152557373046875e-07
11.59	7.152557373046875e-07
11.6	7.152557373046875e-07
11.61	4.76837158203125e-07
11.62	2.384185791015625e-07
11.63	2.384185791015625e-07
11.64	2.384185791015625e-07
11.65	2.384185791015625e-07
11.66	2.384185791015625e-07
11.67	2.384185791015625e-07
11.68	2.384185791015625e-07
11.69	2.384185791015625e-07
11.7	2.384185791015625e-07
11.71	0.0
