5.63	0.0005003809928894043
5.64	0.00049552321434021
5.65	0.000489354133605957
5.66	0.00048460066318511963
5.67	0.0004802197217941284
5.68	0.00047463178634643555
5.69	0.0004706084728240967
5.7	0.0004668682813644409
5.71	0.00046293437480926514
5.72	0.00045880675315856934
5.73	0.00045515596866607666
5.74	0.00045040249824523926
5.75	0.0004454702138900757
5.76	0.0004415959119796753
5.77	0.00043722987174987793
5.78	0.00043326616287231445
5.79	0.000429302453994751
5.8	0.0004252195358276367
5.81	0.0004207789897918701
5.82	0.0004160553216934204
5.83	0.00041171908378601074
5.84	0.0004065185785293579
5.85	0.00040237605571746826
5.86	0.0003988593816757202
5.87	0.0003947615623474121
5.88	0.0003912299871444702
5.89	0.00038808584213256836
5.9	0.00038458406925201416
5.91	0.000380784273147583
5.92	0.0003775656223297119
5.93	0.0003736913204193115
5.94	0.00036966800689697266
5.95	0.0003666132688522339
5.96	0.00036275386810302734
5.97	0.00035919249057769775
5.98	0.0003559291362762451
5.99	0.00035250186920166016
6.0	0.00034803152084350586
6.01	0.0003443509340286255
6.02	0.0003404468297958374
6.03	0.0003366619348526001
6.04	0.0003331005573272705
6.05	0.00033007562160491943
6.06	0.0003271549940109253
6.07	0.00032407045364379883
6.08	0.00032107532024383545
6.09	0.00031808018684387207
6.1	0.0003149360418319702
6.11	0.00031262636184692383
6.12	0.000309184193611145
6.13	0.00030612945556640625
6.14	0.00030347704887390137
6.15	0.00030012428760528564
6.16	0.0002970397472381592
6.17	0.0002938210964202881
6.18	0.0002908259630203247
6.19	0.0002865344285964966
6.2	0.00028361380100250244
6.21	0.0002806335687637329
6.22	0.00027771294116973877
6.23	0.0002751201391220093
6.24	0.0002726316452026367
6.25	0.0002704113721847534
6.26	0.0002676844596862793
6.27	0.0002652108669281006
6.28	0.00026257336139678955
6.29	0.00025981664657592773
6.3	0.0002577751874923706
6.31	0.0002548098564147949
6.32	0.00025238096714019775
6.33	0.0002501159906387329
6.34	0.00024703145027160645
6.35	0.00024402141571044922
6.36	0.00024119019508361816
6.37	0.00023856759071350098
6.38	0.00023540854454040527
6.39	0.0002330392599105835
6.4	0.00023095309734344482
6.41	0.00022868812084197998
6.42	0.0002269148826599121
6.43	0.00022482872009277344
6.44	0.0002228766679763794
6.45	0.0002206265926361084
6.46	0.0002183467149734497
6.47	0.00021605193614959717
6.48	0.000213623046875
6.49	0.00021182000637054443
6.5	0.00020933151245117188
6.51	0.0002074986696243286
6.52	0.00020529329776763916
6.53	0.00020253658294677734
6.54	0.00019991397857666016
6.55	0.0001974254846572876
6.56	0.00019536912441253662
6.57	0.00019277632236480713
6.58	0.00019095838069915771
6.59	0.00018925964832305908
6.6	0.0001874864101409912
6.61	0.00018574297428131104
6.62	0.00018402934074401855
6.63	0.0001821666955947876
6.64	0.0001802891492843628
6.65	0.00017844140529632568
6.66	0.0001764446496963501
6.67	0.00017441809177398682
6.68	0.00017280876636505127
6.69	0.0001710355281829834
6.7	0.0001693516969680786
6.71	0.00016736984252929688
6.72	0.00016510486602783203
6.73	0.00016310811042785645
6.74	0.0001611560583114624
6.75	0.00015935301780700684
6.76	0.00015749037265777588
6.77	0.00015619397163391113
6.78	0.00015459954738616943
6.79	0.00015309453010559082
6.8	0.0001515895128250122
6.81	0.0001499950885772705
6.82	0.0001484304666519165
6.83	0.00014701485633850098
6.84	0.0001455545425415039
6.85	0.00014385581016540527
6.86	0.00014232099056243896
6.87	0.0001410841941833496
6.88	0.00013934075832366943
6.89	0.00013802945613861084
6.9	0.00013622641563415527
6.91	0.0001344829797744751
6.92	0.00013275444507598877
6.93	0.00013110041618347168
6.94	0.00012977421283721924
6.95	0.00012840330600738525
6.96	0.00012736022472381592
6.97	0.00012575089931488037
6.98	0.00012446939945220947
6.99	0.00012305378913879395
7.0	0.00012165307998657227
7.01	0.00012026727199554443
7.02	0.0001191943883895874
7.03	0.00011803209781646729
7.04	0.00011639297008514404
7.05	0.00011508166790008545
7.06	0.00011377036571502686
7.07	0.00011208653450012207
7.08	0.00011046230792999268
7.09	0.00010919570922851562
7.1	0.00010773539543151855
7.11	0.00010634958744049072
7.12	0.00010532140731811523
7.13	0.00010417401790618896
7.14	0.00010308623313903809
7.15	0.00010223686695098877
7.16	0.00010082125663757324
7.17	9.979307651519775e-05
7.18	9.874999523162842e-05
7.19	9.737908840179443e-05
7.2	9.635090827941895e-05
7.21	9.535253047943115e-05
7.22	9.450316429138184e-05
7.23	9.299814701080322e-05
7.24	9.201467037200928e-05
7.25	9.079277515411377e-05
7.26	8.918344974517822e-05
7.27	8.806586265563965e-05
7.28	8.669495582580566e-05
7.29	8.58604907989502e-05
7.3	8.483231067657471e-05
7.31	8.404254913330078e-05
7.32	8.310377597808838e-05
7.33	8.220970630645752e-05
7.34	8.143484592437744e-05
7.35	8.037686347961426e-05
7.36	7.949769496917725e-05
7.37	7.858872413635254e-05
7.38	7.770955562591553e-05
7.39	7.684528827667236e-05
7.4	7.611513137817383e-05
7.41	7.528066635131836e-05
7.42	7.408857345581055e-05
7.43	7.314980030059814e-05
7.44	7.227063179016113e-05
7.45	7.08550214767456e-05
7.46	7.006525993347168e-05
7.47	6.92605972290039e-05
7.48	6.851553916931152e-05
7.49	6.785988807678223e-05
7.5	6.727874279022217e-05
7.51	6.64740800857544e-05
7.52	6.566941738128662e-05
7.53	6.501376628875732e-05
7.54	6.410479545593262e-05
7.55	6.340444087982178e-05
7.56	6.26593828201294e-05
7.57	6.188452243804932e-05
7.58	6.113946437835693e-05
7.59	6.0439109802246094e-05
7.6	5.97834587097168e-05
7.61	5.8844685554504395e-05
7.62	5.817413330078125e-05
7.63	5.741417407989502e-05
7.64	5.653500556945801e-05
7.65	5.595386028289795e-05
7.66	5.543231964111328e-05
7.67	5.479156970977783e-05
7.68	5.424022674560547e-05
7.69	5.373358726501465e-05
7.7	5.2928924560546875e-05
7.71	5.213916301727295e-05
7.72	5.163252353668213e-05
7.73	5.08725643157959e-05
7.74	5.0187110900878906e-05
7.75	4.963576793670654e-05
7.76	4.900991916656494e-05
7.77	4.819035530090332e-05
7.78	4.760921001434326e-05
7.79	4.70578670501709e-05
7.8	4.620850086212158e-05
7.81	4.5686960220336914e-05
7.82	4.509091377258301e-05
7.83	4.450976848602295e-05
7.84	4.398822784423828e-05
7.85	4.3585896492004395e-05
7.86	4.304945468902588e-05
7.87	4.25875186920166e-05
7.88	4.220008850097656e-05
7.89	4.1544437408447266e-05
7.9	4.093348979949951e-05
7.91	4.060566425323486e-05
7.92	4.003942012786865e-05
7.93	3.93986701965332e-05
7.94	3.9011240005493164e-05
7.95	3.853440284729004e-05
7.96	3.771483898162842e-05
7.97	3.71783971786499e-05
7.98	3.676116466522217e-05
7.99	3.604590892791748e-05
8.0	3.559887409210205e-05
8.01	3.5196542739868164e-05
8.02	3.479421138763428e-05
8.03	3.439188003540039e-05
8.04	3.390014171600342e-05
8.05	3.3482909202575684e-05
8.06	3.3035874366760254e-05
8.07	3.272294998168945e-05
8.08	3.215670585632324e-05
8.09	3.1813979148864746e-05
8.1	3.14861536026001e-05
8.11	3.100931644439697e-05
8.12	3.0517578125e-05
8.13	3.018975257873535e-05
8.14	2.9772520065307617e-05
8.15	2.898275852203369e-05
8.16	2.8535723686218262e-05
8.17	2.8178095817565918e-05
8.18	2.7567148208618164e-05
8.19	2.7239322662353516e-05
8.2	2.695620059967041e-05
8.21	2.6598572731018066e-05
8.22	2.6211142539978027e-05
8.23	2.586841583251953e-05
8.24	2.549588680267334e-05
8.25	2.5078654289245605e-05
8.26	2.47955322265625e-05
8.27	2.4378299713134766e-05
8.28	2.4110078811645508e-05
8.29	2.3856759071350098e-05
8.3	2.3484230041503906e-05
8.31	2.314150333404541e-05
8.32	2.282857894897461e-05
8.33	2.244114875793457e-05
8.34	2.187490463256836e-05
8.35	2.162158489227295e-05
8.36	2.130866050720215e-05
8.37	2.0936131477355957e-05
8.38	2.078711986541748e-05
8.39	2.0638108253479004e-05
8.4	2.039968967437744e-05
8.41	2.0116567611694336e-05
8.42	1.9863247871398926e-05
8.43	1.9550323486328125e-05
8.44	1.9162893295288086e-05
8.45	1.8984079360961914e-05
8.46	1.868605613708496e-05
8.47	1.8417835235595703e-05
8.48	1.817941665649414e-05
8.49	1.7896294593811035e-05
8.5	1.755356788635254e-05
8.51	1.7270445823669434e-05
8.52	1.7002224922180176e-05
8.53	1.6644597053527832e-05
8.54	1.6421079635620117e-05
8.55	1.621246337890625e-05
8.56	1.6033649444580078e-05
8.57	1.5869736671447754e-05
8.58	1.5795230865478516e-05
8.59	1.5556812286376953e-05
8.6	1.5363097190856934e-05
8.61	1.5228986740112305e-05
8.62	1.49458646774292e-05
8.63	1.4662742614746094e-05
8.64	1.455843448638916e-05
8.65	1.4260411262512207e-05
8.66	1.4036893844604492e-05
8.67	1.3828277587890625e-05
8.68	1.3574957847595215e-05
8.69	1.3232231140136719e-05
8.7	1.30385160446167e-05
8.71	1.2859702110290527e-05
8.72	1.2695789337158203e-05
8.73	1.2502074241638184e-05
8.74	1.2367963790893555e-05
8.75	1.2248754501342773e-05
8.76	1.2069940567016602e-05
8.77	1.1935830116271973e-05
8.78	1.17570161819458e-05
8.79	1.1608004570007324e-05
8.8	1.1488795280456543e-05
8.81	1.125037670135498e-05
8.82	1.1026859283447266e-05
8.83	1.0922551155090332e-05
8.84	1.068413257598877e-05
8.85	1.0445713996887207e-05
8.86	1.0251998901367188e-05
8.87	1.0058283805847168e-05
8.88	9.760260581970215e-06
8.89	9.670853614807129e-06
8.9	9.581446647644043e-06
8.91	9.462237358093262e-06
8.92	9.313225746154785e-06
8.93	9.208917617797852e-06
8.94	9.045004844665527e-06
8.95	8.881092071533203e-06
8.96	8.732080459594727e-06
8.97	8.553266525268555e-06
8.98	8.493661880493164e-06
8.99	8.404254913330078e-06
9.0	8.240342140197754e-06
9.01	8.121132850646973e-06
9.02	8.046627044677734e-06
9.03	7.838010787963867e-06
9.04	7.644295692443848e-06
9.05	7.510185241699219e-06
9.06	7.37607479095459e-06
9.07	7.152557373046875e-06
9.08	7.092952728271484e-06
9.09	7.033348083496094e-06
9.1	6.943941116333008e-06
9.11	6.8694353103637695e-06
9.12	6.780028343200684e-06
9.13	6.645917892456055e-06
9.14	6.5267086029052734e-06
9.15	6.3925981521606445e-06
9.16	6.273388862609863e-06
9.17	6.22868537902832e-06
9.18	6.124377250671387e-06
9.19	6.0051679611206055e-06
9.2	5.900859832763672e-06
9.21	5.766749382019043e-06
9.22	5.602836608886719e-06
9.23	5.424022674560547e-06
9.24	5.334615707397461e-06
9.25	5.21540641784668e-06
9.26	5.0961971282958984e-06
9.27	5.02169132232666e-06
9.28	4.9620866775512695e-06
9.29	4.932284355163574e-06
9.3	4.857778549194336e-06
9.31	4.813075065612793e-06
9.32	4.738569259643555e-06
9.33	4.634261131286621e-06
9.34	4.544854164123535e-06
9.35	4.425644874572754e-06
9.36	4.366040229797363e-06
9.37	4.276633262634277e-06
9.38	4.217028617858887e-06
9.39	4.082918167114258e-06
9.4	3.993511199951172e-06
9.41	3.889203071594238e-06
9.42	3.7848949432373047e-06
9.43	3.725290298461914e-06
9.44	3.635883331298828e-06
9.45	3.591179847717285e-06
9.46	3.5315752029418945e-06
9.47	3.4868717193603516e-06
9.48	3.4421682357788086e-06
9.49	3.4123659133911133e-06
9.5	3.382563591003418e-06
9.51	3.3229589462280273e-06
9.52	3.2782554626464844e-06
9.53	3.248453140258789e-06
9.54	3.129243850708008e-06
9.55	3.084540367126465e-06
9.56	3.0249357223510742e-06
9.57	2.9355287551879883e-06
9.58	2.8312206268310547e-06
9.59	2.7567148208618164e-06
9.6	2.6971101760864258e-06
9.61	2.637505531311035e-06
9.62	2.592802047729492e-06
9.63	2.5779008865356445e-06
9.64	2.5779008865356445e-06
9.65	2.5331974029541016e-06
9.66	2.473592758178711e-06
9.67	2.4437904357910156e-06
9.68	2.3990869522094727e-06
9.69	2.3692846298217773e-06
9.7	2.339482307434082e-06
9.71	2.3096799850463867e-06
9.72	2.2798776626586914e-06
9.73	2.175569534301758e-06
9.74	2.1457672119140625e-06
9.75	2.086162567138672e-06
9.76	1.9818544387817383e-06
9.77	1.8924474716186523e-06
9.78	1.862645149230957e-06
9.79	1.8328428268432617e-06
9.8	1.817941665649414e-06
9.81	1.8030405044555664e-06
9.82	1.8030405044555664e-06
9.83	1.8030405044555664e-06
9.84	1.773238182067871e-06
9.85	1.7285346984863281e-06
9.86	1.6838312149047852e-06
9.87	1.6689300537109375e-06
9.88	1.6242265701293945e-06
9.89	1.5944242477416992e-06
9.9	1.5944242477416992e-06
9.91	1.5795230865478516e-06
9.92	1.5050172805786133e-06
9.93	1.4901161193847656e-06
9.94	1.4156103134155273e-06
9.95	1.3560056686401367e-06
9.96	1.2814998626708984e-06
9.97	1.2665987014770508e-06
9.98	1.2516975402832031e-06
9.99	1.2516975402832031e-06
10.0	1.2367963790893555e-06
10.01	1.2367963790893555e-06
10.02	1.2218952178955078e-06
10.03	1.2069940567016602e-06
10.04	1.1920928955078125e-06
10.05	1.1622905731201172e-06
10.06	1.1324882507324219e-06
10.07	1.1026859283447266e-06
10.08	1.1026859283447266e-06
10.09	1.1026859283447266e-06
10.1	1.0728836059570312e-06
10.11	1.0281801223754883e-06
10.12	1.0132789611816406e-06
10.13	9.685754776000977e-07
10.14	9.387731552124023e-07
10.15	9.08970832824707e-07
10.16	9.08970832824707e-07
10.17	8.791685104370117e-07
10.18	8.791685104370117e-07
10.19	8.642673492431641e-07
10.2	8.493661880493164e-07
10.21	8.493661880493164e-07
10.22	8.493661880493164e-07
10.23	8.493661880493164e-07
10.24	8.195638656616211e-07
10.25	8.046627044677734e-07
10.26	7.897615432739258e-07
10.27	7.599592208862305e-07
10.28	7.450580596923828e-07
10.29	7.152557373046875e-07
10.3	6.854534149169922e-07
10.31	6.705522537231445e-07
10.32	6.407499313354492e-07
10.33	6.258487701416016e-07
10.34	6.109476089477539e-07
10.35	5.960464477539062e-07
10.36	5.811452865600586e-07
10.37	5.811452865600586e-07
10.38	5.662441253662109e-07
10.39	5.513429641723633e-07
10.4	5.513429641723633e-07
10.41	5.513429641723633e-07
10.42	5.513429641723633e-07
10.43	5.21540641784668e-07
10.44	5.21540641784668e-07
10.45	4.917383193969727e-07
10.46	4.3213367462158203e-07
10.47	4.172325134277344e-07
10.48	3.8743019104003906e-07
10.49	3.5762786865234375e-07
10.5	3.427267074584961e-07
10.51	3.427267074584961e-07
10.52	3.427267074584961e-07
10.53	3.427267074584961e-07
10.54	3.427267074584961e-07
10.55	3.2782554626464844e-07
10.56	3.2782554626464844e-07
10.57	3.2782554626464844e-07
10.58	2.980232238769531e-07
10.59	2.980232238769531e-07
10.6	2.980232238769531e-07
10.61	2.980232238769531e-07
10.62	2.8312206268310547e-07
10.63	2.8312206268310547e-07
10.64	2.682209014892578e-07
10.65	2.2351741790771484e-07
10.66	2.2351741790771484e-07
10.67	2.086162567138672e-07
10.68	1.7881393432617188e-07
10.69	1.7881393432617188e-07
10.7	1.7881393432617188e-07
10.71	1.7881393432617188e-07
10.72	1.7881393432617188e-07
10.73	1.7881393432617188e-07
10.74	1.7881393432617188e-07
10.75	1.7881393432617188e-07
10.76	1.7881393432617188e-07
10.77	1.6391277313232422e-07
10.78	1.6391277313232422e-07
10.79	1.6391277313232422e-07
10.8	1.6391277313232422e-07
10.81	1.6391277313232422e-07
10.82	1.6391277313232422e-07
10.83	1.4901161193847656e-07
10.84	1.341104507446289e-07
10.85	1.1920928955078125e-07
10.86	1.1920928955078125e-07
10.87	1.043081283569336e-07
10.88	1.043081283569336e-07
10.89	1.043081283569336e-07
10.9	1.043081283569336e-07
10.91	1.043081283569336e-07
10.92	1.043081283569336e-07
10.93	1.043081283569336e-07
10.94	1.043081283569336e-07
10.95	1.043081283569336e-07
10.96	8.940696716308594e-08
10.97	8.940696716308594e-08
10.98	8.940696716308594e-08
10.99	8.940696716308594e-08
11.0	8.940696716308594e-08
11.01	8.940696716308594e-08
11.02	8.940696716308594e-08
11.03	8.940696716308594e-08
11.04	8.940696716308594e-08
11.05	8.940696716308594e-08
11.06	8.940696716308594e-08
11.07	8.940696716308594e-08
11.08	8.940696716308594e-08
11.09	8.940696716308594e-08
11.1	8.940696716308594e-08
11.11	8.940696716308594e-08
11.12	8.940696716308594e-08
11.13	8.940696716308594e-08
11.14	8.940696716308594e-08
11.15	8.940696716308594e-08
11.16	8.940696716308594e-08
11.17	7.450580596923828e-08
11.18	7.450580596923828e-08
11.19	5.960464477539063e-08
11.2	5.960464477539063e-08
11.21	5.960464477539063e-08
11.22	5.960464477539063e-08
11.23	5.960464477539063e-08
11.24	5.960464477539063e-08
11.25	5.960464477539063e-08
11.26	5.960464477539063e-08
11.27	5.960464477539063e-08
11.28	5.960464477539063e-08
11.29	5.960464477539063e-08
11.3	5.960464477539063e-08
11.31	5.960464477539063e-08
11.32	5.960464477539063e-08
11.33	5.960464477539063e-08
11.34	5.960464477539063e-08
11.35	4.470348358154297e-08
11.36	4.470348358154297e-08
11.37	4.470348358154297e-08
11.38	2.9802322387695312e-08
11.39	2.9802322387695312e-08
11.4	2.9802322387695312e-08
11.41	2.9802322387695312e-08
11.42	2.9802322387695312e-08
11.43	2.9802322387695312e-08
11.44	2.9802322387695312e-08
11.45	2.9802322387695312e-08
11.46	2.9802322387695312e-08
11.47	2.9802322387695312e-08
11.48	2.9802322387695312e-08
11.49	2.9802322387695312e-08
11.5	2.9802322387695312e-08
11.51	2.9802322387695312e-08
11.52	2.9802322387695312e-08
11.53	2.9802322387695312e-08
11.54	1.4901161193847656e-08
11.55	1.4901161193847656e-08
11.56	1.4901161193847656e-08
11.57	0.0
