5.54	0.0005057454109191895
5.55	0.0004999637603759766
5.56	0.0004947185516357422
5.57	0.0004902482032775879
5.58	0.0004863142967224121
5.59	0.00048238039016723633
5.6	0.0004780292510986328
5.61	0.0004735589027404785
5.62	0.0004687309265136719
5.63	0.00046437978744506836
5.64	0.0004603266716003418
5.65	0.00045734643936157227
5.66	0.0004532933235168457
5.67	0.0004495382308959961
5.68	0.0004451274871826172
5.69	0.0004411935806274414
5.7	0.00043648481369018555
5.71	0.000432431697845459
5.72	0.00042879581451416016
5.73	0.0004247426986694336
5.74	0.0004207491874694824
5.75	0.0004170536994934082
5.76	0.0004132986068725586
5.77	0.0004093050956726074
5.78	0.00040519237518310547
5.79	0.0004006624221801758
5.8	0.00039643049240112305
5.81	0.00039267539978027344
5.82	0.0003890395164489746
5.83	0.0003864169120788574
5.84	0.00038295984268188477
5.85	0.00037914514541625977
5.86	0.0003757476806640625
5.87	0.00037229061126708984
5.88	0.00036847591400146484
5.89	0.0003650784492492676
5.9	0.0003616809844970703
5.91	0.00035822391510009766
5.92	0.0003541707992553711
5.93	0.0003510117530822754
5.94	0.0003476142883300781
5.95	0.0003439188003540039
5.96	0.00034034252166748047
5.97	0.00033736228942871094
5.98	0.00033414363861083984
5.99	0.00033080577850341797
6.0	0.00032824277877807617
6.01	0.0003255605697631836
6.02	0.00032216310501098633
6.03	0.000319063663482666
6.04	0.00031572580337524414
6.05	0.00031262636184692383
6.06	0.0003095269203186035
6.07	0.0003064274787902832
6.08	0.000303804874420166
6.09	0.0003006458282470703
6.1	0.00029772520065307617
6.11	0.0002942681312561035
6.12	0.000291287899017334
6.13	0.00028824806213378906
6.14	0.0002853274345397949
6.15	0.0002828240394592285
6.16	0.0002796053886413574
6.17	0.0002772212028503418
6.18	0.0002745985984802246
6.19	0.0002714991569519043
6.2	0.00026869773864746094
6.21	0.0002663135528564453
6.22	0.0002637505531311035
6.23	0.00026112794876098633
6.24	0.0002588033676147461
6.25	0.00025647878646850586
6.26	0.00025385618209838867
6.27	0.00025159120559692383
6.28	0.0002492666244506836
6.29	0.000246584415435791
6.3	0.0002434253692626953
6.31	0.0002409219741821289
6.32	0.00023889541625976562
6.33	0.00023597478866577148
6.34	0.0002333521842956543
6.35	0.0002307891845703125
6.36	0.00022846460342407227
6.37	0.00022590160369873047
6.38	0.00022339820861816406
6.39	0.00022095441818237305
6.4	0.0002193450927734375
6.41	0.0002174973487854004
6.42	0.00021564960479736328
6.43	0.0002135634422302246
6.44	0.00021141767501831055
6.45	0.0002090930938720703
6.46	0.0002073049545288086
6.47	0.00020545721054077148
6.48	0.00020313262939453125
6.49	0.00020164251327514648
6.5	0.00019979476928710938
6.51	0.00019794702529907227
6.52	0.00019550323486328125
6.53	0.0001933574676513672
6.54	0.00019097328186035156
6.55	0.00018846988677978516
6.56	0.00018680095672607422
6.57	0.00018471479415893555
6.58	0.00018262863159179688
6.59	0.00018078088760375977
6.6	0.00017893314361572266
6.61	0.00017702579498291016
6.62	0.00017523765563964844
6.63	0.00017344951629638672
6.64	0.00017189979553222656
6.65	0.00017029047012329102
6.66	0.00016897916793823242
6.67	0.00016754865646362305
6.68	0.00016605854034423828
6.69	0.00016415119171142578
6.7	0.00016182661056518555
6.71	0.00016009807586669922
6.72	0.00015807151794433594
6.73	0.00015652179718017578
6.74	0.00015497207641601562
6.75	0.00015342235565185547
6.76	0.00015169382095336914
6.77	0.00014972686767578125
6.78	0.00014829635620117188
6.79	0.00014597177505493164
6.8	0.00014472007751464844
6.81	0.00014328956604003906
6.82	0.00014162063598632812
6.83	0.00013977289199829102
6.84	0.00013846158981323242
6.85	0.0001372694969177246
6.86	0.0001354813575744629
6.87	0.00013428926467895508
6.88	0.00013273954391479492
6.89	0.00013130903244018555
6.9	0.00012981891632080078
6.91	0.00012856721878051758
6.92	0.00012725591659545898
6.93	0.00012624263763427734
6.94	0.00012487173080444336
6.95	0.00012308359146118164
6.96	0.00012177228927612305
6.97	0.00012052059173583984
6.98	0.00011932849884033203
6.99	0.00011789798736572266
7.0	0.00011676549911499023
7.01	0.00011521577835083008
7.02	0.00011420249938964844
7.03	0.0001131296157836914
7.04	0.00011146068572998047
7.05	0.00011044740676879883
7.06	0.0001093149185180664
7.07	0.00010782480239868164
7.08	0.00010699033737182617
7.09	0.00010603666305541992
7.1	0.00010436773300170898
7.11	0.00010287761688232422
7.12	0.00010162591934204102
7.13	0.00010025501251220703
7.14	9.870529174804688e-05
7.15	9.78708267211914e-05
7.16	9.709596633911133e-05
7.17	9.590387344360352e-05
7.18	9.459257125854492e-05
7.19	9.357929229736328e-05
7.2	9.250640869140625e-05
7.21	9.179115295410156e-05
7.22	9.101629257202148e-05
7.23	9.018182754516602e-05
7.24	8.910894393920898e-05
7.25	8.815526962280273e-05
7.26	8.690357208251953e-05
7.27	8.612871170043945e-05
7.28	8.511543273925781e-05
7.29	8.422136306762695e-05
7.3	8.356571197509766e-05
7.31	8.225440979003906e-05
7.32	8.094310760498047e-05
7.33	8.040666580200195e-05
7.34	7.94529914855957e-05
7.35	7.82012939453125e-05
7.36	7.730722427368164e-05
7.37	7.611513137817383e-05
7.38	7.534027099609375e-05
7.39	7.43865966796875e-05
7.4	7.37905502319336e-05
7.41	7.319450378417969e-05
7.42	7.230043411254883e-05
7.43	7.164478302001953e-05
7.44	7.081031799316406e-05
7.45	7.033348083496094e-05
7.46	6.943941116333008e-05
7.47	6.890296936035156e-05
7.48	6.818771362304688e-05
7.49	6.753206253051758e-05
7.5	6.681680679321289e-05
7.51	6.61611557006836e-05
7.52	6.54458999633789e-05
7.53	6.41942024230957e-05
7.54	6.312131881713867e-05
7.55	6.222724914550781e-05
7.56	6.145238876342773e-05
7.57	6.085634231567383e-05
7.58	6.03795051574707e-05
7.59	5.996227264404297e-05
7.6	5.894899368286133e-05
7.61	5.793571472167969e-05
7.62	5.733966827392578e-05
7.63	5.650520324707031e-05
7.64	5.614757537841797e-05
7.65	5.5789947509765625e-05
7.66	5.4955482482910156e-05
7.67	5.424022674560547e-05
7.68	5.370378494262695e-05
7.69	5.322694778442383e-05
7.7	5.239248275756836e-05
7.71	5.1856040954589844e-05
7.72	5.1140785217285156e-05
7.73	5.078315734863281e-05
7.74	5.036592483520508e-05
7.75	4.971027374267578e-05
7.76	4.9233436584472656e-05
7.77	4.857778549194336e-05
7.78	4.774332046508789e-05
7.79	4.7087669372558594e-05
7.8	4.6372413635253906e-05
7.81	4.589557647705078e-05
7.82	4.547834396362305e-05
7.83	4.5239925384521484e-05
7.84	4.464387893676758e-05
7.85	4.404783248901367e-05
7.86	4.357099533081055e-05
7.87	4.309415817260742e-05
7.88	4.2438507080078125e-05
7.89	4.208087921142578e-05
7.9	4.172325134277344e-05
7.91	4.1365623474121094e-05
7.92	4.07099723815918e-05
7.93	3.999471664428711e-05
7.94	3.93986701965332e-05
7.95	3.88026237487793e-05
7.96	3.8504600524902344e-05
7.97	3.814697265625e-05
7.98	3.7550926208496094e-05
7.99	3.713369369506836e-05
8.0	3.6776065826416016e-05
8.01	3.635883331298828e-05
8.02	3.5762786865234375e-05
8.03	3.546476364135742e-05
8.04	3.4928321838378906e-05
8.05	3.451108932495117e-05
8.06	3.409385681152344e-05
8.07	3.3855438232421875e-05
8.08	3.343820571899414e-05
8.09	3.2842159271240234e-05
8.1	3.230571746826172e-05
8.11	3.1888484954833984e-05
8.12	3.153085708618164e-05
8.13	3.1113624572753906e-05
8.14	3.081560134887695e-05
8.15	3.0338764190673828e-05
8.16	2.9921531677246094e-05
8.17	2.9802322387695312e-05
8.18	2.950429916381836e-05
8.19	2.9027462005615234e-05
8.2	2.866983413696289e-05
8.21	2.8312206268310547e-05
8.22	2.8133392333984375e-05
8.23	2.7835369110107422e-05
8.24	2.765655517578125e-05
8.25	2.753734588623047e-05
8.26	2.7239322662353516e-05
8.27	2.6881694793701172e-05
8.28	2.6464462280273438e-05
8.29	2.6166439056396484e-05
8.3	2.5928020477294922e-05
8.31	2.5570392608642578e-05
8.32	2.5451183319091797e-05
8.33	2.5093555450439453e-05
8.34	2.4497509002685547e-05
8.35	2.4080276489257812e-05
8.36	2.372264862060547e-05
8.37	2.3365020751953125e-05
8.38	2.288818359375e-05
8.39	2.282857894897461e-05
8.4	2.2649765014648438e-05
8.41	2.2411346435546875e-05
8.42	2.2172927856445312e-05
8.43	2.205371856689453e-05
8.44	2.1576881408691406e-05
8.45	2.1219253540039062e-05
8.46	2.104043960571289e-05
8.47	2.086162567138672e-05
8.48	2.0563602447509766e-05
8.49	2.0503997802734375e-05
8.5	2.0384788513183594e-05
8.51	1.9848346710205078e-05
8.52	1.9550323486328125e-05
8.53	1.9371509552001953e-05
8.54	1.895427703857422e-05
8.55	1.8477439880371094e-05
8.56	1.8298625946044922e-05
8.57	1.811981201171875e-05
8.58	1.7881393432617188e-05
8.59	1.7583370208740234e-05
8.6	1.7344951629638672e-05
8.61	1.704692840576172e-05
8.62	1.6808509826660156e-05
8.63	1.6689300537109375e-05
8.64	1.6450881958007812e-05
8.65	1.6450881958007812e-05
8.66	1.633167266845703e-05
8.67	1.627206802368164e-05
8.68	1.5914440155029297e-05
8.69	1.5616416931152344e-05
8.7	1.537799835205078e-05
8.71	1.519918441772461e-05
8.72	1.5020370483398438e-05
8.73	1.4841556549072266e-05
8.74	1.4722347259521484e-05
8.75	1.4543533325195312e-05
8.76	1.424551010131836e-05
8.77	1.3947486877441406e-05
8.78	1.3768672943115234e-05
8.79	1.3649463653564453e-05
8.8	1.3470649719238281e-05
8.81	1.33514404296875e-05
8.82	1.3113021850585938e-05
8.83	1.2695789337158203e-05
8.84	1.2636184692382812e-05
8.85	1.239776611328125e-05
8.86	1.2218952178955078e-05
8.87	1.2040138244628906e-05
8.88	1.1861324310302734e-05
8.89	1.1682510375976562e-05
8.9	1.1444091796875e-05
8.91	1.1265277862548828e-05
8.92	1.1146068572998047e-05
8.93	1.1086463928222656e-05
8.94	1.0848045349121094e-05
8.95	1.0669231414794922e-05
8.96	1.049041748046875e-05
8.97	1.043081283569336e-05
8.98	1.0371208190917969e-05
8.99	1.0251998901367188e-05
9.0	1.0073184967041016e-05
9.01	9.834766387939453e-06
9.02	9.655952453613281e-06
9.03	9.655952453613281e-06
9.04	9.47713851928711e-06
9.05	9.417533874511719e-06
9.06	9.357929229736328e-06
9.07	9.119510650634766e-06
9.08	8.940696716308594e-06
9.09	8.940696716308594e-06
9.1	8.761882781982422e-06
9.11	8.58306884765625e-06
9.12	8.404254913330078e-06
9.13	8.225440979003906e-06
9.14	8.225440979003906e-06
9.15	8.165836334228516e-06
9.16	8.106231689453125e-06
9.17	7.867813110351562e-06
9.18	7.748603820800781e-06
9.19	7.569789886474609e-06
9.2	7.450580596923828e-06
9.21	7.450580596923828e-06
9.22	7.331371307373047e-06
9.23	7.331371307373047e-06
9.24	7.212162017822266e-06
9.25	7.033348083496094e-06
9.26	6.9141387939453125e-06
9.27	6.9141387939453125e-06
9.28	6.9141387939453125e-06
9.29	6.67572021484375e-06
9.3	6.67572021484375e-06
9.31	6.496906280517578e-06
9.32	6.377696990966797e-06
9.33	6.377696990966797e-06
9.34	6.258487701416016e-06
9.35	6.079673767089844e-06
9.36	5.781650543212891e-06
9.37	5.662441253662109e-06
9.38	5.602836608886719e-06
9.39	5.4836273193359375e-06
9.4	5.424022674560547e-06
9.41	5.424022674560547e-06
9.42	5.245208740234375e-06
9.43	5.185604095458984e-06
9.44	5.125999450683594e-06
9.45	5.125999450683594e-06
9.46	5.125999450683594e-06
9.47	5.125999450683594e-06
9.48	5.0067901611328125e-06
9.49	5.0067901611328125e-06
9.5	4.887580871582031e-06
9.51	4.827976226806641e-06
9.52	4.708766937255859e-06
9.53	4.5299530029296875e-06
9.54	4.470348358154297e-06
9.55	4.351139068603516e-06
9.56	4.291534423828125e-06
9.57	4.112720489501953e-06
9.58	4.112720489501953e-06
9.59	4.0531158447265625e-06
9.6	3.933906555175781e-06
9.61	3.933906555175781e-06
9.62	3.874301910400391e-06
9.63	3.874301910400391e-06
9.64	3.7550926208496094e-06
9.65	3.7550926208496094e-06
9.66	3.635883331298828e-06
9.67	3.516674041748047e-06
9.68	3.4570693969726562e-06
9.69	3.4570693969726562e-06
9.7	3.2782554626464844e-06
9.71	3.2186508178710938e-06
9.72	3.2186508178710938e-06
9.73	3.2186508178710938e-06
9.74	3.159046173095703e-06
9.75	3.039836883544922e-06
9.76	3.039836883544922e-06
9.77	2.9802322387695312e-06
9.78	2.86102294921875e-06
9.79	2.8014183044433594e-06
9.8	2.7418136596679688e-06
9.81	2.7418136596679688e-06
9.82	2.7418136596679688e-06
9.83	2.7418136596679688e-06
9.84	2.7418136596679688e-06
9.85	2.562999725341797e-06
9.86	2.5033950805664062e-06
9.87	2.5033950805664062e-06
9.88	2.4437904357910156e-06
9.89	2.4437904357910156e-06
9.9	2.4437904357910156e-06
9.91	2.3245811462402344e-06
9.92	2.205371856689453e-06
9.93	2.205371856689453e-06
9.94	2.205371856689453e-06
9.95	2.205371856689453e-06
9.96	2.205371856689453e-06
9.97	2.205371856689453e-06
9.98	2.205371856689453e-06
9.99	2.205371856689453e-06
10.0	2.1457672119140625e-06
10.01	2.1457672119140625e-06
10.02	2.1457672119140625e-06
10.03	2.086162567138672e-06
10.04	2.0265579223632812e-06
10.05	2.0265579223632812e-06
10.06	2.0265579223632812e-06
10.07	2.0265579223632812e-06
10.08	2.0265579223632812e-06
10.09	1.9073486328125e-06
10.1	1.8477439880371094e-06
10.11	1.8477439880371094e-06
10.12	1.8477439880371094e-06
10.13	1.7881393432617188e-06
10.14	1.7881393432617188e-06
10.15	1.7285346984863281e-06
10.16	1.6689300537109375e-06
10.17	1.6689300537109375e-06
10.18	1.6093254089355469e-06
10.19	1.6093254089355469e-06
10.2	1.4901161193847656e-06
10.21	1.4901161193847656e-06
10.22	1.4901161193847656e-06
10.23	1.430511474609375e-06
10.24	1.430511474609375e-06
10.25	1.430511474609375e-06
10.26	1.3709068298339844e-06
10.27	1.3113021850585938e-06
10.28	1.3113021850585938e-06
10.29	1.3113021850585938e-06
10.3	1.3113021850585938e-06
10.31	1.3113021850585938e-06
10.32	1.3113021850585938e-06
10.33	1.3113021850585938e-06
10.34	1.2516975402832031e-06
10.35	1.1920928955078125e-06
10.36	1.1324882507324219e-06
10.37	1.0728836059570312e-06
10.38	1.0728836059570312e-06
10.39	1.0728836059570312e-06
10.4	1.0728836059570312e-06
10.41	1.0728836059570312e-06
10.42	1.0728836059570312e-06
10.43	1.0728836059570312e-06
10.44	1.0132789611816406e-06
10.45	1.0132789611816406e-06
10.46	1.0132789611816406e-06
10.47	1.0132789611816406e-06
10.48	1.0132789611816406e-06
10.49	1.0132789611816406e-06
10.5	1.0132789611816406e-06
10.51	9.5367431640625e-07
10.52	9.5367431640625e-07
10.53	9.5367431640625e-07
10.54	8.940696716308594e-07
10.55	8.940696716308594e-07
10.56	8.940696716308594e-07
10.57	8.940696716308594e-07
10.58	8.344650268554688e-07
10.59	7.748603820800781e-07
10.6	7.748603820800781e-07
10.61	7.152557373046875e-07
10.62	7.152557373046875e-07
10.63	7.152557373046875e-07
10.64	7.152557373046875e-07
10.65	7.152557373046875e-07
10.66	7.152557373046875e-07
10.67	7.152557373046875e-07
10.68	6.556510925292969e-07
10.69	6.556510925292969e-07
10.7	6.556510925292969e-07
10.71	6.556510925292969e-07
10.72	5.960464477539062e-07
10.73	5.960464477539062e-07
10.74	5.960464477539062e-07
10.75	5.960464477539062e-07
10.76	5.364418029785156e-07
10.77	5.364418029785156e-07
10.78	5.364418029785156e-07
10.79	5.364418029785156e-07
10.8	5.364418029785156e-07
10.81	5.364418029785156e-07
10.82	5.364418029785156e-07
10.83	5.364418029785156e-07
10.84	5.364418029785156e-07
10.85	5.364418029785156e-07
10.86	5.364418029785156e-07
10.87	5.364418029785156e-07
10.88	5.364418029785156e-07
10.89	5.364418029785156e-07
10.9	5.364418029785156e-07
10.91	5.364418029785156e-07
10.92	5.364418029785156e-07
10.93	4.76837158203125e-07
10.94	4.76837158203125e-07
10.95	4.76837158203125e-07
10.96	4.76837158203125e-07
10.97	4.76837158203125e-07
10.98	4.76837158203125e-07
10.99	4.76837158203125e-07
11.0	4.172325134277344e-07
11.01	4.172325134277344e-07
11.02	4.172325134277344e-07
11.03	4.172325134277344e-07
11.04	4.172325134277344e-07
11.05	4.172325134277344e-07
11.06	4.172325134277344e-07
11.07	2.980232238769531e-07
11.08	2.980232238769531e-07
11.09	2.980232238769531e-07
11.1	2.384185791015625e-07
11.11	2.384185791015625e-07
11.12	2.384185791015625e-07
11.13	2.384185791015625e-07
11.14	2.384185791015625e-07
11.15	2.384185791015625e-07
11.16	2.384185791015625e-07
11.17	2.384185791015625e-07
11.18	2.384185791015625e-07
11.19	2.384185791015625e-07
11.2	2.384185791015625e-07
11.21	2.384185791015625e-07
11.22	2.384185791015625e-07
11.23	2.384185791015625e-07
11.24	2.384185791015625e-07
11.25	2.384185791015625e-07
11.26	2.384185791015625e-07
11.27	2.384185791015625e-07
11.28	2.384185791015625e-07
11.29	2.384185791015625e-07
11.3	2.384185791015625e-07
11.31	2.384185791015625e-07
11.32	2.384185791015625e-07
11.33	2.384185791015625e-07
11.34	2.384185791015625e-07
11.35	1.7881393432617188e-07
11.36	1.7881393432617188e-07
11.37	1.7881393432617188e-07
11.38	1.7881393432617188e-07
11.39	1.7881393432617188e-07
11.4	1.7881393432617188e-07
11.41	1.7881393432617188e-07
11.42	1.1920928955078125e-07
11.43	1.1920928955078125e-07
11.44	1.1920928955078125e-07
11.45	1.1920928955078125e-07
11.46	1.1920928955078125e-07
11.47	1.1920928955078125e-07
11.48	1.1920928955078125e-07
11.49	1.1920928955078125e-07
11.5	1.1920928955078125e-07
11.51	1.1920928955078125e-07
11.52	1.1920928955078125e-07
11.53	1.1920928955078125e-07
11.54	1.1920928955078125e-07
11.55	1.1920928955078125e-07
11.56	5.960464477539063e-08
11.57	5.960464477539063e-08
11.58	5.960464477539063e-08
11.59	5.960464477539063e-08
11.6	5.960464477539063e-08
11.61	5.960464477539063e-08
11.62	5.960464477539063e-08
11.63	5.960464477539063e-08
11.64	5.960464477539063e-08
11.65	5.960464477539063e-08
11.66	5.960464477539063e-08
11.67	5.960464477539063e-08
11.68	5.960464477539063e-08
11.69	5.960464477539063e-08
11.7	5.960464477539063e-08
11.71	5.960464477539063e-08
11.72	5.960464477539063e-08
11.73	5.960464477539063e-08
11.74	5.960464477539063e-08
11.75	5.960464477539063e-08
11.76	5.960464477539063e-08
11.77	5.960464477539063e-08
11.78	5.960464477539063e-08
11.79	5.960464477539063e-08
11.8	5.960464477539063e-08
11.81	5.960464477539063e-08
11.82	5.960464477539063e-08
11.83	5.960464477539063e-08
11.84	5.960464477539063e-08
11.85	5.960464477539063e-08
11.86	5.960464477539063e-08
11.87	5.960464477539063e-08
11.88	5.960464477539063e-08
11.89	5.960464477539063e-08
11.9	5.960464477539063e-08
11.91	0.0
