5.61	0.0005016326904296875
5.62	0.0004968643188476562
5.63	0.0004930496215820312
5.64	0.0004892349243164062
5.65	0.00048732757568359375
5.66	0.0004787445068359375
5.67	0.00047397613525390625
5.68	0.0004673004150390625
5.69	0.00046539306640625
5.7	0.00046253204345703125
5.71	0.00045680999755859375
5.72	0.00045490264892578125
5.73	0.00045108795166015625
5.74	0.00045108795166015625
5.75	0.00044536590576171875
5.76	0.0004444122314453125
5.77	0.0004405975341796875
5.78	0.000438690185546875
5.79	0.0004329681396484375
5.8	0.00042724609375
5.81	0.0004253387451171875
5.82	0.00042057037353515625
5.83	0.00041675567626953125
5.84	0.00040912628173828125
5.85	0.00040912628173828125
5.86	0.00040435791015625
5.87	0.0003986358642578125
5.88	0.0003948211669921875
5.89	0.00038909912109375
5.9	0.0003871917724609375
5.91	0.00037860870361328125
5.92	0.00037479400634765625
5.93	0.0003681182861328125
5.94	0.000362396240234375
5.95	0.00035858154296875
5.96	0.0003566741943359375
5.97	0.0003528594970703125
5.98	0.000347137451171875
5.99	0.00034618377685546875
6.0	0.0003452301025390625
6.01	0.00034427642822265625
6.02	0.000339508056640625
6.03	0.00033855438232421875
6.04	0.0003337860107421875
6.05	0.00033283233642578125
6.06	0.00033092498779296875
6.07	0.00032901763916015625
6.08	0.00032329559326171875
6.09	0.0003204345703125
6.1	0.0003185272216796875
6.11	0.00031757354736328125
6.12	0.0003147125244140625
6.13	0.00031375885009765625
6.14	0.00031280517578125
6.15	0.000308990478515625
6.16	0.00030517578125
6.17	0.00030040740966796875
6.18	0.00029754638671875
6.19	0.00029468536376953125
6.2	0.0002918243408203125
6.21	0.0002880096435546875
6.22	0.00028705596923828125
6.23	0.00028514862060546875
6.24	0.0002841949462890625
6.25	0.00028228759765625
6.26	0.00027942657470703125
6.27	0.00027751922607421875
6.28	0.0002765655517578125
6.29	0.000270843505859375
6.3	0.00026702880859375
6.31	0.00026416778564453125
6.32	0.0002613067626953125
6.33	0.00025844573974609375
6.34	0.00025463104248046875
6.35	0.0002536773681640625
6.36	0.00025272369384765625
6.37	0.00025177001953125
6.38	0.00024890899658203125
6.39	0.000247955322265625
6.4	0.00024700164794921875
6.41	0.000244140625
6.42	0.000244140625
6.43	0.00023937225341796875
6.44	0.0002384185791015625
6.45	0.00023651123046875
6.46	0.00023651123046875
6.47	0.000232696533203125
6.48	0.00023174285888671875
6.49	0.00022983551025390625
6.5	0.0002269744873046875
6.51	0.0002231597900390625
6.52	0.00022125244140625
6.53	0.000217437744140625
6.54	0.0002155303955078125
6.55	0.0002117156982421875
6.56	0.00020694732666015625
6.57	0.00020694732666015625
6.58	0.00020122528076171875
6.59	0.0002002716064453125
6.6	0.0001983642578125
6.61	0.0001964569091796875
6.62	0.00019359588623046875
6.63	0.00018978118896484375
6.64	0.0001888275146484375
6.65	0.0001888275146484375
6.66	0.0001850128173828125
6.67	0.00018215179443359375
6.68	0.00017833709716796875
6.69	0.0001773834228515625
6.7	0.00017452239990234375
6.71	0.00017452239990234375
6.72	0.00017452239990234375
6.73	0.00017452239990234375
6.74	0.0001735687255859375
6.75	0.0001735687255859375
6.76	0.000171661376953125
6.77	0.000171661376953125
6.78	0.000171661376953125
6.79	0.00017070770263671875
6.8	0.00016689300537109375
6.81	0.00016498565673828125
6.82	0.00016307830810546875
6.83	0.00016117095947265625
6.84	0.00016117095947265625
6.85	0.0001583099365234375
6.86	0.000156402587890625
6.87	0.0001544952392578125
6.88	0.00015163421630859375
6.89	0.00014972686767578125
6.9	0.00014972686767578125
6.91	0.00014781951904296875
6.92	0.0001468658447265625
6.93	0.0001468658447265625
6.94	0.00014591217041015625
6.95	0.00014591217041015625
6.96	0.00014591217041015625
6.97	0.00014591217041015625
6.98	0.00014400482177734375
6.99	0.00014209747314453125
7.0	0.000141143798828125
7.01	0.0001392364501953125
7.02	0.00013828277587890625
7.03	0.000133514404296875
7.04	0.000133514404296875
7.05	0.00012969970703125
7.06	0.00012969970703125
7.07	0.0001277923583984375
7.08	0.00012683868408203125
7.09	0.00012493133544921875
7.1	0.0001239776611328125
7.11	0.0001220703125
7.12	0.00011920928955078125
7.13	0.00011730194091796875
7.14	0.00011730194091796875
7.15	0.0001163482666015625
7.16	0.00011539459228515625
7.17	0.0001125335693359375
7.18	0.0001125335693359375
7.19	0.00011157989501953125
7.2	0.00011157989501953125
7.21	0.000110626220703125
7.22	0.0001087188720703125
7.23	0.00010776519775390625
7.24	0.00010585784912109375
7.25	0.0001049041748046875
7.26	0.00010204315185546875
7.27	0.00010204315185546875
7.28	0.0001010894775390625
7.29	0.0001010894775390625
7.3	9.72747802734375e-05
7.31	9.632110595703125e-05
7.32	9.632110595703125e-05
7.33	9.632110595703125e-05
7.34	9.5367431640625e-05
7.35	9.250640869140625e-05
7.36	9.1552734375e-05
7.37	9.1552734375e-05
7.38	9.059906005859375e-05
7.39	8.869171142578125e-05
7.4	8.7738037109375e-05
7.41	8.678436279296875e-05
7.42	8.58306884765625e-05
7.43	8.58306884765625e-05
7.44	8.487701416015625e-05
7.45	8.487701416015625e-05
7.46	8.392333984375e-05
7.47	8.392333984375e-05
7.48	8.20159912109375e-05
7.49	8.20159912109375e-05
7.5	8.106231689453125e-05
7.51	8.0108642578125e-05
7.52	7.915496826171875e-05
7.53	7.724761962890625e-05
7.54	7.62939453125e-05
7.55	7.43865966796875e-05
7.56	7.343292236328125e-05
7.57	7.2479248046875e-05
7.58	7.05718994140625e-05
7.59	6.866455078125e-05
7.6	6.771087646484375e-05
7.61	6.771087646484375e-05
7.62	6.771087646484375e-05
7.63	6.67572021484375e-05
7.64	6.67572021484375e-05
7.65	6.67572021484375e-05
7.66	6.67572021484375e-05
7.67	6.67572021484375e-05
7.68	6.67572021484375e-05
7.69	6.67572021484375e-05
7.7	6.67572021484375e-05
7.71	6.4849853515625e-05
7.72	6.389617919921875e-05
7.73	6.389617919921875e-05
7.74	6.29425048828125e-05
7.75	6.29425048828125e-05
7.76	6.008148193359375e-05
7.77	5.91278076171875e-05
7.78	5.91278076171875e-05
7.79	5.91278076171875e-05
7.8	5.7220458984375e-05
7.81	5.53131103515625e-05
7.82	5.340576171875e-05
7.83	5.14984130859375e-05
7.84	4.9591064453125e-05
7.85	4.863739013671875e-05
7.86	4.863739013671875e-05
7.87	4.863739013671875e-05
7.88	4.863739013671875e-05
7.89	4.673004150390625e-05
7.9	4.673004150390625e-05
7.91	4.673004150390625e-05
7.92	4.673004150390625e-05
7.93	4.57763671875e-05
7.94	4.57763671875e-05
7.95	4.38690185546875e-05
7.96	4.291534423828125e-05
7.97	4.291534423828125e-05
7.98	4.291534423828125e-05
7.99	4.291534423828125e-05
8.0	4.291534423828125e-05
8.01	4.291534423828125e-05
8.02	4.1961669921875e-05
8.03	4.1961669921875e-05
8.04	4.1961669921875e-05
8.05	4.1961669921875e-05
8.06	4.1961669921875e-05
8.07	4.100799560546875e-05
8.08	4.00543212890625e-05
8.09	3.910064697265625e-05
8.1	3.910064697265625e-05
8.11	3.910064697265625e-05
8.12	3.910064697265625e-05
8.13	3.719329833984375e-05
8.14	3.62396240234375e-05
8.15	3.62396240234375e-05
8.16	3.62396240234375e-05
8.17	3.528594970703125e-05
8.18	3.528594970703125e-05
8.19	3.337860107421875e-05
8.2	3.24249267578125e-05
8.21	3.24249267578125e-05
8.22	3.24249267578125e-05
8.23	3.24249267578125e-05
8.24	3.24249267578125e-05
8.25	3.24249267578125e-05
8.26	3.24249267578125e-05
8.27	3.147125244140625e-05
8.28	3.147125244140625e-05
8.29	3.147125244140625e-05
8.3	3.0517578125e-05
8.31	2.86102294921875e-05
8.32	2.765655517578125e-05
8.33	2.765655517578125e-05
8.34	2.6702880859375e-05
8.35	2.6702880859375e-05
8.36	2.6702880859375e-05
8.37	2.6702880859375e-05
8.38	2.6702880859375e-05
8.39	2.6702880859375e-05
8.4	2.6702880859375e-05
8.41	2.6702880859375e-05
8.42	2.6702880859375e-05
8.43	2.6702880859375e-05
8.44	2.6702880859375e-05
8.45	2.574920654296875e-05
8.46	2.574920654296875e-05
8.47	2.574920654296875e-05
8.48	2.574920654296875e-05
8.49	2.47955322265625e-05
8.5	2.47955322265625e-05
8.51	2.47955322265625e-05
8.52	2.384185791015625e-05
8.53	2.384185791015625e-05
8.54	2.288818359375e-05
8.55	2.193450927734375e-05
8.56	2.193450927734375e-05
8.57	2.193450927734375e-05
8.58	2.193450927734375e-05
8.59	2.193450927734375e-05
8.6	2.193450927734375e-05
8.61	2.193450927734375e-05
8.62	2.193450927734375e-05
8.63	2.09808349609375e-05
8.64	2.09808349609375e-05
8.65	2.09808349609375e-05
8.66	2.09808349609375e-05
8.67	1.9073486328125e-05
8.68	1.9073486328125e-05
8.69	1.811981201171875e-05
8.7	1.811981201171875e-05
8.71	1.811981201171875e-05
8.72	1.811981201171875e-05
8.73	1.811981201171875e-05
8.74	1.71661376953125e-05
8.75	1.71661376953125e-05
8.76	1.621246337890625e-05
8.77	1.621246337890625e-05
8.78	1.621246337890625e-05
8.79	1.621246337890625e-05
8.8	1.621246337890625e-05
8.81	1.52587890625e-05
8.82	1.52587890625e-05
8.83	1.52587890625e-05
8.84	1.52587890625e-05
8.85	1.52587890625e-05
8.86	1.430511474609375e-05
8.87	1.430511474609375e-05
8.88	1.430511474609375e-05
8.89	1.430511474609375e-05
8.9	1.33514404296875e-05
8.91	1.33514404296875e-05
8.92	1.239776611328125e-05
8.93	1.239776611328125e-05
8.94	1.239776611328125e-05
8.95	1.239776611328125e-05
8.96	1.239776611328125e-05
8.97	1.239776611328125e-05
8.98	1.239776611328125e-05
8.99	1.239776611328125e-05
9.0	1.239776611328125e-05
9.01	1.239776611328125e-05
9.02	1.1444091796875e-05
9.03	1.1444091796875e-05
9.04	9.5367431640625e-06
9.05	9.5367431640625e-06
9.06	9.5367431640625e-06
9.07	9.5367431640625e-06
9.08	9.5367431640625e-06
9.09	9.5367431640625e-06
9.1	9.5367431640625e-06
9.11	9.5367431640625e-06
9.12	9.5367431640625e-06
9.13	9.5367431640625e-06
9.14	9.5367431640625e-06
9.15	9.5367431640625e-06
9.16	9.5367431640625e-06
9.17	8.58306884765625e-06
9.18	8.58306884765625e-06
9.19	8.58306884765625e-06
9.2	8.58306884765625e-06
9.21	8.58306884765625e-06
9.22	7.62939453125e-06
9.23	7.62939453125e-06
9.24	7.62939453125e-06
9.25	7.62939453125e-06
9.26	7.62939453125e-06
9.27	7.62939453125e-06
9.28	7.62939453125e-06
9.29	7.62939453125e-06
9.3	7.62939453125e-06
9.31	7.62939453125e-06
9.32	7.62939453125e-06
9.33	7.62939453125e-06
9.34	7.62939453125e-06
9.35	6.67572021484375e-06
9.36	6.67572021484375e-06
9.37	6.67572021484375e-06
9.38	6.67572021484375e-06
9.39	6.67572021484375e-06
9.4	5.7220458984375e-06
9.41	4.76837158203125e-06
9.42	4.76837158203125e-06
9.43	4.76837158203125e-06
9.44	4.76837158203125e-06
9.45	4.76837158203125e-06
9.46	3.814697265625e-06
9.47	2.86102294921875e-06
9.48	2.86102294921875e-06
9.49	2.86102294921875e-06
9.5	2.86102294921875e-06
9.51	2.86102294921875e-06
9.52	2.86102294921875e-06
9.53	2.86102294921875e-06
9.54	2.86102294921875e-06
9.55	2.86102294921875e-06
9.56	2.86102294921875e-06
9.57	2.86102294921875e-06
9.58	2.86102294921875e-06
9.59	2.86102294921875e-06
9.6	2.86102294921875e-06
9.61	2.86102294921875e-06
9.62	2.86102294921875e-06
9.63	2.86102294921875e-06
9.64	2.86102294921875e-06
9.65	2.86102294921875e-06
9.66	2.86102294921875e-06
9.67	2.86102294921875e-06
9.68	2.86102294921875e-06
9.69	2.86102294921875e-06
9.7	2.86102294921875e-06
9.71	2.86102294921875e-06
9.72	2.86102294921875e-06
9.73	2.86102294921875e-06
9.74	2.86102294921875e-06
9.75	2.86102294921875e-06
9.76	2.86102294921875e-06
9.77	2.86102294921875e-06
9.78	2.86102294921875e-06
9.79	2.86102294921875e-06
9.8	2.86102294921875e-06
9.81	2.86102294921875e-06
9.82	2.86102294921875e-06
9.83	2.86102294921875e-06
9.84	2.86102294921875e-06
9.85	2.86102294921875e-06
9.86	2.86102294921875e-06
9.87	2.86102294921875e-06
9.88	2.86102294921875e-06
9.89	2.86102294921875e-06
9.9	2.86102294921875e-06
9.91	2.86102294921875e-06
9.92	2.86102294921875e-06
9.93	2.86102294921875e-06
9.94	2.86102294921875e-06
9.95	1.9073486328125e-06
9.96	1.9073486328125e-06
9.97	1.9073486328125e-06
9.98	1.9073486328125e-06
9.99	1.9073486328125e-06
10.0	1.9073486328125e-06
10.01	1.9073486328125e-06
10.02	1.9073486328125e-06
10.03	1.9073486328125e-06
10.04	1.9073486328125e-06
10.05	1.9073486328125e-06
10.06	1.9073486328125e-06
10.07	1.9073486328125e-06
10.08	1.9073486328125e-06
10.09	1.9073486328125e-06
10.1	1.9073486328125e-06
10.11	1.9073486328125e-06
10.12	1.9073486328125e-06
10.13	1.9073486328125e-06
10.14	1.9073486328125e-06
10.15	1.9073486328125e-06
10.16	1.9073486328125e-06
10.17	1.9073486328125e-06
10.18	9.5367431640625e-07
10.19	9.5367431640625e-07
10.2	9.5367431640625e-07
10.21	9.5367431640625e-07
10.22	9.5367431640625e-07
10.23	9.5367431640625e-07
10.24	9.5367431640625e-07
10.25	9.5367431640625e-07
10.26	9.5367431640625e-07
10.27	9.5367431640625e-07
10.28	9.5367431640625e-07
10.29	9.5367431640625e-07
10.3	9.5367431640625e-07
10.31	9.5367431640625e-07
10.32	9.5367431640625e-07
10.33	9.5367431640625e-07
10.34	9.5367431640625e-07
10.35	9.5367431640625e-07
10.36	9.5367431640625e-07
10.37	9.5367431640625e-07
10.38	9.5367431640625e-07
10.39	9.5367431640625e-07
10.4	9.5367431640625e-07
10.41	9.5367431640625e-07
10.42	9.5367431640625e-07
10.43	9.5367431640625e-07
10.44	9.5367431640625e-07
10.45	9.5367431640625e-07
10.46	9.5367431640625e-07
10.47	9.5367431640625e-07
10.48	9.5367431640625e-07
10.49	9.5367431640625e-07
10.5	9.5367431640625e-07
10.51	9.5367431640625e-07
10.52	9.5367431640625e-07
10.53	9.5367431640625e-07
10.54	9.5367431640625e-07
10.55	9.5367431640625e-07
10.56	9.5367431640625e-07
10.57	9.5367431640625e-07
10.58	9.5367431640625e-07
10.59	9.5367431640625e-07
10.6	9.5367431640625e-07
10.61	9.5367431640625e-07
10.62	9.5367431640625e-07
10.63	9.5367431640625e-07
10.64	9.5367431640625e-07
10.65	9.5367431640625e-07
10.66	9.5367431640625e-07
10.67	9.5367431640625e-07
10.68	0.0
