5.61	0.000507354736328125
5.62	0.0004968643188476562
5.63	0.0004911422729492188
5.64	0.0004911422729492188
5.65	0.00048065185546875
5.66	0.0004787445068359375
5.67	0.00047397613525390625
5.68	0.00046825408935546875
5.69	0.00046253204345703125
5.7	0.0004558563232421875
5.71	0.0004520416259765625
5.72	0.0004482269287109375
5.73	0.0004444122314453125
5.74	0.00043964385986328125
5.75	0.00043773651123046875
5.76	0.00042724609375
5.77	0.000423431396484375
5.78	0.00041866302490234375
5.79	0.00041484832763671875
5.8	0.00041294097900390625
5.81	0.0004100799560546875
5.82	0.000408172607421875
5.83	0.00040435791015625
5.84	0.00040340423583984375
5.85	0.00039768218994140625
5.86	0.00038433074951171875
5.87	0.00038242340087890625
5.88	0.0003757476806640625
5.89	0.00037384033203125
5.9	0.0003719329833984375
5.91	0.00036716461181640625
5.92	0.000362396240234375
5.93	0.0003566741943359375
5.94	0.0003566741943359375
5.95	0.0003566741943359375
5.96	0.0003509521484375
5.97	0.00034332275390625
5.98	0.00033473968505859375
5.99	0.00033283233642578125
6.0	0.00033092498779296875
6.01	0.0003299713134765625
6.02	0.000324249267578125
6.03	0.000316619873046875
6.04	0.00031375885009765625
6.05	0.00031280517578125
6.06	0.0003108978271484375
6.07	0.00030994415283203125
6.08	0.00030803680419921875
6.09	0.00030040740966796875
6.1	0.00029754638671875
6.11	0.0002956390380859375
6.12	0.0002956390380859375
6.13	0.00028324127197265625
6.14	0.0002803802490234375
6.15	0.00027942657470703125
6.16	0.0002765655517578125
6.17	0.00027561187744140625
6.18	0.0002727508544921875
6.19	0.00027179718017578125
6.2	0.0002651214599609375
6.21	0.0002593994140625
6.22	0.000255584716796875
6.23	0.0002536773681640625
6.24	0.000247955322265625
6.25	0.00024700164794921875
6.26	0.00024700164794921875
6.27	0.00024127960205078125
6.28	0.00023937225341796875
6.29	0.0002346038818359375
6.3	0.00023365020751953125
6.31	0.000232696533203125
6.32	0.00022983551025390625
6.33	0.00022602081298828125
6.34	0.00022411346435546875
6.35	0.0002231597900390625
6.36	0.00022125244140625
6.37	0.0002155303955078125
6.38	0.000213623046875
6.39	0.00021076202392578125
6.4	0.0002079010009765625
6.41	0.00020694732666015625
6.42	0.0002040863037109375
6.43	0.0002040863037109375
6.44	0.00020122528076171875
6.45	0.00020122528076171875
6.46	0.00020122528076171875
6.47	0.0001983642578125
6.48	0.0001926422119140625
6.49	0.0001926422119140625
6.5	0.00019168853759765625
6.51	0.00019168853759765625
6.52	0.00018978118896484375
6.53	0.00018215179443359375
6.54	0.0001811981201171875
6.55	0.00018024444580078125
6.56	0.00017642974853515625
6.57	0.00017261505126953125
6.58	0.00017261505126953125
6.59	0.00017261505126953125
6.6	0.00016689300537109375
6.61	0.000164031982421875
6.62	0.0001621246337890625
6.63	0.0001621246337890625
6.64	0.00015354156494140625
6.65	0.000152587890625
6.66	0.00015163421630859375
6.67	0.00014972686767578125
6.68	0.00014781951904296875
6.69	0.0001468658447265625
6.7	0.0001468658447265625
6.71	0.0001430511474609375
6.72	0.0001373291015625
6.73	0.0001316070556640625
6.74	0.00013065338134765625
6.75	0.0001277923583984375
6.76	0.0001277923583984375
6.77	0.0001277923583984375
6.78	0.00012302398681640625
6.79	0.0001201629638671875
6.8	0.00011920928955078125
6.81	0.00011920928955078125
6.82	0.000118255615234375
6.83	0.00011730194091796875
6.84	0.0001125335693359375
6.85	0.00011157989501953125
6.86	0.000110626220703125
6.87	0.00010967254638671875
6.88	0.00010967254638671875
6.89	0.00010585784912109375
6.9	0.0001049041748046875
6.91	0.00010204315185546875
6.92	0.0001010894775390625
6.93	0.00010013580322265625
6.94	0.00010013580322265625
6.95	9.918212890625e-05
6.96	9.918212890625e-05
6.97	9.822845458984375e-05
6.98	9.632110595703125e-05
6.99	9.632110595703125e-05
7.0	9.632110595703125e-05
7.01	9.632110595703125e-05
7.02	9.632110595703125e-05
7.03	9.441375732421875e-05
7.04	9.059906005859375e-05
7.05	9.059906005859375e-05
7.06	9.059906005859375e-05
7.07	8.58306884765625e-05
7.08	8.392333984375e-05
7.09	8.392333984375e-05
7.1	8.392333984375e-05
7.11	8.106231689453125e-05
7.12	8.106231689453125e-05
7.13	8.0108642578125e-05
7.14	8.0108642578125e-05
7.15	7.62939453125e-05
7.16	7.62939453125e-05
7.17	7.534027099609375e-05
7.18	7.2479248046875e-05
7.19	7.152557373046875e-05
7.2	7.152557373046875e-05
7.21	7.152557373046875e-05
7.22	6.961822509765625e-05
7.23	6.771087646484375e-05
7.24	6.4849853515625e-05
7.25	6.4849853515625e-05
7.26	6.4849853515625e-05
7.27	6.4849853515625e-05
7.28	6.389617919921875e-05
7.29	6.198883056640625e-05
7.3	6.198883056640625e-05
7.31	6.198883056640625e-05
7.32	6.198883056640625e-05
7.33	6.103515625e-05
7.34	6.103515625e-05
7.35	5.91278076171875e-05
7.36	5.91278076171875e-05
7.37	5.91278076171875e-05
7.38	5.91278076171875e-05
7.39	5.91278076171875e-05
7.4	5.7220458984375e-05
7.41	5.7220458984375e-05
7.42	5.53131103515625e-05
7.43	5.340576171875e-05
7.44	5.340576171875e-05
7.45	5.340576171875e-05
7.46	5.340576171875e-05
7.47	5.340576171875e-05
7.48	5.14984130859375e-05
7.49	5.14984130859375e-05
7.5	5.054473876953125e-05
7.51	5.054473876953125e-05
7.52	5.054473876953125e-05
7.53	4.863739013671875e-05
7.54	4.673004150390625e-05
7.55	4.482269287109375e-05
7.56	4.482269287109375e-05
7.57	4.482269287109375e-05
7.58	4.38690185546875e-05
7.59	4.1961669921875e-05
7.6	4.1961669921875e-05
7.61	4.100799560546875e-05
7.62	4.100799560546875e-05
7.63	4.100799560546875e-05
7.64	4.100799560546875e-05
7.65	4.100799560546875e-05
7.66	3.910064697265625e-05
7.67	3.910064697265625e-05
7.68	3.719329833984375e-05
7.69	3.62396240234375e-05
7.7	3.62396240234375e-05
7.71	3.62396240234375e-05
7.72	3.62396240234375e-05
7.73	3.4332275390625e-05
7.74	3.4332275390625e-05
7.75	3.4332275390625e-05
7.76	3.4332275390625e-05
7.77	3.4332275390625e-05
7.78	3.4332275390625e-05
7.79	3.24249267578125e-05
7.8	3.24249267578125e-05
7.81	3.24249267578125e-05
7.82	3.24249267578125e-05
7.83	3.24249267578125e-05
7.84	3.0517578125e-05
7.85	3.0517578125e-05
7.86	3.0517578125e-05
7.87	3.0517578125e-05
7.88	3.0517578125e-05
7.89	3.0517578125e-05
7.9	3.0517578125e-05
7.91	3.0517578125e-05
7.92	3.0517578125e-05
7.93	2.6702880859375e-05
7.94	2.574920654296875e-05
7.95	2.574920654296875e-05
7.96	2.574920654296875e-05
7.97	2.574920654296875e-05
7.98	2.574920654296875e-05
7.99	2.47955322265625e-05
8.0	2.47955322265625e-05
8.01	2.384185791015625e-05
8.02	2.384185791015625e-05
8.03	2.384185791015625e-05
8.04	2.002716064453125e-05
8.05	1.9073486328125e-05
8.06	1.811981201171875e-05
8.07	1.811981201171875e-05
8.08	1.811981201171875e-05
8.09	1.811981201171875e-05
8.1	1.71661376953125e-05
8.11	1.71661376953125e-05
8.12	1.621246337890625e-05
8.13	1.621246337890625e-05
8.14	1.621246337890625e-05
8.15	1.621246337890625e-05
8.16	1.621246337890625e-05
8.17	1.52587890625e-05
8.18	1.52587890625e-05
8.19	1.430511474609375e-05
8.2	1.430511474609375e-05
8.21	1.430511474609375e-05
8.22	1.430511474609375e-05
8.23	1.430511474609375e-05
8.24	1.33514404296875e-05
8.25	1.33514404296875e-05
8.26	1.33514404296875e-05
8.27	1.33514404296875e-05
8.28	1.33514404296875e-05
8.29	1.33514404296875e-05
8.3	1.239776611328125e-05
8.31	1.239776611328125e-05
8.32	1.239776611328125e-05
8.33	1.239776611328125e-05
8.34	1.239776611328125e-05
8.35	1.1444091796875e-05
8.36	1.1444091796875e-05
8.37	1.049041748046875e-05
8.38	1.049041748046875e-05
8.39	1.049041748046875e-05
8.4	1.049041748046875e-05
8.41	1.049041748046875e-05
8.42	1.049041748046875e-05
8.43	1.049041748046875e-05
8.44	8.58306884765625e-06
8.45	8.58306884765625e-06
8.46	8.58306884765625e-06
8.47	8.58306884765625e-06
8.48	7.62939453125e-06
8.49	7.62939453125e-06
8.5	7.62939453125e-06
8.51	7.62939453125e-06
8.52	7.62939453125e-06
8.53	7.62939453125e-06
8.54	7.62939453125e-06
8.55	5.7220458984375e-06
8.56	5.7220458984375e-06
8.57	5.7220458984375e-06
8.58	5.7220458984375e-06
8.59	5.7220458984375e-06
8.6	5.7220458984375e-06
8.61	5.7220458984375e-06
8.62	5.7220458984375e-06
8.63	5.7220458984375e-06
8.64	5.7220458984375e-06
8.65	5.7220458984375e-06
8.66	5.7220458984375e-06
8.67	5.7220458984375e-06
8.68	5.7220458984375e-06
8.69	5.7220458984375e-06
8.7	5.7220458984375e-06
8.71	5.7220458984375e-06
8.72	5.7220458984375e-06
8.73	5.7220458984375e-06
8.74	5.7220458984375e-06
8.75	5.7220458984375e-06
8.76	5.7220458984375e-06
8.77	5.7220458984375e-06
8.78	5.7220458984375e-06
8.79	5.7220458984375e-06
8.8	5.7220458984375e-06
8.81	5.7220458984375e-06
8.82	5.7220458984375e-06
8.83	5.7220458984375e-06
8.84	5.7220458984375e-06
8.85	5.7220458984375e-06
8.86	5.7220458984375e-06
8.87	4.76837158203125e-06
8.88	3.814697265625e-06
8.89	3.814697265625e-06
8.9	3.814697265625e-06
8.91	3.814697265625e-06
8.92	3.814697265625e-06
8.93	3.814697265625e-06
8.94	3.814697265625e-06
8.95	3.814697265625e-06
8.96	3.814697265625e-06
8.97	3.814697265625e-06
8.98	2.86102294921875e-06
8.99	1.9073486328125e-06
9.0	1.9073486328125e-06
9.01	1.9073486328125e-06
9.02	1.9073486328125e-06
9.03	1.9073486328125e-06
9.04	1.9073486328125e-06
9.05	1.9073486328125e-06
9.06	1.9073486328125e-06
9.07	1.9073486328125e-06
9.08	1.9073486328125e-06
9.09	1.9073486328125e-06
9.1	1.9073486328125e-06
9.11	1.9073486328125e-06
9.12	1.9073486328125e-06
9.13	1.9073486328125e-06
9.14	1.9073486328125e-06
9.15	1.9073486328125e-06
9.16	1.9073486328125e-06
9.17	1.9073486328125e-06
9.18	1.9073486328125e-06
9.19	1.9073486328125e-06
9.2	1.9073486328125e-06
9.21	1.9073486328125e-06
9.22	1.9073486328125e-06
9.23	1.9073486328125e-06
9.24	1.9073486328125e-06
9.25	1.9073486328125e-06
9.26	1.9073486328125e-06
9.27	1.9073486328125e-06
9.28	1.9073486328125e-06
9.29	1.9073486328125e-06
9.3	1.9073486328125e-06
9.31	1.9073486328125e-06
9.32	1.9073486328125e-06
9.33	1.9073486328125e-06
9.34	1.9073486328125e-06
9.35	1.9073486328125e-06
9.36	1.9073486328125e-06
9.37	1.9073486328125e-06
9.38	9.5367431640625e-07
9.39	9.5367431640625e-07
9.4	9.5367431640625e-07
9.41	9.5367431640625e-07
9.42	9.5367431640625e-07
9.43	9.5367431640625e-07
9.44	9.5367431640625e-07
9.45	9.5367431640625e-07
9.46	9.5367431640625e-07
9.47	9.5367431640625e-07
9.48	9.5367431640625e-07
9.49	0.0
