5.22	0.0005014725029468536
5.23	0.0004977807402610779
5.24	0.000494047999382019
5.25	0.0004903748631477356
5.26	0.0004865974187850952
5.27	0.00048298388719558716
5.28	0.00047934427857398987
5.29	0.00047573819756507874
5.3	0.0004721507430076599
5.31	0.00046861544251441956
5.32	0.00046519190073013306
5.33	0.0004615709185600281
5.34	0.00045815855264663696
5.35	0.0004546530544757843
5.36	0.0004512667655944824
5.37	0.0004478730261325836
5.38	0.00044444575905799866
5.39	0.00044101104140281677
5.4	0.0004376843571662903
5.41	0.00043440982699394226
5.42	0.0004310533404350281
5.43	0.00042787566781044006
5.44	0.0004246160387992859
5.45	0.0004214830696582794
5.46	0.00041823089122772217
5.47	0.0004151351749897003
5.48	0.0004119463264942169
5.49	0.0004088282585144043
5.5	0.00040561333298683167
5.51	0.0004026442766189575
5.52	0.00039955973625183105
5.53	0.0003963969647884369
5.54	0.00039330869913101196
5.55	0.00039016827940940857
5.56	0.0003872029483318329
5.57	0.00038414448499679565
5.58	0.0003811269998550415
5.59	0.0003782138228416443
5.6	0.000375308096408844
5.61	0.00037240609526634216
5.62	0.00036953017115592957
5.63	0.00036666542291641235
5.64	0.00036388635635375977
5.65	0.0003611259162425995
5.66	0.0003583468496799469
5.67	0.0003555603325366974
5.68	0.00035280361771583557
5.69	0.00035003572702407837
5.7	0.00034731999039649963
5.71	0.0003445371985435486
5.72	0.00034186989068984985
5.73	0.00033915042877197266
5.74	0.0003365352749824524
5.75	0.0003338232636451721
5.76	0.0003313012421131134
5.77	0.0003287680447101593
5.78	0.0003261566162109375
5.79	0.0003235563635826111
5.8	0.0003210827708244324
5.81	0.00031844526529312134
5.82	0.00031590089201927185
5.83	0.0003133229911327362
5.84	0.00031093135476112366
5.85	0.0003084838390350342
5.86	0.0003059692680835724
5.87	0.0003035441040992737
5.88	0.00030120089650154114
5.89	0.00029881298542022705
5.9	0.00029644742608070374
5.91	0.0002941153943538666
5.92	0.00029174238443374634
5.93	0.0002894587814807892
5.94	0.0002871789038181305
5.95	0.0002849288284778595
5.96	0.0002826489508152008
5.97	0.0002804659307003021
5.98	0.00027810782194137573
5.99	0.000276029109954834
6.0	0.000273730605840683
6.01	0.0002715587615966797
6.02	0.000269327312707901
6.03	0.0002671144902706146
6.04	0.0002648681402206421
6.05	0.00026271119713783264
6.06	0.0002606026828289032
6.07	0.00025846436619758606
6.08	0.00025642290711402893
6.09	0.00025436654686927795
6.1	0.00025234371423721313
6.11	0.00025026872754096985
6.12	0.00024829059839248657
6.13	0.00024628639221191406
6.14	0.00024437159299850464
6.15	0.00024232640862464905
6.16	0.00024044141173362732
6.17	0.00023851916193962097
6.18	0.00023651868104934692
6.19	0.0002345256507396698
6.2	0.0002325698733329773
6.21	0.00023071840405464172
6.22	0.0002288222312927246
6.23	0.00022685900330543518
6.24	0.0002251453697681427
6.25	0.00022329017519950867
6.26	0.00022141635417938232
6.27	0.00021960213780403137
6.28	0.00021777674555778503
6.29	0.00021598860621452332
6.3	0.00021423399448394775
6.31	0.0002123899757862091
6.32	0.00021063536405563354
6.33	0.00020894035696983337
6.34	0.00020714104175567627
6.35	0.00020539015531539917
6.36	0.00020370632410049438
6.37	0.00020204856991767883
6.38	0.00020037591457366943
6.39	0.00019878149032592773
6.4	0.00019714981317520142
6.41	0.0001955367624759674
6.42	0.00019397586584091187
6.43	0.00019234046339988708
6.44	0.00019070878624916077
6.45	0.00018919259309768677
6.46	0.000187605619430542
6.47	0.00018610060214996338
6.48	0.0001843757927417755
6.49	0.00018285587430000305
6.5	0.00018133968114852905
6.51	0.00017971545457839966
6.52	0.00017819181084632874
6.53	0.00017672032117843628
6.54	0.00017517060041427612
6.55	0.00017373636364936829
6.56	0.00017227604985237122
6.57	0.00017076358199119568
6.58	0.00016938894987106323
6.59	0.00016796588897705078
6.6	0.0001665949821472168
6.61	0.0001651868224143982
6.62	0.00016384199261665344
6.63	0.00016240030527114868
6.64	0.00016105547547340393
6.65	0.00015962868928909302
6.66	0.00015831738710403442
6.67	0.0001569613814353943
6.68	0.00015559792518615723
6.69	0.00015434250235557556
6.7	0.00015294551849365234
6.71	0.0001516379415988922
6.72	0.00015037134289741516
6.73	0.00014910101890563965
6.74	0.00014782696962356567
6.75	0.00014663860201835632
6.76	0.00014531239867210388
6.77	0.0001440495252609253
6.78	0.00014279410243034363
6.79	0.00014144554734230042
6.8	0.00014016777276992798
6.81	0.00013896822929382324
6.82	0.00013777613639831543
6.83	0.0001366063952445984
6.84	0.00013544782996177673
6.85	0.00013426318764686584
6.86	0.00013319402933120728
6.87	0.00013200566172599792
6.88	0.00013084709644317627
6.89	0.00012981891632080078
6.9	0.00012867525219917297
6.91	0.00012759119272232056
6.92	0.00012652575969696045
6.93	0.0001253373920917511
6.94	0.00012424960732460022
6.95	0.00012318789958953857
6.96	0.0001220405101776123
6.97	0.00012097880244255066
6.98	0.00011994317173957825
6.99	0.00011882185935974121
7.0	0.00011779367923736572
7.01	0.00011672452092170715
7.02	0.00011570751667022705
7.03	0.00011469051241874695
7.04	0.00011367723345756531
7.05	0.00011270493268966675
7.06	0.00011173263192176819
7.07	0.0001107342541217804
7.08	0.00010976195335388184
7.09	0.00010880455374717712
7.1	0.00010782107710838318
7.11	0.00010689720511436462
7.12	0.00010594725608825684
7.13	0.00010499730706214905
7.14	0.00010408088564872742
7.15	0.00010319426655769348
7.16	0.00010217726230621338
7.17	0.00010133162140846252
7.18	0.0001004636287689209
7.19	9.956210851669312e-05
7.2	9.871646761894226e-05
7.21	9.785592555999756e-05
7.22	9.698793292045593e-05
7.23	9.611248970031738e-05
7.24	9.518861770629883e-05
7.25	9.439140558242798e-05
7.26	9.348243474960327e-05
7.27	9.264424443244934e-05
7.28	9.177997708320618e-05
7.29	9.090453386306763e-05
7.3	9.008869528770447e-05
7.31	8.929148316383362e-05
7.32	8.847936987876892e-05
7.33	8.767470717430115e-05
7.34	8.698180317878723e-05
7.35	8.616596460342407e-05
7.36	8.547306060791016e-05
7.37	8.472800254821777e-05
7.38	8.394941687583923e-05
7.39	8.321553468704224e-05
7.4	8.25151801109314e-05
7.41	8.172541856765747e-05
7.42	8.099526166915894e-05
7.43	8.027628064155579e-05
7.44	7.94827938079834e-05
7.45	7.874518632888794e-05
7.46	7.800012826919556e-05
7.47	7.728859782218933e-05
7.48	7.656589150428772e-05
7.49	7.589533925056458e-05
7.5	7.519125938415527e-05
7.51	7.456541061401367e-05
7.52	7.384270429611206e-05
7.53	7.317215204238892e-05
7.54	7.257983088493347e-05
7.55	7.187947630882263e-05
7.56	7.125735282897949e-05
7.57	7.058307528495789e-05
7.58	6.990134716033936e-05
7.59	6.925687193870544e-05
7.6	6.859377026557922e-05
7.61	6.801262497901917e-05
7.62	6.739795207977295e-05
7.63	6.682053208351135e-05
7.64	6.620585918426514e-05
7.65	6.561353802680969e-05
7.66	6.502866744995117e-05
7.67	6.447732448577881e-05
7.68	6.389617919921875e-05
7.69	6.3285231590271e-05
7.7	6.275996565818787e-05
7.71	6.214529275894165e-05
7.72	6.153061985969543e-05
7.73	6.095319986343384e-05
7.74	6.033852696418762e-05
7.75	5.976483225822449e-05
7.76	5.922839045524597e-05
7.77	5.8669596910476685e-05
7.78	5.81108033657074e-05
7.79	5.76116144657135e-05
7.8	5.70639967918396e-05
7.81	5.655363202095032e-05
7.82	5.603209137916565e-05
7.83	5.5558979511260986e-05
7.84	5.5070966482162476e-05
7.85	5.4605305194854736e-05
7.86	5.410239100456238e-05
7.87	5.364418029785156e-05
7.88	5.313009023666382e-05
7.89	5.258619785308838e-05
7.9	5.2127987146377563e-05
7.91	5.159899592399597e-05
7.92	5.112588405609131e-05
7.93	5.0652772188186646e-05
7.94	5.0127506256103516e-05
7.95	4.9661844968795776e-05
7.96	4.918873310089111e-05
7.97	4.871562123298645e-05
7.98	4.8276036977767944e-05
7.99	4.789978265762329e-05
8.0	4.74490225315094e-05
8.01	4.6990811824798584e-05
8.02	4.6581029891967773e-05
8.03	4.612654447555542e-05
8.04	4.568323493003845e-05
8.05	4.52287495136261e-05
8.06	4.4833868741989136e-05
8.07	4.4386833906173706e-05
8.08	4.396587610244751e-05
8.09	4.35560941696167e-05
8.1	4.314258694648743e-05
8.11	4.2743980884552e-05
8.12	4.236772656440735e-05
8.13	4.198402166366577e-05
8.14	4.1604042053222656e-05
8.15	4.1227787733078e-05
8.16	4.084780812263489e-05
8.17	4.046037793159485e-05
8.18	4.001706838607788e-05
8.19	3.965198993682861e-05
8.2	3.923848271369934e-05
8.21	3.888830542564392e-05
8.22	3.8508325815200806e-05
8.23	3.813207149505615e-05
8.24	3.774464130401611e-05
8.25	3.7338584661483765e-05
8.26	3.7010759115219116e-05
8.27	3.664940595626831e-05
8.28	3.634020686149597e-05
8.29	3.601983189582825e-05
8.3	3.568083047866821e-05
8.31	3.536045551300049e-05
8.32	3.5025179386138916e-05
8.33	3.4689903259277344e-05
8.34	3.4339725971221924e-05
8.35	3.4049153327941895e-05
8.36	3.371387720108032e-05
8.37	3.3348798751831055e-05
8.38	3.3039599657058716e-05
8.39	3.2685697078704834e-05
8.4	3.236904740333557e-05
8.41	3.203749656677246e-05
8.42	3.172457218170166e-05
8.43	3.14079225063324e-05
8.44	3.112480044364929e-05
8.45	3.0856579542160034e-05
8.46	3.056973218917847e-05
8.47	3.0260533094406128e-05
8.48	2.995133399963379e-05
8.49	2.9649585485458374e-05
8.5	2.934783697128296e-05
8.51	2.905726432800293e-05
8.52	2.8800219297409058e-05
8.53	2.8502196073532104e-05
8.54	2.8192996978759766e-05
8.55	2.792850136756897e-05
8.56	2.7582049369812012e-05
8.57	2.7354806661605835e-05
8.58	2.7097761631011963e-05
8.59	2.681836485862732e-05
8.6	2.658739686012268e-05
8.61	2.6326626539230347e-05
8.62	2.6073306798934937e-05
8.63	2.580881118774414e-05
8.64	2.559646964073181e-05
8.65	2.5335699319839478e-05
8.66	2.504885196685791e-05
8.67	2.4840235710144043e-05
8.68	2.4568289518356323e-05
8.69	2.4296343326568604e-05
8.7	2.4020671844482422e-05
8.71	2.3767352104187012e-05
8.72	2.3521482944488525e-05
8.73	2.3230910301208496e-05
8.74	2.3018568754196167e-05
8.75	2.279132604598999e-05
8.76	2.2567808628082275e-05
8.77	2.2359192371368408e-05
8.78	2.2180378437042236e-05
8.79	2.1941959857940674e-05
8.8	2.1748244762420654e-05
8.81	2.15284526348114e-05
8.82	2.1297484636306763e-05
8.83	2.1066516637802124e-05
8.84	2.0839273929595947e-05
8.85	2.0597130060195923e-05
8.86	2.039968967437744e-05
8.87	2.0168721675872803e-05
8.88	1.9952654838562012e-05
8.89	1.9781291484832764e-05
8.9	1.955777406692505e-05
8.91	1.936778426170349e-05
8.92	1.9159168004989624e-05
8.93	1.8965452909469604e-05
8.94	1.877918839454651e-05
8.95	1.8592923879623413e-05
8.96	1.835078001022339e-05
8.97	1.8205493688583374e-05
8.98	1.798197627067566e-05
8.99	1.7754733562469482e-05
9.0	1.757219433784485e-05
9.01	1.74008309841156e-05
9.02	1.7169862985610962e-05
9.03	1.702830195426941e-05
9.04	1.679733395576477e-05
9.05	1.664087176322937e-05
9.06	1.650303602218628e-05
9.07	1.6320496797561646e-05
9.08	1.6167759895324707e-05
9.09	1.600012183189392e-05
9.1	1.584365963935852e-05
9.11	1.5690922737121582e-05
9.12	1.5523284673690796e-05
9.13	1.5333294868469238e-05
9.14	1.5184283256530762e-05
9.15	1.5020370483398438e-05
9.16	1.4837831258773804e-05
9.17	1.4670193195343018e-05
9.18	1.4495104551315308e-05
9.19	1.4293938875198364e-05
9.2	1.4144927263259888e-05
9.21	1.3932585716247559e-05
9.22	1.381710171699524e-05
9.23	1.3671815395355225e-05
9.24	1.3533979654312134e-05
9.25	1.3403594493865967e-05
9.26	1.3258308172225952e-05
9.27	1.309812068939209e-05
9.28	1.2956559658050537e-05
9.29	1.2803822755813599e-05
9.3	1.2692064046859741e-05
9.31	1.2565404176712036e-05
9.32	1.2401491403579712e-05
9.33	1.2263655662536621e-05
9.34	1.212581992149353e-05
9.35	1.196935772895813e-05
9.36	1.1824071407318115e-05
9.37	1.169741153717041e-05
9.38	1.1544674634933472e-05
9.39	1.1451542377471924e-05
9.4	1.130625605583191e-05
9.41	1.119077205657959e-05
9.42	1.1052936315536499e-05
9.43	1.0944902896881104e-05
9.44	1.0795891284942627e-05
9.45	1.0680407285690308e-05
9.46	1.0538846254348755e-05
9.47	1.043081283569336e-05
9.48	1.0289251804351807e-05
9.49	1.015886664390564e-05
9.5	1.0017305612564087e-05
9.51	9.909272193908691e-06
9.52	9.778887033462524e-06
9.53	9.682029485702515e-06
9.54	9.603798389434814e-06
9.55	9.495764970779419e-06
9.56	9.391456842422485e-06
9.57	9.279698133468628e-06
9.58	9.175390005111694e-06
9.59	9.067356586456299e-06
9.6	8.966773748397827e-06
9.61	8.843839168548584e-06
9.62	8.743256330490112e-06
9.63	8.620321750640869e-06
9.64	8.501112461090088e-06
9.65	8.38935375213623e-06
9.66	8.29249620437622e-06
9.67	8.184462785720825e-06
9.68	8.102506399154663e-06
9.69	7.97957181930542e-06
9.7	7.897615432739258e-06
9.71	7.811933755874634e-06
9.72	7.703900337219238e-06
9.73	7.621943950653076e-06
9.74	7.525086402893066e-06
9.75	7.4319541454315186e-06
9.76	7.364898920059204e-06
9.77	7.264316082000732e-06
9.78	7.1711838245391846e-06
9.79	7.078051567077637e-06
9.8	6.977468729019165e-06
9.81	6.8694353103637695e-06
9.82	6.791204214096069e-06
9.83	6.712973117828369e-06
9.84	6.623566150665283e-06
9.85	6.549060344696045e-06
9.86	6.455928087234497e-06
9.87	6.388872861862183e-06
9.88	6.288290023803711e-06
9.89	6.202608346939087e-06
9.9	6.15045428276062e-06
9.91	6.07222318649292e-06
9.92	6.0051679611206055e-06
9.93	5.923211574554443e-06
9.94	5.822628736495972e-06
9.95	5.748122930526733e-06
9.96	5.677342414855957e-06
9.97	5.580484867095947e-06
9.98	5.505979061126709e-06
9.99	5.446374416351318e-06
10.0	5.360692739486694e-06
10.01	5.297362804412842e-06
10.02	5.230307579040527e-06
10.03	5.1781535148620605e-06
10.04	5.11854887008667e-06
10.05	5.0514936447143555e-06
10.06	4.995614290237427e-06
10.07	4.94346022605896e-06
10.08	4.86522912979126e-06
10.09	4.805624485015869e-06
10.1	4.734843969345093e-06
10.11	4.645437002182007e-06
10.12	4.578381776809692e-06
10.13	4.511326551437378e-06
10.14	4.455447196960449e-06
10.15	4.395842552185059e-06
10.16	4.33996319770813e-06
10.17	4.2691826820373535e-06
10.18	4.2244791984558105e-06
10.19	4.172325134277344e-06
10.2	4.116445779800415e-06
10.21	4.06801700592041e-06
10.22	4.015862941741943e-06
10.23	3.956258296966553e-06
10.24	3.9227306842803955e-06
10.25	3.829598426818848e-06
10.26	3.7886202335357666e-06
10.27	3.7103891372680664e-06
10.28	3.676861524581909e-06
10.29	3.6172568798065186e-06
10.3	3.56137752532959e-06
10.31	3.5315752029418945e-06
10.32	3.5017728805541992e-06
10.33	3.4458935260772705e-06
10.34	3.3974647521972656e-06
10.35	3.3564865589141846e-06
10.36	3.300607204437256e-06
10.37	3.2410025596618652e-06
10.38	3.200024366378784e-06
10.39	3.159046173095703e-06
10.4	3.1068921089172363e-06
10.41	3.0621886253356934e-06
10.42	2.991408109664917e-06
10.43	2.9653310775756836e-06
10.44	2.913177013397217e-06
10.45	2.864748239517212e-06
10.46	2.8312206268310547e-06
10.47	2.7902424335479736e-06
10.48	2.7455389499664307e-06
10.49	2.723187208175659e-06
10.5	2.6710331439971924e-06
10.51	2.644956111907959e-06
10.52	2.6114284992218018e-06
10.53	2.5741755962371826e-06
10.54	2.5331974029541016e-06
10.55	2.522021532058716e-06
10.56	2.477318048477173e-06
10.57	2.4437904357910156e-06
10.58	2.3990869522094727e-06
10.59	2.332031726837158e-06
10.6	2.298504114151001e-06
10.61	2.250075340270996e-06
10.62	2.2239983081817627e-06
10.63	2.1830201148986816e-06
10.64	2.164393663406372e-06
10.65	2.123415470123291e-06
10.66	2.089887857437134e-06
10.67	2.0526349544525146e-06
10.68	2.041459083557129e-06
10.69	2.0116567611694336e-06
10.7	1.9855797290802e-06
10.71	1.952052116394043e-06
10.72	1.9297003746032715e-06
10.73	1.8700957298278809e-06
10.74	1.8589198589324951e-06
10.75	1.817941665649414e-06
10.76	1.7844140529632568e-06
10.77	1.7657876014709473e-06
10.78	1.73225998878479e-06
10.79	1.7173588275909424e-06
10.8	1.687556505203247e-06
10.81	1.6540288925170898e-06
10.82	1.6354024410247803e-06
10.83	1.605600118637085e-06
10.84	1.5832483768463135e-06
10.85	1.55717134475708e-06
10.86	1.5310943126678467e-06
10.87	1.5050172805786133e-06
10.88	1.4640390872955322e-06
10.89	1.4491379261016846e-06
10.9	1.3969838619232178e-06
10.91	1.3932585716247559e-06
10.92	1.3597309589385986e-06
10.93	1.3485550880432129e-06
10.94	1.3299286365509033e-06
10.95	1.300126314163208e-06
10.96	1.2740492820739746e-06
10.97	1.255422830581665e-06
10.98	1.2256205081939697e-06
10.99	1.210719347000122e-06
11.0	1.2032687664031982e-06
11.01	1.1809170246124268e-06
11.02	1.1585652828216553e-06
11.03	1.1399388313293457e-06
11.04	1.1138617992401123e-06
11.05	1.087784767150879e-06
11.06	1.0691583156585693e-06
11.07	1.039355993270874e-06
11.08	1.0319054126739502e-06
11.09	1.0058283805847168e-06
11.1	9.909272193908691e-07
11.11	9.760260581970215e-07
11.12	9.5367431640625e-07
11.13	9.238719940185547e-07
11.14	9.201467037200928e-07
11.15	8.903443813323975e-07
11.16	8.754432201385498e-07
11.17	8.642673492431641e-07
11.18	8.493661880493164e-07
11.19	8.23289155960083e-07
11.2	8.158385753631592e-07
11.21	7.7858567237854e-07
11.22	7.711350917816162e-07
11.23	7.599592208862305e-07
11.24	7.338821887969971e-07
11.25	7.264316082000732e-07
11.26	7.003545761108398e-07
11.27	6.891787052154541e-07
11.28	6.742775440216064e-07
11.29	6.668269634246826e-07
11.3	6.556510925292969e-07
11.31	6.444752216339111e-07
11.32	6.332993507385254e-07
11.33	6.258487701416016e-07
11.34	6.07222318649292e-07
11.35	5.923211574554443e-07
11.36	5.774199962615967e-07
11.37	5.662441253662109e-07
11.38	5.289912223815918e-07
11.39	5.289912223815918e-07
11.4	5.103647708892822e-07
11.41	4.991888999938965e-07
11.42	4.917383193969727e-07
11.43	4.805624485015869e-07
11.44	4.6566128730773926e-07
11.45	4.5821070671081543e-07
11.46	4.470348358154297e-07
11.47	4.4330954551696777e-07
11.48	4.3213367462158203e-07
11.49	4.172325134277344e-07
11.5	4.0605664253234863e-07
11.51	3.91155481338501e-07
11.52	3.8743019104003906e-07
11.53	3.725290298461914e-07
11.54	3.688037395477295e-07
11.55	3.501772880554199e-07
11.56	3.501772880554199e-07
11.57	3.3527612686157227e-07
11.58	3.2782554626464844e-07
11.59	3.241002559661865e-07
11.6	3.129243850708008e-07
11.61	3.0174851417541504e-07
11.62	2.980232238769531e-07
11.63	2.7939677238464355e-07
11.64	2.7567148208618164e-07
11.65	2.644956111907959e-07
11.66	2.5704503059387207e-07
11.67	2.384185791015625e-07
11.68	2.384185791015625e-07
11.69	2.3096799850463867e-07
11.7	2.2351741790771484e-07
11.71	2.1979212760925293e-07
11.72	2.123415470123291e-07
11.73	2.086162567138672e-07
11.74	1.9744038581848145e-07
11.75	1.9371509552001953e-07
11.76	1.862645149230957e-07
11.77	1.862645149230957e-07
11.78	1.7881393432617188e-07
11.79	1.7881393432617188e-07
11.8	1.7136335372924805e-07
11.81	1.6391277313232422e-07
11.82	1.601874828338623e-07
11.83	1.5273690223693848e-07
11.84	1.4156103134155273e-07
11.85	1.3783574104309082e-07
11.86	1.2293457984924316e-07
11.87	1.2293457984924316e-07
11.88	1.1920928955078125e-07
11.89	1.1175870895385742e-07
11.9	1.0803341865539551e-07
11.91	1.043081283569336e-07
11.92	1.0058283805847168e-07
11.93	1.0058283805847168e-07
11.94	1.0058283805847168e-07
11.95	9.685754776000977e-08
11.96	9.313225746154785e-08
11.97	8.940696716308594e-08
11.98	8.568167686462402e-08
11.99	8.195638656616211e-08
12.0	8.195638656616211e-08
12.01	7.450580596923828e-08
12.02	7.450580596923828e-08
12.03	6.332993507385254e-08
12.04	6.332993507385254e-08
12.05	5.960464477539063e-08
12.06	5.21540641784668e-08
12.07	5.21540641784668e-08
12.08	5.21540641784668e-08
12.09	4.842877388000488e-08
12.1	4.842877388000488e-08
12.11	4.470348358154297e-08
12.12	4.470348358154297e-08
12.13	4.0978193283081055e-08
12.14	3.725290298461914e-08
12.15	3.3527612686157227e-08
12.16	3.3527612686157227e-08
12.17	3.3527612686157227e-08
12.18	3.3527612686157227e-08
12.19	3.3527612686157227e-08
12.2	2.9802322387695312e-08
12.21	2.9802322387695312e-08
12.22	2.60770320892334e-08
12.23	2.60770320892334e-08
12.24	2.60770320892334e-08
12.25	2.60770320892334e-08
12.26	2.2351741790771484e-08
12.27	2.2351741790771484e-08
12.28	1.862645149230957e-08
12.29	1.862645149230957e-08
12.3	1.862645149230957e-08
12.31	1.4901161193847656e-08
12.32	1.1175870895385742e-08
12.33	1.1175870895385742e-08
12.34	7.450580596923828e-09
12.35	7.450580596923828e-09
12.36	7.450580596923828e-09
12.37	7.450580596923828e-09
12.38	7.450580596923828e-09
12.39	7.450580596923828e-09
12.4	7.450580596923828e-09
12.41	7.450580596923828e-09
12.42	7.450580596923828e-09
12.43	7.450580596923828e-09
12.44	7.450580596923828e-09
12.45	7.450580596923828e-09
12.46	7.450580596923828e-09
12.47	7.450580596923828e-09
12.48	7.450580596923828e-09
12.49	3.725290298461914e-09
12.5	3.725290298461914e-09
12.51	0.0
