4.76	0.0005002021789550781
4.77	0.0004975795745849609
4.78	0.0004923343658447266
4.79	0.00048828125
4.8	0.0004851818084716797
4.81	0.0004813671112060547
4.82	0.0004794597625732422
4.83	0.0004756450653076172
4.84	0.0004703998565673828
4.85	0.00046706199645996094
4.86	0.00046539306640625
4.87	0.0004627704620361328
4.88	0.0004603862762451172
4.89	0.00045800209045410156
4.9	0.0004534721374511719
4.91	0.00045037269592285156
4.92	0.0004470348358154297
4.93	0.00044417381286621094
4.94	0.0004417896270751953
4.95	0.00044083595275878906
4.96	0.00043892860412597656
4.97	0.0004374980926513672
4.98	0.0004343986511230469
4.99	0.000431060791015625
5.0	0.00042748451232910156
5.01	0.00042510032653808594
5.02	0.0004220008850097656
5.03	0.0004191398620605469
5.04	0.0004165172576904297
5.05	0.0004112720489501953
5.06	0.0004069805145263672
5.07	0.0004038810729980469
5.08	0.0004024505615234375
5.09	0.00040078163146972656
5.1	0.0003986358642578125
5.11	0.00039458274841308594
5.12	0.0003902912139892578
5.13	0.00038886070251464844
5.14	0.0003867149353027344
5.15	0.00038433074951171875
5.16	0.0003829002380371094
5.17	0.00038051605224609375
5.18	0.0003781318664550781
5.19	0.0003764629364013672
5.2	0.00037360191345214844
5.21	0.00036978721618652344
5.22	0.00036644935607910156
5.23	0.0003638267517089844
5.24	0.00036144256591796875
5.25	0.0003581047058105469
5.26	0.00035500526428222656
5.27	0.0003516674041748047
5.28	0.00034880638122558594
5.29	0.0003464221954345703
5.3	0.0003447532653808594
5.31	0.00034332275390625
5.32	0.00034117698669433594
5.33	0.0003371238708496094
5.34	0.00033473968505859375
5.35	0.00033354759216308594
5.36	0.000331878662109375
5.37	0.00033020973205566406
5.38	0.00032830238342285156
5.39	0.00032520294189453125
5.4	0.00032329559326171875
5.41	0.00032138824462890625
5.42	0.00031948089599609375
5.43	0.00031757354736328125
5.44	0.00031495094299316406
5.45	0.00031280517578125
5.46	0.00031113624572753906
5.47	0.00030994415283203125
5.48	0.00030803680419921875
5.49	0.0003058910369873047
5.5	0.0003037452697753906
5.51	0.00030159950256347656
5.52	0.00029921531677246094
5.53	0.00029730796813964844
5.54	0.00029468536376953125
5.55	0.00029206275939941406
5.56	0.00029087066650390625
5.57	0.0002892017364501953
5.58	0.00028705596923828125
5.59	0.0002846717834472656
5.6	0.0002815723419189453
5.61	0.00027871131896972656
5.62	0.0002770423889160156
5.63	0.00027632713317871094
5.64	0.0002741813659667969
5.65	0.0002722740173339844
5.66	0.0002684593200683594
5.67	0.00026679039001464844
5.68	0.00026607513427734375
5.69	0.0002655982971191406
5.7	0.00026416778564453125
5.71	0.0002620220184326172
5.72	0.0002605915069580078
5.73	0.00025773048400878906
5.74	0.0002562999725341797
5.75	0.0002543926239013672
5.76	0.0002522468566894531
5.77	0.0002498626708984375
5.78	0.00024819374084472656
5.79	0.00024580955505371094
5.8	0.00024366378784179688
5.81	0.0002429485321044922
5.82	0.00024008750915527344
5.83	0.00023746490478515625
5.84	0.00023555755615234375
5.85	0.00023365020751953125
5.86	0.00023174285888671875
5.87	0.00023031234741210938
5.88	0.00022864341735839844
5.89	0.0002276897430419922
5.9	0.0002269744873046875
5.91	0.0002262592315673828
5.92	0.00022482872009277344
5.93	0.00022363662719726562
5.94	0.00022172927856445312
5.95	0.0002200603485107422
5.96	0.0002186298370361328
5.97	0.0002155303955078125
5.98	0.0002148151397705078
5.99	0.00021386146545410156
6.0	0.00021314620971679688
6.01	0.0002105236053466797
6.02	0.00020837783813476562
6.03	0.0002067089080810547
6.04	0.00020432472229003906
6.05	0.00020360946655273438
6.06	0.00020241737365722656
6.07	0.0002009868621826172
6.08	0.00019979476928710938
6.09	0.00019788742065429688
6.1	0.00019669532775878906
6.11	0.00019621849060058594
6.12	0.00019478797912597656
6.13	0.00019288063049316406
6.14	0.00019240379333496094
6.15	0.00019049644470214844
6.16	0.00018930435180664062
6.17	0.0001888275146484375
6.18	0.00018787384033203125
6.19	0.00018596649169921875
6.2	0.00018477439880371094
6.21	0.00018477439880371094
6.22	0.0001842975616455078
6.23	0.00018334388732910156
6.24	0.00018262863159179688
6.25	0.0001819133758544922
6.26	0.00018024444580078125
6.27	0.00017952919006347656
6.28	0.00017833709716796875
6.29	0.00017762184143066406
6.3	0.00017642974853515625
6.31	0.00017523765563964844
6.32	0.0001742839813232422
6.33	0.0001735687255859375
6.34	0.00017142295837402344
6.35	0.0001690387725830078
6.36	0.00016736984252929688
6.37	0.00016546249389648438
6.38	0.00016427040100097656
6.39	0.00016307830810546875
6.4	0.0001614093780517578
6.41	0.00015878677368164062
6.42	0.00015783309936523438
6.43	0.0001571178436279297
6.44	0.0001571178436279297
6.45	0.000156402587890625
6.46	0.0001544952392578125
6.47	0.0001533031463623047
6.48	0.000152587890625
6.49	0.0001513957977294922
6.5	0.0001506805419921875
6.51	0.00015044212341308594
6.52	0.0001494884490966797
6.53	0.00014901161193847656
6.54	0.00014853477478027344
6.55	0.00014710426330566406
6.56	0.00014448165893554688
6.57	0.00014352798461914062
6.58	0.00014328956604003906
6.59	0.00014257431030273438
6.6	0.00014209747314453125
6.61	0.00014138221740722656
6.62	0.0001399517059326172
6.63	0.0001385211944580078
6.64	0.00013780593872070312
6.65	0.0001373291015625
6.66	0.00013709068298339844
6.67	0.0001361370086669922
6.68	0.0001347064971923828
6.69	0.00013375282287597656
6.7	0.0001327991485595703
6.71	0.00013113021850585938
6.72	0.00013017654418945312
6.73	0.00012993812561035156
6.74	0.00012803077697753906
6.75	0.00012683868408203125
6.76	0.00012683868408203125
6.77	0.00012421607971191406
6.78	0.0001220703125
6.79	0.00012135505676269531
6.8	0.00012111663818359375
6.81	0.00012040138244628906
6.82	0.00011968612670898438
6.83	0.00011920928955078125
6.84	0.00011849403381347656
6.85	0.00011754035949707031
6.86	0.0001163482666015625
6.87	0.00011563301086425781
6.88	0.00011515617370605469
6.89	0.00011324882507324219
6.9	0.00011205673217773438
6.91	0.00011110305786132812
6.92	0.00010943412780761719
6.93	0.00010800361633300781
6.94	0.00010776519775390625
6.95	0.00010728836059570312
6.96	0.00010538101196289062
6.97	0.00010442733764648438
6.98	0.00010371208190917969
6.99	0.00010251998901367188
7.0	0.00010204315185546875
7.01	0.00010132789611816406
7.02	0.0001010894775390625
7.03	0.0001010894775390625
7.04	0.00010085105895996094
7.05	0.00010061264038085938
7.06	0.00010037422180175781
7.07	9.942054748535156e-05
7.08	9.870529174804688e-05
7.09	9.846687316894531e-05
7.1	9.775161743164062e-05
7.11	9.703636169433594e-05
7.12	9.632110595703125e-05
7.13	9.608268737792969e-05
7.14	9.560585021972656e-05
7.15	9.465217590332031e-05
7.16	9.393692016601562e-05
7.17	9.298324584960938e-05
7.18	9.226799011230469e-05
7.19	9.179115295410156e-05
7.2	9.107589721679688e-05
7.21	9.036064147949219e-05
7.22	8.916854858398438e-05
7.23	8.797645568847656e-05
7.24	8.702278137207031e-05
7.25	8.654594421386719e-05
7.26	8.58306884765625e-05
7.27	8.511543273925781e-05
7.28	8.463859558105469e-05
7.29	8.320808410644531e-05
7.3	8.177757263183594e-05
7.31	8.106231689453125e-05
7.32	7.987022399902344e-05
7.33	7.915496826171875e-05
7.34	7.843971252441406e-05
7.35	7.82012939453125e-05
7.36	7.724761962890625e-05
7.37	7.62939453125e-05
7.38	7.605552673339844e-05
7.39	7.581710815429688e-05
7.4	7.486343383789062e-05
7.41	7.390975952148438e-05
7.42	7.319450378417969e-05
7.43	7.295608520507812e-05
7.44	7.200241088867188e-05
7.45	7.081031799316406e-05
7.46	7.033348083496094e-05
7.47	7.009506225585938e-05
7.48	6.914138793945312e-05
7.49	6.842613220214844e-05
7.5	6.747245788574219e-05
7.51	6.556510925292969e-05
7.52	6.508827209472656e-05
7.53	6.461143493652344e-05
7.54	6.437301635742188e-05
7.55	6.365776062011719e-05
7.56	6.341934204101562e-05
7.57	6.318092346191406e-05
7.58	6.246566772460938e-05
7.59	6.198883056640625e-05
7.6	6.151199340820312e-05
7.61	6.151199340820312e-05
7.62	6.103515625e-05
7.63	6.0558319091796875e-05
7.64	6.031990051269531e-05
7.65	5.984306335449219e-05
7.66	5.91278076171875e-05
7.67	5.841255187988281e-05
7.68	5.793571472167969e-05
7.69	5.698204040527344e-05
7.7	5.626678466796875e-05
7.71	5.602836608886719e-05
7.72	5.412101745605469e-05
7.73	5.316734313964844e-05
7.74	5.316734313964844e-05
7.75	5.2928924560546875e-05
7.76	5.245208740234375e-05
7.77	5.221366882324219e-05
7.78	5.1975250244140625e-05
7.79	5.173683166503906e-05
7.8	5.173683166503906e-05
7.81	5.1021575927734375e-05
7.82	5.054473876953125e-05
7.83	5.0067901611328125e-05
7.84	4.9114227294921875e-05
7.85	4.887580871582031e-05
7.86	4.887580871582031e-05
7.87	4.887580871582031e-05
7.88	4.8160552978515625e-05
7.89	4.792213439941406e-05
7.9	4.76837158203125e-05
7.91	4.649162292480469e-05
7.92	4.57763671875e-05
7.93	4.5299530029296875e-05
7.94	4.482269287109375e-05
7.95	4.458427429199219e-05
7.96	4.4345855712890625e-05
7.97	4.410743713378906e-05
7.98	4.363059997558594e-05
7.99	4.315376281738281e-05
8.0	4.267692565917969e-05
8.01	4.2438507080078125e-05
8.02	4.220008850097656e-05
8.03	4.1961669921875e-05
8.04	4.172325134277344e-05
8.05	4.100799560546875e-05
8.06	4.0531158447265625e-05
8.07	4.0531158447265625e-05
8.08	4.0531158447265625e-05
8.09	4.0531158447265625e-05
8.1	4.0531158447265625e-05
8.11	4.0531158447265625e-05
8.12	3.981590270996094e-05
8.13	3.933906555175781e-05
8.14	3.933906555175781e-05
8.15	3.933906555175781e-05
8.16	3.933906555175781e-05
8.17	3.910064697265625e-05
8.18	3.886222839355469e-05
8.19	3.814697265625e-05
8.2	3.7670135498046875e-05
8.21	3.7670135498046875e-05
8.22	3.7670135498046875e-05
8.23	3.7670135498046875e-05
8.24	3.695487976074219e-05
8.25	3.62396240234375e-05
8.26	3.5762786865234375e-05
8.27	3.4809112548828125e-05
8.28	3.4809112548828125e-05
8.29	3.4809112548828125e-05
8.3	3.4809112548828125e-05
8.31	3.409385681152344e-05
8.32	3.337860107421875e-05
8.33	3.314018249511719e-05
8.34	3.2901763916015625e-05
8.35	3.2901763916015625e-05
8.36	3.266334533691406e-05
8.37	3.24249267578125e-05
8.38	3.24249267578125e-05
8.39	3.218650817871094e-05
8.4	3.1948089599609375e-05
8.41	3.1948089599609375e-05
8.42	3.170967102050781e-05
8.43	3.0994415283203125e-05
8.44	3.0517578125e-05
8.45	3.0517578125e-05
8.46	2.9802322387695312e-05
8.47	2.9802322387695312e-05
8.48	2.956390380859375e-05
8.49	2.9087066650390625e-05
8.5	2.86102294921875e-05
8.51	2.8371810913085938e-05
8.52	2.7894973754882812e-05
8.53	2.7179718017578125e-05
8.54	2.7179718017578125e-05
8.55	2.7179718017578125e-05
8.56	2.7179718017578125e-05
8.57	2.6702880859375e-05
8.58	2.6226043701171875e-05
8.59	2.5987625122070312e-05
8.6	2.574920654296875e-05
8.61	2.574920654296875e-05
8.62	2.574920654296875e-05
8.63	2.5510787963867188e-05
8.64	2.47955322265625e-05
8.65	2.4318695068359375e-05
8.66	2.4318695068359375e-05
8.67	2.4318695068359375e-05
8.68	2.4318695068359375e-05
8.69	2.4318695068359375e-05
8.7	2.4318695068359375e-05
8.71	2.4318695068359375e-05
8.72	2.4318695068359375e-05
8.73	2.4080276489257812e-05
8.74	2.384185791015625e-05
8.75	2.384185791015625e-05
8.76	2.384185791015625e-05
8.77	2.384185791015625e-05
8.78	2.3603439331054688e-05
8.79	2.3126602172851562e-05
8.8	2.288818359375e-05
8.81	2.288818359375e-05
8.82	2.288818359375e-05
8.83	2.288818359375e-05
8.84	2.288818359375e-05
8.85	2.2649765014648438e-05
8.86	2.1696090698242188e-05
8.87	2.1457672119140625e-05
8.88	2.1457672119140625e-05
8.89	2.1457672119140625e-05
8.9	2.1457672119140625e-05
8.91	2.1219253540039062e-05
8.92	2.09808349609375e-05
8.93	2.0503997802734375e-05
8.94	2.0265579223632812e-05
8.95	2.002716064453125e-05
8.96	2.002716064453125e-05
8.97	2.002716064453125e-05
8.98	1.9788742065429688e-05
8.99	1.9550323486328125e-05
9.0	1.9311904907226562e-05
9.01	1.8596649169921875e-05
9.02	1.8358230590820312e-05
9.03	1.811981201171875e-05
9.04	1.811981201171875e-05
9.05	1.811981201171875e-05
9.06	1.811981201171875e-05
9.07	1.7881393432617188e-05
9.08	1.71661376953125e-05
9.09	1.71661376953125e-05
9.1	1.71661376953125e-05
9.11	1.71661376953125e-05
9.12	1.71661376953125e-05
9.13	1.6689300537109375e-05
9.14	1.6689300537109375e-05
9.15	1.6689300537109375e-05
9.16	1.6689300537109375e-05
9.17	1.6689300537109375e-05
9.18	1.6689300537109375e-05
9.19	1.6689300537109375e-05
9.2	1.6689300537109375e-05
9.21	1.6689300537109375e-05
9.22	1.6689300537109375e-05
9.23	1.6450881958007812e-05
9.24	1.621246337890625e-05
9.25	1.621246337890625e-05
9.26	1.621246337890625e-05
9.27	1.621246337890625e-05
9.28	1.5974044799804688e-05
9.29	1.5735626220703125e-05
9.3	1.5735626220703125e-05
9.31	1.5497207641601562e-05
9.32	1.52587890625e-05
9.33	1.52587890625e-05
9.34	1.5020370483398438e-05
9.35	1.430511474609375e-05
9.36	1.430511474609375e-05
9.37	1.4066696166992188e-05
9.38	1.33514404296875e-05
9.39	1.2874603271484375e-05
9.4	1.2874603271484375e-05
9.41	1.2874603271484375e-05
9.42	1.2874603271484375e-05
9.43	1.2874603271484375e-05
9.44	1.2636184692382812e-05
9.45	1.2159347534179688e-05
9.46	1.1920928955078125e-05
9.47	1.1444091796875e-05
9.48	1.1444091796875e-05
9.49	1.1444091796875e-05
9.5	1.1444091796875e-05
9.51	1.1444091796875e-05
9.52	1.1205673217773438e-05
9.53	1.0967254638671875e-05
9.54	1.049041748046875e-05
9.55	1.049041748046875e-05
9.56	1.0251998901367188e-05
9.57	1.0013580322265625e-05
9.58	1.0013580322265625e-05
9.59	9.775161743164062e-06
9.6	9.5367431640625e-06
9.61	9.5367431640625e-06
9.62	9.5367431640625e-06
9.63	9.5367431640625e-06
9.64	9.5367431640625e-06
9.65	9.5367431640625e-06
9.66	9.5367431640625e-06
9.67	9.5367431640625e-06
9.68	9.298324584960938e-06
9.69	9.059906005859375e-06
9.7	9.059906005859375e-06
9.71	9.059906005859375e-06
9.72	9.059906005859375e-06
9.73	9.059906005859375e-06
9.74	9.059906005859375e-06
9.75	9.059906005859375e-06
9.76	8.58306884765625e-06
9.77	8.58306884765625e-06
9.78	8.58306884765625e-06
9.79	8.58306884765625e-06
9.8	8.58306884765625e-06
9.81	8.344650268554688e-06
9.82	8.106231689453125e-06
9.83	7.62939453125e-06
9.84	7.62939453125e-06
9.85	7.62939453125e-06
9.86	7.3909759521484375e-06
9.87	7.152557373046875e-06
9.88	6.67572021484375e-06
9.89	6.4373016357421875e-06
9.9	6.198883056640625e-06
9.91	6.198883056640625e-06
9.92	6.198883056640625e-06
9.93	5.9604644775390625e-06
9.94	5.7220458984375e-06
9.95	5.7220458984375e-06
9.96	5.7220458984375e-06
9.97	5.7220458984375e-06
9.98	5.7220458984375e-06
9.99	5.7220458984375e-06
10.0	5.7220458984375e-06
10.01	5.7220458984375e-06
10.02	5.7220458984375e-06
10.03	5.7220458984375e-06
10.04	5.7220458984375e-06
10.05	5.7220458984375e-06
10.06	5.7220458984375e-06
10.07	5.7220458984375e-06
10.08	5.7220458984375e-06
10.09	5.245208740234375e-06
10.1	5.245208740234375e-06
10.11	5.245208740234375e-06
10.12	5.245208740234375e-06
10.13	5.245208740234375e-06
10.14	5.245208740234375e-06
10.15	5.245208740234375e-06
10.16	4.76837158203125e-06
10.17	4.76837158203125e-06
10.18	4.76837158203125e-06
10.19	4.76837158203125e-06
10.2	4.76837158203125e-06
10.21	4.76837158203125e-06
10.22	4.76837158203125e-06
10.23	4.76837158203125e-06
10.24	4.76837158203125e-06
10.25	4.76837158203125e-06
10.26	4.76837158203125e-06
10.27	4.76837158203125e-06
10.28	4.76837158203125e-06
10.29	4.5299530029296875e-06
10.3	4.291534423828125e-06
10.31	4.291534423828125e-06
10.32	4.291534423828125e-06
10.33	4.291534423828125e-06
10.34	4.291534423828125e-06
10.35	4.291534423828125e-06
10.36	4.291534423828125e-06
10.37	4.291534423828125e-06
10.38	4.291534423828125e-06
10.39	4.291534423828125e-06
10.4	4.291534423828125e-06
10.41	4.291534423828125e-06
10.42	3.814697265625e-06
10.43	3.814697265625e-06
10.44	3.814697265625e-06
10.45	3.814697265625e-06
10.46	3.814697265625e-06
10.47	3.814697265625e-06
10.48	3.814697265625e-06
10.49	3.337860107421875e-06
10.5	3.337860107421875e-06
10.51	3.0994415283203125e-06
10.52	2.86102294921875e-06
10.53	2.86102294921875e-06
10.54	2.86102294921875e-06
10.55	2.86102294921875e-06
10.56	2.86102294921875e-06
10.57	2.86102294921875e-06
10.58	2.86102294921875e-06
10.59	2.86102294921875e-06
10.6	2.86102294921875e-06
10.61	2.86102294921875e-06
10.62	2.86102294921875e-06
10.63	2.86102294921875e-06
10.64	2.86102294921875e-06
10.65	2.86102294921875e-06
10.66	2.86102294921875e-06
10.67	2.86102294921875e-06
10.68	2.86102294921875e-06
10.69	2.86102294921875e-06
10.7	2.86102294921875e-06
10.71	2.86102294921875e-06
10.72	2.86102294921875e-06
10.73	2.86102294921875e-06
10.74	2.86102294921875e-06
10.75	2.86102294921875e-06
10.76	2.86102294921875e-06
10.77	2.86102294921875e-06
10.78	2.86102294921875e-06
10.79	2.86102294921875e-06
10.8	2.86102294921875e-06
10.81	2.86102294921875e-06
10.82	2.86102294921875e-06
10.83	2.86102294921875e-06
10.84	2.86102294921875e-06
10.85	2.86102294921875e-06
10.86	2.86102294921875e-06
10.87	2.86102294921875e-06
10.88	2.86102294921875e-06
10.89	2.86102294921875e-06
10.9	2.86102294921875e-06
10.91	2.86102294921875e-06
10.92	2.86102294921875e-06
10.93	2.86102294921875e-06
10.94	2.86102294921875e-06
10.95	2.86102294921875e-06
10.96	2.86102294921875e-06
10.97	2.86102294921875e-06
10.98	2.86102294921875e-06
10.99	2.86102294921875e-06
11.0	2.86102294921875e-06
11.01	2.86102294921875e-06
11.02	2.86102294921875e-06
11.03	2.6226043701171875e-06
11.04	2.384185791015625e-06
11.05	2.384185791015625e-06
11.06	2.384185791015625e-06
11.07	2.384185791015625e-06
11.08	2.384185791015625e-06
11.09	2.384185791015625e-06
11.1	2.1457672119140625e-06
11.11	1.9073486328125e-06
11.12	1.9073486328125e-06
11.13	1.9073486328125e-06
11.14	1.9073486328125e-06
11.15	1.9073486328125e-06
11.16	1.9073486328125e-06
11.17	1.9073486328125e-06
11.18	1.9073486328125e-06
11.19	1.9073486328125e-06
11.2	1.9073486328125e-06
11.21	1.9073486328125e-06
11.22	1.9073486328125e-06
11.23	1.9073486328125e-06
11.24	1.6689300537109375e-06
11.25	1.430511474609375e-06
11.26	1.430511474609375e-06
11.27	1.430511474609375e-06
11.28	1.430511474609375e-06
11.29	1.430511474609375e-06
11.3	1.430511474609375e-06
11.31	1.430511474609375e-06
11.32	1.430511474609375e-06
11.33	1.430511474609375e-06
11.34	1.430511474609375e-06
11.35	1.430511474609375e-06
11.36	1.430511474609375e-06
11.37	1.430511474609375e-06
11.38	1.430511474609375e-06
11.39	1.430511474609375e-06
11.4	1.430511474609375e-06
11.41	1.430511474609375e-06
11.42	1.430511474609375e-06
11.43	1.430511474609375e-06
11.44	1.430511474609375e-06
11.45	1.430511474609375e-06
11.46	1.1920928955078125e-06
11.47	9.5367431640625e-07
11.48	9.5367431640625e-07
11.49	9.5367431640625e-07
11.5	9.5367431640625e-07
11.51	9.5367431640625e-07
11.52	9.5367431640625e-07
11.53	9.5367431640625e-07
11.54	9.5367431640625e-07
11.55	9.5367431640625e-07
11.56	9.5367431640625e-07
11.57	9.5367431640625e-07
11.58	9.5367431640625e-07
11.59	9.5367431640625e-07
11.6	9.5367431640625e-07
11.61	9.5367431640625e-07
11.62	9.5367431640625e-07
11.63	9.5367431640625e-07
11.64	9.5367431640625e-07
11.65	9.5367431640625e-07
11.66	9.5367431640625e-07
11.67	9.5367431640625e-07
11.68	9.5367431640625e-07
11.69	9.5367431640625e-07
11.7	9.5367431640625e-07
11.71	9.5367431640625e-07
11.72	9.5367431640625e-07
11.73	9.5367431640625e-07
11.74	9.5367431640625e-07
11.75	9.5367431640625e-07
11.76	9.5367431640625e-07
11.77	9.5367431640625e-07
11.78	9.5367431640625e-07
11.79	9.5367431640625e-07
11.8	9.5367431640625e-07
11.81	9.5367431640625e-07
11.82	9.5367431640625e-07
11.83	9.5367431640625e-07
11.84	9.5367431640625e-07
11.85	9.5367431640625e-07
11.86	9.5367431640625e-07
11.87	9.5367431640625e-07
11.88	9.5367431640625e-07
11.89	9.5367431640625e-07
11.9	9.5367431640625e-07
11.91	9.5367431640625e-07
11.92	9.5367431640625e-07
11.93	9.5367431640625e-07
11.94	9.5367431640625e-07
11.95	9.5367431640625e-07
11.96	9.5367431640625e-07
11.97	9.5367431640625e-07
11.98	7.152557373046875e-07
11.99	4.76837158203125e-07
12.0	4.76837158203125e-07
12.01	4.76837158203125e-07
12.02	4.76837158203125e-07
12.03	4.76837158203125e-07
12.04	4.76837158203125e-07
12.05	2.384185791015625e-07
12.06	0.0
