5.56	0.0005009174346923828
5.57	0.0004954338073730469
5.58	0.0004901885986328125
5.59	0.0004830360412597656
5.6	0.0004773139953613281
5.61	0.0004749298095703125
5.62	0.00047326087951660156
5.63	0.0004684925079345703
5.64	0.0004622936248779297
5.65	0.00045180320739746094
5.66	0.00044798851013183594
5.67	0.00044274330139160156
5.68	0.00044083595275878906
5.69	0.00043582916259765625
5.7	0.00043272972106933594
5.71	0.00042748451232910156
5.72	0.00042176246643066406
5.73	0.0004169940948486328
5.74	0.0004150867462158203
5.75	0.0004115104675292969
5.76	0.00040984153747558594
5.77	0.0004076957702636719
5.78	0.0004031658172607422
5.79	0.0003981590270996094
5.8	0.000392913818359375
5.81	0.00038886070251464844
5.82	0.0003833770751953125
5.83	0.0003821849822998047
5.84	0.0003800392150878906
5.85	0.00037860870361328125
5.86	0.0003764629364013672
5.87	0.0003745555877685547
5.88	0.0003733634948730469
5.89	0.0003693103790283203
5.9	0.0003669261932373047
5.91	0.00036525726318359375
5.92	0.0003604888916015625
5.93	0.0003592967987060547
5.94	0.0003542900085449219
5.95	0.0003502368927001953
5.96	0.00034546852111816406
5.97	0.00034356117248535156
5.98	0.00033926963806152344
5.99	0.0003376007080078125
6.0	0.0003352165222167969
6.01	0.00033402442932128906
6.02	0.0003299713134765625
6.03	0.0003254413604736328
6.04	0.0003216266632080078
6.05	0.0003180503845214844
6.06	0.00031638145446777344
6.07	0.00031447410583496094
6.08	0.0003135204315185547
6.09	0.00030732154846191406
6.1	0.0003027915954589844
6.11	0.0002980232238769531
6.12	0.0002968311309814453
6.13	0.0002923011779785156
6.14	0.00028824806213378906
6.15	0.0002834796905517578
6.16	0.00028204917907714844
6.17	0.0002772808074951172
6.18	0.0002753734588623047
6.19	0.0002734661102294922
6.2	0.000270843505859375
6.21	0.0002696514129638672
6.22	0.0002682209014892578
6.23	0.0002677440643310547
6.24	0.0002658367156982422
6.25	0.0002651214599609375
6.26	0.00026345252990722656
6.27	0.0002589225769042969
6.28	0.0002551078796386719
6.29	0.0002532005310058594
6.3	0.0002491474151611328
6.31	0.0002455711364746094
6.32	0.00024390220642089844
6.33	0.0002422332763671875
6.34	0.00024080276489257812
6.35	0.00023674964904785156
6.36	0.00023126602172851562
6.37	0.00023055076599121094
6.38	0.0002262592315673828
6.39	0.00022530555725097656
6.4	0.00022363662719726562
6.41	0.0002219676971435547
6.42	0.0002205371856689453
6.43	0.0002186298370361328
6.44	0.0002181529998779297
6.45	0.0002162456512451172
6.46	0.00021505355834960938
6.47	0.00021386146545410156
6.48	0.00020956993103027344
6.49	0.0002090930938720703
6.5	0.00020742416381835938
6.51	0.00020623207092285156
6.52	0.00020265579223632812
6.53	0.0002009868621826172
6.54	0.00020003318786621094
6.55	0.0001990795135498047
6.56	0.0001976490020751953
6.57	0.00019621849060058594
6.58	0.0001957416534423828
6.59	0.0001914501190185547
6.6	0.00019049644470214844
6.61	0.000186920166015625
6.62	0.00018644332885742188
6.63	0.00018453598022460938
6.64	0.00018358230590820312
6.65	0.00018215179443359375
6.66	0.00018072128295898438
6.67	0.0001766681671142578
6.68	0.00017261505126953125
6.69	0.000171661376953125
6.7	0.00016760826110839844
6.71	0.0001666545867919922
6.72	0.0001652240753173828
6.73	0.00016379356384277344
6.74	0.00016236305236816406
6.75	0.00015783309936523438
6.76	0.0001571178436279297
6.77	0.00015282630920410156
6.78	0.00015234947204589844
6.79	0.0001518726348876953
6.8	0.00015044212341308594
6.81	0.0001468658447265625
6.82	0.00014472007751464844
6.83	0.0001399517059326172
6.84	0.00013899803161621094
6.85	0.00013780593872070312
6.86	0.00013685226440429688
6.87	0.00013589859008789062
6.88	0.00013518333435058594
6.89	0.00013399124145507812
6.9	0.00013303756713867188
6.91	0.00013208389282226562
6.92	0.0001308917999267578
6.93	0.00013017654418945312
6.94	0.00012969970703125
6.95	0.0001285076141357422
6.96	0.00012731552124023438
6.97	0.00012373924255371094
6.98	0.0001227855682373047
6.99	0.00012254714965820312
7.0	0.00012159347534179688
7.01	0.00012111663818359375
7.02	0.00011944770812988281
7.03	0.00011897087097167969
7.04	0.00011754035949707031
7.05	0.00011706352233886719
7.06	0.00011610984802246094
7.07	0.00011229515075683594
7.08	0.00011134147644042969
7.09	0.00011110305786132812
7.1	0.00010991096496582031
7.11	0.00010919570922851562
7.12	0.00010752677917480469
7.13	0.00010704994201660156
7.14	0.00010609626770019531
7.15	0.00010514259338378906
7.16	0.00010466575622558594
7.17	0.00010371208190917969
7.18	0.00010323524475097656
7.19	0.00010228157043457031
7.2	9.846687316894531e-05
7.21	9.775161743164062e-05
7.22	9.655952453613281e-05
7.23	9.632110595703125e-05
7.24	9.5367431640625e-05
7.25	9.465217590332031e-05
7.26	9.417533874511719e-05
7.27	9.298324584960938e-05
7.28	9.202957153320312e-05
7.29	9.107589721679688e-05
7.3	9.059906005859375e-05
7.31	8.630752563476562e-05
7.32	8.630752563476562e-05
7.33	8.273124694824219e-05
7.34	8.20159912109375e-05
7.35	8.153915405273438e-05
7.36	8.082389831542969e-05
7.37	8.058547973632812e-05
7.38	7.915496826171875e-05
7.39	7.843971252441406e-05
7.4	7.748603820800781e-05
7.41	7.677078247070312e-05
7.42	7.605552673339844e-05
7.43	7.557868957519531e-05
7.44	7.486343383789062e-05
7.45	7.43865966796875e-05
7.46	7.390975952148438e-05
7.47	7.319450378417969e-05
7.48	7.2479248046875e-05
7.49	7.200241088867188e-05
7.5	7.152557373046875e-05
7.51	7.104873657226562e-05
7.52	7.009506225585938e-05
7.53	6.961822509765625e-05
7.54	6.890296936035156e-05
7.55	6.866455078125e-05
7.56	6.818771362304688e-05
7.57	6.747245788574219e-05
7.58	6.699562072753906e-05
7.59	6.651878356933594e-05
7.6	6.604194641113281e-05
7.61	6.508827209472656e-05
7.62	6.4849853515625e-05
7.63	6.437301635742188e-05
7.64	6.413459777832031e-05
7.65	6.389617919921875e-05
7.66	6.318092346191406e-05
7.67	6.270408630371094e-05
7.68	6.151199340820312e-05
7.69	6.127357482910156e-05
7.7	5.7220458984375e-05
7.71	5.6743621826171875e-05
7.72	5.626678466796875e-05
7.73	5.602836608886719e-05
7.74	5.507469177246094e-05
7.75	5.435943603515625e-05
7.76	5.3882598876953125e-05
7.77	5.2928924560546875e-05
7.78	5.245208740234375e-05
7.79	5.173683166503906e-05
7.8	5.125999450683594e-05
7.81	5.078315734863281e-05
7.82	5.030632019042969e-05
7.83	5.0067901611328125e-05
7.84	4.935264587402344e-05
7.85	4.887580871582031e-05
7.86	4.839897155761719e-05
7.87	4.792213439941406e-05
7.88	4.696846008300781e-05
7.89	4.649162292480469e-05
7.9	4.6253204345703125e-05
7.91	4.57763671875e-05
7.92	4.506111145019531e-05
7.93	4.482269287109375e-05
7.94	4.458427429199219e-05
7.95	4.38690185546875e-05
7.96	4.38690185546875e-05
7.97	4.315376281738281e-05
7.98	4.2438507080078125e-05
7.99	4.1961669921875e-05
8.0	4.1484832763671875e-05
8.01	4.100799560546875e-05
8.02	4.0531158447265625e-05
8.03	4.029273986816406e-05
8.04	4.00543212890625e-05
8.05	3.9577484130859375e-05
8.06	3.933906555175781e-05
8.07	3.838539123535156e-05
8.08	3.838539123535156e-05
8.09	3.838539123535156e-05
8.1	3.790855407714844e-05
8.11	3.695487976074219e-05
8.12	3.6716461181640625e-05
8.13	3.600120544433594e-05
8.14	3.552436828613281e-05
8.15	3.528594970703125e-05
8.16	3.504753112792969e-05
8.17	3.504753112792969e-05
8.18	3.504753112792969e-05
8.19	3.4809112548828125e-05
8.2	3.457069396972656e-05
8.21	3.409385681152344e-05
8.22	3.361701965332031e-05
8.23	3.337860107421875e-05
8.24	3.2901763916015625e-05
8.25	3.24249267578125e-05
8.26	3.1948089599609375e-05
8.27	3.170967102050781e-05
8.28	3.147125244140625e-05
8.29	3.123283386230469e-05
8.3	3.0994415283203125e-05
8.31	3.0279159545898438e-05
8.32	3.0040740966796875e-05
8.33	2.9325485229492188e-05
8.34	2.8848648071289062e-05
8.35	2.86102294921875e-05
8.36	2.86102294921875e-05
8.37	2.8133392333984375e-05
8.38	2.7894973754882812e-05
8.39	2.7894973754882812e-05
8.4	2.765655517578125e-05
8.41	2.7418136596679688e-05
8.42	2.6702880859375e-05
8.43	2.6464462280273438e-05
8.44	2.5510787963867188e-05
8.45	2.5272369384765625e-05
8.46	2.47955322265625e-05
8.47	2.47955322265625e-05
8.48	2.47955322265625e-05
8.49	2.4557113647460938e-05
8.5	2.4080276489257812e-05
8.51	2.3603439331054688e-05
8.52	2.3126602172851562e-05
8.53	2.3126602172851562e-05
8.54	2.288818359375e-05
8.55	2.2649765014648438e-05
8.56	2.2172927856445312e-05
8.57	2.2172927856445312e-05
8.58	2.193450927734375e-05
8.59	2.1696090698242188e-05
8.6	2.1696090698242188e-05
8.61	2.1219253540039062e-05
8.62	2.1219253540039062e-05
8.63	2.0742416381835938e-05
8.64	2.0265579223632812e-05
8.65	2.0265579223632812e-05
8.66	1.9788742065429688e-05
8.67	1.9788742065429688e-05
8.68	1.9550323486328125e-05
8.69	1.9550323486328125e-05
8.7	1.9073486328125e-05
8.71	1.8835067749023438e-05
8.72	1.8596649169921875e-05
8.73	1.8358230590820312e-05
8.74	1.8358230590820312e-05
8.75	1.811981201171875e-05
8.76	1.811981201171875e-05
8.77	1.7404556274414062e-05
8.78	1.7404556274414062e-05
8.79	1.6689300537109375e-05
8.8	1.6689300537109375e-05
8.81	1.6689300537109375e-05
8.82	1.6450881958007812e-05
8.83	1.621246337890625e-05
8.84	1.5974044799804688e-05
8.85	1.5974044799804688e-05
8.86	1.5735626220703125e-05
8.87	1.5735626220703125e-05
8.88	1.5497207641601562e-05
8.89	1.5497207641601562e-05
8.9	1.5020370483398438e-05
8.91	1.4781951904296875e-05
8.92	1.4543533325195312e-05
8.93	1.4066696166992188e-05
8.94	1.4066696166992188e-05
8.95	1.3828277587890625e-05
8.96	1.3828277587890625e-05
8.97	1.3589859008789062e-05
8.98	1.33514404296875e-05
8.99	1.2874603271484375e-05
9.0	1.239776611328125e-05
9.01	1.239776611328125e-05
9.02	1.2159347534179688e-05
9.03	1.1920928955078125e-05
9.04	1.1920928955078125e-05
9.05	1.1920928955078125e-05
9.06	1.1444091796875e-05
9.07	1.1444091796875e-05
9.08	1.1205673217773438e-05
9.09	1.0967254638671875e-05
9.1	1.0967254638671875e-05
9.11	1.0967254638671875e-05
9.12	1.0967254638671875e-05
9.13	1.0728836059570312e-05
9.14	1.049041748046875e-05
9.15	1.0251998901367188e-05
9.16	1.0013580322265625e-05
9.17	9.775161743164062e-06
9.18	9.775161743164062e-06
9.19	9.775161743164062e-06
9.2	9.775161743164062e-06
9.21	9.775161743164062e-06
9.22	9.775161743164062e-06
9.23	9.5367431640625e-06
9.24	9.5367431640625e-06
9.25	9.5367431640625e-06
9.26	9.5367431640625e-06
9.27	9.298324584960938e-06
9.28	9.298324584960938e-06
9.29	8.821487426757812e-06
9.3	8.58306884765625e-06
9.31	8.58306884765625e-06
9.32	8.344650268554688e-06
9.33	8.344650268554688e-06
9.34	8.344650268554688e-06
9.35	8.344650268554688e-06
9.36	8.106231689453125e-06
9.37	7.867813110351562e-06
9.38	7.867813110351562e-06
9.39	7.3909759521484375e-06
9.4	7.3909759521484375e-06
9.41	7.3909759521484375e-06
9.42	7.3909759521484375e-06
9.43	7.152557373046875e-06
9.44	6.9141387939453125e-06
9.45	6.67572021484375e-06
9.46	6.67572021484375e-06
9.47	6.4373016357421875e-06
9.48	6.4373016357421875e-06
9.49	5.9604644775390625e-06
9.5	5.9604644775390625e-06
9.51	5.9604644775390625e-06
9.52	5.7220458984375e-06
9.53	5.7220458984375e-06
9.54	5.7220458984375e-06
9.55	5.7220458984375e-06
9.56	5.7220458984375e-06
9.57	5.7220458984375e-06
9.58	5.7220458984375e-06
9.59	5.7220458984375e-06
9.6	5.7220458984375e-06
9.61	5.7220458984375e-06
9.62	5.4836273193359375e-06
9.63	5.245208740234375e-06
9.64	5.0067901611328125e-06
9.65	5.0067901611328125e-06
9.66	4.76837158203125e-06
9.67	4.76837158203125e-06
9.68	4.76837158203125e-06
9.69	4.5299530029296875e-06
9.7	4.291534423828125e-06
9.71	4.291534423828125e-06
9.72	4.0531158447265625e-06
9.73	4.0531158447265625e-06
9.74	4.0531158447265625e-06
9.75	4.0531158447265625e-06
9.76	4.0531158447265625e-06
9.77	4.0531158447265625e-06
9.78	4.0531158447265625e-06
9.79	4.0531158447265625e-06
9.8	4.0531158447265625e-06
9.81	4.0531158447265625e-06
9.82	3.814697265625e-06
9.83	3.814697265625e-06
9.84	3.814697265625e-06
9.85	3.814697265625e-06
9.86	3.5762786865234375e-06
9.87	3.5762786865234375e-06
9.88	3.5762786865234375e-06
9.89	3.5762786865234375e-06
9.9	3.5762786865234375e-06
9.91	3.5762786865234375e-06
9.92	3.5762786865234375e-06
9.93	3.337860107421875e-06
9.94	3.337860107421875e-06
9.95	3.0994415283203125e-06
9.96	3.0994415283203125e-06
9.97	3.0994415283203125e-06
9.98	3.0994415283203125e-06
9.99	3.0994415283203125e-06
10.0	3.0994415283203125e-06
10.01	2.86102294921875e-06
10.02	2.6226043701171875e-06
10.03	2.6226043701171875e-06
10.04	2.384185791015625e-06
10.05	2.384185791015625e-06
10.06	2.384185791015625e-06
10.07	2.384185791015625e-06
10.08	2.384185791015625e-06
10.09	2.1457672119140625e-06
10.1	2.1457672119140625e-06
10.11	2.1457672119140625e-06
10.12	1.9073486328125e-06
10.13	1.9073486328125e-06
10.14	1.9073486328125e-06
10.15	1.6689300537109375e-06
10.16	1.6689300537109375e-06
10.17	1.430511474609375e-06
10.18	1.430511474609375e-06
10.19	1.430511474609375e-06
10.2	1.430511474609375e-06
10.21	1.430511474609375e-06
10.22	1.430511474609375e-06
10.23	1.430511474609375e-06
10.24	1.430511474609375e-06
10.25	1.430511474609375e-06
10.26	1.430511474609375e-06
10.27	1.430511474609375e-06
10.28	1.430511474609375e-06
10.29	1.430511474609375e-06
10.3	1.430511474609375e-06
10.31	1.430511474609375e-06
10.32	1.1920928955078125e-06
10.33	1.1920928955078125e-06
10.34	1.1920928955078125e-06
10.35	1.1920928955078125e-06
10.36	1.1920928955078125e-06
10.37	1.1920928955078125e-06
10.38	1.1920928955078125e-06
10.39	1.1920928955078125e-06
10.4	1.1920928955078125e-06
10.41	9.5367431640625e-07
10.42	9.5367431640625e-07
10.43	9.5367431640625e-07
10.44	9.5367431640625e-07
10.45	9.5367431640625e-07
10.46	9.5367431640625e-07
10.47	9.5367431640625e-07
10.48	9.5367431640625e-07
10.49	9.5367431640625e-07
10.5	9.5367431640625e-07
10.51	9.5367431640625e-07
10.52	9.5367431640625e-07
10.53	9.5367431640625e-07
10.54	7.152557373046875e-07
10.55	7.152557373046875e-07
10.56	7.152557373046875e-07
10.57	7.152557373046875e-07
10.58	7.152557373046875e-07
10.59	7.152557373046875e-07
10.6	7.152557373046875e-07
10.61	7.152557373046875e-07
10.62	7.152557373046875e-07
10.63	7.152557373046875e-07
10.64	7.152557373046875e-07
10.65	4.76837158203125e-07
10.66	4.76837158203125e-07
10.67	2.384185791015625e-07
10.68	2.384185791015625e-07
10.69	2.384185791015625e-07
10.7	2.384185791015625e-07
10.71	2.384185791015625e-07
10.72	2.384185791015625e-07
10.73	2.384185791015625e-07
10.74	2.384185791015625e-07
10.75	2.384185791015625e-07
10.76	2.384185791015625e-07
10.77	2.384185791015625e-07
10.78	2.384185791015625e-07
10.79	2.384185791015625e-07
10.8	2.384185791015625e-07
10.81	2.384185791015625e-07
10.82	2.384185791015625e-07
10.83	2.384185791015625e-07
10.84	2.384185791015625e-07
10.85	2.384185791015625e-07
10.86	2.384185791015625e-07
10.87	2.384185791015625e-07
10.88	2.384185791015625e-07
10.89	2.384185791015625e-07
10.9	2.384185791015625e-07
10.91	2.384185791015625e-07
10.92	2.384185791015625e-07
10.93	2.384185791015625e-07
10.94	2.384185791015625e-07
10.95	2.384185791015625e-07
10.96	2.384185791015625e-07
10.97	2.384185791015625e-07
10.98	2.384185791015625e-07
10.99	2.384185791015625e-07
11.0	2.384185791015625e-07
11.01	2.384185791015625e-07
11.02	2.384185791015625e-07
11.03	2.384185791015625e-07
11.04	0.0
