5.6	0.0005016326904296875
5.61	0.0004981756210327148
5.62	0.0004945993423461914
5.63	0.0004895925521850586
5.64	0.00048619508743286133
5.65	0.00048106908798217773
5.66	0.0004729628562927246
5.67	0.00046521425247192383
5.68	0.0004572272300720215
5.69	0.00045353174209594727
5.7	0.000448763370513916
5.71	0.00044459104537963867
5.72	0.0004412531852722168
5.73	0.0004394650459289551
5.74	0.000432431697845459
5.75	0.0004246830940246582
5.76	0.00041937828063964844
5.77	0.0004131197929382324
5.78	0.00040924549102783203
5.79	0.0004050135612487793
5.8	0.0004023313522338867
5.81	0.0004006624221801758
5.82	0.000396728515625
5.83	0.0003876686096191406
5.84	0.0003821849822998047
5.85	0.0003777742385864258
5.86	0.00037229061126708984
5.87	0.00036829710006713867
5.88	0.0003643631935119629
5.89	0.0003625154495239258
5.9	0.00036072731018066406
5.91	0.0003554224967956543
5.92	0.0003501772880554199
5.93	0.00034683942794799805
5.94	0.00033992528915405273
5.95	0.0003349781036376953
5.96	0.00033020973205566406
5.97	0.00032699108123779297
5.98	0.0003255009651184082
5.99	0.00032150745391845703
6.0	0.00031626224517822266
6.01	0.0003129243850708008
6.02	0.00030809640884399414
6.03	0.00030291080474853516
6.04	0.00029969215393066406
6.05	0.0002968907356262207
6.06	0.0002948641777038574
6.07	0.00029337406158447266
6.08	0.0002904534339904785
6.09	0.00028759241104125977
6.1	0.0002853870391845703
6.11	0.0002797245979309082
6.12	0.0002745389938354492
6.13	0.00027042627334594727
6.14	0.0002663135528564453
6.15	0.000264585018157959
6.16	0.00026100873947143555
6.17	0.0002586841583251953
6.18	0.000256955623626709
6.19	0.00025391578674316406
6.2	0.00024902820587158203
6.21	0.00024700164794921875
6.22	0.0002447962760925293
6.23	0.00024193525314331055
6.24	0.00024080276489257812
6.25	0.0002390742301940918
6.26	0.00023669004440307617
6.27	0.00023424625396728516
6.28	0.0002301335334777832
6.29	0.000225067138671875
6.3	0.0002224445343017578
6.31	0.00021958351135253906
6.32	0.00021779537200927734
6.33	0.00021541118621826172
6.34	0.00021398067474365234
6.35	0.0002129077911376953
6.36	0.00021064281463623047
6.37	0.0002079010009765625
6.38	0.00020599365234375
6.39	0.0002048015594482422
6.4	0.00020229816436767578
6.41	0.0002009868621826172
6.42	0.00019806623458862305
6.43	0.0001963973045349121
6.44	0.00019407272338867188
6.45	0.0001900196075439453
6.46	0.0001869797706604004
6.47	0.0001844167709350586
6.48	0.00018262863159179688
6.49	0.00018084049224853516
6.5	0.00017946958541870117
6.51	0.00017833709716796875
6.52	0.00017714500427246094
6.53	0.0001748800277709961
6.54	0.00017392635345458984
6.55	0.0001723170280456543
6.56	0.00017112493515014648
6.57	0.0001690983772277832
6.58	0.0001677870750427246
6.59	0.00016617774963378906
6.6	0.00016498565673828125
6.61	0.00016319751739501953
6.62	0.00016003847122192383
6.63	0.00015735626220703125
6.64	0.0001551508903503418
6.65	0.00015300512313842773
6.66	0.00015115737915039062
6.67	0.00015026330947875977
6.68	0.0001494288444519043
6.69	0.00014847517013549805
6.7	0.0001462697982788086
6.71	0.00014460086822509766
6.72	0.00014334917068481445
6.73	0.000141143798828125
6.74	0.00013971328735351562
6.75	0.0001385211944580078
6.76	0.00013780593872070312
6.77	0.0001373291015625
6.78	0.00013625621795654297
6.79	0.00013309717178344727
6.8	0.00013124942779541016
6.81	0.00012940168380737305
6.82	0.00012683868408203125
6.83	0.00012534856796264648
6.84	0.00012409687042236328
6.85	0.00012367963790893555
6.86	0.00012290477752685547
6.87	0.00012123584747314453
6.88	0.00011926889419555664
6.89	0.00011813640594482422
6.9	0.0001150369644165039
6.91	0.0001131296157836914
6.92	0.00011175870895385742
6.93	0.00011098384857177734
6.94	0.00011044740676879883
6.95	0.0001093745231628418
6.96	0.00010788440704345703
6.97	0.00010693073272705078
6.98	0.00010520219802856445
6.99	0.0001024007797241211
7.0	0.00010067224502563477
7.01	9.959936141967773e-05
7.02	9.870529174804688e-05
7.03	9.840726852416992e-05
7.04	9.733438491821289e-05
7.05	9.673833847045898e-05
7.06	9.560585021972656e-05
7.07	9.22083854675293e-05
7.08	8.928775787353516e-05
7.09	8.845329284667969e-05
7.1	8.696317672729492e-05
7.11	8.594989776611328e-05
7.12	8.52346420288086e-05
7.13	8.487701416015625e-05
7.14	8.422136306762695e-05
7.15	8.302927017211914e-05
7.16	8.082389831542969e-05
7.17	7.963180541992188e-05
7.18	7.849931716918945e-05
7.19	7.718801498413086e-05
7.2	7.677078247070312e-05
7.21	7.647275924682617e-05
7.22	7.599592208862305e-05
7.23	7.50422477722168e-05
7.24	7.218122482299805e-05
7.25	7.015466690063477e-05
7.26	6.949901580810547e-05
7.27	6.747245788574219e-05
7.28	6.574392318725586e-05
7.29	6.532669067382812e-05
7.3	6.479024887084961e-05
7.31	6.431341171264648e-05
7.32	6.347894668579102e-05
7.33	6.270408630371094e-05
7.34	6.151199340820312e-05
7.35	6.073713302612305e-05
7.36	5.930662155151367e-05
7.37	5.84721565246582e-05
7.38	5.805492401123047e-05
7.39	5.7637691497802734e-05
7.4	5.6743621826171875e-05
7.41	5.561113357543945e-05
7.42	5.46574592590332e-05
7.43	5.364418029785156e-05
7.44	5.179643630981445e-05
7.45	4.9948692321777344e-05
7.46	4.965066909790039e-05
7.47	4.9233436584472656e-05
7.48	4.875659942626953e-05
7.49	4.83393669128418e-05
7.5	4.83393669128418e-05
7.51	4.756450653076172e-05
7.52	4.7087669372558594e-05
7.53	4.589557647705078e-05
7.54	4.476308822631836e-05
7.55	4.4345855712890625e-05
7.56	4.369020462036133e-05
7.57	4.309415817260742e-05
7.58	4.285573959350586e-05
7.59	4.184246063232422e-05
7.6	4.100799560546875e-05
7.61	3.993511199951172e-05
7.62	3.8564205169677734e-05
7.63	3.844499588012695e-05
7.64	3.808736801147461e-05
7.65	3.784894943237305e-05
7.66	3.7729740142822266e-05
7.67	3.7610530853271484e-05
7.68	3.725290298461914e-05
7.69	3.68952751159668e-05
7.7	3.635883331298828e-05
7.71	3.55839729309082e-05
7.72	3.546476364135742e-05
7.73	3.4689903259277344e-05
7.74	3.403425216674805e-05
7.75	3.3795833587646484e-05
7.76	3.325939178466797e-05
7.77	3.24249267578125e-05
7.78	3.2067298889160156e-05
7.79	3.0994415283203125e-05
7.8	3.075599670410156e-05
7.81	3.057718276977539e-05
7.82	3.0279159545898438e-05
7.83	3.0040740966796875e-05
7.84	2.9981136322021484e-05
7.85	2.962350845336914e-05
7.86	2.9146671295166016e-05
7.87	2.8908252716064453e-05
7.88	2.855062484741211e-05
7.89	2.8431415557861328e-05
7.9	2.8014183044433594e-05
7.91	2.7418136596679688e-05
7.92	2.7298927307128906e-05
7.93	2.7060508728027344e-05
7.94	2.6464462280273438e-05
7.95	2.6345252990722656e-05
7.96	2.580881118774414e-05
7.97	2.5451183319091797e-05
7.98	2.5212764739990234e-05
7.99	2.47955322265625e-05
8.0	2.467632293701172e-05
8.01	2.467632293701172e-05
8.02	2.4259090423583984e-05
8.03	2.372264862060547e-05
8.04	2.3126602172851562e-05
8.05	2.294778823852539e-05
8.06	2.2709369659423828e-05
8.07	2.2113323211669922e-05
8.08	2.205371856689453e-05
8.09	2.199411392211914e-05
8.1	2.193450927734375e-05
8.11	2.1576881408691406e-05
8.12	2.1398067474365234e-05
8.13	2.1219253540039062e-05
8.14	2.0802021026611328e-05
8.15	2.0563602447509766e-05
8.16	2.0384788513183594e-05
8.17	2.0325183868408203e-05
8.18	2.0205974578857422e-05
8.19	1.990795135498047e-05
8.2	1.9311904907226562e-05
8.21	1.901388168334961e-05
8.22	1.8537044525146484e-05
8.23	1.817941665649414e-05
8.24	1.7583370208740234e-05
8.25	1.7523765563964844e-05
8.26	1.7344951629638672e-05
8.27	1.728534698486328e-05
8.28	1.6987323760986328e-05
8.29	1.6868114471435547e-05
8.3	1.6570091247558594e-05
8.31	1.615285873413086e-05
8.32	1.5914440155029297e-05
8.33	1.5795230865478516e-05
8.34	1.5735626220703125e-05
8.35	1.5556812286376953e-05
8.36	1.52587890625e-05
8.37	1.5139579772949219e-05
8.38	1.5139579772949219e-05
8.39	1.4662742614746094e-05
8.4	1.4185905456542969e-05
8.41	1.3589859008789062e-05
8.42	1.3470649719238281e-05
8.43	1.329183578491211e-05
8.44	1.3053417205810547e-05
8.45	1.2934207916259766e-05
8.46	1.2874603271484375e-05
8.47	1.2636184692382812e-05
8.48	1.2040138244628906e-05
8.49	1.1742115020751953e-05
8.5	1.1444091796875e-05
8.51	1.138448715209961e-05
8.52	1.1205673217773438e-05
8.53	1.1086463928222656e-05
8.54	1.1086463928222656e-05
8.55	1.1086463928222656e-05
8.56	1.0669231414794922e-05
8.57	1.0371208190917969e-05
8.58	1.0132789611816406e-05
8.59	9.894371032714844e-06
8.6	9.775161743164062e-06
8.61	9.47713851928711e-06
8.62	9.417533874511719e-06
8.63	9.357929229736328e-06
8.64	9.238719940185547e-06
8.65	8.761882781982422e-06
8.66	8.64267349243164e-06
8.67	8.285045623779297e-06
8.68	8.165836334228516e-06
8.69	7.867813110351562e-06
8.7	7.68899917602539e-06
8.71	7.68899917602539e-06
8.72	7.569789886474609e-06
8.73	7.271766662597656e-06
8.74	7.212162017822266e-06
8.75	7.033348083496094e-06
8.76	6.973743438720703e-06
8.77	6.9141387939453125e-06
8.78	6.794929504394531e-06
8.79	6.794929504394531e-06
8.8	6.735324859619141e-06
8.81	6.735324859619141e-06
8.82	6.556510925292969e-06
8.83	6.556510925292969e-06
8.84	6.198883056640625e-06
8.85	6.020069122314453e-06
8.86	5.781650543212891e-06
8.87	5.602836608886719e-06
8.88	5.602836608886719e-06
8.89	5.424022674560547e-06
8.9	5.304813385009766e-06
8.91	5.304813385009766e-06
8.92	5.245208740234375e-06
8.93	5.066394805908203e-06
8.94	5.066394805908203e-06
8.95	5.066394805908203e-06
8.96	5.066394805908203e-06
8.97	5.066394805908203e-06
8.98	5.066394805908203e-06
8.99	5.0067901611328125e-06
9.0	4.947185516357422e-06
9.01	4.827976226806641e-06
9.02	4.5299530029296875e-06
9.03	4.470348358154297e-06
9.04	4.410743713378906e-06
9.05	4.351139068603516e-06
9.06	4.291534423828125e-06
9.07	4.231929779052734e-06
9.08	4.231929779052734e-06
9.09	4.172325134277344e-06
9.1	4.0531158447265625e-06
9.11	4.0531158447265625e-06
9.12	4.0531158447265625e-06
9.13	4.0531158447265625e-06
9.14	4.0531158447265625e-06
9.15	4.0531158447265625e-06
9.16	3.933906555175781e-06
9.17	3.874301910400391e-06
9.18	3.814697265625e-06
9.19	3.635883331298828e-06
9.2	3.5762786865234375e-06
9.21	3.5762786865234375e-06
9.22	3.5762786865234375e-06
9.23	3.516674041748047e-06
9.24	3.516674041748047e-06
9.25	3.516674041748047e-06
9.26	3.4570693969726562e-06
9.27	3.3974647521972656e-06
9.28	3.3974647521972656e-06
9.29	3.337860107421875e-06
9.3	3.337860107421875e-06
9.31	3.337860107421875e-06
9.32	3.2782554626464844e-06
9.33	3.2782554626464844e-06
9.34	3.2782554626464844e-06
9.35	3.159046173095703e-06
9.36	3.039836883544922e-06
9.37	2.9206275939941406e-06
9.38	2.86102294921875e-06
9.39	2.86102294921875e-06
9.4	2.86102294921875e-06
9.41	2.86102294921875e-06
9.42	2.86102294921875e-06
9.43	2.8014183044433594e-06
9.44	2.682209014892578e-06
9.45	2.682209014892578e-06
9.46	2.6226043701171875e-06
9.47	2.562999725341797e-06
9.48	2.562999725341797e-06
9.49	2.562999725341797e-06
9.5	2.562999725341797e-06
9.51	2.562999725341797e-06
9.52	2.4437904357910156e-06
9.53	2.384185791015625e-06
9.54	2.3245811462402344e-06
9.55	2.205371856689453e-06
9.56	2.1457672119140625e-06
9.57	2.086162567138672e-06
9.58	2.086162567138672e-06
9.59	2.086162567138672e-06
9.6	2.0265579223632812e-06
9.61	1.9073486328125e-06
9.62	1.9073486328125e-06
9.63	1.7285346984863281e-06
9.64	1.6689300537109375e-06
9.65	1.6689300537109375e-06
9.66	1.6689300537109375e-06
9.67	1.6689300537109375e-06
9.68	1.6689300537109375e-06
9.69	1.6093254089355469e-06
9.7	1.6093254089355469e-06
9.71	1.6093254089355469e-06
9.72	1.4901161193847656e-06
9.73	1.430511474609375e-06
9.74	1.3709068298339844e-06
9.75	1.3113021850585938e-06
9.76	1.3113021850585938e-06
9.77	1.3113021850585938e-06
9.78	1.2516975402832031e-06
9.79	1.2516975402832031e-06
9.8	1.0728836059570312e-06
9.81	8.940696716308594e-07
9.82	8.940696716308594e-07
9.83	8.344650268554688e-07
9.84	8.344650268554688e-07
9.85	8.344650268554688e-07
9.86	8.344650268554688e-07
9.87	8.344650268554688e-07
9.88	8.344650268554688e-07
9.89	7.748603820800781e-07
9.9	7.748603820800781e-07
9.91	7.152557373046875e-07
9.92	7.152557373046875e-07
9.93	7.152557373046875e-07
9.94	7.152557373046875e-07
9.95	7.152557373046875e-07
9.96	7.152557373046875e-07
9.97	6.556510925292969e-07
9.98	4.76837158203125e-07
9.99	4.76837158203125e-07
10.0	3.5762786865234375e-07
10.01	2.980232238769531e-07
10.02	2.980232238769531e-07
10.03	2.980232238769531e-07
10.04	2.980232238769531e-07
10.05	2.980232238769531e-07
10.06	2.980232238769531e-07
10.07	2.980232238769531e-07
10.08	2.980232238769531e-07
10.09	2.980232238769531e-07
10.1	2.980232238769531e-07
10.11	2.980232238769531e-07
10.12	2.980232238769531e-07
10.13	2.980232238769531e-07
10.14	2.980232238769531e-07
10.15	2.384185791015625e-07
10.16	2.384185791015625e-07
10.17	1.7881393432617188e-07
10.18	5.960464477539063e-08
10.19	5.960464477539063e-08
10.2	5.960464477539063e-08
10.21	5.960464477539063e-08
10.22	5.960464477539063e-08
10.23	5.960464477539063e-08
10.24	5.960464477539063e-08
10.25	5.960464477539063e-08
10.26	5.960464477539063e-08
10.27	5.960464477539063e-08
10.28	5.960464477539063e-08
10.29	5.960464477539063e-08
10.3	5.960464477539063e-08
10.31	5.960464477539063e-08
10.32	5.960464477539063e-08
10.33	5.960464477539063e-08
10.34	5.960464477539063e-08
10.35	0.0
