5.53	0.000499725341796875
5.54	0.000499725341796875
5.55	0.000499725341796875
5.56	0.000492095947265625
5.57	0.00048828125
5.58	0.00048065185546875
5.59	0.00048065185546875
5.6	0.000476837158203125
5.61	0.000476837158203125
5.62	0.000469207763671875
5.63	0.000469207763671875
5.64	0.000469207763671875
5.65	0.00046539306640625
5.66	0.000453948974609375
5.67	0.00045013427734375
5.68	0.0004425048828125
5.69	0.000438690185546875
5.7	0.000438690185546875
5.71	0.00043487548828125
5.72	0.000431060791015625
5.73	0.00042724609375
5.74	0.00042724609375
5.75	0.000423431396484375
5.76	0.000423431396484375
5.77	0.00041961669921875
5.78	0.00041961669921875
5.79	0.00041961669921875
5.8	0.0004119873046875
5.81	0.000408172607421875
5.82	0.000408172607421875
5.83	0.000392913818359375
5.84	0.000392913818359375
5.85	0.00038909912109375
5.86	0.000385284423828125
5.87	0.0003814697265625
5.88	0.000377655029296875
5.89	0.000377655029296875
5.9	0.000370025634765625
5.91	0.000370025634765625
5.92	0.000354766845703125
5.93	0.000354766845703125
5.94	0.000347137451171875
5.95	0.000347137451171875
5.96	0.000339508056640625
5.97	0.000339508056640625
5.98	0.000339508056640625
5.99	0.000339508056640625
6.0	0.000339508056640625
6.01	0.000339508056640625
6.02	0.000335693359375
6.03	0.000335693359375
6.04	0.000335693359375
6.05	0.000331878662109375
6.06	0.000331878662109375
6.07	0.000324249267578125
6.08	0.000324249267578125
6.09	0.000316619873046875
6.1	0.00030517578125
6.11	0.000301361083984375
6.12	0.00029754638671875
6.13	0.000293731689453125
6.14	0.000293731689453125
6.15	0.0002899169921875
6.16	0.0002899169921875
6.17	0.00028228759765625
6.18	0.000274658203125
6.19	0.000270843505859375
6.2	0.000263214111328125
6.21	0.000263214111328125
6.22	0.000263214111328125
6.23	0.000263214111328125
6.24	0.000263214111328125
6.25	0.000263214111328125
6.26	0.0002593994140625
6.27	0.0002593994140625
6.28	0.0002593994140625
6.29	0.0002593994140625
6.3	0.0002593994140625
6.31	0.0002593994140625
6.32	0.000255584716796875
6.33	0.000255584716796875
6.34	0.000244140625
6.35	0.000244140625
6.36	0.000240325927734375
6.37	0.00023651123046875
6.38	0.000232696533203125
6.39	0.000232696533203125
6.4	0.000232696533203125
6.41	0.0002288818359375
6.42	0.000225067138671875
6.43	0.00022125244140625
6.44	0.000213623046875
6.45	0.000213623046875
6.46	0.000213623046875
6.47	0.000213623046875
6.48	0.000213623046875
6.49	0.000213623046875
6.5	0.000209808349609375
6.51	0.000209808349609375
6.52	0.000209808349609375
6.53	0.000209808349609375
6.54	0.000209808349609375
6.55	0.00020599365234375
6.56	0.00020599365234375
6.57	0.00020599365234375
6.58	0.00020599365234375
6.59	0.000202178955078125
6.6	0.000202178955078125
6.61	0.000202178955078125
6.62	0.0001983642578125
6.63	0.000194549560546875
6.64	0.00019073486328125
6.65	0.00019073486328125
6.66	0.000186920166015625
6.67	0.000186920166015625
6.68	0.000186920166015625
6.69	0.000186920166015625
6.7	0.000186920166015625
6.71	0.000186920166015625
6.72	0.000186920166015625
6.73	0.000186920166015625
6.74	0.000186920166015625
6.75	0.000186920166015625
6.76	0.000186920166015625
6.77	0.00018310546875
6.78	0.00018310546875
6.79	0.000179290771484375
6.8	0.000179290771484375
6.81	0.000179290771484375
6.82	0.000179290771484375
6.83	0.000171661376953125
6.84	0.000171661376953125
6.85	0.000171661376953125
6.86	0.000171661376953125
6.87	0.0001678466796875
6.88	0.00016021728515625
6.89	0.000156402587890625
6.9	0.000152587890625
6.91	0.000152587890625
6.92	0.000152587890625
6.93	0.000152587890625
6.94	0.000152587890625
6.95	0.000152587890625
6.96	0.000152587890625
6.97	0.000152587890625
6.98	0.000152587890625
6.99	0.000152587890625
7.0	0.000152587890625
7.01	0.000152587890625
7.02	0.000148773193359375
7.03	0.000148773193359375
7.04	0.00014495849609375
7.05	0.00014495849609375
7.06	0.00014495849609375
7.07	0.000133514404296875
7.08	0.00012969970703125
7.09	0.00012969970703125
7.1	0.000125885009765625
7.11	0.0001220703125
7.12	0.000118255615234375
7.13	0.000110626220703125
7.14	0.000110626220703125
7.15	0.000110626220703125
7.16	0.000110626220703125
7.17	0.000110626220703125
7.18	0.000110626220703125
7.19	0.000110626220703125
7.2	0.000110626220703125
7.21	0.000110626220703125
7.22	0.000110626220703125
7.23	0.000110626220703125
7.24	0.000110626220703125
7.25	0.000110626220703125
7.26	0.000110626220703125
7.27	0.000110626220703125
7.28	0.0001068115234375
7.29	0.0001068115234375
7.3	0.0001068115234375
7.31	9.5367431640625e-05
7.32	9.1552734375e-05
7.33	8.7738037109375e-05
7.34	8.7738037109375e-05
7.35	8.7738037109375e-05
7.36	8.7738037109375e-05
7.37	8.392333984375e-05
7.38	8.0108642578125e-05
7.39	8.0108642578125e-05
7.4	8.0108642578125e-05
7.41	8.0108642578125e-05
7.42	8.0108642578125e-05
7.43	8.0108642578125e-05
7.44	8.0108642578125e-05
7.45	8.0108642578125e-05
7.46	8.0108642578125e-05
7.47	8.0108642578125e-05
7.48	8.0108642578125e-05
7.49	8.0108642578125e-05
7.5	8.0108642578125e-05
7.51	8.0108642578125e-05
7.52	7.62939453125e-05
7.53	7.62939453125e-05
7.54	7.62939453125e-05
7.55	7.2479248046875e-05
7.56	6.866455078125e-05
7.57	6.866455078125e-05
7.58	6.866455078125e-05
7.59	6.866455078125e-05
7.6	6.866455078125e-05
7.61	6.866455078125e-05
7.62	6.866455078125e-05
7.63	6.4849853515625e-05
7.64	6.4849853515625e-05
7.65	6.4849853515625e-05
7.66	6.4849853515625e-05
7.67	6.4849853515625e-05
7.68	6.4849853515625e-05
7.69	6.4849853515625e-05
7.7	6.4849853515625e-05
7.71	6.4849853515625e-05
7.72	6.4849853515625e-05
7.73	6.4849853515625e-05
7.74	6.4849853515625e-05
7.75	6.4849853515625e-05
7.76	6.4849853515625e-05
7.77	6.103515625e-05
7.78	5.7220458984375e-05
7.79	5.7220458984375e-05
7.8	5.7220458984375e-05
7.81	5.7220458984375e-05
7.82	5.7220458984375e-05
7.83	5.7220458984375e-05
7.84	5.7220458984375e-05
7.85	5.340576171875e-05
7.86	5.340576171875e-05
7.87	5.340576171875e-05
7.88	5.340576171875e-05
7.89	5.340576171875e-05
7.9	5.340576171875e-05
7.91	5.340576171875e-05
7.92	5.340576171875e-05
7.93	5.340576171875e-05
7.94	5.340576171875e-05
7.95	5.340576171875e-05
7.96	5.340576171875e-05
7.97	5.340576171875e-05
7.98	5.340576171875e-05
7.99	5.340576171875e-05
8.0	5.340576171875e-05
8.01	5.340576171875e-05
8.02	5.340576171875e-05
8.03	4.9591064453125e-05
8.04	4.57763671875e-05
8.05	4.57763671875e-05
8.06	4.57763671875e-05
8.07	4.57763671875e-05
8.08	4.57763671875e-05
8.09	4.1961669921875e-05
8.1	4.1961669921875e-05
8.11	4.1961669921875e-05
8.12	4.1961669921875e-05
8.13	4.1961669921875e-05
8.14	4.1961669921875e-05
8.15	4.1961669921875e-05
8.16	4.1961669921875e-05
8.17	4.1961669921875e-05
8.18	4.1961669921875e-05
8.19	4.1961669921875e-05
8.2	4.1961669921875e-05
8.21	4.1961669921875e-05
8.22	4.1961669921875e-05
8.23	4.1961669921875e-05
8.24	4.1961669921875e-05
8.25	4.1961669921875e-05
8.26	4.1961669921875e-05
8.27	4.1961669921875e-05
8.28	3.814697265625e-05
8.29	3.4332275390625e-05
8.3	3.4332275390625e-05
8.31	3.4332275390625e-05
8.32	3.4332275390625e-05
8.33	3.4332275390625e-05
8.34	3.4332275390625e-05
8.35	3.4332275390625e-05
8.36	3.4332275390625e-05
8.37	3.4332275390625e-05
8.38	3.4332275390625e-05
8.39	3.4332275390625e-05
8.4	3.4332275390625e-05
8.41	3.4332275390625e-05
8.42	3.4332275390625e-05
8.43	3.4332275390625e-05
8.44	3.4332275390625e-05
8.45	3.4332275390625e-05
8.46	3.4332275390625e-05
8.47	3.4332275390625e-05
8.48	3.4332275390625e-05
8.49	3.4332275390625e-05
8.5	3.4332275390625e-05
8.51	3.4332275390625e-05
8.52	3.0517578125e-05
8.53	3.0517578125e-05
8.54	3.0517578125e-05
8.55	3.0517578125e-05
8.56	3.0517578125e-05
8.57	3.0517578125e-05
8.58	3.0517578125e-05
8.59	3.0517578125e-05
8.6	3.0517578125e-05
8.61	3.0517578125e-05
8.62	3.0517578125e-05
8.63	3.0517578125e-05
8.64	3.0517578125e-05
8.65	3.0517578125e-05
8.66	3.0517578125e-05
8.67	3.0517578125e-05
8.68	3.0517578125e-05
8.69	3.0517578125e-05
8.7	3.0517578125e-05
8.71	3.0517578125e-05
8.72	3.0517578125e-05
8.73	2.288818359375e-05
8.74	2.288818359375e-05
8.75	2.288818359375e-05
8.76	2.288818359375e-05
8.77	2.288818359375e-05
8.78	2.288818359375e-05
8.79	2.288818359375e-05
8.8	2.288818359375e-05
8.81	2.288818359375e-05
8.82	2.288818359375e-05
8.83	2.288818359375e-05
8.84	2.288818359375e-05
8.85	2.288818359375e-05
8.86	2.288818359375e-05
8.87	2.288818359375e-05
8.88	2.288818359375e-05
8.89	2.288818359375e-05
8.9	2.288818359375e-05
8.91	2.288818359375e-05
8.92	2.288818359375e-05
8.93	2.288818359375e-05
8.94	2.288818359375e-05
8.95	2.288818359375e-05
8.96	2.288818359375e-05
8.97	1.9073486328125e-05
8.98	1.52587890625e-05
8.99	1.52587890625e-05
9.0	1.1444091796875e-05
9.01	1.1444091796875e-05
9.02	1.1444091796875e-05
9.03	1.1444091796875e-05
9.04	1.1444091796875e-05
9.05	1.1444091796875e-05
9.06	1.1444091796875e-05
9.07	1.1444091796875e-05
9.08	1.1444091796875e-05
9.09	1.1444091796875e-05
9.1	1.1444091796875e-05
9.11	1.1444091796875e-05
9.12	1.1444091796875e-05
9.13	1.1444091796875e-05
9.14	1.1444091796875e-05
9.15	1.1444091796875e-05
9.16	1.1444091796875e-05
9.17	1.1444091796875e-05
9.18	1.1444091796875e-05
9.19	1.1444091796875e-05
9.2	1.1444091796875e-05
9.21	1.1444091796875e-05
9.22	7.62939453125e-06
9.23	7.62939453125e-06
9.24	7.62939453125e-06
9.25	7.62939453125e-06
9.26	7.62939453125e-06
9.27	7.62939453125e-06
9.28	7.62939453125e-06
9.29	7.62939453125e-06
9.3	7.62939453125e-06
9.31	7.62939453125e-06
9.32	7.62939453125e-06
9.33	7.62939453125e-06
9.34	7.62939453125e-06
9.35	7.62939453125e-06
9.36	7.62939453125e-06
9.37	7.62939453125e-06
9.38	7.62939453125e-06
9.39	7.62939453125e-06
9.4	7.62939453125e-06
9.41	7.62939453125e-06
9.42	7.62939453125e-06
9.43	7.62939453125e-06
9.44	7.62939453125e-06
9.45	7.62939453125e-06
9.46	7.62939453125e-06
9.47	7.62939453125e-06
9.48	7.62939453125e-06
9.49	7.62939453125e-06
9.5	7.62939453125e-06
9.51	7.62939453125e-06
9.52	7.62939453125e-06
9.53	7.62939453125e-06
9.54	7.62939453125e-06
9.55	7.62939453125e-06
9.56	7.62939453125e-06
9.57	7.62939453125e-06
9.58	7.62939453125e-06
9.59	7.62939453125e-06
9.6	7.62939453125e-06
9.61	7.62939453125e-06
9.62	7.62939453125e-06
9.63	7.62939453125e-06
9.64	7.62939453125e-06
9.65	7.62939453125e-06
9.66	7.62939453125e-06
9.67	7.62939453125e-06
9.68	7.62939453125e-06
9.69	7.62939453125e-06
9.7	7.62939453125e-06
9.71	7.62939453125e-06
9.72	7.62939453125e-06
9.73	7.62939453125e-06
9.74	7.62939453125e-06
9.75	7.62939453125e-06
9.76	7.62939453125e-06
9.77	7.62939453125e-06
9.78	7.62939453125e-06
9.79	7.62939453125e-06
9.8	7.62939453125e-06
9.81	7.62939453125e-06
9.82	7.62939453125e-06
9.83	7.62939453125e-06
9.84	7.62939453125e-06
9.85	7.62939453125e-06
9.86	7.62939453125e-06
9.87	7.62939453125e-06
9.88	7.62939453125e-06
9.89	7.62939453125e-06
9.9	7.62939453125e-06
9.91	7.62939453125e-06
9.92	7.62939453125e-06
9.93	7.62939453125e-06
9.94	3.814697265625e-06
9.95	3.814697265625e-06
9.96	3.814697265625e-06
9.97	3.814697265625e-06
9.98	3.814697265625e-06
9.99	3.814697265625e-06
10.0	3.814697265625e-06
10.01	3.814697265625e-06
10.02	3.814697265625e-06
10.03	3.814697265625e-06
10.04	3.814697265625e-06
10.05	3.814697265625e-06
10.06	3.814697265625e-06
10.07	3.814697265625e-06
10.08	3.814697265625e-06
10.09	3.814697265625e-06
10.1	3.814697265625e-06
10.11	3.814697265625e-06
10.12	3.814697265625e-06
10.13	3.814697265625e-06
10.14	3.814697265625e-06
10.15	3.814697265625e-06
10.16	3.814697265625e-06
10.17	3.814697265625e-06
10.18	3.814697265625e-06
10.19	0.0
