5.01	0.0005030570609960705
5.02	0.0004992741596652195
5.03	0.0004955012409482151
5.04	0.0004917681217193604
5.05	0.00048804694961290807
5.06	0.0004843658971367404
5.07	0.000480696588056162
5.08	0.00047707598423585296
5.09	0.00047346585779450834
5.1	0.0004698770062532276
5.11	0.00046631683653686196
5.12	0.00046278748777695
5.13	0.00045927779865451157
5.14	0.00045577692799270153
5.15	0.0004523194511421025
5.16	0.00044886962859891355
5.17	0.00044545280979946256
5.18	0.00044204625010024756
5.19	0.00043864207691513
5.2	0.00043531646952033043
5.21	0.00043198866478633136
5.22	0.000428690153057687
5.23	0.0004253752704244107
5.24	0.0004221558046992868
5.25	0.0004189169849269092
5.26	0.00041571604378987104
5.27	0.0004125081468373537
5.28	0.00040934851858764887
5.29	0.00040620290383230895
5.3	0.0004030838463222608
5.31	0.00039997468411456794
5.32	0.0003968958044424653
5.33	0.00039384354022331536
5.34	0.00039080115675460547
5.35	0.0003878003190038726
5.36	0.0003848027263302356
5.37	0.0003818416007561609
5.38	0.00037888057704549283
5.39	0.00037595495814457536
5.4	0.0003730329481186345
5.41	0.00037013589462731034
5.42	0.0003672632738016546
5.43	0.0003644080279627815
5.44	0.0003615425666794181
5.45	0.0003587524115573615
5.46	0.0003559685283107683
5.47	0.00035317953734192997
5.48	0.0003504020714899525
5.49	0.0003476895944913849
5.5	0.0003449905925663188
5.51	0.0003422923036850989
5.52	0.00033961530425585806
5.53	0.00033695696038194
5.54	0.0003343210119055584
5.55	0.00033169866946991533
5.56	0.0003290966560598463
5.57	0.0003265221748733893
5.58	0.0003239499492337927
5.59	0.00032141424890141934
5.6	0.00031887694785837084
5.61	0.00031637618667446077
5.62	0.00031388786737807095
5.63	0.0003114264109171927
5.64	0.0003089703095611185
5.65	0.00030652148416265845
5.66	0.0003041043964913115
5.67	0.00030169589444994926
5.68	0.00029930914752185345
5.69	0.00029690423980355263
5.7	0.0002945859159808606
5.71	0.00029224086028989404
5.72	0.0002899232931667939
5.73	0.0002875996142392978
5.74	0.0002853399346349761
5.75	0.0002830742305377498
5.76	0.00028081693744752556
5.77	0.00027858716202899814
5.78	0.00027635782316792756
5.79	0.0002741569624049589
5.8	0.00027196288283448666
5.81	0.00026979378890246153
5.82	0.00026762728521134704
5.83	0.00026549273752607405
5.84	0.0002633683761814609
5.85	0.0002612517564557493
5.86	0.0002591546071926132
5.87	0.00025707666645757854
5.88	0.00025501738127786666
5.89	0.0002529596968088299
5.9	0.00025093289150390774
5.91	0.0002489077305654064
5.92	0.00024690695863682777
5.93	0.0002449107269058004
5.94	0.0002429171436233446
5.95	0.0002409759908914566
5.96	0.00023902542307041585
5.97	0.00023709883680567145
5.98	0.00023515742213930935
5.99	0.00023327558301389217
6.0	0.00023138198594097048
6.01	0.0002295168087584898
6.02	0.00022764524328522384
6.03	0.00022580273798666894
6.04	0.00022396630083676428
6.05	0.00022214198543224484
6.06	0.00022032609558664262
6.07	0.0002185269258916378
6.08	0.00021675006428267807
6.09	0.0002149730280507356
6.1	0.00021321838721632957
6.11	0.00021146783547010273
6.12	0.00020974442304577678
6.13	0.00020801911887247115
6.14	0.00020632152154576033
6.15	0.000204625102924183
6.16	0.00020294517162255943
6.17	0.00020128114556428045
6.18	0.00019962835358455777
6.19	0.00019797096319962293
6.2	0.00019635232456494123
6.21	0.00019474494911264628
6.22	0.00019313213124405593
6.23	0.00019153034372720867
6.24	0.00018996612925548106
6.25	0.00018840613483916968
6.26	0.00018684394308365881
6.27	0.0001852969144238159
6.28	0.00018376584921497852
6.29	0.00018224469386041164
6.3	0.00018073630053550005
6.31	0.00017922896950040013
6.32	0.00017774257867131382
6.33	0.00017624891188461334
6.34	0.00017478736117482185
6.35	0.00017332691641058773
6.36	0.00017188455967698246
6.37	0.00017044981359504163
6.38	0.00016902841161936522
6.39	0.0001676159299677238
6.4	0.000166207886650227
6.41	0.00016482046339660883
6.42	0.0001634372165426612
6.43	0.0001620719558559358
6.44	0.0001606924633961171
6.45	0.00015936359704937786
6.46	0.00015802557754795998
6.47	0.0001566977152833715
6.48	0.00015537010040134192
6.49	0.0001540791563456878
6.5	0.0001527843705844134
6.51	0.00015149406681302935
6.52	0.00015022068691905588
6.53	0.00014894480409566313
6.54	0.0001476886827731505
6.55	0.00014643710164818913
6.56	0.0001452048891223967
6.57	0.00014396908227354288
6.58	0.0001427516690455377
6.59	0.00014154317614156753
6.6	0.00014033698244020343
6.61	0.00013914433657191694
6.62	0.000137961411383003
6.63	0.00013679212133865803
6.64	0.00013561820378527045
6.65	0.00013446944649331272
6.66	0.00013331661466509104
6.67	0.00013218460662756115
6.68	0.00013105075049679726
6.69	0.00012993473501410335
6.7	0.00012882357987109572
6.71	0.00012771716865245253
6.72	0.00012662829249165952
6.73	0.000125537408166565
6.74	0.0001244650484295562
6.75	0.00012338995293248445
6.76	0.00012233774759806693
6.77	0.0001212794886669144
6.78	0.0001202381681650877
6.79	0.00011920319229830056
6.8	0.00011817587073892355
6.81	0.00011715164873749018
6.82	0.00011613462993409485
6.83	0.00011513677600305527
6.84	0.00011413708853069693
6.85	0.00011315260780975223
6.86	0.00011217118299100548
6.87	0.00011120289855170995
6.88	0.00011023294064216316
6.89	0.0001092796737793833
6.9	0.0001083316165022552
6.91	0.00010739169374573976
6.92	0.00010645795555319637
6.93	0.00010552718595135957
6.94	0.0001046065881382674
6.95	0.00010368638322688639
6.96	0.00010279018897563219
6.97	0.00010188916348852217
6.98	0.00010099919745698571
6.99	0.00010010979895014316
7.0	9.923776087816805e-05
7.01	9.836444223765284e-05
7.02	9.749978198669851e-05
7.03	9.664791286922991e-05
7.04	9.579585457686335e-05
7.05	9.495428821537644e-05
7.06	9.410985512658954e-05
7.07	9.328316082246602e-05
7.08	9.245445835404098e-05
7.09	9.164254879578948e-05
7.1	9.08316724235192e-05
7.11	9.003141894936562e-05
7.12	8.923451241571456e-05
7.13	8.8447195594199e-05
7.14	8.766607788857073e-05
7.15	8.688571688253433e-05
7.16	8.612185774836689e-05
7.17	8.535430242773145e-05
7.18	8.459863602183759e-05
7.19	8.383856038562953e-05
7.2	8.309651457238942e-05
7.21	8.23536392999813e-05
7.22	8.16181127447635e-05
7.23	8.08903860161081e-05
7.24	8.016811625566334e-05
7.25	7.945357356220484e-05
7.26	7.873863796703517e-05
7.27	7.803669723216444e-05
7.28	7.733171514701098e-05
7.29	7.664316217415035e-05
7.3	7.595263014081866e-05
7.31	7.527592242695391e-05
7.32	7.459742482751608e-05
7.33	7.392778934445232e-05
7.34	7.326593913603574e-05
7.35	7.260206621140242e-05
7.36	7.194906356744468e-05
7.37	7.129801088012755e-05
7.38	7.066011312417686e-05
7.39	7.001688936725259e-05
7.4	6.938802835065871e-05
7.41	6.875715916976333e-05
7.42	6.813924119342119e-05
7.43	6.751959153916687e-05
7.44	6.6906533902511e-05
7.45	6.630062125623226e-05
7.46	6.569390825461596e-05
7.47	6.509914237540215e-05
7.48	6.450100045185536e-05
7.49	6.391576607711613e-05
7.5	6.333044439088553e-05
7.51	6.275750638451427e-05
7.52	6.218177441041917e-05
7.53	6.161429337225854e-05
7.54	6.105053762439638e-05
7.55	6.04902597842738e-05
7.56	5.9936835896223783e-05
7.57	5.93860459048301e-05
7.58	5.884746497031301e-05
7.59	5.8303819969296455e-05
7.6	5.777040496468544e-05
7.61	5.723531648982316e-05
7.62	5.6712524383328855e-05
7.63	5.618789873551577e-05
7.64	5.567441985476762e-05
7.65	5.515907832887024e-05
7.66	5.464776768349111e-05
7.67	5.414392217062414e-05
7.68	5.363883974496275e-05
7.69	5.3145980928093195e-05
7.7	5.264794162940234e-05
7.71	5.2163712098263204e-05
7.72	5.1674345741048455e-05
7.73	5.119375418871641e-05
7.74	5.0713366363197565e-05
7.75	5.024367419537157e-05
7.76	4.977533535566181e-05
7.77	4.930832074023783e-05
7.78	4.885382077191025e-05
7.79	4.8394809709861875e-05
7.8	4.794559208676219e-05
7.81	4.7492459998466074e-05
7.82	4.705392348114401e-05
7.83	4.661147249862552e-05
7.84	4.617770900949836e-05
7.85	4.574515332933515e-05
7.86	4.531383456196636e-05
7.87	4.488714330364019e-05
7.88	4.4464904931373894e-05
7.89	4.4050204451195896e-05
7.9	4.363190964795649e-05
7.91	4.322409222368151e-05
7.92	4.2812825995497406e-05
7.93	4.241077112965286e-05
7.94	4.2004845454357564e-05
7.95	4.1609833715483546e-05
7.96	4.121527308598161e-05
7.97	4.0822807932272553e-05
7.98	4.043630906380713e-05
7.99	4.005040682386607e-05
8.0	3.967198426835239e-05
8.01	3.92923248000443e-05
8.02	3.89211782021448e-05
8.03	3.8545840652659535e-05
8.04	3.818180994130671e-05
8.05	3.7815814721398056e-05
8.06	3.745756112039089e-05
8.07	3.709757584147155e-05
8.08	3.6742480006068945e-05
8.09	3.63942381227389e-05
8.1	3.6041776183992624e-05
8.11	3.569939872249961e-05
8.12	3.535588621161878e-05
8.13	3.501783066894859e-05
8.14	3.467925125733018e-05
8.15	3.4345765016041696e-05
8.16	3.401373396627605e-05
8.17	3.368780016899109e-05
8.18	3.336416557431221e-05
8.19	3.3041753340512514e-05
8.2	3.2725161872804165e-05
8.21	3.2400828786194324e-05
8.22	3.209356509614736e-05
8.23	3.177909820806235e-05
8.24	3.1474235584028065e-05
8.25	3.116813604719937e-05
8.26	3.08681046590209e-05
8.27	3.0565395718440413e-05
8.28	3.0266644898802042e-05
8.29	2.997352567035705e-05
8.3	2.968178887385875e-05
8.31	2.939513069577515e-05
8.32	2.9104878194630146e-05
8.33	2.8823575121350586e-05
8.34	2.853688783943653e-05
8.35	2.825942647177726e-05
8.36	2.7980757295154035e-05
8.37	2.7710149879567325e-05
8.38	2.7434260118752718e-05
8.39	2.7167581720277667e-05
8.4	2.6900350349023938e-05
8.41	2.663294435478747e-05
8.42	2.6374676963314414e-05
8.43	2.6112189516425133e-05
8.44	2.5859553716145456e-05
8.45	2.560175198595971e-05
8.46	2.5350265786983073e-05
8.47	2.5101267965510488e-05
8.48	2.4852866772562265e-05
8.49	2.4605687940493226e-05
8.5	2.4362510885111988e-05
8.51	2.4123204639181495e-05
8.52	2.388196298852563e-05
8.53	2.3648914066143334e-05
8.54	2.341068466193974e-05
8.55	2.318053157068789e-05
8.56	2.2945081582292914e-05
8.57	2.2719104890711606e-05
8.58	2.2490276023745537e-05
8.59	2.2266292944550514e-05
8.6	2.2042164346203208e-05
8.61	2.1818792447447777e-05
8.62	2.1599509636871517e-05
8.63	2.137920819222927e-05
8.64	2.1169063984416425e-05
8.65	2.095365198329091e-05
8.66	2.0746811060234904e-05
8.67	2.0535444491542876e-05
8.68	2.0330408005975187e-05
8.69	2.012233017012477e-05
8.7	1.9921440980397165e-05
8.71	1.9720042473636568e-05
8.72	1.952095772139728e-05
8.73	1.9325496396049857e-05
8.74	1.912872539833188e-05
8.75	1.8938284483738244e-05
8.76	1.874264853540808e-05
8.77	1.8556020222604275e-05
8.78	1.8365317373536527e-05
8.79	1.8181002815254033e-05
8.8	1.7995742382481694e-05
8.81	1.781259197741747e-05
8.82	1.763002364896238e-05
8.83	1.7447571735829115e-05
8.84	1.727287599351257e-05
8.85	1.7092839698307216e-05
8.86	1.69201084645465e-05
8.87	1.6744976164773107e-05
8.88	1.6572725144214928e-05
8.89	1.6401056200265884e-05
8.9	1.6232617781497538e-05
8.91	1.606652222108096e-05
8.92	1.5901357983238995e-05
8.93	1.5739264199510217e-05
8.94	1.557545328978449e-05
8.95	1.5417346730828285e-05
8.96	1.5254307072609663e-05
8.97	1.5102399629540741e-05
8.98	1.4945340808480978e-05
8.99	1.4792196452617645e-05
9.0	1.4636781997978687e-05
9.01	1.4484714483842254e-05
9.02	1.4333942090161145e-05
9.03	1.4184712199494243e-05
9.04	1.4039789675734937e-05
9.05	1.3893295545130968e-05
9.06	1.3751021469943225e-05
9.07	1.360529859084636e-05
9.08	1.3467055396176875e-05
9.09	1.3323340681381524e-05
9.1	1.3185577699914575e-05
9.11	1.304653414990753e-05
9.12	1.2910139048472047e-05
9.13	1.2772943591699004e-05
9.14	1.2639648048207164e-05
9.15	1.250843342859298e-05
9.16	1.2374395737424493e-05
9.17	1.2248303391970694e-05
9.18	1.211806375067681e-05
9.19	1.1994226952083409e-05
9.2	1.1864860425703228e-05
9.21	1.1740121408365667e-05
9.22	1.1616226402111351e-05
9.23	1.1492549674585462e-05
9.24	1.1371696018613875e-05
9.25	1.1251220712438226e-05
9.26	1.1133248335681856e-05
9.27	1.1012132745236158e-05
9.28	1.0896663297899067e-05
9.29	1.077885099221021e-05
9.3	1.0666364687494934e-05
9.31	1.0551026207394898e-05
9.32	1.0440664482302964e-05
9.33	1.0328629286959767e-05
9.34	1.0217627277597785e-05
9.35	1.0107876732945442e-05
9.36	9.998111636377871e-06
9.37	9.891882655210793e-06
9.38	9.783776476979256e-06
9.39	9.682262316346169e-06
9.4	9.576047887094319e-06
9.41	9.475188562646508e-06
9.42	9.37154982239008e-06
9.43	9.270850569009781e-06
9.44	9.170122211799026e-06
9.45	9.071460226550698e-06
9.46	8.974195225164294e-06
9.47	8.876551873981953e-06
9.48	8.781920769251883e-06
9.49	8.683986379764974e-06
9.5	8.591523510403931e-06
9.51	8.495233487337828e-06
9.52	8.40495340526104e-06
9.53	8.311762940138578e-06
9.54	8.221177267841995e-06
9.55	8.131522918120027e-06
9.56	8.041984983719885e-06
9.57	7.955182809382677e-06
9.58	7.867667591199279e-06
9.59	7.784736226312816e-06
9.6	7.69764301367104e-06
9.61	7.615075446665287e-06
9.62	7.5293355621397495e-06
9.63	7.44700082577765e-06
9.64	7.364113116636872e-06
9.65	7.283568265847862e-06
9.66	7.204565918073058e-06
9.67	7.125476258806884e-06
9.68	7.0477399276569486e-06
9.69	6.968737579882145e-06
9.7	6.894159014336765e-06
9.71	6.814661901444197e-06
9.72	6.742397090420127e-06
9.73	6.665533874183893e-06
9.74	6.5918866312131286e-06
9.75	6.517060683108866e-06
9.76	6.4449559431523085e-06
9.77	6.3729239627718925e-06
9.78	6.300790118984878e-06
9.79	6.233065505512059e-06
9.8	6.162459612824023e-06
9.81	6.095870048739016e-06
9.82	6.025395123288035e-06
9.83	5.960653652437031e-06
9.84	5.892288754694164e-06
9.85	5.826805136166513e-06
9.86	5.761859938502312e-06
9.87	5.69682742934674e-06
9.88	5.632449756376445e-06
9.89	5.56781014893204e-06
9.9	5.50650293007493e-06
9.91	5.443056579679251e-06
9.92	5.384514224715531e-06
9.93	5.3224212024360895e-06
9.94	5.2633549785241485e-06
9.95	5.201742169447243e-06
9.96	5.142821464687586e-06
9.97	5.085079465061426e-06
9.98	5.026216967962682e-06
9.99	4.9701047828421e-06
10.0	4.913032171316445e-06
10.01	4.857749445363879e-06
10.02	4.799949238076806e-06
10.03	4.746747436001897e-06
10.04	4.6918721636757255e-06
10.05	4.6401110012084246e-06
10.06	4.586472641676664e-06
10.07	4.53465327154845e-06
10.08	4.482048097997904e-06
10.09	4.4300686568021774e-06
10.1	4.3807667680084705e-06
10.11	4.329413059167564e-06
10.12	4.280867869965732e-06
10.13	4.23000892624259e-06
10.14	4.1838211473077536e-06
10.15	4.133224138058722e-06
10.16	4.086468834429979e-06
10.17	4.038010956719518e-06
10.18	3.991503035649657e-06
10.19	3.945286152884364e-06
10.2	3.899374860338867e-06
10.21	3.854482201859355e-06
10.22	3.80739220418036e-06
10.23	3.7637801142409444e-06
10.24	3.7175777833908796e-06
10.25	3.6754354368895292e-06
10.26	3.631153958849609e-06
10.27	3.5899720387533307e-06
10.28	3.5473931347951293e-06
10.29	3.505250788293779e-06
10.3	3.4646218409761786e-06
10.31	3.4232944017276168e-06
10.32	3.384746378287673e-06
10.33	3.3443502616137266e-06
10.34	3.3070973586291075e-06
10.35	3.266584826633334e-06
10.36	3.228298737667501e-06
10.37	3.188353730365634e-06
10.38	3.1507370295003057e-06
10.39	3.1132076401263475e-06
10.4	3.0760274967178702e-06
10.41	3.0405790312215686e-06
10.42	3.003820893354714e-06
10.43	2.9689836082980037e-06
10.44	2.9326765798032284e-06
10.45	2.8993526939302683e-06
10.46	2.863132976926863e-06
10.47	2.8305366868153214e-06
10.48	2.7951173251494765e-06
10.49	2.7616479201242328e-06
10.5	2.727858372963965e-06
10.51	2.6948400773108006e-06
10.52	2.663044142536819e-06
10.53	2.629603841342032e-06
10.54	2.5998015189543366e-06
10.55	2.5675544748082757e-06
10.56	2.5382323656231165e-06
10.57	2.5060726329684258e-06
10.58	2.477361704222858e-06
10.59	2.4469627533107996e-06
10.6	2.417509676888585e-06
10.61	2.3884931579232216e-06
10.62	2.3588509066030383e-06
10.63	2.330401912331581e-06
10.64	2.301036147400737e-06
10.65	2.2744934540241957e-06
10.66	2.245782525278628e-06
10.67	2.2191961761564016e-06
10.68	2.1915911929681897e-06
10.69	2.165936166420579e-06
10.7	2.138534910045564e-06
10.71	2.1127634681761265e-06
10.72	2.0880543161183596e-06
10.73	2.0615989342331886e-06
10.74	2.037064405158162e-06
10.75	2.0109873730689287e-06
10.76	1.9872240955010056e-06
10.77	1.961059751920402e-06
10.78	1.9383151084184647e-06
10.79	1.913649612106383e-06
10.8	1.8910359358415008e-06
10.81	1.8672290025278926e-06
10.82	1.8443533917889e-06
10.83	1.8216378521174192e-06
10.84	1.7980928532779217e-06
10.85	1.776963472366333e-06
10.86	1.753796823322773e-06
10.87	1.7329584807157516e-06
10.88	1.7097918316721916e-06
10.89	1.6894628060981631e-06
10.9	1.6667036106809974e-06
10.91	1.6463163774460554e-06
10.92	1.625987351872027e-06
10.93	1.6056728782132268e-06
10.94	1.5857222024351358e-06
10.95	1.5651166904717684e-06
10.96	1.5463592717424035e-06
10.97	1.5259283827617764e-06
10.98	1.5075929695740342e-06
10.99	1.487831468693912e-06
11.0	1.4704710338264704e-06
11.01	1.4509569155052304e-06
11.02	1.4329853001981974e-06
11.03	1.4143151929602027e-06
11.04	1.395601429976523e-06
11.05	1.3784883776679635e-06
11.06	1.3608223525807261e-06
11.07	1.3444514479488134e-06
11.08	1.3263197615742683e-06
11.09	1.310283550992608e-06
11.1	1.2917735148221254e-06
11.11	1.2755190255120397e-06
11.12	1.2582022463902831e-06
11.13	1.2424570741131902e-06
11.14	1.226144377142191e-06
11.15	1.209802576340735e-06
11.16	1.1948286555707455e-06
11.17	1.178428647108376e-06
11.18	1.1639203876256943e-06
11.19	1.1479423847049475e-06
11.2	1.1346855899319053e-06
11.21	1.1190713848918676e-06
11.22	1.1055381037294865e-06
11.23	1.0908261174336076e-06
11.24	1.0766962077468634e-06
11.25	1.062755472958088e-06
11.26	1.0482908692210913e-06
11.27	1.0355142876505852e-06
11.28	1.0210060281679034e-06
11.29	1.0085641406476498e-06
11.3	9.946670616045594e-07
11.31	9.82472556643188e-07
11.32	9.68706444837153e-07
11.33	9.566720109432936e-07
11.34	9.440991561859846e-07
11.35	9.314244380220771e-07
11.36	9.198993211612105e-07
11.37	9.070790838450193e-07
11.38	8.954521035775542e-07
11.39	8.823262760415673e-07
11.4	8.712522685527802e-07
11.41	8.590432116761804e-07
11.42	8.48478521220386e-07
11.43	8.368806447833776e-07
11.44	8.262140909209847e-07
11.45	8.148927008733153e-07
11.46	8.043134585022926e-07
11.47	7.947091944515705e-07
11.48	7.835624273866415e-07
11.49	7.737544365227222e-07
11.5	7.622729754075408e-07
11.51	7.526396075263619e-07
11.52	7.414055289700627e-07
11.53	7.324561011046171e-07
11.54	7.223716238513589e-07
11.55	7.132621249184012e-07
11.56	7.032795110717416e-07
11.57	6.938353180885315e-07
11.58	6.849586497992277e-07
11.59	6.74932380206883e-07
11.6	6.667396519333124e-07
11.61	6.566260708495975e-07
11.62	6.481859600171447e-07
11.63	6.38203346170485e-07
11.64	6.303744157776237e-07
11.65	6.212794687598944e-07
11.66	6.131595000624657e-07
11.67	6.051559466868639e-07
11.68	5.968322511762381e-07
11.69	5.889160092920065e-07
11.7	5.801412044093013e-07
11.71	5.728943506255746e-07
11.72	5.645269993692636e-07
11.73	5.575129762291908e-07
11.74	5.493639037013054e-07
11.75	5.424517439678311e-07
11.76	5.341280484572053e-07
11.77	5.265028448775411e-07
11.78	5.19241439178586e-07
11.79	5.118490662425756e-07
11.8	5.051260814070702e-07
11.81	4.976900527253747e-07
11.82	4.912726581096649e-07
11.83	4.83618350699544e-07
11.84	4.774919943884015e-07
11.85	4.704779712483287e-07
11.86	4.642788553610444e-07
11.87	4.5771594159305096e-07
11.88	4.512985469773412e-07
11.89	4.4493936002254486e-07
11.9	4.3801264837384224e-07
11.91	4.3225008994340897e-07
11.92	4.2532337829470634e-07
11.93	4.2009924072772264e-07
11.94	4.137109499424696e-07
11.95	4.086614353582263e-07
11.96	4.025205271318555e-07
11.97	3.9726728573441505e-07
11.98	3.916211426258087e-07
11.99	3.85523890145123e-07
12.0	3.8019788917154074e-07
12.01	3.740569809451699e-07
12.02	3.6922574508935213e-07
12.03	3.6298297345638275e-07
12.04	3.5832636058330536e-07
12.05	3.524764906615019e-07
12.06	3.476889105513692e-07
12.07	3.423629095777869e-07
12.08	3.3799733500927687e-07
12.09	3.3352989703416824e-07
12.1	3.284512786194682e-07
12.11	3.239401848986745e-07
12.12	3.1833769753575325e-07
12.13	3.141467459499836e-07
12.14	3.0873343348503113e-07
12.15	3.049353836104274e-07
12.16	2.999295247718692e-07
12.17	2.9598595574498177e-07
12.18	2.9128568712621927e-07
12.19	2.874148776754737e-07
12.2	2.8326758183538914e-07
12.21	2.792367013171315e-07
12.22	2.7571513783186674e-07
12.23	2.710003172978759e-07
12.24	2.6750785764306784e-07
12.25	2.626911737024784e-07
12.26	2.594897523522377e-07
12.27	2.548767952248454e-07
12.28	2.5152985472232103e-07
12.29	2.476735971868038e-07
12.3	2.442538971081376e-07
12.31	2.407032297924161e-07
12.32	2.3719621822237968e-07
12.33	2.3424217943102121e-07
12.34	2.303422661498189e-07
12.35	2.2747553884983063e-07
12.36	2.23444658331573e-07
12.37	2.2047606762498617e-07
12.38	2.1675077732652426e-07
12.39	2.139713615179062e-07
12.4	2.1056621335446835e-07
12.41	2.075103111565113e-07
12.42	2.04483512789011e-07
12.43	2.0126753952354193e-07
12.44	1.9840081222355366e-07
12.45	1.9498111214488745e-07
12.46	1.9243452697992325e-07
12.47	1.8918944988399744e-07
12.48	1.8671562429517508e-07
12.49	1.8357241060584784e-07
12.5	1.8089485820382833e-07
12.51	1.7778074834495783e-07
12.52	1.749431248754263e-07
12.53	1.7236743588000536e-07
12.54	1.694133970886469e-07
12.55	1.6724516171962023e-07
12.56	1.6408739611506462e-07
12.57	1.6191916074603796e-07
12.58	1.5911064110696316e-07
12.59	1.5726254787296057e-07
12.6	1.549633452668786e-07
12.61	1.5260593499988317e-07
12.62	1.5011755749583244e-07
12.63	1.475855242460966e-07
12.64	1.4543184079229832e-07
12.65	1.4256511349231005e-07
12.66	1.4062970876693726e-07
12.67	1.378939487040043e-07
12.68	1.3614771887660027e-07
12.69	1.3368844520300627e-07
12.7	1.3204407878220081e-07
12.71	1.2984673958271742e-07
12.72	1.2778036762028933e-07
12.73	1.2578675523400307e-07
12.74	1.23443896882236e-07
12.75	1.2172677088528872e-07
12.76	1.1938391253352165e-07
12.77	1.1781230568885803e-07
12.78	1.152366166934371e-07
12.79	1.1363590601831675e-07
12.8	1.1148222256451845e-07
12.81	1.1002703104168177e-07
12.82	1.0826624929904938e-07
12.83	1.0679650586098433e-07
12.84	1.0519579518586397e-07
12.85	1.0324583854526281e-07
12.86	1.0170333553105593e-07
12.87	9.962241165339947e-08
12.88	9.834184311330318e-08
12.89	9.633367881178856e-08
12.9	9.508221410214901e-08
12.91	9.308860171586275e-08
12.92	9.17061697691679e-08
12.93	9.000359568744898e-08
12.94	8.865026757121086e-08
12.95	8.742790669202805e-08
12.96	8.585629984736443e-08
12.97	8.477945812046528e-08
12.98	8.282950147986412e-08
12.99	8.17381078377366e-08
13.0	7.994822226464748e-08
13.01	7.895869202911854e-08
13.02	7.729977369308472e-08
13.03	7.617927622050047e-08
13.04	7.489870768040419e-08
13.05	7.373455446213484e-08
13.06	7.265771273523569e-08
13.07	7.142079994082451e-08
13.08	7.053313311189413e-08
13.09	6.910704541951418e-08
13.1	6.829213816672564e-08
13.11	6.683694664388895e-08
13.12	6.57601049169898e-08
13.13	6.447953637689352e-08
13.14	6.349000614136457e-08
13.15	6.234040483832359e-08
13.16	6.132177077233791e-08
13.17	6.03613443672657e-08
13.18	5.929905455559492e-08
13.19	5.8455043472349644e-08
13.2	5.7290890254080296e-08
13.21	5.6606950238347054e-08
13.22	5.542824510484934e-08
13.23	5.451147444546223e-08
13.24	5.343463271856308e-08
13.25	5.251786205917597e-08
13.26	5.1601091399788857e-08
13.27	5.065521690994501e-08
13.28	4.992762114852667e-08
13.29	4.8836227506399155e-08
13.3	4.810863174498081e-08
13.31	4.700268618762493e-08
13.32	4.640605766326189e-08
13.33	4.5503838919103146e-08
13.34	4.4863554649055004e-08
13.35	4.4077751226723194e-08
13.36	4.321918822824955e-08
13.37	4.247704055160284e-08
13.38	4.145840648561716e-08
13.39	4.0832674130797386e-08
13.4	3.979948814958334e-08
13.41	3.9261067286133766e-08
13.42	3.8256985135376453e-08
13.43	3.7747668102383614e-08
13.44	3.699096851050854e-08
13.45	3.6496203392744064e-08
13.46	3.592867869883776e-08
13.47	3.523018676787615e-08
13.48	3.463355824351311e-08
13.49	3.383320290595293e-08
13.5	3.332388587296009e-08
13.51	3.253808245062828e-08
13.52	3.215973265469074e-08
13.53	3.12138581648469e-08
13.54	3.082095645368099e-08
13.55	3.0166120268404484e-08
13.56	2.9802322387695312e-08
13.57	2.9322109185159206e-08
13.58	2.87545844912529e-08
13.59	2.824526745826006e-08
13.6	2.750311978161335e-08
13.61	2.703745849430561e-08
13.62	2.6411726139485836e-08
13.63	2.6135239750146866e-08
13.64	2.537854015827179e-08
13.65	2.495653461664915e-08
13.66	2.421438694000244e-08
13.67	2.380693331360817e-08
13.68	2.342858351767063e-08
13.69	2.302112989127636e-08
13.7	2.2686435841023922e-08
13.71	2.213346306234598e-08
13.72	2.1798769012093544e-08
13.73	2.1231244318187237e-08
13.74	2.0969309844076633e-08
13.75	2.0459992811083794e-08
13.76	2.015440259128809e-08
13.77	1.960142981261015e-08
13.78	1.9208528101444244e-08
13.79	1.8742866814136505e-08
13.8	1.83499651029706e-08
13.81	1.8044374883174896e-08
13.82	1.7666025087237358e-08
13.83	1.7462298274040222e-08
13.84	1.6996636986732483e-08
13.85	1.677835825830698e-08
13.86	1.6370904631912708e-08
13.87	1.6065314412117004e-08
13.88	1.5657860785722733e-08
13.89	1.5337718650698662e-08
13.9	1.5003024600446224e-08
13.91	1.4682882465422153e-08
13.92	1.4450051821768284e-08
13.93	1.4115357771515846e-08
13.94	1.3940734788775444e-08
13.95	1.359148882329464e-08
13.96	1.3416865840554237e-08
13.97	1.30385160446167e-08
13.98	1.280568540096283e-08
13.99	1.252919901162386e-08
14.0	1.225271262228489e-08
14.01	1.206353772431612e-08
14.02	1.174339558929205e-08
14.03	1.1568772606551647e-08
14.04	1.1248630471527576e-08
14.05	1.1132215149700642e-08
14.06	1.0841176845133305e-08
14.07	1.0666553862392902e-08
14.08	1.0419171303510666e-08
14.09	1.0157236829400063e-08
14.1	9.968061931431293e-09
14.11	9.647919796407223e-09
14.12	9.487848728895187e-09
14.13	9.240466170012951e-09
14.14	9.15315467864275e-09
14.15	8.87666828930378e-09
14.16	8.789356797933578e-09
14.17	8.541974239051342e-09
14.18	8.425558917224407e-09
14.19	8.265487849712372e-09
14.2	8.09086486697197e-09
14.21	7.9016899690032e-09
14.22	7.712515071034431e-09
14.23	7.566995918750763e-09
14.24	7.377821020781994e-09
14.25	7.275957614183426e-09
14.26	7.0140231400728226e-09
14.27	6.897607818245888e-09
14.28	6.592017598450184e-09
14.29	6.490154191851616e-09
14.3	6.315531209111214e-09
14.31	6.184563972055912e-09
14.32	6.068148650228977e-09
14.33	5.878973752260208e-09
14.34	5.7480065152049065e-09
14.35	5.558831617236137e-09
14.36	5.486072041094303e-09
14.37	5.326000973582268e-09
14.38	5.2532413974404335e-09
14.39	5.034962669014931e-09
14.4	4.889443516731262e-09
14.41	4.729372449219227e-09
14.42	4.627509042620659e-09
14.43	4.583853296935558e-09
14.44	4.452886059880257e-09
14.45	4.351022653281689e-09
14.46	4.20550350099802e-09
14.47	4.16184775531292e-09
14.48	4.045432433485985e-09
14.49	3.987224772572517e-09
14.5	3.899913281202316e-09
14.51	3.754394128918648e-09
14.52	3.5652192309498787e-09
14.53	3.4633558243513107e-09
14.54	3.3760443329811096e-09
14.55	3.3032847568392754e-09
14.56	3.259629011154175e-09
14.57	3.2014213502407074e-09
14.58	3.157765604555607e-09
14.59	3.055902197957039e-09
14.6	2.9831426218152046e-09
14.61	2.9103830456733704e-09
14.62	2.8230715543031693e-09
14.63	2.7212081477046013e-09
14.64	2.648448571562767e-09
14.65	2.5902409106492996e-09
14.66	2.5174813345074654e-09
14.67	2.473825588822365e-09
14.68	2.4156179279088974e-09
14.69	2.3865140974521637e-09
14.7	2.2992026060819626e-09
14.71	2.255546860396862e-09
14.72	2.2118911147117615e-09
14.73	2.1391315385699272e-09
14.74	2.066371962428093e-09
14.75	1.9936123862862587e-09
14.76	1.964508555829525e-09
14.77	1.877197064459324e-09
14.78	1.8480932340025902e-09
14.79	1.775333657860756e-09
14.8	1.760781742632389e-09
14.81	1.6880221664905548e-09
14.82	1.6589183360338211e-09
14.83	1.6007106751203537e-09
14.84	1.5279510989785194e-09
14.85	1.4842953532934189e-09
14.86	1.4260876923799515e-09
14.87	1.4115357771515846e-09
14.88	1.382431946694851e-09
14.89	1.382431946694851e-09
14.9	1.3387762010097504e-09
14.91	1.3242242857813835e-09
14.92	1.280568540096283e-09
14.93	1.280568540096283e-09
14.94	1.2369127944111824e-09
14.95	1.1932570487260818e-09
14.96	1.1641532182693481e-09
14.97	1.1059455573558807e-09
14.98	1.0913936421275139e-09
14.99	1.0477378964424133e-09
15.0	1.0331859812140465e-09
15.01	9.74978320300579e-10
15.02	9.458744898438454e-10
15.03	8.87666828930378e-10
15.04	8.87666828930378e-10
15.05	8.731149137020111e-10
15.06	8.440110832452774e-10
15.07	8.294591680169106e-10
15.08	7.8580342233181e-10
15.09	7.712515071034431e-10
15.1	7.566995918750763e-10
15.11	7.421476766467094e-10
15.12	7.130438461899757e-10
15.13	6.83940015733242e-10
15.14	6.257323548197746e-10
15.15	5.966285243630409e-10
15.16	5.675246939063072e-10
15.17	5.384208634495735e-10
15.18	5.238689482212067e-10
15.19	5.093170329928398e-10
15.2	4.802132025361061e-10
15.21	4.656612873077393e-10
15.22	4.656612873077393e-10
15.23	4.656612873077393e-10
15.24	4.511093720793724e-10
15.25	4.220055416226387e-10
15.26	3.7834979593753815e-10
15.27	3.346940502524376e-10
15.28	3.2014213502407074e-10
15.29	3.2014213502407074e-10
15.3	3.2014213502407074e-10
15.31	3.055902197957039e-10
15.32	2.9103830456733704e-10
15.33	2.9103830456733704e-10
15.34	2.9103830456733704e-10
15.35	2.9103830456733704e-10
15.36	2.9103830456733704e-10
15.37	2.764863893389702e-10
15.38	2.6193447411060333e-10
15.39	2.473825588822365e-10
15.4	2.473825588822365e-10
15.41	2.3283064365386963e-10
15.42	2.3283064365386963e-10
15.43	2.3283064365386963e-10
15.44	2.3283064365386963e-10
15.45	2.3283064365386963e-10
15.46	2.1827872842550278e-10
15.47	2.1827872842550278e-10
15.48	1.8917489796876907e-10
15.49	1.7462298274040222e-10
15.5	1.6007106751203537e-10
15.51	1.6007106751203537e-10
15.52	1.4551915228366852e-10
15.53	1.4551915228366852e-10
15.54	1.4551915228366852e-10
15.55	1.4551915228366852e-10
15.56	1.4551915228366852e-10
15.57	1.1641532182693481e-10
15.58	1.0186340659856796e-10
15.59	8.731149137020111e-11
15.6	8.731149137020111e-11
15.61	8.731149137020111e-11
15.62	8.731149137020111e-11
15.63	8.731149137020111e-11
15.64	8.731149137020111e-11
15.65	8.731149137020111e-11
15.66	8.731149137020111e-11
15.67	8.731149137020111e-11
15.68	7.275957614183426e-11
15.69	5.820766091346741e-11
15.7	5.820766091346741e-11
15.71	5.820766091346741e-11
15.72	5.820766091346741e-11
15.73	5.820766091346741e-11
15.74	5.820766091346741e-11
15.75	5.820766091346741e-11
15.76	5.820766091346741e-11
15.77	5.820766091346741e-11
15.78	5.820766091346741e-11
15.79	5.820766091346741e-11
15.8	5.820766091346741e-11
15.81	5.820766091346741e-11
15.82	5.820766091346741e-11
15.83	5.820766091346741e-11
15.84	5.820766091346741e-11
15.85	5.820766091346741e-11
15.86	5.820766091346741e-11
15.87	5.820766091346741e-11
15.88	4.3655745685100555e-11
15.89	2.9103830456733704e-11
15.9	2.9103830456733704e-11
15.91	2.9103830456733704e-11
15.92	2.9103830456733704e-11
15.93	2.9103830456733704e-11
15.94	2.9103830456733704e-11
15.95	2.9103830456733704e-11
15.96	2.9103830456733704e-11
15.97	2.9103830456733704e-11
15.98	2.9103830456733704e-11
15.99	1.4551915228366852e-11
16.0	0.0
