5.91	0.000507354736328125
5.92	0.00049591064453125
5.93	0.000484466552734375
5.94	0.0004730224609375
5.95	0.00046539306640625
5.96	0.000457763671875
5.97	0.000453948974609375
5.98	0.00045013427734375
5.99	0.000438690185546875
6.0	0.00043487548828125
6.01	0.000431060791015625
6.02	0.000431060791015625
6.03	0.000431060791015625
6.04	0.000431060791015625
6.05	0.00042724609375
6.06	0.00041961669921875
6.07	0.000415802001953125
6.08	0.0004119873046875
6.09	0.0004119873046875
6.1	0.000400543212890625
6.11	0.000400543212890625
6.12	0.000392913818359375
6.13	0.000392913818359375
6.14	0.000392913818359375
6.15	0.000392913818359375
6.16	0.000392913818359375
6.17	0.000392913818359375
6.18	0.000392913818359375
6.19	0.000392913818359375
6.2	0.000392913818359375
6.21	0.000392913818359375
6.22	0.000392913818359375
6.23	0.000392913818359375
6.24	0.000385284423828125
6.25	0.0003814697265625
6.26	0.00037384033203125
6.27	0.0003662109375
6.28	0.00035858154296875
6.29	0.00035858154296875
6.3	0.00035858154296875
6.31	0.00035858154296875
6.32	0.000354766845703125
6.33	0.000354766845703125
6.34	0.000347137451171875
6.35	0.000339508056640625
6.36	0.000331878662109375
6.37	0.000331878662109375
6.38	0.000331878662109375
6.39	0.000331878662109375
6.4	0.000331878662109375
6.41	0.00032806396484375
6.42	0.00032806396484375
6.43	0.000324249267578125
6.44	0.000316619873046875
6.45	0.000308990478515625
6.46	0.000301361083984375
6.47	0.000301361083984375
6.48	0.000293731689453125
6.49	0.000293731689453125
6.5	0.000293731689453125
6.51	0.00028228759765625
6.52	0.000274658203125
6.53	0.000270843505859375
6.54	0.000263214111328125
6.55	0.000255584716796875
6.56	0.000255584716796875
6.57	0.00025177001953125
6.58	0.00025177001953125
6.59	0.00025177001953125
6.6	0.00025177001953125
6.61	0.00025177001953125
6.62	0.00025177001953125
6.63	0.00025177001953125
6.64	0.00025177001953125
6.65	0.00025177001953125
6.66	0.000247955322265625
6.67	0.000244140625
6.68	0.000244140625
6.69	0.000244140625
6.7	0.000244140625
6.71	0.000244140625
6.72	0.000244140625
6.73	0.000244140625
6.74	0.000244140625
6.75	0.000244140625
6.76	0.000244140625
6.77	0.000244140625
6.78	0.000244140625
6.79	0.000240325927734375
6.8	0.000232696533203125
6.81	0.0002288818359375
6.82	0.0002288818359375
6.83	0.0002288818359375
6.84	0.000225067138671875
6.85	0.000217437744140625
6.86	0.000217437744140625
6.87	0.000202178955078125
6.88	0.000186920166015625
6.89	0.00018310546875
6.9	0.000179290771484375
6.91	0.000171661376953125
6.92	0.0001678466796875
6.93	0.00016021728515625
6.94	0.000152587890625
6.95	0.000148773193359375
6.96	0.0001373291015625
6.97	0.000133514404296875
6.98	0.000133514404296875
6.99	0.000133514404296875
7.0	0.000133514404296875
7.01	0.000133514404296875
7.02	0.000133514404296875
7.03	0.00012969970703125
7.04	0.00012969970703125
7.05	0.00012969970703125
7.06	0.00012969970703125
7.07	0.00012969970703125
7.08	0.00012969970703125
7.09	0.00012969970703125
7.1	0.00012969970703125
7.11	0.00012969970703125
7.12	0.00012969970703125
7.13	0.00012969970703125
7.14	0.00012969970703125
7.15	0.00012969970703125
7.16	0.00012969970703125
7.17	0.00012969970703125
7.18	0.00012969970703125
7.19	0.00012969970703125
7.2	0.000125885009765625
7.21	0.000118255615234375
7.22	0.000118255615234375
7.23	0.00011444091796875
7.24	0.000110626220703125
7.25	0.000110626220703125
7.26	0.000110626220703125
7.27	0.000110626220703125
7.28	0.0001068115234375
7.29	9.918212890625e-05
7.3	9.5367431640625e-05
7.31	9.1552734375e-05
7.32	8.0108642578125e-05
7.33	7.62939453125e-05
7.34	7.62939453125e-05
7.35	7.62939453125e-05
7.36	7.62939453125e-05
7.37	7.62939453125e-05
7.38	7.62939453125e-05
7.39	7.62939453125e-05
7.4	7.62939453125e-05
7.41	7.62939453125e-05
7.42	7.62939453125e-05
7.43	7.62939453125e-05
7.44	7.62939453125e-05
7.45	7.62939453125e-05
7.46	7.62939453125e-05
7.47	7.62939453125e-05
7.48	6.866455078125e-05
7.49	6.866455078125e-05
7.5	6.4849853515625e-05
7.51	6.4849853515625e-05
7.52	6.4849853515625e-05
7.53	6.4849853515625e-05
7.54	6.4849853515625e-05
7.55	6.4849853515625e-05
7.56	6.4849853515625e-05
7.57	6.4849853515625e-05
7.58	6.4849853515625e-05
7.59	6.4849853515625e-05
7.6	6.4849853515625e-05
7.61	6.4849853515625e-05
7.62	6.4849853515625e-05
7.63	6.4849853515625e-05
7.64	6.4849853515625e-05
7.65	6.4849853515625e-05
7.66	6.4849853515625e-05
7.67	6.4849853515625e-05
7.68	6.4849853515625e-05
7.69	6.4849853515625e-05
7.7	6.4849853515625e-05
7.71	6.4849853515625e-05
7.72	6.4849853515625e-05
7.73	6.4849853515625e-05
7.74	6.4849853515625e-05
7.75	6.4849853515625e-05
7.76	6.4849853515625e-05
7.77	6.4849853515625e-05
7.78	6.4849853515625e-05
7.79	6.4849853515625e-05
7.8	6.4849853515625e-05
7.81	6.103515625e-05
7.82	6.103515625e-05
7.83	6.103515625e-05
7.84	5.340576171875e-05
7.85	5.340576171875e-05
7.86	4.9591064453125e-05
7.87	4.9591064453125e-05
7.88	4.9591064453125e-05
7.89	4.1961669921875e-05
7.9	3.814697265625e-05
7.91	3.814697265625e-05
7.92	3.4332275390625e-05
7.93	3.0517578125e-05
7.94	3.0517578125e-05
7.95	3.0517578125e-05
7.96	3.0517578125e-05
7.97	3.0517578125e-05
7.98	3.0517578125e-05
7.99	3.0517578125e-05
8.0	3.0517578125e-05
8.01	3.0517578125e-05
8.02	3.0517578125e-05
8.03	3.0517578125e-05
8.04	3.0517578125e-05
8.05	3.0517578125e-05
8.06	3.0517578125e-05
8.07	3.0517578125e-05
8.08	3.0517578125e-05
8.09	3.0517578125e-05
8.1	3.0517578125e-05
8.11	3.0517578125e-05
8.12	3.0517578125e-05
8.13	3.0517578125e-05
8.14	3.0517578125e-05
8.15	3.0517578125e-05
8.16	3.0517578125e-05
8.17	2.6702880859375e-05
8.18	2.6702880859375e-05
8.19	2.6702880859375e-05
8.2	2.6702880859375e-05
8.21	2.6702880859375e-05
8.22	2.6702880859375e-05
8.23	2.6702880859375e-05
8.24	2.6702880859375e-05
8.25	1.9073486328125e-05
8.26	1.52587890625e-05
8.27	1.1444091796875e-05
8.28	1.1444091796875e-05
8.29	7.62939453125e-06
8.3	7.62939453125e-06
8.31	7.62939453125e-06
8.32	7.62939453125e-06
8.33	7.62939453125e-06
8.34	7.62939453125e-06
8.35	7.62939453125e-06
8.36	7.62939453125e-06
8.37	7.62939453125e-06
8.38	7.62939453125e-06
8.39	7.62939453125e-06
8.4	7.62939453125e-06
8.41	7.62939453125e-06
8.42	7.62939453125e-06
8.43	7.62939453125e-06
8.44	7.62939453125e-06
8.45	7.62939453125e-06
8.46	7.62939453125e-06
8.47	7.62939453125e-06
8.48	7.62939453125e-06
8.49	7.62939453125e-06
8.5	7.62939453125e-06
8.51	7.62939453125e-06
8.52	7.62939453125e-06
8.53	7.62939453125e-06
8.54	7.62939453125e-06
8.55	7.62939453125e-06
8.56	7.62939453125e-06
8.57	7.62939453125e-06
8.58	7.62939453125e-06
8.59	7.62939453125e-06
8.6	7.62939453125e-06
8.61	7.62939453125e-06
8.62	7.62939453125e-06
8.63	7.62939453125e-06
8.64	7.62939453125e-06
8.65	7.62939453125e-06
8.66	7.62939453125e-06
8.67	7.62939453125e-06
8.68	7.62939453125e-06
8.69	7.62939453125e-06
8.7	7.62939453125e-06
8.71	7.62939453125e-06
8.72	7.62939453125e-06
8.73	7.62939453125e-06
8.74	7.62939453125e-06
8.75	7.62939453125e-06
8.76	7.62939453125e-06
8.77	7.62939453125e-06
8.78	7.62939453125e-06
8.79	7.62939453125e-06
8.8	7.62939453125e-06
8.81	7.62939453125e-06
8.82	7.62939453125e-06
8.83	7.62939453125e-06
8.84	7.62939453125e-06
8.85	7.62939453125e-06
8.86	3.814697265625e-06
8.87	3.814697265625e-06
8.88	3.814697265625e-06
8.89	3.814697265625e-06
8.9	3.814697265625e-06
8.91	3.814697265625e-06
8.92	3.814697265625e-06
8.93	3.814697265625e-06
8.94	3.814697265625e-06
8.95	3.814697265625e-06
8.96	3.814697265625e-06
8.97	3.814697265625e-06
8.98	3.814697265625e-06
8.99	3.814697265625e-06
9.0	3.814697265625e-06
9.01	3.814697265625e-06
9.02	3.814697265625e-06
9.03	3.814697265625e-06
9.04	3.814697265625e-06
9.05	3.814697265625e-06
9.06	3.814697265625e-06
9.07	3.814697265625e-06
9.08	3.814697265625e-06
9.09	3.814697265625e-06
9.1	3.814697265625e-06
9.11	3.814697265625e-06
9.12	3.814697265625e-06
9.13	3.814697265625e-06
9.14	3.814697265625e-06
9.15	3.814697265625e-06
9.16	3.814697265625e-06
9.17	3.814697265625e-06
9.18	3.814697265625e-06
9.19	3.814697265625e-06
9.2	3.814697265625e-06
9.21	3.814697265625e-06
9.22	0.0
