5.7	0.0005021095275878906
5.71	0.00049591064453125
5.72	0.0004916191101074219
5.73	0.000484466552734375
5.74	0.00047850608825683594
5.75	0.0004730224609375
5.76	0.0004658699035644531
5.77	0.0004622936248779297
5.78	0.0004551410675048828
5.79	0.00045037269592285156
5.8	0.00044536590576171875
5.81	0.0004420280456542969
5.82	0.00043582916259765625
5.83	0.0004296302795410156
5.84	0.0004248619079589844
5.85	0.0004184246063232422
5.86	0.00041604042053222656
5.87	0.00041031837463378906
5.88	0.0004055500030517578
5.89	0.0004010200500488281
5.9	0.00039768218994140625
5.91	0.00039196014404296875
5.92	0.0003883838653564453
5.93	0.00038313865661621094
5.94	0.0003807544708251953
5.95	0.0003769397735595703
5.96	0.0003714561462402344
5.97	0.0003662109375
5.98	0.000362396240234375
5.99	0.00035881996154785156
6.0	0.0003554821014404297
6.01	0.0003523826599121094
6.02	0.0003466606140136719
6.03	0.0003418922424316406
6.04	0.00033926963806152344
6.05	0.0003364086151123047
6.06	0.00033092498779296875
6.07	0.0003287792205810547
6.08	0.00032520294189453125
6.09	0.0003218650817871094
6.1	0.00031828880310058594
6.11	0.0003135204315185547
6.12	0.0003104209899902344
6.13	0.0003075599670410156
6.14	0.0003037452697753906
6.15	0.0002994537353515625
6.16	0.00029540061950683594
6.17	0.0002913475036621094
6.18	0.0002880096435546875
6.19	0.00028395652770996094
6.2	0.00027942657470703125
6.21	0.0002758502960205078
6.22	0.00027370452880859375
6.23	0.00027060508728027344
6.24	0.00026607513427734375
6.25	0.0002627372741699219
6.26	0.00025844573974609375
6.27	0.0002567768096923828
6.28	0.00025391578674316406
6.29	0.0002484321594238281
6.3	0.0002448558807373047
6.31	0.00024247169494628906
6.32	0.0002391338348388672
6.33	0.00023603439331054688
6.34	0.00023317337036132812
6.35	0.00022912025451660156
6.36	0.00022602081298828125
6.37	0.00022482872009277344
6.38	0.0002205371856689453
6.39	0.0002167224884033203
6.4	0.00021529197692871094
6.41	0.00021266937255859375
6.42	0.0002105236053466797
6.43	0.00020766258239746094
6.44	0.0002033710479736328
6.45	0.00020051002502441406
6.46	0.0001995563507080078
6.47	0.0001964569091796875
6.48	0.00019288063049316406
6.49	0.00019097328186035156
6.5	0.00018858909606933594
6.51	0.00018668174743652344
6.52	0.00018405914306640625
6.53	0.00018095970153808594
6.54	0.00017905235290527344
6.55	0.00017833709716796875
6.56	0.00017595291137695312
6.57	0.00017309188842773438
6.58	0.0001709461212158203
6.59	0.00016760826110839844
6.6	0.0001666545867919922
6.61	0.00016427040100097656
6.62	0.0001609325408935547
6.63	0.00015735626220703125
6.64	0.00015592575073242188
6.65	0.00015354156494140625
6.66	0.0001518726348876953
6.67	0.000148773193359375
6.68	0.0001456737518310547
6.69	0.00014400482177734375
6.7	0.00014281272888183594
6.71	0.00013947486877441406
6.72	0.00013637542724609375
6.73	0.00013494491577148438
6.74	0.00013327598571777344
6.75	0.00013184547424316406
6.76	0.0001289844512939453
6.77	0.00012636184692382812
6.78	0.0001239776611328125
6.79	0.0001232624053955078
6.8	0.00012111663818359375
6.81	0.00011897087097167969
6.82	0.00011730194091796875
6.83	0.00011587142944335938
6.84	0.00011444091796875
6.85	0.00011277198791503906
6.86	0.00011038780212402344
6.87	0.00010943412780761719
6.88	0.00010895729064941406
6.89	0.0001068115234375
6.9	0.00010609626770019531
6.91	0.00010371208190917969
6.92	0.00010251998901367188
6.93	0.00010156631469726562
6.94	0.00010061264038085938
6.95	9.870529174804688e-05
6.96	9.72747802734375e-05
6.97	9.632110595703125e-05
6.98	9.512901306152344e-05
6.99	9.465217590332031e-05
7.0	9.298324584960938e-05
7.01	9.179115295410156e-05
7.02	9.107589721679688e-05
7.03	9.036064147949219e-05
7.04	8.893013000488281e-05
7.05	8.726119995117188e-05
7.06	8.630752563476562e-05
7.07	8.440017700195312e-05
7.08	8.344650268554688e-05
7.09	8.249282836914062e-05
7.1	8.034706115722656e-05
7.11	7.843971252441406e-05
7.12	7.772445678710938e-05
7.13	7.581710815429688e-05
7.14	7.486343383789062e-05
7.15	7.319450378417969e-05
7.16	7.224082946777344e-05
7.17	7.05718994140625e-05
7.18	7.009506225585938e-05
7.19	6.771087646484375e-05
7.2	6.67572021484375e-05
7.21	6.604194641113281e-05
7.22	6.437301635742188e-05
7.23	6.318092346191406e-05
7.24	6.175041198730469e-05
7.25	6.0558319091796875e-05
7.26	5.9604644775390625e-05
7.27	5.888938903808594e-05
7.28	5.6743621826171875e-05
7.29	5.602836608886719e-05
7.3	5.53131103515625e-05
7.31	5.412101745605469e-05
7.32	5.364418029785156e-05
7.33	5.221366882324219e-05
7.34	5.173683166503906e-05
7.35	5.125999450683594e-05
7.36	5.078315734863281e-05
7.37	4.935264587402344e-05
7.38	4.887580871582031e-05
7.39	4.8160552978515625e-05
7.4	4.744529724121094e-05
7.41	4.7206878662109375e-05
7.42	4.553794860839844e-05
7.43	4.5299530029296875e-05
7.44	4.458427429199219e-05
7.45	4.458427429199219e-05
7.46	4.315376281738281e-05
7.47	4.291534423828125e-05
7.48	4.220008850097656e-05
7.49	4.1961669921875e-05
7.5	4.124641418457031e-05
7.51	4.029273986816406e-05
7.52	3.981590270996094e-05
7.53	3.9577484130859375e-05
7.54	3.910064697265625e-05
7.55	3.814697265625e-05
7.56	3.743171691894531e-05
7.57	3.62396240234375e-05
7.58	3.600120544433594e-05
7.59	3.504753112792969e-05
7.6	3.4332275390625e-05
7.61	3.2901763916015625e-05
7.62	3.266334533691406e-05
7.63	3.24249267578125e-05
7.64	3.1948089599609375e-05
7.65	3.075599670410156e-05
7.66	2.9802322387695312e-05
7.67	2.9325485229492188e-05
7.68	2.8848648071289062e-05
7.69	2.8371810913085938e-05
7.7	2.6702880859375e-05
7.71	2.6226043701171875e-05
7.72	2.5272369384765625e-05
7.73	2.5033950805664062e-05
7.74	2.4318695068359375e-05
7.75	2.3603439331054688e-05
7.76	2.2411346435546875e-05
7.77	2.2411346435546875e-05
7.78	2.2411346435546875e-05
7.79	2.1219253540039062e-05
7.8	2.09808349609375e-05
7.81	2.0503997802734375e-05
7.82	2.0503997802734375e-05
7.83	2.0265579223632812e-05
7.84	1.9550323486328125e-05
7.85	1.9073486328125e-05
7.86	1.9073486328125e-05
7.87	1.8835067749023438e-05
7.88	1.811981201171875e-05
7.89	1.811981201171875e-05
7.9	1.7642974853515625e-05
7.91	1.7404556274414062e-05
7.92	1.71661376953125e-05
7.93	1.6689300537109375e-05
7.94	1.621246337890625e-05
7.95	1.621246337890625e-05
7.96	1.621246337890625e-05
7.97	1.5735626220703125e-05
7.98	1.5497207641601562e-05
7.99	1.4781951904296875e-05
8.0	1.4543533325195312e-05
8.01	1.4543533325195312e-05
8.02	1.4066696166992188e-05
8.03	1.3589859008789062e-05
8.04	1.33514404296875e-05
8.05	1.2874603271484375e-05
8.06	1.2636184692382812e-05
8.07	1.239776611328125e-05
8.08	1.1920928955078125e-05
8.09	1.1444091796875e-05
8.1	1.1444091796875e-05
8.11	1.1205673217773438e-05
8.12	1.049041748046875e-05
8.13	1.0251998901367188e-05
8.14	1.0013580322265625e-05
8.15	9.5367431640625e-06
8.16	9.298324584960938e-06
8.17	9.059906005859375e-06
8.18	8.58306884765625e-06
8.19	8.344650268554688e-06
8.2	8.106231689453125e-06
8.21	7.867813110351562e-06
8.22	7.62939453125e-06
8.23	7.62939453125e-06
8.24	7.3909759521484375e-06
8.25	7.3909759521484375e-06
8.26	7.3909759521484375e-06
8.27	7.152557373046875e-06
8.28	7.152557373046875e-06
8.29	7.152557373046875e-06
8.3	7.152557373046875e-06
8.31	7.152557373046875e-06
8.32	6.9141387939453125e-06
8.33	6.9141387939453125e-06
8.34	6.9141387939453125e-06
8.35	6.9141387939453125e-06
8.36	6.67572021484375e-06
8.37	6.67572021484375e-06
8.38	6.67572021484375e-06
8.39	6.67572021484375e-06
8.4	6.67572021484375e-06
8.41	6.4373016357421875e-06
8.42	6.4373016357421875e-06
8.43	6.4373016357421875e-06
8.44	6.198883056640625e-06
8.45	5.9604644775390625e-06
8.46	5.9604644775390625e-06
8.47	5.7220458984375e-06
8.48	5.4836273193359375e-06
8.49	5.4836273193359375e-06
8.5	5.245208740234375e-06
8.51	5.0067901611328125e-06
8.52	5.0067901611328125e-06
8.53	4.5299530029296875e-06
8.54	4.5299530029296875e-06
8.55	4.291534423828125e-06
8.56	4.291534423828125e-06
8.57	4.0531158447265625e-06
8.58	3.814697265625e-06
8.59	3.337860107421875e-06
8.6	3.337860107421875e-06
8.61	3.337860107421875e-06
8.62	3.0994415283203125e-06
8.63	2.86102294921875e-06
8.64	2.6226043701171875e-06
8.65	2.384185791015625e-06
8.66	2.384185791015625e-06
8.67	2.384185791015625e-06
8.68	1.9073486328125e-06
8.69	1.9073486328125e-06
8.7	1.6689300537109375e-06
8.71	1.6689300537109375e-06
8.72	1.6689300537109375e-06
8.73	1.430511474609375e-06
8.74	1.430511474609375e-06
8.75	1.430511474609375e-06
8.76	1.430511474609375e-06
8.77	1.430511474609375e-06
8.78	1.430511474609375e-06
8.79	1.430511474609375e-06
8.8	1.430511474609375e-06
8.81	1.430511474609375e-06
8.82	1.430511474609375e-06
8.83	1.430511474609375e-06
8.84	1.430511474609375e-06
8.85	1.430511474609375e-06
8.86	1.430511474609375e-06
8.87	1.430511474609375e-06
8.88	1.430511474609375e-06
8.89	1.430511474609375e-06
8.9	1.430511474609375e-06
8.91	1.430511474609375e-06
8.92	1.430511474609375e-06
8.93	1.430511474609375e-06
8.94	1.430511474609375e-06
8.95	1.430511474609375e-06
8.96	1.430511474609375e-06
8.97	1.1920928955078125e-06
8.98	1.1920928955078125e-06
8.99	1.1920928955078125e-06
9.0	1.1920928955078125e-06
9.01	9.5367431640625e-07
9.02	9.5367431640625e-07
9.03	9.5367431640625e-07
9.04	9.5367431640625e-07
9.05	9.5367431640625e-07
9.06	7.152557373046875e-07
9.07	7.152557373046875e-07
9.08	7.152557373046875e-07
9.09	7.152557373046875e-07
9.1	4.76837158203125e-07
9.11	4.76837158203125e-07
9.12	2.384185791015625e-07
9.13	2.384185791015625e-07
9.14	2.384185791015625e-07
9.15	2.384185791015625e-07
9.16	0.0
