5.84	0.0005015134811401367
5.85	0.0004971027374267578
5.86	0.0004930496215820312
5.87	0.0004886388778686523
5.88	0.0004845261573791504
5.89	0.00048029422760009766
5.9	0.0004757046699523926
5.91	0.0004711747169494629
5.92	0.00046712160110473633
5.93	0.00046324729919433594
5.94	0.000459134578704834
5.95	0.00045567750930786133
5.96	0.00045120716094970703
5.97	0.0004474520683288574
5.98	0.00044411420822143555
5.99	0.0004393458366394043
6.0	0.00043523311614990234
6.01	0.0004311800003051758
6.02	0.00042760372161865234
6.03	0.0004235506057739258
6.04	0.00041997432708740234
6.05	0.00041615962982177734
6.06	0.0004132986068725586
6.07	0.00040918588638305664
6.08	0.0004056096076965332
6.09	0.00040161609649658203
6.1	0.000398099422454834
6.11	0.00039398670196533203
6.12	0.00039058923721313477
6.13	0.00038677453994750977
6.14	0.00038367509841918945
6.15	0.00038063526153564453
6.16	0.0003769397735595703
6.17	0.0003733038902282715
6.18	0.00036984682083129883
6.19	0.0003662109375
6.2	0.00036263465881347656
6.21	0.00035899877548217773
6.22	0.00035566091537475586
6.23	0.00035315752029418945
6.24	0.000349581241607666
6.25	0.00034630298614501953
6.26	0.0003432035446166992
6.27	0.0003401637077331543
6.28	0.0003362894058227539
6.29	0.0003325939178466797
6.3	0.00032913684844970703
6.31	0.0003262162208557129
6.32	0.00032323598861694336
6.33	0.00032013654708862305
6.34	0.0003170967102050781
6.35	0.0003145933151245117
6.36	0.00031185150146484375
6.37	0.0003082156181335449
6.38	0.0003046989440917969
6.39	0.00030153989791870117
6.4	0.000298917293548584
6.41	0.0002956390380859375
6.42	0.00029283761978149414
6.43	0.0002899765968322754
6.44	0.0002879500389099121
6.45	0.0002846717834472656
6.46	0.00028192996978759766
6.47	0.0002789497375488281
6.48	0.00027614831924438477
6.49	0.00027316808700561523
6.5	0.0002701878547668457
6.51	0.00026744604110717773
6.52	0.0002650022506713867
6.53	0.0002626180648803711
6.54	0.0002599358558654785
6.55	0.00025779008865356445
6.56	0.0002549290657043457
6.57	0.0002529621124267578
6.58	0.00025016069412231445
6.59	0.0002467036247253418
6.6	0.000244140625
6.61	0.00024175643920898438
6.62	0.00023925304412841797
6.63	0.00023674964904785156
6.64	0.00023472309112548828
6.65	0.000232696533203125
6.66	0.00023066997528076172
6.67	0.0002275705337524414
6.68	0.00022536516189575195
6.69	0.00022262334823608398
6.7	0.00022017955780029297
6.71	0.00021761655807495117
6.72	0.00021541118621826172
6.73	0.00021338462829589844
6.74	0.00021147727966308594
6.75	0.00020927190780639648
6.76	0.00020694732666015625
6.77	0.00020456314086914062
6.78	0.00020182132720947266
6.79	0.0001996159553527832
6.8	0.00019735097885131836
6.81	0.00019508600234985352
6.82	0.0001933574676513672
6.83	0.00019168853759765625
6.84	0.00018960237503051758
6.85	0.00018745660781860352
6.86	0.00018525123596191406
6.87	0.0001831650733947754
6.88	0.00018101930618286133
6.89	0.0001786351203918457
6.9	0.0001767277717590332
6.91	0.00017505884170532227
6.92	0.0001729726791381836
6.93	0.00017124414443969727
6.94	0.00016939640045166016
6.95	0.00016736984252929688
6.96	0.00016564130783081055
6.97	0.00016307830810546875
6.98	0.00016117095947265625
6.99	0.0001595020294189453
7.0	0.00015777349472045898
7.01	0.00015604496002197266
7.02	0.0001544356346130371
7.03	0.000152587890625
7.04	0.00015145540237426758
7.05	0.00014913082122802734
7.06	0.00014722347259521484
7.07	0.00014549493789672852
7.08	0.00014388561248779297
7.09	0.0001418590545654297
7.1	0.00014030933380126953
7.11	0.00013905763626098633
7.12	0.00013768672943115234
7.13	0.00013631582260131836
7.14	0.00013434886932373047
7.15	0.0001327991485595703
7.16	0.00013107061386108398
7.17	0.00012940168380737305
7.18	0.00012749433517456055
7.19	0.0001259446144104004
7.2	0.00012445449829101562
7.21	0.00012314319610595703
7.22	0.00012177228927612305
7.23	0.00012052059173583984
7.24	0.00011909008026123047
7.25	0.00011748075485229492
7.26	0.00011610984802246094
7.27	0.00011414289474487305
7.28	0.00011295080184936523
7.29	0.0001112222671508789
7.3	0.00011008977890014648
7.31	0.00010859966278076172
7.32	0.00010764598846435547
7.33	0.00010639429092407227
7.34	0.00010538101196289062
7.35	0.0001035928726196289
7.36	0.00010222196578979492
7.37	0.00010067224502563477
7.38	9.894371032714844e-05
7.39	9.745359420776367e-05
7.4	9.649991989135742e-05
7.41	9.560585021972656e-05
7.42	9.453296661376953e-05
7.43	9.351968765258789e-05
7.44	9.196996688842773e-05
7.45	9.107589721679688e-05
7.46	8.96453857421875e-05
7.47	8.83340835571289e-05
7.48	8.70823860168457e-05
7.49	8.589029312133789e-05
7.5	8.481740951538086e-05
7.51	8.398294448852539e-05
7.52	8.273124694824219e-05
7.53	8.171796798706055e-05
7.54	8.088350296020508e-05
7.55	7.969141006469727e-05
7.56	7.849931716918945e-05
7.57	7.69495964050293e-05
7.58	7.587671279907227e-05
7.59	7.50422477722168e-05
7.6	7.402896881103516e-05
7.61	7.301568984985352e-05
7.62	7.212162017822266e-05
7.63	7.128715515136719e-05
7.64	7.033348083496094e-05
7.65	6.890296936035156e-05
7.66	6.788969039916992e-05
7.67	6.681680679321289e-05
7.68	6.592273712158203e-05
7.69	6.490945816040039e-05
7.7	6.413459777832031e-05
7.71	6.341934204101562e-05
7.72	6.246566772460938e-05
7.73	6.16908073425293e-05
7.74	6.0498714447021484e-05
7.75	5.9604644775390625e-05
7.76	5.8710575103759766e-05
7.77	5.751848220825195e-05
7.78	5.6624412536621094e-05
7.79	5.608797073364258e-05
7.8	5.519390106201172e-05
7.81	5.4776668548583984e-05
7.82	5.3763389587402344e-05
7.83	5.3048133850097656e-05
7.84	5.2094459533691406e-05
7.85	5.1021575927734375e-05
7.86	5.0127506256103516e-05
7.87	4.935264587402344e-05
7.88	4.89354133605957e-05
7.89	4.8279762268066406e-05
7.9	4.780292510986328e-05
7.91	4.7147274017333984e-05
7.92	4.655122756958008e-05
7.93	4.571676254272461e-05
7.94	4.506111145019531e-05
7.95	4.404783248901367e-05
7.96	4.3392181396484375e-05
7.97	4.267692565917969e-05
7.98	4.214048385620117e-05
7.99	4.1365623474121094e-05
8.0	4.100799560546875e-05
8.01	4.07099723815918e-05
8.02	3.993511199951172e-05
8.03	3.921985626220703e-05
8.04	3.838539123535156e-05
8.05	3.790855407714844e-05
8.06	3.701448440551758e-05
8.07	3.641843795776367e-05
8.08	3.5881996154785156e-05
8.09	3.55839729309082e-05
8.1	3.504753112792969e-05
8.11	3.463029861450195e-05
8.12	3.409385681152344e-05
8.13	3.343820571899414e-05
8.14	3.266334533691406e-05
8.15	3.2067298889160156e-05
8.16	3.141164779663086e-05
8.17	3.075599670410156e-05
8.18	3.0338764190673828e-05
8.19	2.9802322387695312e-05
8.2	2.950429916381836e-05
8.21	2.8967857360839844e-05
8.22	2.86102294921875e-05
8.23	2.8192996978759766e-05
8.24	2.7418136596679688e-05
8.25	2.6702880859375e-05
8.26	2.6226043701171875e-05
8.27	2.568960189819336e-05
8.28	2.5331974029541016e-05
8.29	2.491474151611328e-05
8.3	2.4616718292236328e-05
8.31	2.4259090423583984e-05
8.32	2.378225326538086e-05
8.33	2.3126602172851562e-05
8.34	2.276897430419922e-05
8.35	2.2351741790771484e-05
8.36	2.187490463256836e-05
8.37	2.1457672119140625e-05
8.38	2.110004425048828e-05
8.39	2.092123031616211e-05
8.4	2.0563602447509766e-05
8.41	2.0384788513183594e-05
8.42	1.9848346710205078e-05
8.43	1.9490718841552734e-05
8.44	1.895427703857422e-05
8.45	1.8477439880371094e-05
8.46	1.817941665649414e-05
8.47	1.800060272216797e-05
8.48	1.7762184143066406e-05
8.49	1.7523765563964844e-05
8.5	1.71661376953125e-05
8.51	1.6927719116210938e-05
8.52	1.6629695892333984e-05
8.53	1.621246337890625e-05
8.54	1.5854835510253906e-05
8.55	1.5437602996826172e-05
8.56	1.531839370727539e-05
8.57	1.5020370483398438e-05
8.58	1.4841556549072266e-05
8.59	1.4603137969970703e-05
8.6	1.4424324035644531e-05
8.61	1.4066696166992188e-05
8.62	1.3649463653564453e-05
8.63	1.3172626495361328e-05
8.64	1.2993812561035156e-05
8.65	1.2814998626708984e-05
8.66	1.245737075805664e-05
8.67	1.2218952178955078e-05
8.68	1.2040138244628906e-05
8.69	1.1980533599853516e-05
8.7	1.1742115020751953e-05
8.71	1.150369644165039e-05
8.72	1.1146068572998047e-05
8.73	1.0848045349121094e-05
8.74	1.043081283569336e-05
8.75	1.0251998901367188e-05
8.76	1.0013580322265625e-05
8.77	9.834766387939453e-06
8.78	9.715557098388672e-06
8.79	9.5367431640625e-06
8.8	9.417533874511719e-06
8.81	9.059906005859375e-06
8.82	8.821487426757812e-06
8.83	8.64267349243164e-06
8.84	8.344650268554688e-06
8.85	7.987022399902344e-06
8.86	7.867813110351562e-06
8.87	7.748603820800781e-06
8.88	7.748603820800781e-06
8.89	7.569789886474609e-06
8.9	7.510185241699219e-06
8.91	7.331371307373047e-06
8.92	7.033348083496094e-06
8.93	6.794929504394531e-06
8.94	6.616115570068359e-06
8.95	6.496906280517578e-06
8.96	6.258487701416016e-06
8.97	6.258487701416016e-06
8.98	6.198883056640625e-06
8.99	6.198883056640625e-06
9.0	6.079673767089844e-06
9.01	5.900859832763672e-06
9.02	5.662441253662109e-06
9.03	5.4836273193359375e-06
9.04	5.245208740234375e-06
9.05	5.185604095458984e-06
9.06	5.125999450683594e-06
9.07	5.125999450683594e-06
9.08	5.0067901611328125e-06
9.09	4.827976226806641e-06
9.1	4.708766937255859e-06
9.11	4.649162292480469e-06
9.12	4.589557647705078e-06
9.13	4.351139068603516e-06
9.14	4.231929779052734e-06
9.15	4.112720489501953e-06
9.16	4.0531158447265625e-06
9.17	3.993511199951172e-06
9.18	3.993511199951172e-06
9.19	3.933906555175781e-06
9.2	3.814697265625e-06
9.21	3.5762786865234375e-06
9.22	3.4570693969726562e-06
9.23	3.2782554626464844e-06
9.24	3.2186508178710938e-06
9.25	3.2186508178710938e-06
9.26	3.159046173095703e-06
9.27	3.0994415283203125e-06
9.28	2.9802322387695312e-06
9.29	2.9206275939941406e-06
9.3	2.7418136596679688e-06
9.31	2.682209014892578e-06
9.32	2.562999725341797e-06
9.33	2.562999725341797e-06
9.34	2.5033950805664062e-06
9.35	2.4437904357910156e-06
9.36	2.384185791015625e-06
9.37	2.384185791015625e-06
9.38	2.2649765014648438e-06
9.39	2.205371856689453e-06
9.4	2.1457672119140625e-06
9.41	2.0265579223632812e-06
9.42	1.9669532775878906e-06
9.43	1.9073486328125e-06
9.44	1.8477439880371094e-06
9.45	1.8477439880371094e-06
9.46	1.8477439880371094e-06
9.47	1.8477439880371094e-06
9.48	1.7881393432617188e-06
9.49	1.6093254089355469e-06
9.5	1.6093254089355469e-06
9.51	1.5497207641601562e-06
9.52	1.430511474609375e-06
9.53	1.430511474609375e-06
9.54	1.3709068298339844e-06
9.55	1.3113021850585938e-06
9.56	1.3113021850585938e-06
9.57	1.2516975402832031e-06
9.58	1.2516975402832031e-06
9.59	1.2516975402832031e-06
9.6	1.1324882507324219e-06
9.61	1.0728836059570312e-06
9.62	9.5367431640625e-07
9.63	8.940696716308594e-07
9.64	8.940696716308594e-07
9.65	8.940696716308594e-07
9.66	8.940696716308594e-07
9.67	8.940696716308594e-07
9.68	8.344650268554688e-07
9.69	7.748603820800781e-07
9.7	7.748603820800781e-07
9.71	7.152557373046875e-07
9.72	7.152557373046875e-07
9.73	6.556510925292969e-07
9.74	5.960464477539062e-07
9.75	5.960464477539062e-07
9.76	5.960464477539062e-07
9.77	5.960464477539062e-07
9.78	5.960464477539062e-07
9.79	5.960464477539062e-07
9.8	5.960464477539062e-07
9.81	5.364418029785156e-07
9.82	4.76837158203125e-07
9.83	4.76837158203125e-07
9.84	4.76837158203125e-07
9.85	4.76837158203125e-07
9.86	4.76837158203125e-07
9.87	4.76837158203125e-07
9.88	4.76837158203125e-07
9.89	4.76837158203125e-07
9.9	4.172325134277344e-07
9.91	4.172325134277344e-07
9.92	4.172325134277344e-07
9.93	4.172325134277344e-07
9.94	4.172325134277344e-07
9.95	4.172325134277344e-07
9.96	4.172325134277344e-07
9.97	4.172325134277344e-07
9.98	3.5762786865234375e-07
9.99	3.5762786865234375e-07
10.0	3.5762786865234375e-07
10.01	2.980232238769531e-07
10.02	2.980232238769531e-07
10.03	2.980232238769531e-07
10.04	2.980232238769531e-07
10.05	2.980232238769531e-07
10.06	2.980232238769531e-07
10.07	2.980232238769531e-07
10.08	2.980232238769531e-07
10.09	1.7881393432617188e-07
10.1	1.7881393432617188e-07
10.11	1.7881393432617188e-07
10.12	1.7881393432617188e-07
10.13	1.7881393432617188e-07
10.14	1.7881393432617188e-07
10.15	1.7881393432617188e-07
10.16	1.7881393432617188e-07
10.17	1.1920928955078125e-07
10.18	1.1920928955078125e-07
10.19	1.1920928955078125e-07
10.2	5.960464477539063e-08
10.21	5.960464477539063e-08
10.22	5.960464477539063e-08
10.23	5.960464477539063e-08
10.24	5.960464477539063e-08
10.25	5.960464477539063e-08
10.26	5.960464477539063e-08
10.27	5.960464477539063e-08
10.28	0.0
