3.99	0.0005002021789550781
4.0	0.0004982948303222656
4.01	0.0004944801330566406
4.02	0.0004923343658447266
4.03	0.0004892349243164062
4.04	0.0004878044128417969
4.05	0.00048470497131347656
4.06	0.0004832744598388672
4.07	0.0004799365997314453
4.08	0.0004780292510986328
4.09	0.0004756450653076172
4.1	0.00047278404235839844
4.11	0.000469207763671875
4.12	0.00046563148498535156
4.13	0.0004634857177734375
4.14	0.0004608631134033203
4.15	0.00045800209045410156
4.16	0.00045680999755859375
4.17	0.000453948974609375
4.18	0.0004506111145019531
4.19	0.0004467964172363281
4.2	0.00044417381286621094
4.21	0.0004420280456542969
4.22	0.0004394054412841797
4.23	0.0004367828369140625
4.24	0.0004336833953857422
4.25	0.00043082237243652344
4.26	0.0004284381866455078
4.27	0.0004260540008544922
4.28	0.000423431396484375
4.29	0.0004200935363769531
4.3	0.00041937828063964844
4.31	0.0004162788391113281
4.32	0.0004134178161621094
4.33	0.00041103363037109375
4.34	0.0004076957702636719
4.35	0.00040650367736816406
4.36	0.0004050731658935547
4.37	0.0004024505615234375
4.38	0.0004017353057861328
4.39	0.0004000663757324219
4.4	0.00039768218994140625
4.41	0.0003948211669921875
4.42	0.0003924369812011719
4.43	0.0003910064697265625
4.44	0.00038933753967285156
4.45	0.0003871917724609375
4.46	0.0003845691680908203
4.47	0.00038313865661621094
4.48	0.0003814697265625
4.49	0.0003783702850341797
4.5	0.00037670135498046875
4.51	0.00037360191345214844
4.52	0.0003724098205566406
4.53	0.0003705024719238281
4.54	0.00036787986755371094
4.55	0.00036525726318359375
4.56	0.00036215782165527344
4.57	0.0003597736358642578
4.58	0.0003581047058105469
4.59	0.0003561973571777344
4.6	0.00035452842712402344
4.61	0.0003523826599121094
4.62	0.0003497600555419922
4.63	0.00034737586975097656
4.64	0.0003466606140136719
4.65	0.00034499168395996094
4.66	0.0003426074981689453
4.67	0.00034046173095703125
4.68	0.0003380775451660156
4.69	0.0003368854522705078
4.7	0.00033545494079589844
4.71	0.00033402442932128906
4.72	0.000331878662109375
4.73	0.00033092498779296875
4.74	0.0003285408020019531
4.75	0.0003275871276855469
4.76	0.0003261566162109375
4.77	0.00032448768615722656
4.78	0.0003230571746826172
4.79	0.0003223419189453125
4.8	0.0003204345703125
4.81	0.0003199577331542969
4.82	0.00031828880310058594
4.83	0.0003161430358886719
4.84	0.00031447410583496094
4.85	0.0003123283386230469
4.86	0.0003120899200439453
4.87	0.00031065940856933594
4.88	0.00030994415283203125
4.89	0.00030875205993652344
4.9	0.0003077983856201172
4.91	0.0003063678741455078
4.92	0.0003039836883544922
4.93	0.0003027915954589844
4.94	0.0003006458282470703
4.95	0.00029969215393066406
4.96	0.00029850006103515625
4.97	0.00029754638671875
4.98	0.0002956390380859375
4.99	0.0002942085266113281
5.0	0.00029206275939941406
5.01	0.0002906322479248047
5.02	0.0002892017364501953
5.03	0.0002887248992919922
5.04	0.000286102294921875
5.05	0.0002846717834472656
5.06	0.00028252601623535156
5.07	0.00028061866760253906
5.08	0.0002791881561279297
5.09	0.0002772808074951172
5.1	0.0002760887145996094
5.11	0.00027441978454589844
5.12	0.0002732276916503906
5.13	0.00027179718017578125
5.14	0.0002703666687011719
5.15	0.0002684593200683594
5.16	0.00026702880859375
5.17	0.0002651214599609375
5.18	0.00026416778564453125
5.19	0.000263214111328125
5.2	0.0002624988555908203
5.21	0.00026154518127441406
5.22	0.00026035308837890625
5.23	0.0002589225769042969
5.24	0.00025773048400878906
5.25	0.00025582313537597656
5.26	0.00025463104248046875
5.27	0.00025343894958496094
5.28	0.00025200843811035156
5.29	0.00025153160095214844
5.3	0.00025010108947753906
5.31	0.0002486705780029297
5.32	0.0002472400665283203
5.33	0.0002455711364746094
5.34	0.000244140625
5.35	0.00024247169494628906
5.36	0.00024080276489257812
5.37	0.00024008750915527344
5.38	0.0002391338348388672
5.39	0.00023698806762695312
5.4	0.0002353191375732422
5.41	0.0002334117889404297
5.42	0.0002319812774658203
5.43	0.00023102760314941406
5.44	0.00022983551025390625
5.45	0.00022912025451660156
5.46	0.0002281665802001953
5.47	0.0002262592315673828
5.48	0.000225067138671875
5.49	0.0002231597900390625
5.5	0.0002219676971435547
5.51	0.0002205371856689453
5.52	0.00021982192993164062
5.53	0.0002193450927734375
5.54	0.0002181529998779297
5.55	0.00021696090698242188
5.56	0.0002148151397705078
5.57	0.00021338462829589844
5.58	0.00021195411682128906
5.59	0.00021123886108398438
5.6	0.00021004676818847656
5.61	0.000209808349609375
5.62	0.00020837783813476562
5.63	0.00020694732666015625
5.64	0.00020599365234375
5.65	0.0002040863037109375
5.66	0.00020313262939453125
5.67	0.00020194053649902344
5.68	0.0002014636993408203
5.69	0.0002014636993408203
5.7	0.0002009868621826172
5.71	0.00019979476928710938
5.72	0.00019860267639160156
5.73	0.0001971721649169922
5.74	0.00019621849060058594
5.75	0.00019598007202148438
5.76	0.0001952648162841797
5.77	0.000194549560546875
5.78	0.0001933574676513672
5.79	0.00019216537475585938
5.8	0.00019121170043945312
5.81	0.0001900196075439453
5.82	0.00018858909606933594
5.83	0.00018787384033203125
5.84	0.00018644332885742188
5.85	0.00018596649169921875
5.86	0.00018548965454101562
5.87	0.00018405914306640625
5.88	0.00018310546875
5.89	0.00018167495727539062
5.9	0.00018095970153808594
5.91	0.00017976760864257812
5.92	0.0001785755157470703
5.93	0.00017786026000976562
5.94	0.00017714500427246094
5.95	0.0001761913299560547
5.96	0.00017523765563964844
5.97	0.0001742839813232422
5.98	0.0001728534698486328
5.99	0.00017142295837402344
6.0	0.00017023086547851562
6.01	0.00016999244689941406
6.02	0.00016951560974121094
6.03	0.00016880035400390625
6.04	0.00016808509826660156
6.05	0.00016641616821289062
6.06	0.0001652240753173828
6.07	0.000164031982421875
6.08	0.0001628398895263672
6.09	0.0001621246337890625
6.1	0.00016164779663085938
6.11	0.0001609325408935547
6.12	0.00015997886657714844
6.13	0.0001583099365234375
6.14	0.00015664100646972656
6.15	0.0001556873321533203
6.16	0.00015425682067871094
6.17	0.0001537799835205078
6.18	0.00015306472778320312
6.19	0.00015282630920410156
6.2	0.00015163421630859375
6.21	0.00015091896057128906
6.22	0.00014925003051757812
6.23	0.0001475811004638672
6.24	0.0001461505889892578
6.25	0.00014591217041015625
6.26	0.0001456737518310547
6.27	0.00014495849609375
6.28	0.00014400482177734375
6.29	0.00014257431030273438
6.3	0.00014138221740722656
6.31	0.0001399517059326172
6.32	0.00013875961303710938
6.33	0.0001385211944580078
6.34	0.00013780593872070312
6.35	0.00013685226440429688
6.36	0.00013589859008789062
6.37	0.00013494491577148438
6.38	0.0001327991485595703
6.39	0.00013184547424316406
6.4	0.0001304149627685547
6.41	0.00012946128845214844
6.42	0.00012874603271484375
6.43	0.00012803077697753906
6.44	0.00012731552124023438
6.45	0.000125885009765625
6.46	0.0001246929168701172
6.47	0.00012373924255371094
6.48	0.0001227855682373047
6.49	0.00012254714965820312
6.5	0.00012159347534179688
6.51	0.00012135505676269531
6.52	0.00012111663818359375
6.53	0.0001201629638671875
6.54	0.00011897087097167969
6.55	0.00011849403381347656
6.56	0.00011754035949707031
6.57	0.00011682510375976562
6.58	0.00011610984802246094
6.59	0.00011563301086425781
6.6	0.00011491775512695312
6.61	0.00011396408081054688
6.62	0.00011301040649414062
6.63	0.00011157989501953125
6.64	0.00011086463928222656
6.65	0.00010967254638671875
6.66	0.00010943412780761719
6.67	0.0001087188720703125
6.68	0.00010848045349121094
6.69	0.00010752677917480469
6.7	0.00010657310485839844
6.71	0.00010538101196289062
6.72	0.00010395050048828125
6.73	0.00010347366333007812
6.74	0.00010323524475097656
6.75	0.000102996826171875
6.76	0.00010275840759277344
6.77	0.00010228157043457031
6.78	0.00010085105895996094
6.79	9.965896606445312e-05
6.8	9.846687316894531e-05
6.81	9.799003601074219e-05
6.82	9.799003601074219e-05
6.83	9.72747802734375e-05
6.84	9.703636169433594e-05
6.85	9.608268737792969e-05
6.86	9.512901306152344e-05
6.87	9.417533874511719e-05
6.88	9.274482727050781e-05
6.89	9.226799011230469e-05
6.9	9.179115295410156e-05
6.91	9.107589721679688e-05
6.92	9.083747863769531e-05
6.93	9.083747863769531e-05
6.94	8.96453857421875e-05
6.95	8.893013000488281e-05
6.96	8.797645568847656e-05
6.97	8.749961853027344e-05
6.98	8.726119995117188e-05
6.99	8.654594421386719e-05
7.0	8.606910705566406e-05
7.01	8.58306884765625e-05
7.02	8.511543273925781e-05
7.03	8.440017700195312e-05
7.04	8.296966552734375e-05
7.05	8.249282836914062e-05
7.06	8.153915405273438e-05
7.07	8.130073547363281e-05
7.08	8.058547973632812e-05
7.09	8.0108642578125e-05
7.1	7.891654968261719e-05
7.11	7.867813110351562e-05
7.12	7.772445678710938e-05
7.13	7.677078247070312e-05
7.14	7.605552673339844e-05
7.15	7.557868957519531e-05
7.16	7.462501525878906e-05
7.17	7.43865966796875e-05
7.18	7.319450378417969e-05
7.19	7.319450378417969e-05
7.2	7.200241088867188e-05
7.21	7.033348083496094e-05
7.22	6.985664367675781e-05
7.23	6.914138793945312e-05
7.24	6.914138793945312e-05
7.25	6.866455078125e-05
7.26	6.818771362304688e-05
7.27	6.747245788574219e-05
7.28	6.699562072753906e-05
7.29	6.628036499023438e-05
7.3	6.508827209472656e-05
7.31	6.461143493652344e-05
7.32	6.461143493652344e-05
7.33	6.437301635742188e-05
7.34	6.413459777832031e-05
7.35	6.365776062011719e-05
7.36	6.365776062011719e-05
7.37	6.29425048828125e-05
7.38	6.246566772460938e-05
7.39	6.198883056640625e-05
7.4	6.127357482910156e-05
7.41	6.079673767089844e-05
7.42	6.079673767089844e-05
7.43	5.984306335449219e-05
7.44	5.936622619628906e-05
7.45	5.841255187988281e-05
7.46	5.817413330078125e-05
7.47	5.7697296142578125e-05
7.48	5.745887756347656e-05
7.49	5.7220458984375e-05
7.5	5.698204040527344e-05
7.51	5.650520324707031e-05
7.52	5.5789947509765625e-05
7.53	5.507469177246094e-05
7.54	5.507469177246094e-05
7.55	5.4836273193359375e-05
7.56	5.4836273193359375e-05
7.57	5.459785461425781e-05
7.58	5.459785461425781e-05
7.59	5.3882598876953125e-05
7.6	5.316734313964844e-05
7.61	5.269050598144531e-05
7.62	5.245208740234375e-05
7.63	5.173683166503906e-05
7.64	5.173683166503906e-05
7.65	5.14984130859375e-05
7.66	5.14984130859375e-05
7.67	5.125999450683594e-05
7.68	5.078315734863281e-05
7.69	5.054473876953125e-05
7.7	4.982948303222656e-05
7.71	4.9591064453125e-05
7.72	4.935264587402344e-05
7.73	4.935264587402344e-05
7.74	4.935264587402344e-05
7.75	4.935264587402344e-05
7.76	4.9114227294921875e-05
7.77	4.863739013671875e-05
7.78	4.863739013671875e-05
7.79	4.863739013671875e-05
7.8	4.839897155761719e-05
7.81	4.839897155761719e-05
7.82	4.8160552978515625e-05
7.83	4.792213439941406e-05
7.84	4.76837158203125e-05
7.85	4.744529724121094e-05
7.86	4.696846008300781e-05
7.87	4.673004150390625e-05
7.88	4.649162292480469e-05
7.89	4.6253204345703125e-05
7.9	4.601478576660156e-05
7.91	4.57763671875e-05
7.92	4.57763671875e-05
7.93	4.5299530029296875e-05
7.94	4.4345855712890625e-05
7.95	4.410743713378906e-05
7.96	4.38690185546875e-05
7.97	4.38690185546875e-05
7.98	4.3392181396484375e-05
7.99	4.3392181396484375e-05
8.0	4.267692565917969e-05
8.01	4.2438507080078125e-05
8.02	4.2438507080078125e-05
8.03	4.172325134277344e-05
8.04	4.172325134277344e-05
8.05	4.1484832763671875e-05
8.06	4.1484832763671875e-05
8.07	4.1484832763671875e-05
8.08	4.124641418457031e-05
8.09	4.124641418457031e-05
8.1	4.124641418457031e-05
8.11	4.076957702636719e-05
8.12	4.029273986816406e-05
8.13	4.029273986816406e-05
8.14	4.029273986816406e-05
8.15	4.00543212890625e-05
8.16	4.00543212890625e-05
8.17	4.00543212890625e-05
8.18	3.981590270996094e-05
8.19	3.9577484130859375e-05
8.2	3.886222839355469e-05
8.21	3.886222839355469e-05
8.22	3.886222839355469e-05
8.23	3.8623809814453125e-05
8.24	3.8623809814453125e-05
8.25	3.790855407714844e-05
8.26	3.790855407714844e-05
8.27	3.7670135498046875e-05
8.28	3.743171691894531e-05
8.29	3.719329833984375e-05
8.3	3.695487976074219e-05
8.31	3.695487976074219e-05
8.32	3.647804260253906e-05
8.33	3.647804260253906e-05
8.34	3.62396240234375e-05
8.35	3.600120544433594e-05
8.36	3.5762786865234375e-05
8.37	3.552436828613281e-05
8.38	3.552436828613281e-05
8.39	3.552436828613281e-05
8.4	3.528594970703125e-05
8.41	3.528594970703125e-05
8.42	3.504753112792969e-05
8.43	3.4332275390625e-05
8.44	3.4332275390625e-05
8.45	3.4332275390625e-05
8.46	3.4332275390625e-05
8.47	3.4332275390625e-05
8.48	3.4332275390625e-05
8.49	3.409385681152344e-05
8.5	3.3855438232421875e-05
8.51	3.3855438232421875e-05
8.52	3.3855438232421875e-05
8.53	3.3855438232421875e-05
8.54	3.3855438232421875e-05
8.55	3.3855438232421875e-05
8.56	3.3855438232421875e-05
8.57	3.3855438232421875e-05
8.58	3.3855438232421875e-05
8.59	3.3855438232421875e-05
8.6	3.3855438232421875e-05
8.61	3.3855438232421875e-05
8.62	3.3855438232421875e-05
8.63	3.3855438232421875e-05
8.64	3.3855438232421875e-05
8.65	3.3855438232421875e-05
8.66	3.3855438232421875e-05
8.67	3.337860107421875e-05
8.68	3.314018249511719e-05
8.69	3.314018249511719e-05
8.7	3.314018249511719e-05
8.71	3.314018249511719e-05
8.72	3.314018249511719e-05
8.73	3.314018249511719e-05
8.74	3.266334533691406e-05
8.75	3.24249267578125e-05
8.76	3.1948089599609375e-05
8.77	3.1948089599609375e-05
8.78	3.170967102050781e-05
8.79	3.170967102050781e-05
8.8	3.170967102050781e-05
8.81	3.170967102050781e-05
8.82	3.170967102050781e-05
8.83	3.123283386230469e-05
8.84	3.0994415283203125e-05
8.85	3.0994415283203125e-05
8.86	3.0994415283203125e-05
8.87	3.0994415283203125e-05
8.88	3.0994415283203125e-05
8.89	3.075599670410156e-05
8.9	3.0279159545898438e-05
8.91	3.0279159545898438e-05
8.92	2.9802322387695312e-05
8.93	2.956390380859375e-05
8.94	2.956390380859375e-05
8.95	2.956390380859375e-05
8.96	2.9325485229492188e-05
8.97	2.9325485229492188e-05
8.98	2.86102294921875e-05
8.99	2.8371810913085938e-05
9.0	2.7894973754882812e-05
9.01	2.7894973754882812e-05
9.02	2.7894973754882812e-05
9.03	2.7894973754882812e-05
9.04	2.7894973754882812e-05
9.05	2.7418136596679688e-05
9.06	2.7418136596679688e-05
9.07	2.7179718017578125e-05
9.08	2.7179718017578125e-05
9.09	2.7179718017578125e-05
9.1	2.6941299438476562e-05
9.11	2.6941299438476562e-05
9.12	2.6941299438476562e-05
9.13	2.6941299438476562e-05
9.14	2.6702880859375e-05
9.15	2.6702880859375e-05
9.16	2.6464462280273438e-05
9.17	2.5987625122070312e-05
9.18	2.5987625122070312e-05
9.19	2.574920654296875e-05
9.2	2.5510787963867188e-05
9.21	2.5510787963867188e-05
9.22	2.5033950805664062e-05
9.23	2.4557113647460938e-05
9.24	2.4318695068359375e-05
9.25	2.4080276489257812e-05
9.26	2.3603439331054688e-05
9.27	2.3603439331054688e-05
9.28	2.3603439331054688e-05
9.29	2.3365020751953125e-05
9.3	2.3365020751953125e-05
9.31	2.3365020751953125e-05
9.32	2.3126602172851562e-05
9.33	2.288818359375e-05
9.34	2.2649765014648438e-05
9.35	2.2411346435546875e-05
9.36	2.2411346435546875e-05
9.37	2.2411346435546875e-05
9.38	2.2411346435546875e-05
9.39	2.193450927734375e-05
9.4	2.1696090698242188e-05
9.41	2.1457672119140625e-05
9.42	2.1219253540039062e-05
9.43	2.1219253540039062e-05
9.44	2.1219253540039062e-05
9.45	2.09808349609375e-05
9.46	2.0742416381835938e-05
9.47	2.0742416381835938e-05
9.48	2.0265579223632812e-05
9.49	2.002716064453125e-05
9.5	2.002716064453125e-05
9.51	2.002716064453125e-05
9.52	2.002716064453125e-05
9.53	1.9788742065429688e-05
9.54	1.9550323486328125e-05
9.55	1.9550323486328125e-05
9.56	1.9073486328125e-05
9.57	1.9073486328125e-05
9.58	1.9073486328125e-05
9.59	1.9073486328125e-05
9.6	1.9073486328125e-05
9.61	1.9073486328125e-05
9.62	1.9073486328125e-05
9.63	1.8835067749023438e-05
9.64	1.8835067749023438e-05
9.65	1.8596649169921875e-05
9.66	1.8358230590820312e-05
9.67	1.811981201171875e-05
9.68	1.811981201171875e-05
9.69	1.811981201171875e-05
9.7	1.7881393432617188e-05
9.71	1.7642974853515625e-05
9.72	1.71661376953125e-05
9.73	1.6927719116210938e-05
9.74	1.6689300537109375e-05
9.75	1.6450881958007812e-05
9.76	1.621246337890625e-05
9.77	1.621246337890625e-05
9.78	1.5735626220703125e-05
9.79	1.5497207641601562e-05
9.8	1.52587890625e-05
9.81	1.5020370483398438e-05
9.82	1.430511474609375e-05
9.83	1.4066696166992188e-05
9.84	1.4066696166992188e-05
9.85	1.3828277587890625e-05
9.86	1.3828277587890625e-05
9.87	1.3589859008789062e-05
9.88	1.3589859008789062e-05
9.89	1.33514404296875e-05
9.9	1.3113021850585938e-05
9.91	1.2874603271484375e-05
9.92	1.2874603271484375e-05
9.93	1.2874603271484375e-05
9.94	1.2874603271484375e-05
9.95	1.2874603271484375e-05
9.96	1.239776611328125e-05
9.97	1.2159347534179688e-05
9.98	1.2159347534179688e-05
9.99	1.1682510375976562e-05
10.0	1.1682510375976562e-05
10.01	1.1682510375976562e-05
10.02	1.1444091796875e-05
10.03	1.1444091796875e-05
10.04	1.1444091796875e-05
10.05	1.0967254638671875e-05
10.06	1.049041748046875e-05
10.07	1.0251998901367188e-05
10.08	1.0251998901367188e-05
10.09	1.0251998901367188e-05
10.1	1.0251998901367188e-05
10.11	1.0251998901367188e-05
10.12	1.0251998901367188e-05
10.13	1.0013580322265625e-05
10.14	9.775161743164062e-06
10.15	9.298324584960938e-06
10.16	9.298324584960938e-06
10.17	9.298324584960938e-06
10.18	9.298324584960938e-06
10.19	9.059906005859375e-06
10.2	9.059906005859375e-06
10.21	8.344650268554688e-06
10.22	8.106231689453125e-06
10.23	8.106231689453125e-06
10.24	7.867813110351562e-06
10.25	7.62939453125e-06
10.26	7.62939453125e-06
10.27	7.3909759521484375e-06
10.28	7.152557373046875e-06
10.29	6.9141387939453125e-06
10.3	6.9141387939453125e-06
10.31	6.67572021484375e-06
10.32	6.67572021484375e-06
10.33	6.4373016357421875e-06
10.34	6.4373016357421875e-06
10.35	6.4373016357421875e-06
10.36	6.198883056640625e-06
10.37	6.198883056640625e-06
10.38	5.9604644775390625e-06
10.39	5.9604644775390625e-06
10.4	5.9604644775390625e-06
10.41	5.9604644775390625e-06
10.42	5.9604644775390625e-06
10.43	5.9604644775390625e-06
10.44	5.9604644775390625e-06
10.45	5.9604644775390625e-06
10.46	5.9604644775390625e-06
10.47	5.9604644775390625e-06
10.48	5.7220458984375e-06
10.49	5.7220458984375e-06
10.5	5.7220458984375e-06
10.51	5.7220458984375e-06
10.52	5.4836273193359375e-06
10.53	5.4836273193359375e-06
10.54	5.4836273193359375e-06
10.55	5.245208740234375e-06
10.56	5.245208740234375e-06
10.57	5.245208740234375e-06
10.58	5.0067901611328125e-06
10.59	5.0067901611328125e-06
10.6	5.0067901611328125e-06
10.61	4.76837158203125e-06
10.62	4.5299530029296875e-06
10.63	4.291534423828125e-06
10.64	4.0531158447265625e-06
10.65	4.0531158447265625e-06
10.66	4.0531158447265625e-06
10.67	4.0531158447265625e-06
10.68	4.0531158447265625e-06
10.69	4.0531158447265625e-06
10.7	3.5762786865234375e-06
10.71	3.5762786865234375e-06
10.72	3.337860107421875e-06
10.73	3.337860107421875e-06
10.74	3.0994415283203125e-06
10.75	3.0994415283203125e-06
10.76	3.0994415283203125e-06
10.77	3.0994415283203125e-06
10.78	3.0994415283203125e-06
10.79	2.86102294921875e-06
10.8	2.86102294921875e-06
10.81	2.6226043701171875e-06
10.82	2.6226043701171875e-06
10.83	2.6226043701171875e-06
10.84	2.6226043701171875e-06
10.85	2.6226043701171875e-06
10.86	2.6226043701171875e-06
10.87	2.384185791015625e-06
10.88	2.384185791015625e-06
10.89	2.384185791015625e-06
10.9	2.384185791015625e-06
10.91	2.384185791015625e-06
10.92	2.384185791015625e-06
10.93	2.384185791015625e-06
10.94	2.384185791015625e-06
10.95	2.1457672119140625e-06
10.96	2.1457672119140625e-06
10.97	2.1457672119140625e-06
10.98	2.1457672119140625e-06
10.99	2.1457672119140625e-06
11.0	2.1457672119140625e-06
11.01	1.9073486328125e-06
11.02	1.9073486328125e-06
11.03	1.9073486328125e-06
11.04	1.6689300537109375e-06
11.05	1.430511474609375e-06
11.06	1.1920928955078125e-06
11.07	1.1920928955078125e-06
11.08	1.1920928955078125e-06
11.09	1.1920928955078125e-06
11.1	1.1920928955078125e-06
11.11	9.5367431640625e-07
11.12	7.152557373046875e-07
11.13	7.152557373046875e-07
11.14	7.152557373046875e-07
11.15	7.152557373046875e-07
11.16	7.152557373046875e-07
11.17	7.152557373046875e-07
11.18	7.152557373046875e-07
11.19	7.152557373046875e-07
11.2	7.152557373046875e-07
11.21	7.152557373046875e-07
11.22	7.152557373046875e-07
11.23	7.152557373046875e-07
11.24	7.152557373046875e-07
11.25	7.152557373046875e-07
11.26	7.152557373046875e-07
11.27	7.152557373046875e-07
11.28	7.152557373046875e-07
11.29	7.152557373046875e-07
11.3	7.152557373046875e-07
11.31	7.152557373046875e-07
11.32	7.152557373046875e-07
11.33	7.152557373046875e-07
11.34	7.152557373046875e-07
11.35	7.152557373046875e-07
11.36	7.152557373046875e-07
11.37	7.152557373046875e-07
11.38	7.152557373046875e-07
11.39	7.152557373046875e-07
11.4	7.152557373046875e-07
11.41	7.152557373046875e-07
11.42	7.152557373046875e-07
11.43	4.76837158203125e-07
11.44	4.76837158203125e-07
11.45	4.76837158203125e-07
11.46	4.76837158203125e-07
11.47	4.76837158203125e-07
11.48	4.76837158203125e-07
11.49	4.76837158203125e-07
11.5	4.76837158203125e-07
11.51	4.76837158203125e-07
11.52	4.76837158203125e-07
11.53	4.76837158203125e-07
11.54	2.384185791015625e-07
11.55	2.384185791015625e-07
11.56	2.384185791015625e-07
11.57	2.384185791015625e-07
11.58	2.384185791015625e-07
11.59	2.384185791015625e-07
11.6	2.384185791015625e-07
11.61	2.384185791015625e-07
11.62	2.384185791015625e-07
11.63	2.384185791015625e-07
11.64	2.384185791015625e-07
11.65	2.384185791015625e-07
11.66	2.384185791015625e-07
11.67	2.384185791015625e-07
11.68	2.384185791015625e-07
11.69	2.384185791015625e-07
11.7	2.384185791015625e-07
11.71	2.384185791015625e-07
11.72	2.384185791015625e-07
11.73	2.384185791015625e-07
11.74	2.384185791015625e-07
11.75	2.384185791015625e-07
11.76	2.384185791015625e-07
11.77	2.384185791015625e-07
11.78	2.384185791015625e-07
11.79	2.384185791015625e-07
11.8	2.384185791015625e-07
11.81	2.384185791015625e-07
11.82	2.384185791015625e-07
11.83	2.384185791015625e-07
11.84	2.384185791015625e-07
11.85	2.384185791015625e-07
11.86	0.0
