5.11	0.000501096248626709
5.12	0.0004981756210327148
5.13	0.0004949569702148438
5.14	0.0004914999008178711
5.15	0.0004883408546447754
5.16	0.0004845261573791504
5.17	0.00048160552978515625
5.18	0.00047767162322998047
5.19	0.00047403573989868164
5.2	0.0004710555076599121
5.21	0.0004677772521972656
5.22	0.0004646182060241699
5.23	0.0004616975784301758
5.24	0.00045865774154663086
5.25	0.0004559755325317383
5.26	0.0004526376724243164
5.27	0.00044989585876464844
5.28	0.00044733285903930664
5.29	0.0004444718360900879
5.3	0.00044161081314086914
5.31	0.00043952465057373047
5.32	0.00043702125549316406
5.33	0.00043469667434692383
5.34	0.0004330873489379883
5.35	0.0004311800003051758
5.36	0.00042939186096191406
5.37	0.00042629241943359375
5.38	0.0004241466522216797
5.39	0.0004216432571411133
5.4	0.0004190206527709961
5.41	0.0004164576530456543
5.42	0.00041413307189941406
5.43	0.0004119277000427246
5.44	0.00040918588638305664
5.45	0.0004070401191711426
5.46	0.00040471553802490234
5.47	0.00040215253829956055
5.48	0.00039952993392944336
5.49	0.0003962516784667969
5.5	0.00039333105087280273
5.51	0.0003902912139892578
5.52	0.00038701295852661133
5.53	0.00038433074951171875
5.54	0.00038117170333862305
5.55	0.0003784298896789551
5.56	0.0003756880760192871
5.57	0.0003727078437805176
5.58	0.0003701448440551758
5.59	0.00036704540252685547
5.6	0.00036400556564331055
5.61	0.00036132335662841797
5.62	0.00035893917083740234
5.63	0.0003560185432434082
5.64	0.0003535747528076172
5.65	0.0003509521484375
5.66	0.0003483295440673828
5.67	0.0003459453582763672
5.68	0.00034350156784057617
5.69	0.00034165382385253906
5.7	0.00033921003341674805
5.71	0.0003369450569152832
5.72	0.0003352165222167969
5.73	0.00033342838287353516
5.74	0.00033158063888549805
5.75	0.00032895803451538086
5.76	0.0003268718719482422
5.77	0.00032454729080200195
5.78	0.0003217458724975586
5.79	0.0003198385238647461
5.8	0.0003177523612976074
5.81	0.00031620264053344727
5.82	0.0003140568733215332
5.83	0.0003123283386230469
5.84	0.00031054019927978516
5.85	0.0003085136413574219
5.86	0.00030666589736938477
5.87	0.00030475854873657227
5.88	0.0003032088279724121
5.89	0.0003007650375366211
5.9	0.000298917293548584
5.91	0.00029736757278442383
5.92	0.00029587745666503906
5.93	0.0002944469451904297
5.94	0.0002930164337158203
5.95	0.0002911090850830078
5.96	0.0002892613410949707
5.97	0.0002873539924621582
5.98	0.00028526782989501953
5.99	0.00028377771377563477
6.0	0.0002815723419189453
6.01	0.00027930736541748047
6.02	0.00027757883071899414
6.03	0.0002753138542175293
6.04	0.00027358531951904297
6.05	0.00027185678482055664
6.06	0.00026988983154296875
6.07	0.00026792287826538086
6.08	0.0002652406692504883
6.09	0.00026291608810424805
6.1	0.00026100873947143555
6.11	0.0002586841583251953
6.12	0.0002562999725341797
6.13	0.00025397539138793945
6.14	0.00025159120559692383
6.15	0.00024950504302978516
6.16	0.0002474188804626465
6.17	0.0002455711364746094
6.18	0.00024372339248657227
6.19	0.00024193525314331055
6.2	0.00023978948593139648
6.21	0.0002384185791015625
6.22	0.00023674964904785156
6.23	0.0002352595329284668
6.24	0.0002333521842956543
6.25	0.00023192167282104492
6.26	0.00023043155670166016
6.27	0.00022870302200317383
6.28	0.0002276897430419922
6.29	0.00022649765014648438
6.3	0.00022542476654052734
6.31	0.0002243518829345703
6.32	0.00022351741790771484
6.33	0.0002225041389465332
6.34	0.00022095441818237305
6.35	0.00021958351135253906
6.36	0.0002180933952331543
6.37	0.00021666288375854492
6.38	0.0002154707908630371
6.39	0.00021392107009887695
6.4	0.0002129077911376953
6.41	0.00021135807037353516
6.42	0.00021028518676757812
6.43	0.00020903348922729492
6.44	0.00020742416381835938
6.45	0.0002060532569885254
6.46	0.00020438432693481445
6.47	0.00020307302474975586
6.48	0.00020122528076171875
6.49	0.00019985437393188477
6.5	0.00019854307174682617
6.51	0.00019699335098266602
6.52	0.0001958012580871582
6.53	0.00019425153732299805
6.54	0.00019305944442749023
6.55	0.0001913905143737793
6.56	0.00018984079360961914
6.57	0.00018835067749023438
6.58	0.00018674135208129883
6.59	0.00018554925918579102
6.6	0.00018388032913208008
6.61	0.0001825094223022461
6.62	0.00018072128295898438
6.63	0.0001793503761291504
6.64	0.00017791986465454102
6.65	0.00017637014389038086
6.66	0.00017517805099487305
6.67	0.00017344951629638672
6.68	0.00017219781875610352
6.69	0.0001709461212158203
6.7	0.0001696944236755371
6.71	0.00016838312149047852
6.72	0.0001665949821472168
6.73	0.00016492605209350586
6.74	0.00016355514526367188
6.75	0.0001621842384338379
6.76	0.00016099214553833008
6.77	0.00015974044799804688
6.78	0.00015866756439208984
6.79	0.00015741586685180664
6.8	0.00015658140182495117
6.81	0.00015604496002197266
6.82	0.00015527009963989258
6.83	0.00015419721603393555
6.84	0.0001531839370727539
6.85	0.0001525282859802246
6.86	0.0001513361930847168
6.87	0.00015079975128173828
6.88	0.00014984607696533203
6.89	0.00014930963516235352
6.9	0.00014865398406982422
6.91	0.0001481771469116211
6.92	0.00014740228652954102
6.93	0.00014638900756835938
6.94	0.0001455545425415039
6.95	0.00014442205429077148
6.96	0.00014382600784301758
6.97	0.00014293193817138672
6.98	0.0001417994499206543
6.99	0.0001404881477355957
7.0	0.00013935565948486328
7.01	0.00013834238052368164
7.02	0.00013750791549682617
7.03	0.00013595819473266602
7.04	0.0001347661018371582
7.05	0.0001334547996520996
7.06	0.00013196468353271484
7.07	0.00013118982315063477
7.08	0.00012999773025512695
7.09	0.00012862682342529297
7.1	0.0001271367073059082
7.11	0.0001259446144104004
7.12	0.00012481212615966797
7.13	0.0001239180564880371
7.14	0.00012254714965820312
7.15	0.0001214742660522461
7.16	0.00012028217315673828
7.17	0.00011909008026123047
7.18	0.00011837482452392578
7.19	0.00011777877807617188
7.2	0.00011688470840454102
7.21	0.00011551380157470703
7.22	0.00011479854583740234
7.23	0.00011396408081054688
7.24	0.00011271238327026367
7.25	0.00011211633682250977
7.26	0.0001112222671508789
7.27	0.00011056661605834961
7.28	0.00010955333709716797
7.29	0.00010919570922851562
7.3	0.0001087188720703125
7.31	0.00010764598846435547
7.32	0.00010669231414794922
7.33	0.00010585784912109375
7.34	0.00010514259338378906
7.35	0.00010412931442260742
7.36	0.00010335445404052734
7.37	0.00010263919830322266
7.38	0.00010210275650024414
7.39	0.00010144710540771484
7.4	0.00010097026824951172
7.41	0.00010025501251220703
7.42	9.971857070922852e-05
7.43	9.888410568237305e-05
7.44	9.834766387939453e-05
7.45	9.78708267211914e-05
7.46	9.739398956298828e-05
7.47	9.655952453613281e-05
7.48	9.578466415405273e-05
7.49	9.5367431640625e-05
7.5	9.465217590332031e-05
7.51	9.393692016601562e-05
7.52	9.298324584960938e-05
7.53	9.244680404663086e-05
7.54	9.137392044067383e-05
7.55	9.08970832824707e-05
7.56	9.012222290039062e-05
7.57	8.922815322875977e-05
7.58	8.815526962280273e-05
7.59	8.696317672729492e-05
7.6	8.624792098999023e-05
7.61	8.535385131835938e-05
7.62	8.422136306762695e-05
7.63	8.302927017211914e-05
7.64	8.219480514526367e-05
7.65	8.100271224975586e-05
7.66	8.022785186767578e-05
7.67	7.939338684082031e-05
7.68	7.861852645874023e-05
7.69	7.724761962890625e-05
7.7	7.62939453125e-05
7.71	7.551908493041992e-05
7.72	7.480382919311523e-05
7.73	7.408857345581055e-05
7.74	7.343292236328125e-05
7.75	7.283687591552734e-05
7.76	7.224082946777344e-05
7.77	7.200241088867188e-05
7.78	7.164478302001953e-05
7.79	7.140636444091797e-05
7.8	7.05718994140625e-05
7.81	7.003545761108398e-05
7.82	6.973743438720703e-05
7.83	6.890296936035156e-05
7.84	6.878376007080078e-05
7.85	6.818771362304688e-05
7.86	6.788969039916992e-05
7.87	6.729364395141602e-05
7.88	6.711483001708984e-05
7.89	6.693601608276367e-05
7.9	6.645917892456055e-05
7.91	6.598234176635742e-05
7.92	6.538629531860352e-05
7.93	6.502866744995117e-05
7.94	6.431341171264648e-05
7.95	6.383657455444336e-05
7.96	6.312131881713867e-05
7.97	6.258487701416016e-05
7.98	6.210803985595703e-05
7.99	6.16908073425293e-05
8.0	6.097555160522461e-05
8.01	6.0439109802246094e-05
8.02	5.990266799926758e-05
8.03	5.9545040130615234e-05
8.04	5.900859832763672e-05
8.05	5.8710575103759766e-05
8.06	5.817413330078125e-05
8.07	5.728006362915039e-05
8.08	5.6803226470947266e-05
8.09	5.614757537841797e-05
8.1	5.5670738220214844e-05
8.11	5.46574592590332e-05
8.12	5.429983139038086e-05
8.13	5.340576171875e-05
8.14	5.3048133850097656e-05
8.15	5.257129669189453e-05
8.16	5.2094459533691406e-05
8.17	5.167722702026367e-05
8.18	5.060434341430664e-05
8.19	5.0067901611328125e-05
8.2	4.941225051879883e-05
8.21	4.869699478149414e-05
8.22	4.798173904418945e-05
8.23	4.750490188598633e-05
8.24	4.673004150390625e-05
8.25	4.6193599700927734e-05
8.26	4.553794860839844e-05
8.27	4.5299530029296875e-05
8.28	4.470348358154297e-05
8.29	4.404783248901367e-05
8.3	4.363059997558594e-05
8.31	4.32133674621582e-05
8.32	4.273653030395508e-05
8.33	4.2378902435302734e-05
8.34	4.214048385620117e-05
8.35	4.190206527709961e-05
8.36	4.178285598754883e-05
8.37	4.1604042053222656e-05
8.38	4.1544437408447266e-05
8.39	4.124641418457031e-05
8.4	4.094839096069336e-05
8.41	4.0650367736816406e-05
8.42	4.0411949157714844e-05
8.43	4.023313522338867e-05
8.44	3.9696693420410156e-05
8.45	3.9517879486083984e-05
8.46	3.927946090698242e-05
8.47	3.904104232788086e-05
8.48	3.8743019104003906e-05
8.49	3.832578659057617e-05
8.5	3.814697265625e-05
8.51	3.7610530853271484e-05
8.52	3.731250762939453e-05
8.53	3.707408905029297e-05
8.54	3.6776065826416016e-05
8.55	3.606081008911133e-05
8.56	3.546476364135742e-05
8.57	3.504753112792969e-05
8.58	3.451108932495117e-05
8.59	3.3915042877197266e-05
8.6	3.337860107421875e-05
8.61	3.30805778503418e-05
8.62	3.260374069213867e-05
8.63	3.218650817871094e-05
8.64	3.1948089599609375e-05
8.65	3.165006637573242e-05
8.66	3.11732292175293e-05
8.67	3.069639205932617e-05
8.68	3.039836883544922e-05
8.69	3.0040740966796875e-05
8.7	2.9265880584716797e-05
8.71	2.9087066650390625e-05
8.72	2.8789043426513672e-05
8.73	2.849102020263672e-05
8.74	2.8252601623535156e-05
8.75	2.8014183044433594e-05
8.76	2.7954578399658203e-05
8.77	2.7298927307128906e-05
8.78	2.7000904083251953e-05
8.79	2.676248550415039e-05
8.8	2.6285648345947266e-05
8.81	2.5987625122070312e-05
8.82	2.568960189819336e-05
8.83	2.5451183319091797e-05
8.84	2.5153160095214844e-05
8.85	2.485513687133789e-05
8.86	2.473592758178711e-05
8.87	2.467632293701172e-05
8.88	2.4318695068359375e-05
8.89	2.4020671844482422e-05
8.9	2.372264862060547e-05
8.91	2.3484230041503906e-05
8.92	2.3245811462402344e-05
8.93	2.3126602172851562e-05
8.94	2.300739288330078e-05
8.95	2.294778823852539e-05
8.96	2.282857894897461e-05
8.97	2.2709369659423828e-05
8.98	2.2709369659423828e-05
8.99	2.2649765014648438e-05
9.0	2.2351741790771484e-05
9.01	2.2172927856445312e-05
9.02	2.2113323211669922e-05
9.03	2.1636486053466797e-05
9.04	2.1398067474365234e-05
9.05	2.09808349609375e-05
9.06	2.086162567138672e-05
9.07	2.0444393157958984e-05
9.08	2.008676528930664e-05
9.09	1.990795135498047e-05
9.1	1.9609928131103516e-05
9.11	1.9252300262451172e-05
9.12	1.913309097290039e-05
9.13	1.895427703857422e-05
9.14	1.8596649169921875e-05
9.15	1.800060272216797e-05
9.16	1.7464160919189453e-05
9.17	1.71661376953125e-05
9.18	1.6510486602783203e-05
9.19	1.627206802368164e-05
9.2	1.5914440155029297e-05
9.21	1.5616416931152344e-05
9.22	1.5437602996826172e-05
9.23	1.52587890625e-05
9.24	1.5139579772949219e-05
9.25	1.5020370483398438e-05
9.26	1.4722347259521484e-05
9.27	1.4483928680419922e-05
9.28	1.430511474609375e-05
9.29	1.3828277587890625e-05
9.3	1.3828277587890625e-05
9.31	1.3828277587890625e-05
9.32	1.3649463653564453e-05
9.33	1.3470649719238281e-05
9.34	1.341104507446289e-05
9.35	1.341104507446289e-05
9.36	1.3172626495361328e-05
9.37	1.3172626495361328e-05
9.38	1.3053417205810547e-05
9.39	1.2874603271484375e-05
9.4	1.2636184692382812e-05
9.41	1.245737075805664e-05
9.42	1.245737075805664e-05
9.43	1.233816146850586e-05
9.44	1.2278556823730469e-05
9.45	1.2099742889404297e-05
9.46	1.2099742889404297e-05
9.47	1.2040138244628906e-05
9.48	1.1861324310302734e-05
9.49	1.1622905731201172e-05
9.5	1.150369644165039e-05
9.51	1.138448715209961e-05
9.52	1.1265277862548828e-05
9.53	1.1086463928222656e-05
9.54	1.1026859283447266e-05
9.55	1.0967254638671875e-05
9.56	1.0848045349121094e-05
9.57	1.0788440704345703e-05
9.58	1.0788440704345703e-05
9.59	1.0669231414794922e-05
9.6	1.043081283569336e-05
9.61	1.043081283569336e-05
9.62	1.0251998901367188e-05
9.63	1.0073184967041016e-05
9.64	9.715557098388672e-06
9.65	9.5367431640625e-06
9.66	9.298324584960938e-06
9.67	8.940696716308594e-06
9.68	8.761882781982422e-06
9.69	8.702278137207031e-06
9.7	8.52346420288086e-06
9.71	8.344650268554688e-06
9.72	8.285045623779297e-06
9.73	8.106231689453125e-06
9.74	7.867813110351562e-06
9.75	7.510185241699219e-06
9.76	7.331371307373047e-06
9.77	7.033348083496094e-06
9.78	6.794929504394531e-06
9.79	6.616115570068359e-06
9.8	6.496906280517578e-06
9.81	6.377696990966797e-06
9.82	6.318092346191406e-06
9.83	6.258487701416016e-06
9.84	6.198883056640625e-06
9.85	6.079673767089844e-06
9.86	5.9604644775390625e-06
9.87	5.9604644775390625e-06
9.88	5.781650543212891e-06
9.89	5.781650543212891e-06
9.9	5.781650543212891e-06
9.91	5.781650543212891e-06
9.92	5.781650543212891e-06
9.93	5.7220458984375e-06
9.94	5.7220458984375e-06
9.95	5.7220458984375e-06
9.96	5.7220458984375e-06
9.97	5.543231964111328e-06
9.98	5.4836273193359375e-06
9.99	5.364418029785156e-06
10.0	5.245208740234375e-06
10.01	5.245208740234375e-06
10.02	5.185604095458984e-06
10.03	5.185604095458984e-06
10.04	5.0067901611328125e-06
10.05	4.947185516357422e-06
10.06	4.947185516357422e-06
10.07	4.947185516357422e-06
10.08	4.76837158203125e-06
10.09	4.649162292480469e-06
10.1	4.649162292480469e-06
10.11	4.470348358154297e-06
10.12	4.351139068603516e-06
10.13	4.231929779052734e-06
10.14	4.231929779052734e-06
10.15	4.112720489501953e-06
10.16	3.993511199951172e-06
10.17	3.993511199951172e-06
10.18	3.993511199951172e-06
10.19	3.874301910400391e-06
10.2	3.874301910400391e-06
10.21	3.874301910400391e-06
10.22	3.874301910400391e-06
10.23	3.6954879760742188e-06
10.24	3.4570693969726562e-06
10.25	3.3974647521972656e-06
10.26	3.159046173095703e-06
10.27	3.159046173095703e-06
10.28	3.0994415283203125e-06
10.29	3.0994415283203125e-06
10.3	2.9802322387695312e-06
10.31	2.9802322387695312e-06
10.32	2.9802322387695312e-06
10.33	2.9206275939941406e-06
10.34	2.8014183044433594e-06
10.35	2.682209014892578e-06
10.36	2.6226043701171875e-06
10.37	2.4437904357910156e-06
10.38	2.4437904357910156e-06
10.39	2.384185791015625e-06
10.4	2.384185791015625e-06
10.41	2.3245811462402344e-06
10.42	2.3245811462402344e-06
10.43	2.3245811462402344e-06
10.44	2.2649765014648438e-06
10.45	2.2649765014648438e-06
10.46	2.2649765014648438e-06
10.47	2.2649765014648438e-06
10.48	2.2649765014648438e-06
10.49	2.2649765014648438e-06
10.5	2.2649765014648438e-06
10.51	2.2649765014648438e-06
10.52	2.2649765014648438e-06
10.53	2.2649765014648438e-06
10.54	2.2649765014648438e-06
10.55	2.2649765014648438e-06
10.56	2.1457672119140625e-06
10.57	2.086162567138672e-06
10.58	2.086162567138672e-06
10.59	2.0265579223632812e-06
10.6	1.9669532775878906e-06
10.61	1.9073486328125e-06
10.62	1.8477439880371094e-06
10.63	1.7881393432617188e-06
10.64	1.6689300537109375e-06
10.65	1.6689300537109375e-06
10.66	1.6689300537109375e-06
10.67	1.5497207641601562e-06
10.68	1.4901161193847656e-06
10.69	1.4901161193847656e-06
10.7	1.430511474609375e-06
10.71	1.3709068298339844e-06
10.72	1.2516975402832031e-06
10.73	1.1920928955078125e-06
10.74	1.1324882507324219e-06
10.75	1.0132789611816406e-06
10.76	1.0132789611816406e-06
10.77	1.0132789611816406e-06
10.78	1.0132789611816406e-06
10.79	1.0132789611816406e-06
10.8	1.0132789611816406e-06
10.81	1.0132789611816406e-06
10.82	8.940696716308594e-07
10.83	8.940696716308594e-07
10.84	8.940696716308594e-07
10.85	8.344650268554688e-07
10.86	8.344650268554688e-07
10.87	8.344650268554688e-07
10.88	8.344650268554688e-07
10.89	8.344650268554688e-07
10.9	8.344650268554688e-07
10.91	8.344650268554688e-07
10.92	8.344650268554688e-07
10.93	8.344650268554688e-07
10.94	7.748603820800781e-07
10.95	7.748603820800781e-07
10.96	7.152557373046875e-07
10.97	7.152557373046875e-07
10.98	7.152557373046875e-07
10.99	7.152557373046875e-07
11.0	7.152557373046875e-07
11.01	7.152557373046875e-07
11.02	7.152557373046875e-07
11.03	7.152557373046875e-07
11.04	7.152557373046875e-07
11.05	7.152557373046875e-07
11.06	7.152557373046875e-07
11.07	7.152557373046875e-07
11.08	7.152557373046875e-07
11.09	7.152557373046875e-07
11.1	7.152557373046875e-07
11.11	7.152557373046875e-07
11.12	7.152557373046875e-07
11.13	7.152557373046875e-07
11.14	7.152557373046875e-07
11.15	7.152557373046875e-07
11.16	6.556510925292969e-07
11.17	6.556510925292969e-07
11.18	6.556510925292969e-07
11.19	5.960464477539062e-07
11.2	5.364418029785156e-07
11.21	4.76837158203125e-07
11.22	4.76837158203125e-07
11.23	4.172325134277344e-07
11.24	4.172325134277344e-07
11.25	4.172325134277344e-07
11.26	4.172325134277344e-07
11.27	3.5762786865234375e-07
11.28	3.5762786865234375e-07
11.29	3.5762786865234375e-07
11.3	2.980232238769531e-07
11.31	2.384185791015625e-07
11.32	1.7881393432617188e-07
11.33	1.7881393432617188e-07
11.34	1.1920928955078125e-07
11.35	1.1920928955078125e-07
11.36	1.1920928955078125e-07
11.37	1.1920928955078125e-07
11.38	1.1920928955078125e-07
11.39	1.1920928955078125e-07
11.4	1.1920928955078125e-07
11.41	1.1920928955078125e-07
11.42	1.1920928955078125e-07
11.43	1.1920928955078125e-07
11.44	1.1920928955078125e-07
11.45	1.1920928955078125e-07
11.46	1.1920928955078125e-07
11.47	1.1920928955078125e-07
11.48	1.1920928955078125e-07
11.49	1.1920928955078125e-07
11.5	1.1920928955078125e-07
11.51	1.1920928955078125e-07
11.52	1.1920928955078125e-07
11.53	1.1920928955078125e-07
11.54	1.1920928955078125e-07
11.55	1.1920928955078125e-07
11.56	1.1920928955078125e-07
11.57	1.1920928955078125e-07
11.58	1.1920928955078125e-07
11.59	1.1920928955078125e-07
11.6	1.1920928955078125e-07
11.61	1.1920928955078125e-07
11.62	1.1920928955078125e-07
11.63	1.1920928955078125e-07
11.64	1.1920928955078125e-07
11.65	1.1920928955078125e-07
11.66	1.1920928955078125e-07
11.67	1.1920928955078125e-07
11.68	1.1920928955078125e-07
11.69	1.1920928955078125e-07
11.7	1.1920928955078125e-07
11.71	1.1920928955078125e-07
11.72	1.1920928955078125e-07
11.73	1.1920928955078125e-07
11.74	1.1920928955078125e-07
11.75	1.1920928955078125e-07
11.76	1.1920928955078125e-07
11.77	1.1920928955078125e-07
11.78	1.1920928955078125e-07
11.79	5.960464477539063e-08
11.8	5.960464477539063e-08
11.81	5.960464477539063e-08
11.82	5.960464477539063e-08
11.83	5.960464477539063e-08
11.84	5.960464477539063e-08
11.85	5.960464477539063e-08
11.86	5.960464477539063e-08
11.87	5.960464477539063e-08
11.88	5.960464477539063e-08
11.89	5.960464477539063e-08
11.9	0.0
