5.01	0.0005013942718505859
5.02	0.0004982948303222656
5.03	0.0004949569702148438
5.04	0.0004913806915283203
5.05	0.0004875659942626953
5.06	0.00048422813415527344
5.07	0.00048089027404785156
5.08	0.0004782676696777344
5.09	0.0004749298095703125
5.1	0.0004725456237792969
5.11	0.0004703998565673828
5.12	0.00046706199645996094
5.13	0.00046443939208984375
5.14	0.00046253204345703125
5.15	0.0004589557647705078
5.16	0.0004558563232421875
5.17	0.00045228004455566406
5.18	0.0004477500915527344
5.19	0.0004444122314453125
5.2	0.0004420280456542969
5.21	0.0004410743713378906
5.22	0.0004372596740722656
5.23	0.0004334449768066406
5.24	0.00043129920959472656
5.25	0.0004284381866455078
5.26	0.0004253387451171875
5.27	0.0004227161407470703
5.28	0.0004191398620605469
5.29	0.00041556358337402344
5.3	0.0004131793975830078
5.31	0.0004107952117919922
5.32	0.0004069805145263672
5.33	0.0004038810729980469
5.34	0.000400543212890625
5.35	0.00039887428283691406
5.36	0.00039649009704589844
5.37	0.00039458274841308594
5.38	0.0003914833068847656
5.39	0.00038743019104003906
5.4	0.0003859996795654297
5.41	0.0003840923309326172
5.42	0.00038170814514160156
5.43	0.0003795623779296875
5.44	0.000377655029296875
5.45	0.00037384033203125
5.46	0.0003719329833984375
5.47	0.0003693103790283203
5.48	0.0003662109375
5.49	0.0003635883331298828
5.5	0.0003616809844970703
5.51	0.0003597736358642578
5.52	0.00035834312438964844
5.53	0.0003552436828613281
5.54	0.00035309791564941406
5.55	0.00034999847412109375
5.56	0.00034737586975097656
5.57	0.00034427642822265625
5.58	0.0003407001495361328
5.59	0.00033664703369140625
5.6	0.0003342628479003906
5.61	0.000331878662109375
5.62	0.0003292560577392578
5.63	0.0003256797790527344
5.64	0.0003228187561035156
5.65	0.0003218650817871094
5.66	0.00032067298889160156
5.67	0.00031948089599609375
5.68	0.0003178119659423828
5.69	0.0003159046173095703
5.7	0.00031447410583496094
5.71	0.00031304359436035156
5.72	0.0003101825714111328
5.73	0.00030803680419921875
5.74	0.0003056526184082031
5.75	0.0003027915954589844
5.76	0.0003006458282470703
5.77	0.0002989768981933594
5.78	0.00029754638671875
5.79	0.0002961158752441406
5.8	0.000293731689453125
5.81	0.0002923011779785156
5.82	0.0002913475036621094
5.83	0.00029015541076660156
5.84	0.0002884864807128906
5.85	0.0002872943878173828
5.86	0.0002856254577636719
5.87	0.0002830028533935547
5.88	0.0002796649932861328
5.89	0.0002765655517578125
5.9	0.000274658203125
5.91	0.0002703666687011719
5.92	0.0002684593200683594
5.93	0.0002655982971191406
5.94	0.00026297569274902344
5.95	0.0002613067626953125
5.96	0.0002605915069580078
5.97	0.00025916099548339844
5.98	0.00025773048400878906
5.99	0.0002567768096923828
6.0	0.000255584716796875
6.01	0.0002536773681640625
6.02	0.00025153160095214844
6.03	0.0002503395080566406
6.04	0.00024819374084472656
6.05	0.0002453327178955078
6.06	0.00024366378784179688
6.07	0.0002410411834716797
6.08	0.0002396106719970703
6.09	0.0002384185791015625
6.1	0.00023674964904785156
6.11	0.00023627281188964844
6.12	0.0002353191375732422
6.13	0.00023365020751953125
6.14	0.00023221969604492188
6.15	0.00023102760314941406
6.16	0.00022983551025390625
6.17	0.00022745132446289062
6.18	0.00022530555725097656
6.19	0.0002238750457763672
6.2	0.0002219676971435547
6.21	0.00021910667419433594
6.22	0.000217437744140625
6.23	0.00021600723266601562
6.24	0.000213623046875
6.25	0.00021219253540039062
6.26	0.0002110004425048828
6.27	0.00020956993103027344
6.28	0.00020766258239746094
6.29	0.00020623207092285156
6.3	0.00020432472229003906
6.31	0.0002033710479736328
6.32	0.000202178955078125
6.33	0.0002009868621826172
6.34	0.0001990795135498047
6.35	0.00019693374633789062
6.36	0.00019621849060058594
6.37	0.0001952648162841797
6.38	0.00019431114196777344
6.39	0.0001938343048095703
6.4	0.00019288063049316406
6.41	0.00019168853759765625
6.42	0.00019073486328125
6.43	0.00018906593322753906
6.44	0.00018858909606933594
6.45	0.0001876354217529297
6.46	0.0001862049102783203
6.47	0.00018453598022460938
6.48	0.00018334388732910156
6.49	0.0001819133758544922
6.5	0.00018024444580078125
6.51	0.00017881393432617188
6.52	0.0001780986785888672
6.53	0.00017642974853515625
6.54	0.0001742839813232422
6.55	0.00017333030700683594
6.56	0.000171661376953125
6.57	0.00017070770263671875
6.58	0.00016927719116210938
6.59	0.0001671314239501953
6.6	0.00016546249389648438
6.61	0.0001647472381591797
6.62	0.0001633167266845703
6.63	0.00016188621520996094
6.64	0.00016069412231445312
6.65	0.0001595020294189453
6.66	0.0001590251922607422
6.67	0.0001590251922607422
6.68	0.00015807151794433594
6.69	0.0001575946807861328
6.7	0.000156402587890625
6.71	0.00015497207641601562
6.72	0.00015425682067871094
6.73	0.0001533031463623047
6.74	0.00015234947204589844
6.75	0.0001513957977294922
6.76	0.0001499652862548828
6.77	0.00014925003051757812
6.78	0.00014829635620117188
6.79	0.00014734268188476562
6.8	0.00014662742614746094
6.81	0.00014591217041015625
6.82	0.0001456737518310547
6.83	0.00014495849609375
6.84	0.00014352798461914062
6.85	0.00014281272888183594
6.86	0.000141143798828125
6.87	0.0001399517059326172
6.88	0.00013899803161621094
6.89	0.0001366138458251953
6.9	0.0001347064971923828
6.91	0.00013327598571777344
6.92	0.00013208389282226562
6.93	0.0001308917999267578
6.94	0.00012946128845214844
6.95	0.00012826919555664062
6.96	0.00012803077697753906
6.97	0.00012803077697753906
6.98	0.00012755393981933594
6.99	0.00012683868408203125
7.0	0.0001266002655029297
7.01	0.00012636184692382812
7.02	0.00012564659118652344
7.03	0.00012421607971191406
7.04	0.00012302398681640625
7.05	0.00012183189392089844
7.06	0.00012040138244628906
7.07	0.00011873245239257812
7.08	0.00011801719665527344
7.09	0.00011777877807617188
7.1	0.00011706352233886719
7.11	0.0001163482666015625
7.12	0.00011539459228515625
7.13	0.00011539459228515625
7.14	0.00011515617370605469
7.15	0.00011491775512695312
7.16	0.00011444091796875
7.17	0.00011396408081054688
7.18	0.00011301040649414062
7.19	0.00011134147644042969
7.2	0.00011014938354492188
7.21	0.00010895729064941406
7.22	0.00010728836059570312
7.23	0.00010657310485839844
7.24	0.00010466575622558594
7.25	0.00010251998901367188
7.26	0.00010228157043457031
7.27	0.00010228157043457031
7.28	0.00010180473327636719
7.29	0.00010132789611816406
7.3	0.00010132789611816406
7.31	0.0001010894775390625
7.32	9.989738464355469e-05
7.33	9.918212890625e-05
7.34	9.894371032714844e-05
7.35	9.846687316894531e-05
7.36	9.703636169433594e-05
7.37	9.5367431640625e-05
7.38	9.512901306152344e-05
7.39	9.441375732421875e-05
7.4	9.369850158691406e-05
7.41	9.250640869140625e-05
7.42	9.179115295410156e-05
7.43	9.179115295410156e-05
7.44	9.131431579589844e-05
7.45	9.083747863769531e-05
7.46	9.059906005859375e-05
7.47	9.059906005859375e-05
7.48	8.96453857421875e-05
7.49	8.869171142578125e-05
7.5	8.797645568847656e-05
7.51	8.7738037109375e-05
7.52	8.702278137207031e-05
7.53	8.654594421386719e-05
7.54	8.58306884765625e-05
7.55	8.463859558105469e-05
7.56	8.416175842285156e-05
7.57	8.344650268554688e-05
7.58	8.249282836914062e-05
7.59	8.177757263183594e-05
7.6	8.130073547363281e-05
7.61	8.058547973632812e-05
7.62	7.963180541992188e-05
7.63	7.939338684082031e-05
7.64	7.915496826171875e-05
7.65	7.843971252441406e-05
7.66	7.677078247070312e-05
7.67	7.581710815429688e-05
7.68	7.557868957519531e-05
7.69	7.534027099609375e-05
7.7	7.510185241699219e-05
7.71	7.462501525878906e-05
7.72	7.43865966796875e-05
7.73	7.390975952148438e-05
7.74	7.295608520507812e-05
7.75	7.2479248046875e-05
7.76	7.200241088867188e-05
7.77	7.128715515136719e-05
7.78	7.05718994140625e-05
7.79	7.009506225585938e-05
7.8	6.985664367675781e-05
7.81	6.937980651855469e-05
7.82	6.842613220214844e-05
7.83	6.818771362304688e-05
7.84	6.794929504394531e-05
7.85	6.771087646484375e-05
7.86	6.699562072753906e-05
7.87	6.604194641113281e-05
7.88	6.556510925292969e-05
7.89	6.4849853515625e-05
7.9	6.389617919921875e-05
7.91	6.318092346191406e-05
7.92	6.29425048828125e-05
7.93	6.246566772460938e-05
7.94	6.198883056640625e-05
7.95	6.127357482910156e-05
7.96	6.0558319091796875e-05
7.97	6.0558319091796875e-05
7.98	6.0558319091796875e-05
7.99	6.031990051269531e-05
8.0	6.008148193359375e-05
8.01	5.936622619628906e-05
8.02	5.8650970458984375e-05
8.03	5.7697296142578125e-05
8.04	5.698204040527344e-05
8.05	5.650520324707031e-05
8.06	5.650520324707031e-05
8.07	5.53131103515625e-05
8.08	5.459785461425781e-05
8.09	5.459785461425781e-05
8.1	5.435943603515625e-05
8.11	5.3882598876953125e-05
8.12	5.316734313964844e-05
8.13	5.316734313964844e-05
8.14	5.2928924560546875e-05
8.15	5.269050598144531e-05
8.16	5.221366882324219e-05
8.17	5.173683166503906e-05
8.18	5.173683166503906e-05
8.19	5.125999450683594e-05
8.2	4.982948303222656e-05
8.21	4.887580871582031e-05
8.22	4.863739013671875e-05
8.23	4.792213439941406e-05
8.24	4.744529724121094e-05
8.25	4.7206878662109375e-05
8.26	4.696846008300781e-05
8.27	4.696846008300781e-05
8.28	4.696846008300781e-05
8.29	4.673004150390625e-05
8.3	4.6253204345703125e-05
8.31	4.601478576660156e-05
8.32	4.57763671875e-05
8.33	4.506111145019531e-05
8.34	4.410743713378906e-05
8.35	4.315376281738281e-05
8.36	4.291534423828125e-05
8.37	4.172325134277344e-05
8.38	4.076957702636719e-05
8.39	4.0531158447265625e-05
8.4	4.0531158447265625e-05
8.41	4.029273986816406e-05
8.42	4.00543212890625e-05
8.43	3.981590270996094e-05
8.44	3.981590270996094e-05
8.45	3.981590270996094e-05
8.46	3.981590270996094e-05
8.47	3.981590270996094e-05
8.48	3.981590270996094e-05
8.49	3.9577484130859375e-05
8.5	3.838539123535156e-05
8.51	3.790855407714844e-05
8.52	3.7670135498046875e-05
8.53	3.695487976074219e-05
8.54	3.647804260253906e-05
8.55	3.5762786865234375e-05
8.56	3.504753112792969e-05
8.57	3.504753112792969e-05
8.58	3.504753112792969e-05
8.59	3.4809112548828125e-05
8.6	3.457069396972656e-05
8.61	3.457069396972656e-05
8.62	3.457069396972656e-05
8.63	3.3855438232421875e-05
8.64	3.266334533691406e-05
8.65	3.218650817871094e-05
8.66	3.1948089599609375e-05
8.67	3.123283386230469e-05
8.68	3.075599670410156e-05
8.69	3.075599670410156e-05
8.7	3.075599670410156e-05
8.71	3.0517578125e-05
8.72	2.9802322387695312e-05
8.73	2.9087066650390625e-05
8.74	2.9087066650390625e-05
8.75	2.9087066650390625e-05
8.76	2.8848648071289062e-05
8.77	2.86102294921875e-05
8.78	2.86102294921875e-05
8.79	2.8371810913085938e-05
8.8	2.8133392333984375e-05
8.81	2.8133392333984375e-05
8.82	2.8133392333984375e-05
8.83	2.7894973754882812e-05
8.84	2.765655517578125e-05
8.85	2.7179718017578125e-05
8.86	2.6702880859375e-05
8.87	2.6702880859375e-05
8.88	2.6464462280273438e-05
8.89	2.6226043701171875e-05
8.9	2.6226043701171875e-05
8.91	2.6226043701171875e-05
8.92	2.5987625122070312e-05
8.93	2.5272369384765625e-05
8.94	2.47955322265625e-05
8.95	2.47955322265625e-05
8.96	2.4318695068359375e-05
8.97	2.3365020751953125e-05
8.98	2.288818359375e-05
8.99	2.288818359375e-05
9.0	2.288818359375e-05
9.01	2.288818359375e-05
9.02	2.2649765014648438e-05
9.03	2.2411346435546875e-05
9.04	2.2411346435546875e-05
9.05	2.1696090698242188e-05
9.06	2.1219253540039062e-05
9.07	2.09808349609375e-05
9.08	2.09808349609375e-05
9.09	2.0742416381835938e-05
9.1	2.0503997802734375e-05
9.11	2.0503997802734375e-05
9.12	2.0503997802734375e-05
9.13	2.0265579223632812e-05
9.14	2.002716064453125e-05
9.15	2.002716064453125e-05
9.16	2.002716064453125e-05
9.17	1.9788742065429688e-05
9.18	1.9311904907226562e-05
9.19	1.9073486328125e-05
9.2	1.9073486328125e-05
9.21	1.9073486328125e-05
9.22	1.8835067749023438e-05
9.23	1.8596649169921875e-05
9.24	1.8596649169921875e-05
9.25	1.8596649169921875e-05
9.26	1.811981201171875e-05
9.27	1.7404556274414062e-05
9.28	1.71661376953125e-05
9.29	1.71661376953125e-05
9.3	1.71661376953125e-05
9.31	1.71661376953125e-05
9.32	1.6689300537109375e-05
9.33	1.6689300537109375e-05
9.34	1.621246337890625e-05
9.35	1.5020370483398438e-05
9.36	1.4781951904296875e-05
9.37	1.4781951904296875e-05
9.38	1.4543533325195312e-05
9.39	1.430511474609375e-05
9.4	1.430511474609375e-05
9.41	1.430511474609375e-05
9.42	1.430511474609375e-05
9.43	1.4066696166992188e-05
9.44	1.3828277587890625e-05
9.45	1.3828277587890625e-05
9.46	1.3828277587890625e-05
9.47	1.3589859008789062e-05
9.48	1.33514404296875e-05
9.49	1.33514404296875e-05
9.5	1.3113021850585938e-05
9.51	1.2636184692382812e-05
9.52	1.239776611328125e-05
9.53	1.239776611328125e-05
9.54	1.239776611328125e-05
9.55	1.239776611328125e-05
9.56	1.239776611328125e-05
9.57	1.239776611328125e-05
9.58	1.239776611328125e-05
9.59	1.239776611328125e-05
9.6	1.239776611328125e-05
9.61	1.239776611328125e-05
9.62	1.1920928955078125e-05
9.63	1.1920928955078125e-05
9.64	1.1444091796875e-05
9.65	1.0728836059570312e-05
9.66	1.049041748046875e-05
9.67	1.049041748046875e-05
9.68	9.775161743164062e-06
9.69	9.059906005859375e-06
9.7	9.059906005859375e-06
9.71	9.059906005859375e-06
9.72	9.059906005859375e-06
9.73	9.059906005859375e-06
9.74	9.059906005859375e-06
9.75	9.059906005859375e-06
9.76	9.059906005859375e-06
9.77	9.059906005859375e-06
9.78	9.059906005859375e-06
9.79	9.059906005859375e-06
9.8	8.821487426757812e-06
9.81	8.344650268554688e-06
9.82	8.106231689453125e-06
9.83	8.106231689453125e-06
9.84	7.867813110351562e-06
9.85	7.62939453125e-06
9.86	7.62939453125e-06
9.87	7.62939453125e-06
9.88	7.62939453125e-06
9.89	7.62939453125e-06
9.9	7.62939453125e-06
9.91	7.62939453125e-06
9.92	7.62939453125e-06
9.93	7.62939453125e-06
9.94	7.3909759521484375e-06
9.95	6.9141387939453125e-06
9.96	6.67572021484375e-06
9.97	6.67572021484375e-06
9.98	6.198883056640625e-06
9.99	5.7220458984375e-06
10.0	5.7220458984375e-06
10.01	5.7220458984375e-06
10.02	5.7220458984375e-06
10.03	5.4836273193359375e-06
10.04	5.245208740234375e-06
10.05	5.245208740234375e-06
10.06	5.245208740234375e-06
10.07	5.245208740234375e-06
10.08	5.245208740234375e-06
10.09	5.245208740234375e-06
10.1	5.245208740234375e-06
10.11	5.245208740234375e-06
10.12	5.245208740234375e-06
10.13	5.245208740234375e-06
10.14	5.0067901611328125e-06
10.15	4.76837158203125e-06
10.16	4.76837158203125e-06
10.17	4.76837158203125e-06
10.18	4.76837158203125e-06
10.19	4.76837158203125e-06
10.2	4.76837158203125e-06
10.21	4.76837158203125e-06
10.22	4.76837158203125e-06
10.23	4.76837158203125e-06
10.24	4.5299530029296875e-06
10.25	4.291534423828125e-06
10.26	4.291534423828125e-06
10.27	4.291534423828125e-06
10.28	4.0531158447265625e-06
10.29	3.814697265625e-06
10.3	3.814697265625e-06
10.31	3.814697265625e-06
10.32	3.814697265625e-06
10.33	3.5762786865234375e-06
10.34	3.337860107421875e-06
10.35	3.337860107421875e-06
10.36	3.337860107421875e-06
10.37	2.86102294921875e-06
10.38	2.86102294921875e-06
10.39	2.86102294921875e-06
10.4	2.86102294921875e-06
10.41	2.86102294921875e-06
10.42	2.86102294921875e-06
10.43	2.86102294921875e-06
10.44	2.86102294921875e-06
10.45	2.86102294921875e-06
10.46	2.86102294921875e-06
10.47	2.86102294921875e-06
10.48	2.86102294921875e-06
10.49	2.86102294921875e-06
10.5	2.86102294921875e-06
10.51	2.86102294921875e-06
10.52	2.86102294921875e-06
10.53	2.86102294921875e-06
10.54	2.86102294921875e-06
10.55	2.86102294921875e-06
10.56	2.86102294921875e-06
10.57	2.86102294921875e-06
10.58	2.6226043701171875e-06
10.59	2.384185791015625e-06
10.6	2.384185791015625e-06
10.61	2.384185791015625e-06
10.62	2.384185791015625e-06
10.63	2.384185791015625e-06
10.64	2.384185791015625e-06
10.65	2.1457672119140625e-06
10.66	1.9073486328125e-06
10.67	1.430511474609375e-06
10.68	1.430511474609375e-06
10.69	1.430511474609375e-06
10.7	1.430511474609375e-06
10.71	1.430511474609375e-06
10.72	1.430511474609375e-06
10.73	1.430511474609375e-06
10.74	1.430511474609375e-06
10.75	1.430511474609375e-06
10.76	1.430511474609375e-06
10.77	1.430511474609375e-06
10.78	1.430511474609375e-06
10.79	1.430511474609375e-06
10.8	1.430511474609375e-06
10.81	1.430511474609375e-06
10.82	1.430511474609375e-06
10.83	1.430511474609375e-06
10.84	1.430511474609375e-06
10.85	1.430511474609375e-06
10.86	1.430511474609375e-06
10.87	1.430511474609375e-06
10.88	1.430511474609375e-06
10.89	1.430511474609375e-06
10.9	1.430511474609375e-06
10.91	1.430511474609375e-06
10.92	1.430511474609375e-06
10.93	1.430511474609375e-06
10.94	1.430511474609375e-06
10.95	1.1920928955078125e-06
10.96	9.5367431640625e-07
10.97	9.5367431640625e-07
10.98	9.5367431640625e-07
10.99	7.152557373046875e-07
11.0	4.76837158203125e-07
11.01	4.76837158203125e-07
11.02	4.76837158203125e-07
11.03	4.76837158203125e-07
11.04	4.76837158203125e-07
11.05	4.76837158203125e-07
11.06	4.76837158203125e-07
11.07	4.76837158203125e-07
11.08	4.76837158203125e-07
11.09	4.76837158203125e-07
11.1	4.76837158203125e-07
11.11	4.76837158203125e-07
11.12	4.76837158203125e-07
11.13	4.76837158203125e-07
11.14	4.76837158203125e-07
11.15	4.76837158203125e-07
11.16	4.76837158203125e-07
11.17	4.76837158203125e-07
11.18	4.76837158203125e-07
11.19	4.76837158203125e-07
11.2	4.76837158203125e-07
11.21	4.76837158203125e-07
11.22	4.76837158203125e-07
11.23	4.76837158203125e-07
11.24	4.76837158203125e-07
11.25	4.76837158203125e-07
11.26	4.76837158203125e-07
11.27	4.76837158203125e-07
11.28	4.76837158203125e-07
11.29	2.384185791015625e-07
11.3	0.0
