5.52	0.0005003148689866066
5.53	0.0004951516166329384
5.54	0.000489378347992897
5.55	0.00048596132546663284
5.56	0.00048300717025995255
5.57	0.00047794822603464127
5.58	0.00047183316200971603
5.59	0.00046776700764894485
5.6	0.00046364404261112213
5.61	0.0004590228199958801
5.62	0.0004523014649748802
5.63	0.00044896267354488373
5.64	0.00044490955770015717
5.65	0.00043999310582876205
5.66	0.0004349062219262123
5.67	0.0004308493807911873
5.68	0.0004281913861632347
5.69	0.0004226900637149811
5.7	0.0004211859777569771
5.71	0.00041663553565740585
5.72	0.00041041430085897446
5.73	0.00040708761662244797
5.74	0.0004035560414195061
5.75	0.0003988044336438179
5.76	0.0003952654078602791
5.77	0.00039164815098047256
5.78	0.00038888119161129
5.79	0.00038561318069696426
5.8	0.0003796229138970375
5.81	0.0003767833113670349
5.82	0.00037337373942136765
5.83	0.00036818254739046097
5.84	0.0003653336316347122
5.85	0.0003617275506258011
5.86	0.000357738696038723
5.87	0.0003544976934790611
5.88	0.00035041291266679764
5.89	0.000346955843269825
5.9	0.00034375954419374466
5.91	0.0003402475267648697
5.92	0.00033872760832309723
5.93	0.00033537205308675766
5.94	0.0003310348838567734
5.95	0.00032754987478256226
5.96	0.00032549817115068436
5.97	0.0003211153671145439
5.98	0.00031800102442502975
5.99	0.0003152890130877495
6.0	0.0003124009817838669
6.01	0.0003089290112257004
6.02	0.00030436646193265915
6.03	0.0003002947196364403
6.04	0.00029759202152490616
6.05	0.0002953847870230675
6.06	0.00029241200536489487
6.07	0.0002903211861848831
6.08	0.0002876017242670059
6.09	0.000284021720290184
6.1	0.0002826619893312454
6.11	0.00027831271290779114
6.12	0.0002754582092165947
6.13	0.00027262791991233826
6.14	0.0002702828496694565
6.15	0.0002679480239748955
6.16	0.00026523880660533905
6.17	0.00026100873947143555
6.18	0.00025919917970895767
6.19	0.0002568364143371582
6.2	0.00025333650410175323
6.21	0.00025157630443573
6.22	0.00024816207587718964
6.23	0.0002456754446029663
6.24	0.00024344772100448608
6.25	0.00023997575044631958
6.26	0.00023711100220680237
6.27	0.00023575033992528915
6.28	0.00023357849568128586
6.29	0.00023174937814474106
6.3	0.0002290746197104454
6.31	0.00022656936198472977
6.32	0.00022476818412542343
6.33	0.0002213362604379654
6.34	0.00021934043616056442
6.35	0.0002165781334042549
6.36	0.0002147657796740532
6.37	0.00021169893443584442
6.38	0.0002098921686410904
6.39	0.00020740553736686707
6.4	0.00020492635667324066
6.41	0.00020346511155366898
6.42	0.00020110886543989182
6.43	0.00019926950335502625
6.44	0.00019685551524162292
6.45	0.0001947423443198204
6.46	0.00019283965229988098
6.47	0.0001910831779241562
6.48	0.0001888582482933998
6.49	0.00018763449043035507
6.5	0.00018615461885929108
6.51	0.00018319115042686462
6.52	0.00018077343702316284
6.53	0.00017913710325956345
6.54	0.0001765536144375801
6.55	0.0001751566305756569
6.56	0.00017396267503499985
6.57	0.00017198175191879272
6.58	0.00017054378986358643
6.59	0.00016776472330093384
6.6	0.0001666313037276268
6.61	0.00016402732580900192
6.62	0.0001622382551431656
6.63	0.00016112904995679855
6.64	0.00015992671251296997
6.65	0.00015735160559415817
6.66	0.00015591736882925034
6.67	0.0001540444791316986
6.68	0.00015233270823955536
6.69	0.0001514982432126999
6.7	0.00014897994697093964
6.71	0.00014846306294202805
6.72	0.00014682672917842865
6.73	0.00014454592019319534
6.74	0.00014262739568948746
6.75	0.00014118198305368423
6.76	0.00013926252722740173
6.77	0.00013774167746305466
6.78	0.00013723690062761307
6.79	0.00013552792370319366
6.8	0.00013408809900283813
6.81	0.0001323958858847618
6.82	0.00013099610805511475
6.83	0.00012918375432491302
6.84	0.00012786686420440674
6.85	0.0001268237829208374
6.86	0.00012594927102327347
6.87	0.0001247003674507141
6.88	0.00012245401740074158
6.89	0.00012164842337369919
6.9	0.00011959299445152283
6.91	0.00011850520968437195
6.92	0.00011669192463159561
6.93	0.00011576712131500244
6.94	0.00011477340012788773
6.95	0.00011338666081428528
6.96	0.00011159013956785202
6.97	0.00011034123599529266
6.98	0.0001097721979022026
6.99	0.00010798592120409012
7.0	0.00010772328823804855
7.01	0.00010623876005411148
7.02	0.00010440312325954437
7.03	0.00010364130139350891
7.04	0.00010231602936983109
7.05	0.00010131858289241791
7.06	0.00010009109973907471
7.07	9.917002171278e-05
7.08	9.841565042734146e-05
7.09	9.733438491821289e-05
7.1	9.576603770256042e-05
7.11	9.454786777496338e-05
7.12	9.369757026433945e-05
7.13	9.230058640241623e-05
7.14	9.147822856903076e-05
7.15	9.044073522090912e-05
7.16	8.911732584238052e-05
7.17	8.814595639705658e-05
7.18	8.707121014595032e-05
7.19	8.620787411928177e-05
7.2	8.529424667358398e-05
7.21	8.455850183963776e-05
7.22	8.404906839132309e-05
7.23	8.287467062473297e-05
7.24	8.171051740646362e-05
7.25	8.06320458650589e-05
7.26	8.008722215890884e-05
7.27	7.884018123149872e-05
7.28	7.828883826732635e-05
7.29	7.760617882013321e-05
7.3	7.660314440727234e-05
7.31	7.553957402706146e-05
7.32	7.43987038731575e-05
7.33	7.329881191253662e-05
7.34	7.2491355240345e-05
7.35	7.202383130788803e-05
7.36	7.129460573196411e-05
7.37	7.074140012264252e-05
7.38	6.959959864616394e-05
7.39	6.89532607793808e-05
7.4	6.824824959039688e-05
7.41	6.705429404973984e-05
7.42	6.632506847381592e-05
7.43	6.571784615516663e-05
7.44	6.507150828838348e-05
7.45	6.429292261600494e-05
7.46	6.358418613672256e-05
7.47	6.235763430595398e-05
7.48	6.194692105054855e-05
7.49	6.105564534664154e-05
7.5	6.053037941455841e-05
7.51	6.004795432090759e-05
7.52	5.888473242521286e-05
7.53	5.838368088006973e-05
7.54	5.758646875619888e-05
7.55	5.681253969669342e-05
7.56	5.5905431509017944e-05
7.57	5.5730342864990234e-05
7.58	5.525164306163788e-05
7.59	5.463603883981705e-05
7.6	5.398597568273544e-05
7.61	5.31589612364769e-05
7.62	5.281530320644379e-05
7.63	5.176384001970291e-05
7.64	5.134660750627518e-05
7.65	5.0825998187065125e-05
7.66	5.037616938352585e-05
7.67	4.942808300256729e-05
7.68	4.899129271507263e-05
7.69	4.81167808175087e-05
7.7	4.754122346639633e-05
7.71	4.7161243855953217e-05
7.72	4.6391040086746216e-05
7.73	4.6020373702049255e-05
7.74	4.5534223318099976e-05
7.75	4.483480006456375e-05
7.76	4.443805664777756e-05
7.77	4.4002197682857513e-05
7.78	4.345551133155823e-05
7.79	4.3176114559173584e-05
7.8	4.2731873691082e-05
7.81	4.2032450437545776e-05
7.82	4.131440073251724e-05
7.83	4.0821731090545654e-05
7.84	4.0111131966114044e-05
7.85	3.9723701775074005e-05
7.86	3.933999687433243e-05
7.87	3.8934871554374695e-05
7.88	3.861915320158005e-05
7.89	3.7896446883678436e-05
7.9	3.7604011595249176e-05
7.91	3.7035904824733734e-05
7.92	3.6492012441158295e-05
7.93	3.623310476541519e-05
7.94	3.574136644601822e-05
7.95	3.5373494029045105e-05
7.96	3.493577241897583e-05
7.97	3.4471042454242706e-05
7.98	3.4008175134658813e-05
7.99	3.370177000761032e-05
8.0	3.310013562440872e-05
8.01	3.29846516251564e-05
8.02	3.2446347177028656e-05
8.03	3.1970441341400146e-05
8.04	3.140978515148163e-05
8.05	3.108568489551544e-05
8.06	3.0671246349811554e-05
8.07	3.029126673936844e-05
8.08	3.0047260224819183e-05
8.09	2.9780901968479156e-05
8.1	2.93804332613945e-05
8.11	2.8883107006549835e-05
8.12	2.859160304069519e-05
8.13	2.802349627017975e-05
8.14	2.781488001346588e-05
8.15	2.763420343399048e-05
8.16	2.7389265596866608e-05
8.17	2.684909850358963e-05
8.18	2.6518478989601135e-05
8.19	2.6277266442775726e-05
8.2	2.5781802833080292e-05
8.21	2.554338425397873e-05
8.22	2.5109387934207916e-05
8.23	2.480577677488327e-05
8.24	2.4555251002311707e-05
8.25	2.4260953068733215e-05
8.26	2.3749656975269318e-05
8.27	2.347957342863083e-05
8.28	2.336781471967697e-05
8.29	2.3021362721920013e-05
8.3	2.299714833498001e-05
8.31	2.2463500499725342e-05
8.32	2.2104009985923767e-05
8.33	2.1916814148426056e-05
8.34	2.146884799003601e-05
8.35	2.1260231733322144e-05
8.36	2.1124258637428284e-05
8.37	2.0925886929035187e-05
8.38	2.0732171833515167e-05
8.39	2.0437873899936676e-05
8.4	1.999828964471817e-05
8.41	1.973472535610199e-05
8.42	1.933332532644272e-05
8.43	1.923181116580963e-05
8.44	1.9116327166557312e-05
8.45	1.8876977264881134e-05
8.46	1.8530525267124176e-05
8.47	1.8309801816940308e-05
8.48	1.799222081899643e-05
8.49	1.7787329852581024e-05
8.5	1.7554499208927155e-05
8.51	1.7384998500347137e-05
8.52	1.7307698726654053e-05
8.53	1.70096755027771e-05
8.54	1.6670674085617065e-05
8.55	1.644529402256012e-05
8.56	1.6275793313980103e-05
8.57	1.6053207218647003e-05
8.58	1.591164618730545e-05
8.59	1.581106334924698e-05
8.6	1.54813751578331e-05
8.61	1.5210360288619995e-05
8.62	1.4916062355041504e-05
8.63	1.4654360711574554e-05
8.64	1.447182148694992e-05
8.65	1.4415942132472992e-05
8.66	1.4253892004489899e-05
8.67	1.4176592230796814e-05
8.68	1.386832445859909e-05
8.69	1.372024416923523e-05
8.7	1.3615936040878296e-05
8.71	1.3282522559165955e-05
8.72	1.3127923011779785e-05
8.73	1.299288123846054e-05
8.74	1.2831762433052063e-05
8.75	1.2574717402458191e-05
8.76	1.236703246831894e-05
8.77	1.2093223631381989e-05
8.78	1.2056902050971985e-05
8.79	1.1791475117206573e-05
8.8	1.1719763278961182e-05
8.81	1.161079853773117e-05
8.82	1.1331401765346527e-05
8.83	1.1158175766468048e-05
8.84	1.1003576219081879e-05
8.85	1.0875053703784943e-05
8.86	1.0699965059757233e-05
8.87	1.0658055543899536e-05
8.88	1.0577961802482605e-05
8.89	1.0384246706962585e-05
8.9	1.0203570127487183e-05
8.91	1.0089948773384094e-05
8.92	9.964220225811005e-06
8.93	9.751878678798676e-06
8.94	9.685754776000977e-06
8.95	9.574927389621735e-06
8.96	9.435229003429413e-06
8.97	9.2238187789917e-06
8.98	9.112060070037842e-06
8.99	8.981674909591675e-06
9.0	8.855946362018585e-06
9.01	8.742325007915497e-06
9.02	8.617527782917023e-06
9.03	8.570030331611633e-06
9.04	8.469447493553162e-06
9.05	8.307397365570068e-06
9.06	8.177012205123901e-06
9.07	8.098781108856201e-06
9.08	7.990747690200806e-06
9.09	7.967464625835419e-06
9.1	7.792375981807709e-06
9.11	7.625669240951538e-06
9.12	7.456168532371521e-06
9.13	7.352791726589203e-06
9.14	7.2605907917022705e-06
9.15	7.208436727523804e-06
9.16	7.131136953830719e-06
9.17	7.071532309055328e-06
9.18	7.029622793197632e-06
9.19	6.8265944719314575e-06
9.2	6.798654794692993e-06
9.21	6.595626473426819e-06
9.22	6.515532732009888e-06
9.23	6.4838677644729614e-06
9.24	6.3711777329444885e-06
9.25	6.20819628238678e-06
9.26	6.164424121379852e-06
9.27	6.027519702911377e-06
9.28	5.938112735748291e-06
9.29	5.890615284442902e-06
9.3	5.764886736869812e-06
9.31	5.749054253101349e-06
9.32	5.631707608699799e-06
9.33	5.5674463510513306e-06
9.34	5.426816642284393e-06
9.35	5.3551048040390015e-06
9.36	5.2638351917266846e-06
9.37	5.1995739340782166e-06
9.38	5.1800161600112915e-06
9.39	5.061738193035126e-06
9.4	5.020759999752045e-06
9.41	4.9425289034843445e-06
9.42	4.851259291172028e-06
9.43	4.763714969158173e-06
9.44	4.7292560338974e-06
9.45	4.66126948595047e-06
9.46	4.639849066734314e-06
9.47	4.5299530029296875e-06
9.48	4.455447196960449e-06
9.49	4.430301487445831e-06
9.5	4.266388714313507e-06
9.51	4.248693585395813e-06
9.52	4.178844392299652e-06
9.53	4.093162715435028e-06
9.54	4.037283360958099e-06
9.55	4.001893103122711e-06
9.56	3.88268381357193e-06
9.57	3.832392394542694e-06
9.58	3.8053840398788452e-06
9.59	3.7476420402526855e-06
9.6	3.693625330924988e-06
9.61	3.620050847530365e-06
9.62	3.552064299583435e-06
9.63	3.5315752029418945e-06
9.64	3.448687493801117e-06
9.65	3.388151526451111e-06
9.66	3.376975655555725e-06
9.67	3.3620744943618774e-06
9.68	3.335997462272644e-06
9.69	3.2279640436172485e-06
9.7	3.203749656677246e-06
9.71	3.127381205558777e-06
9.72	3.059394657611847e-06
9.73	3.0426308512687683e-06
9.74	3.0137598514556885e-06
9.75	2.919696271419525e-06
9.76	2.8694048523902893e-06
9.77	2.8368085622787476e-06
9.78	2.7976930141448975e-06
9.79	2.7548521757125854e-06
9.8	2.7203932404518127e-06
9.81	2.709217369556427e-06
9.82	2.6728957891464233e-06
9.83	2.625398337841034e-06
9.84	2.571381628513336e-06
9.85	2.5294721126556396e-06
9.86	2.5155022740364075e-06
9.87	2.464279532432556e-06
9.88	2.4586915969848633e-06
9.89	2.409331500530243e-06
9.9	2.359040081501007e-06
9.91	2.2836029529571533e-06
9.92	2.248212695121765e-06
9.93	2.214685082435608e-06
9.94	2.187676727771759e-06
9.95	2.1848827600479126e-06
9.96	2.1727755665779114e-06
9.97	2.154149115085602e-06
9.98	2.0815059542655945e-06
9.99	2.0740553736686707e-06
10.0	1.994892954826355e-06
10.01	1.967884600162506e-06
10.02	1.950189471244812e-06
10.03	1.9334256649017334e-06
10.04	1.8961727619171143e-06
10.05	1.8477439880371094e-06
10.06	1.7974525690078735e-06
10.07	1.7462298274040222e-06
10.08	1.7415732145309448e-06
10.09	1.691281795501709e-06
10.1	1.691281795501709e-06
10.11	1.6856938600540161e-06
10.12	1.627020537853241e-06
10.13	1.6130506992340088e-06
10.14	1.5664845705032349e-06
10.15	1.5581026673316956e-06
10.16	1.5189871191978455e-06
10.17	1.5189871191978455e-06
10.18	1.5133991837501526e-06
10.19	1.4835968613624573e-06
10.2	1.448206603527069e-06
10.21	1.4184042811393738e-06
10.22	1.4081597328186035e-06
10.23	1.3755634427070618e-06
10.24	1.364387571811676e-06
10.25	1.3569369912147522e-06
10.26	1.3271346688270569e-06
10.27	1.2880191206932068e-06
10.28	1.2740492820739746e-06
10.29	1.2442469596862793e-06
10.3	1.2209638953208923e-06
10.31	1.2060627341270447e-06
10.32	1.1865049600601196e-06
10.33	1.173466444015503e-06
10.34	1.1669471859931946e-06
10.35	1.123175024986267e-06
10.36	1.1129304766654968e-06
10.37	1.1008232831954956e-06
10.38	1.0943040251731873e-06
10.39	1.0896474123001099e-06
10.4	1.0561197996139526e-06
10.41	1.017935574054718e-06
10.42	1.0086223483085632e-06
10.43	9.806826710700989e-07
10.44	9.704381227493286e-07
10.45	9.583309292793274e-07
10.46	9.5367431640625e-07
10.47	9.480863809585571e-07
10.48	9.313225746154785e-07
10.49	9.061768651008606e-07
10.5	8.903443813323975e-07
10.51	8.614733815193176e-07
10.52	8.558854460716248e-07
10.53	8.512288331985474e-07
10.54	8.363276720046997e-07
10.55	8.028000593185425e-07
10.56	8.009374141693115e-07
10.57	7.813796401023865e-07
10.58	7.618218660354614e-07
10.59	7.497146725654602e-07
10.6	7.37607479095459e-07
10.61	7.366761565208435e-07
10.62	7.050111889839172e-07
10.63	7.012858986854553e-07
10.64	6.7148357629776e-07
10.65	6.69620931148529e-07
10.66	6.528571248054504e-07
10.67	6.528571248054504e-07
10.68	6.50063157081604e-07
10.69	6.360933184623718e-07
10.7	6.28642737865448e-07
10.71	6.118789315223694e-07
10.72	6.007030606269836e-07
10.73	5.85801899433136e-07
10.74	5.85801899433136e-07
10.75	5.85801899433136e-07
10.76	5.85801899433136e-07
10.77	5.522742867469788e-07
10.78	5.485489964485168e-07
10.79	5.373731255531311e-07
10.8	5.150213837623596e-07
10.81	5.131587386131287e-07
10.82	4.991888999938965e-07
10.83	4.936009645462036e-07
10.84	4.889443516731262e-07
10.85	4.76837158203125e-07
10.86	4.6566128730773926e-07
10.87	4.544854164123535e-07
10.88	4.5262277126312256e-07
10.89	4.470348358154297e-07
10.9	4.33996319770813e-07
10.91	4.256144165992737e-07
10.92	4.1816383600234985e-07
10.93	4.069879651069641e-07
10.94	4.0140002965927124e-07
10.95	3.9581209421157837e-07
10.96	3.9301812648773193e-07
10.97	3.9301812648773193e-07
10.98	3.8743019104003906e-07
10.99	3.641471266746521e-07
11.0	3.632158041000366e-07
11.01	3.548339009284973e-07
11.02	3.4552067518234253e-07
11.03	3.4552067518234253e-07
11.04	3.4365803003311157e-07
11.05	3.417953848838806e-07
11.06	3.1944364309310913e-07
11.07	3.1944364309310913e-07
11.08	3.119930624961853e-07
11.09	3.0547380447387695e-07
11.1	2.980232238769531e-07
11.11	2.952292561531067e-07
11.12	2.8777867555618286e-07
11.13	2.8777867555618286e-07
11.14	2.654269337654114e-07
11.15	2.654269337654114e-07
11.16	2.6263296604156494e-07
11.17	2.5890767574310303e-07
11.18	2.5797635316848755e-07
11.19	2.5797635316848755e-07
11.2	2.468004822731018e-07
11.21	2.3748725652694702e-07
11.22	2.2631138563156128e-07
11.23	2.2258609533309937e-07
11.24	2.2258609533309937e-07
11.25	2.2258609533309937e-07
11.26	2.2258609533309937e-07
11.27	2.1513551473617554e-07
11.28	2.0954757928848267e-07
11.29	2.0954757928848267e-07
11.3	1.9744038581848145e-07
11.31	1.94646418094635e-07
11.32	1.94646418094635e-07
11.33	1.8905848264694214e-07
11.34	1.8905848264694214e-07
11.35	1.778826117515564e-07
11.36	1.7415732145309448e-07
11.37	1.6298145055770874e-07
11.38	1.6298145055770874e-07
11.39	1.5739351511001587e-07
11.4	1.5739351511001587e-07
11.41	1.471489667892456e-07
11.42	1.471489667892456e-07
11.43	1.4156103134155273e-07
11.44	1.3969838619232178e-07
11.45	1.3969838619232178e-07
11.46	1.3690441846847534e-07
11.47	1.3690441846847534e-07
11.48	1.3504177331924438e-07
11.49	1.2665987014770508e-07
11.5	1.2665987014770508e-07
11.51	1.2386590242385864e-07
11.52	1.2200325727462769e-07
11.53	1.2200325727462769e-07
11.54	1.2200325727462769e-07
11.55	1.2200325727462769e-07
11.56	1.1641532182693481e-07
11.57	1.1082738637924194e-07
11.58	1.0989606380462646e-07
11.59	1.0523945093154907e-07
11.6	1.0523945093154907e-07
11.61	1.0523945093154907e-07
11.62	1.0244548320770264e-07
11.63	1.0244548320770264e-07
11.64	9.778887033462524e-08
11.65	9.406358003616333e-08
11.66	9.12696123123169e-08
11.67	9.12696123123169e-08
11.68	9.12696123123169e-08
11.69	9.12696123123169e-08
11.7	8.009374141693115e-08
11.71	7.82310962677002e-08
11.72	7.450580596923828e-08
11.73	7.35744833946228e-08
11.74	7.35744833946228e-08
11.75	7.35744833946228e-08
11.76	7.35744833946228e-08
11.77	7.35744833946228e-08
11.78	7.078051567077637e-08
11.79	6.798654794692993e-08
11.8	6.798654794692993e-08
11.81	6.332993507385254e-08
11.82	6.332993507385254e-08
11.83	6.332993507385254e-08
11.84	6.332993507385254e-08
11.85	5.21540641784668e-08
11.86	5.21540641784668e-08
11.87	4.842877388000488e-08
11.88	4.842877388000488e-08
11.89	4.6566128730773926e-08
11.9	4.6566128730773926e-08
11.91	4.6566128730773926e-08
11.92	4.470348358154297e-08
11.93	4.190951585769653e-08
11.94	3.91155481338501e-08
11.95	3.91155481338501e-08
11.96	3.818422555923462e-08
11.97	3.818422555923462e-08
11.98	3.818422555923462e-08
11.99	3.5390257835388184e-08
12.0	3.5390257835388184e-08
12.01	3.259629011154175e-08
12.02	3.259629011154175e-08
12.03	3.259629011154175e-08
12.04	3.259629011154175e-08
12.05	3.259629011154175e-08
12.06	3.259629011154175e-08
12.07	3.073364496231079e-08
12.08	3.073364496231079e-08
12.09	3.073364496231079e-08
12.1	2.7939677238464355e-08
12.11	2.7939677238464355e-08
12.12	2.7008354663848877e-08
12.13	2.7008354663848877e-08
12.14	2.421438694000244e-08
12.15	2.421438694000244e-08
12.16	2.1420419216156006e-08
12.17	2.1420419216156006e-08
12.18	2.1420419216156006e-08
12.19	2.1420419216156006e-08
12.2	1.7695128917694092e-08
12.21	1.7695128917694092e-08
12.22	1.7695128917694092e-08
12.23	1.7695128917694092e-08
12.24	1.7695128917694092e-08
12.25	1.7695128917694092e-08
12.26	1.7695128917694092e-08
12.27	1.7695128917694092e-08
12.28	1.7695128917694092e-08
12.29	1.5832483768463135e-08
12.3	1.5832483768463135e-08
12.31	1.5832483768463135e-08
12.32	1.5832483768463135e-08
12.33	1.5832483768463135e-08
12.34	1.5832483768463135e-08
12.35	1.210719347000122e-08
12.36	1.210719347000122e-08
12.37	1.210719347000122e-08
12.38	1.210719347000122e-08
12.39	1.210719347000122e-08
12.4	1.210719347000122e-08
12.41	1.210719347000122e-08
12.42	1.210719347000122e-08
12.43	1.210719347000122e-08
12.44	1.0244548320770264e-08
12.45	1.0244548320770264e-08
12.46	1.0244548320770264e-08
12.47	1.0244548320770264e-08
12.48	1.0244548320770264e-08
12.49	7.450580596923828e-09
12.5	7.450580596923828e-09
12.51	6.51925802230835e-09
12.52	6.51925802230835e-09
12.53	6.51925802230835e-09
12.54	6.51925802230835e-09
12.55	6.51925802230835e-09
12.56	6.51925802230835e-09
12.57	6.51925802230835e-09
12.58	6.51925802230835e-09
12.59	6.51925802230835e-09
12.6	5.587935447692871e-09
12.61	5.587935447692871e-09
12.62	5.587935447692871e-09
12.63	5.587935447692871e-09
12.64	2.7939677238464355e-09
12.65	2.7939677238464355e-09
12.66	2.7939677238464355e-09
12.67	1.862645149230957e-09
12.68	1.862645149230957e-09
12.69	1.862645149230957e-09
12.7	1.862645149230957e-09
12.71	1.862645149230957e-09
12.72	1.862645149230957e-09
12.73	1.862645149230957e-09
12.74	1.862645149230957e-09
12.75	1.862645149230957e-09
12.76	1.862645149230957e-09
12.77	1.862645149230957e-09
12.78	1.862645149230957e-09
12.79	1.862645149230957e-09
12.8	1.862645149230957e-09
12.81	1.862645149230957e-09
12.82	1.862645149230957e-09
12.83	1.862645149230957e-09
12.84	1.862645149230957e-09
12.85	1.862645149230957e-09
12.86	1.862645149230957e-09
12.87	1.862645149230957e-09
12.88	1.862645149230957e-09
12.89	1.862645149230957e-09
12.9	1.862645149230957e-09
12.91	1.862645149230957e-09
12.92	1.862645149230957e-09
12.93	1.862645149230957e-09
12.94	1.862645149230957e-09
12.95	1.862645149230957e-09
12.96	1.862645149230957e-09
12.97	1.862645149230957e-09
12.98	1.862645149230957e-09
12.99	9.313225746154785e-10
13.0	9.313225746154785e-10
13.01	9.313225746154785e-10
13.02	9.313225746154785e-10
13.03	9.313225746154785e-10
13.04	9.313225746154785e-10
13.05	9.313225746154785e-10
13.06	9.313225746154785e-10
13.07	9.313225746154785e-10
13.08	9.313225746154785e-10
13.09	9.313225746154785e-10
13.1	9.313225746154785e-10
13.11	9.313225746154785e-10
13.12	9.313225746154785e-10
13.13	9.313225746154785e-10
13.14	9.313225746154785e-10
