5.53	0.0005016876384615898
5.54	0.000497281551361084
5.55	0.0004924163222312927
5.56	0.00048776157200336456
5.57	0.00048331357538700104
5.58	0.00047847721725702286
5.59	0.0004740199074149132
5.6	0.00046962033957242966
5.61	0.0004650196060538292
5.62	0.0004607895389199257
5.63	0.0004564644768834114
5.64	0.0004518982023000717
5.65	0.0004477696493268013
5.66	0.00044333748519420624
5.67	0.0004392964765429497
5.68	0.0004352796822786331
5.69	0.00043081212788820267
5.7	0.0004267469048500061
5.71	0.0004228595644235611
5.72	0.0004186369478702545
5.73	0.00041472818702459335
5.74	0.0004107002168893814
5.75	0.0004066908732056618
5.76	0.0004030391573905945
5.77	0.00039905961602926254
5.78	0.000395236536860466
5.79	0.00039151962846517563
5.8	0.0003876294940710068
5.81	0.0003839116543531418
5.82	0.00038049090653657913
5.83	0.00037659984081983566
5.84	0.000373118557035923
5.85	0.000369461253285408
5.86	0.00036572664976119995
5.87	0.00036235619336366653
5.88	0.0003588227555155754
5.89	0.00035531073808670044
5.9	0.0003520958125591278
5.91	0.00034857727587223053
5.92	0.0003451686352491379
5.93	0.0003419024869799614
5.94	0.00033825356513261795
5.95	0.00033504609018564224
5.96	0.00033187586814165115
5.97	0.00032845139503479004
5.98	0.0003254227340221405
5.99	0.0003221910446882248
6.0	0.0003188643604516983
6.01	0.00031585991382598877
6.02	0.00031274836510419846
6.03	0.0003095995634794235
6.04	0.00030675623565912247
6.05	0.000303429551422596
6.06	0.00030052103102207184
6.07	0.00029766745865345
6.08	0.00029443856328725815
6.09	0.0002917340025305748
6.1	0.00028884410858154297
6.11	0.00028592534363269806
6.12	0.0002832673490047455
6.13	0.0002803802490234375
6.14	0.0002773487940430641
6.15	0.00027474667876958847
6.16	0.0002718232572078705
6.17	0.00026921555399894714
6.18	0.00026661064475774765
6.19	0.0002636658027768135
6.2	0.00026121269911527634
6.21	0.00025864504277706146
6.22	0.0002559339627623558
6.23	0.0002534501254558563
6.24	0.00025091134011745453
6.25	0.0002482384443283081
6.26	0.0002459278330206871
6.27	0.00024332571774721146
6.28	0.00024087075144052505
6.29	0.00023854710161685944
6.3	0.0002360055223107338
6.31	0.0002337861806154251
6.32	0.00023145228624343872
6.33	0.00022895261645317078
6.34	0.00022674445062875748
6.35	0.0002244357019662857
6.36	0.00022199470549821854
6.37	0.0002199467271566391
6.38	0.00021761562675237656
6.39	0.00021536275744438171
6.4	0.0002132924273610115
6.41	0.00021103490144014359
6.42	0.00020889844745397568
6.43	0.00020685046911239624
6.44	0.00020451098680496216
6.45	0.00020253751426935196
6.46	0.00020051468163728714
6.47	0.00019833259284496307
6.48	0.00019641127437353134
6.49	0.00019438285380601883
6.5	0.00019227806478738785
6.51	0.00019041914492845535
6.52	0.000188400037586689
6.53	0.00018638651818037033
6.54	0.00018452666699886322
6.55	0.00018255878239870071
6.56	0.0001806933432817459
6.57	0.00017889868468046188
6.58	0.00017684977501630783
6.59	0.0001751687377691269
6.6	0.0001732734963297844
6.61	0.00017149560153484344
6.62	0.0001697540283203125
6.63	0.00016796495765447617
6.64	0.00016607530415058136
6.65	0.00016447808593511581
6.66	0.00016259588301181793
6.67	0.000160975381731987
6.68	0.0001593204215168953
6.69	0.00015762262046337128
6.7	0.00015598349273204803
6.71	0.00015433598309755325
6.72	0.00015258882194757462
6.73	0.00015109870582818985
6.74	0.00014938507229089737
6.75	0.00014785677194595337
6.76	0.00014634523540735245
6.77	0.0001447545364499092
6.78	0.0001432010903954506
6.79	0.0001417268067598343
6.8	0.00014009792357683182
6.81	0.0001387493684887886
6.82	0.00013724435120821
6.83	0.00013572443276643753
6.84	0.000134296715259552
6.85	0.00013284850865602493
6.86	0.0001313667744398117
6.87	0.00013007782399654388
6.88	0.0001285206526517868
6.89	0.0001272018998861313
6.9	0.00012586917728185654
6.91	0.00012442376464605331
6.92	0.00012310314923524857
6.93	0.0001218058168888092
6.94	0.0001204153522849083
6.95	0.00011919345706701279
6.96	0.00011788588017225266
6.97	0.00011659972369670868
6.98	0.00011537875980138779
6.99	0.00011407025158405304
7.0	0.00011278130114078522
7.01	0.00011164695024490356
7.02	0.00011032260954380035
7.03	0.00010917894542217255
7.04	0.0001080213114619255
7.05	0.00010676775127649307
7.06	0.00010566785931587219
7.07	0.00010452233254909515
7.08	0.00010324642062187195
7.09	0.00010217633098363876
7.1	0.00010098889470100403
7.11	9.98741015791893e-05
7.12	9.884312748908997e-05
7.13	9.769480675458908e-05
7.14	9.665358811616898e-05
7.15	9.560678154230118e-05
7.16	9.448640048503876e-05
7.17	9.350106120109558e-05
7.18	9.246449917554855e-05
7.19	9.136740118265152e-05
7.2	9.04398038983345e-05
7.21	8.937716484069824e-05
7.22	8.834060281515121e-05
7.23	8.741766214370728e-05
7.24	8.642300963401794e-05
7.25	8.551403880119324e-05
7.26	8.463207632303238e-05
7.27	8.359551429748535e-05
7.28	8.271448314189911e-05
7.29	8.174870163202286e-05
7.3	8.07521864771843e-05
7.31	7.99521803855896e-05
7.32	7.904134690761566e-05
7.33	7.811468094587326e-05
7.34	7.73109495639801e-05
7.35	7.636658847332001e-05
7.36	7.549673318862915e-05
7.37	7.469020783901215e-05
7.38	7.379520684480667e-05
7.39	7.296539843082428e-05
7.4	7.217749953269958e-05
7.41	7.124524563550949e-05
7.42	7.048808038234711e-05
7.43	6.962940096855164e-05
7.44	6.882846355438232e-05
7.45	6.811972707509995e-05
7.46	6.732437759637833e-05
7.47	6.649363785982132e-05
7.48	6.58063217997551e-05
7.49	6.500445306301117e-05
7.5	6.42482191324234e-05
7.51	6.351619958877563e-05
7.52	6.272643804550171e-05
7.53	6.207078695297241e-05
7.54	6.132107228040695e-05
7.55	6.054341793060303e-05
7.56	5.9909187257289886e-05
7.57	5.917903035879135e-05
7.58	5.84479421377182e-05
7.59	5.782861262559891e-05
7.6	5.7064928114414215e-05
7.61	5.6401826441287994e-05
7.62	5.5771321058273315e-05
7.63	5.509890615940094e-05
7.64	5.450006574392319e-05
7.65	5.3845345973968506e-05
7.66	5.317945033311844e-05
7.67	5.260296165943146e-05
7.68	5.1924027502536774e-05
7.69	5.131307989358902e-05
7.7	5.076918751001358e-05
7.71	5.014240741729736e-05
7.72	4.954542964696884e-05
7.73	4.899967461824417e-05
7.74	4.8352405428886414e-05
7.75	4.784297198057175e-05
7.76	4.727113991975784e-05
7.77	4.6698376536369324e-05
7.78	4.6166591346263885e-05
7.79	4.561711102724075e-05
7.8	4.5030377805233e-05
7.81	4.4547952711582184e-05
7.82	4.3973326683044434e-05
7.83	4.349648952484131e-05
7.84	4.3011270463466644e-05
7.85	4.2460858821868896e-05
7.86	4.194676876068115e-05
7.87	4.1464343667030334e-05
7.88	4.09269705414772e-05
7.89	4.043709486722946e-05
7.9	3.9975158870220184e-05
7.91	3.947131335735321e-05
7.92	3.903452306985855e-05
7.93	3.852974623441696e-05
7.94	3.804359585046768e-05
7.95	3.761705011129379e-05
7.96	3.7156976759433746e-05
7.97	3.670249134302139e-05
7.98	3.6279670894145966e-05
7.99	3.580469638109207e-05
8.0	3.5353004932403564e-05
8.01	3.492273390293121e-05
8.02	3.4471042454242706e-05
8.03	3.4100376069545746e-05
8.04	3.365054726600647e-05
8.05	3.323890268802643e-05
8.06	3.282446414232254e-05
8.07	3.2378360629081726e-05
8.08	3.199279308319092e-05
8.09	3.161095082759857e-05
8.1	3.118347376585007e-05
8.11	3.0841678380966187e-05
8.12	3.044772893190384e-05
8.13	3.0049122869968414e-05
8.14	2.9715709388256073e-05
8.15	2.928357571363449e-05
8.16	2.8925016522407532e-05
8.17	2.8602778911590576e-05
8.18	2.8207898139953613e-05
8.19	2.787914127111435e-05
8.2	2.7558766305446625e-05
8.21	2.7169473469257355e-05
8.22	2.685096114873886e-05
8.23	2.650916576385498e-05
8.24	2.6135705411434174e-05
8.25	2.5846995413303375e-05
8.26	2.5520101189613342e-05
8.27	2.519693225622177e-05
8.28	2.4937093257904053e-05
8.29	2.4572014808654785e-05
8.3	2.4284236133098602e-05
8.31	2.399459481239319e-05
8.32	2.367515116930008e-05
8.33	2.339296042919159e-05
8.34	2.3093074560165405e-05
8.35	2.275034785270691e-05
8.36	2.2503547370433807e-05
8.37	2.2188760340213776e-05
8.38	2.191215753555298e-05
8.39	2.1676532924175262e-05
8.4	2.1377578377723694e-05
8.41	2.110004425048828e-05
8.42	2.0888634026050568e-05
8.43	2.0589679479599e-05
8.44	2.0314007997512817e-05
8.45	2.0073726773262024e-05
8.46	1.9787810742855072e-05
8.47	1.9582919776439667e-05
8.48	1.9323080778121948e-05
8.49	1.9053928554058075e-05
8.5	1.8822960555553436e-05
8.51	1.856684684753418e-05
8.52	1.832190901041031e-05
8.53	1.8120743334293365e-05
8.54	1.7840415239334106e-05
8.55	1.7591752111911774e-05
8.56	1.7384067177772522e-05
8.57	1.7123296856880188e-05
8.58	1.6923993825912476e-05
8.59	1.67088583111763e-05
8.6	1.647789031267166e-05
8.61	1.629069447517395e-05
8.62	1.6071833670139313e-05
8.63	1.5847384929656982e-05
8.64	1.5672296285629272e-05
8.65	1.5409663319587708e-05
8.66	1.5215948224067688e-05
8.67	1.5064142644405365e-05
8.68	1.4823861420154572e-05
8.69	1.4639459550380707e-05
8.7	1.4440156519412994e-05
8.71	1.4223158359527588e-05
8.72	1.405365765094757e-05
8.73	1.3859942555427551e-05
8.74	1.3645738363265991e-05
8.75	1.3505108654499054e-05
8.76	1.3307668268680573e-05
8.77	1.3139098882675171e-05
8.78	1.2989155948162079e-05
8.79	1.2765638530254364e-05
8.8	1.2621283531188965e-05
8.81	1.2468546628952026e-05
8.82	1.2295320630073547e-05
8.83	1.214630901813507e-05
8.84	1.1976808309555054e-05
8.85	1.1788681149482727e-05
8.86	1.164991408586502e-05
8.87	1.1485069990158081e-05
8.88	1.1320225894451141e-05
8.89	1.119263470172882e-05
8.9	1.100543886423111e-05
8.91	1.0875985026359558e-05
8.92	1.0731630027294159e-05
8.93	1.0575167834758759e-05
8.94	1.043081283569336e-05
8.95	1.0295771062374115e-05
8.96	1.0132789611816406e-05
8.97	1.0038726031780243e-05
8.98	9.885057806968689e-06
8.99	9.743496775627136e-06
9.0	9.626150131225586e-06
9.01	9.472481906414032e-06
9.02	9.344890713691711e-06
9.03	9.23406332731247e-06
9.04	9.066425263881683e-06
9.05	8.950941264629364e-06
9.06	8.851289749145508e-06
9.07	8.71066004037857e-06
9.08	8.60169529914856e-06
9.09	8.477829396724701e-06
9.1	8.33999365568161e-06
9.11	8.259899914264679e-06
9.12	8.136965334415436e-06
9.13	8.028000593185425e-06
9.14	7.936730980873108e-06
9.15	7.789582014083862e-06
9.16	7.688067853450775e-06
9.17	7.607974112033844e-06
9.18	7.468275725841522e-06
9.19	7.391907274723053e-06
9.2	7.2820112109184265e-06
9.21	7.163733243942261e-06
9.22	7.081776857376099e-06
9.23	6.96815550327301e-06
9.24	6.857328116893768e-06
9.25	6.790272891521454e-06
9.26	6.684102118015289e-06
9.27	6.602145731449127e-06
9.28	6.508082151412964e-06
9.29	6.380490958690643e-06
9.3	6.314367055892944e-06
9.31	6.227754056453705e-06
9.32	6.1355531215667725e-06
9.33	6.070360541343689e-06
9.34	5.961395800113678e-06
9.35	5.864538252353668e-06
9.36	5.797483026981354e-06
9.37	5.695968866348267e-06
9.38	5.6140124797821045e-06
9.39	5.5460259318351746e-06
9.4	5.454756319522858e-06
9.41	5.385838449001312e-06
9.42	5.304813385009766e-06
9.43	5.206093192100525e-06
9.44	5.149282515048981e-06
9.45	5.065463483333588e-06
9.46	4.996545612812042e-06
9.47	4.939734935760498e-06
9.48	4.834495484828949e-06
9.49	4.756264388561249e-06
9.5	4.707835614681244e-06
9.51	4.60352748632431e-06
9.52	4.5532360672950745e-06
9.53	4.492700099945068e-06
9.54	4.396773874759674e-06
9.55	4.347413778305054e-06
9.56	4.298053681850433e-06
9.57	4.211440682411194e-06
9.58	4.168599843978882e-06
9.59	4.08664345741272e-06
9.6	4.024244844913483e-06
9.61	3.987923264503479e-06
9.62	3.906898200511932e-06
9.63	3.852881491184235e-06
9.64	3.814697265625e-06
9.65	3.730878233909607e-06
9.66	3.6926940083503723e-06
9.67	3.637745976448059e-06
9.68	3.56137752532959e-06
9.69	3.5213306546211243e-06
9.7	3.46451997756958e-06
9.71	3.3993273973464966e-06
9.72	3.3704563975334167e-06
9.73	3.296881914138794e-06
9.74	3.2512471079826355e-06
9.75	3.2223761081695557e-06
9.76	3.164634108543396e-06
9.77	3.1320378184318542e-06
9.78	3.0882656574249268e-06
9.79	3.018416464328766e-06
9.8	2.9923394322395325e-06
9.81	2.946704626083374e-06
9.82	2.8945505619049072e-06
9.83	2.86102294921875e-06
9.84	2.8051435947418213e-06
9.85	2.759508788585663e-06
9.86	2.7315691113471985e-06
9.87	2.6766210794448853e-06
9.88	2.6347115635871887e-06
9.89	2.602115273475647e-06
9.9	2.5508925318717957e-06
9.91	2.518296241760254e-06
9.92	2.4810433387756348e-06
9.93	2.423301339149475e-06
9.94	2.4084001779556274e-06
9.95	2.3692846298217773e-06
9.96	2.3311004042625427e-06
9.97	2.3012980818748474e-06
9.98	2.2444874048233032e-06
9.99	2.2063031792640686e-06
10.0	2.1867454051971436e-06
10.01	2.129003405570984e-06
10.02	2.105720341205597e-06
10.03	2.0796433091163635e-06
10.04	2.0209699869155884e-06
10.05	2.000480890274048e-06
10.06	1.966021955013275e-06
10.07	1.921318471431732e-06
10.08	1.8998980522155762e-06
10.09	1.86823308467865e-06
10.1	1.8291175365447998e-06
10.11	1.816079020500183e-06
10.12	1.7695128917694092e-06
10.13	1.7471611499786377e-06
10.14	1.7210841178894043e-06
10.15	1.6828998923301697e-06
10.16	1.6614794731140137e-06
10.17	1.6326084733009338e-06
10.18	1.5879049897193909e-06
10.19	1.5730038285255432e-06
10.2	1.5459954738616943e-06
10.21	1.5133991837501526e-06
10.22	1.4975666999816895e-06
10.23	1.4621764421463013e-06
10.24	1.4379620552062988e-06
10.25	1.4174729585647583e-06
10.26	1.391395926475525e-06
10.27	1.3802200555801392e-06
10.28	1.3578683137893677e-06
10.29	1.3262033462524414e-06
10.3	1.3113021850585938e-06
10.31	1.282431185245514e-06
10.32	1.257285475730896e-06
10.33	1.2489035725593567e-06
10.34	1.2218952178955078e-06
10.35	1.2023374438285828e-06
10.36	1.1865049600601196e-06
10.37	1.1557713150978088e-06
10.38	1.1380761861801147e-06
10.39	1.1203810572624207e-06
10.4	1.0952353477478027e-06
10.41	1.085922122001648e-06
10.42	1.064501702785492e-06
10.43	1.041218638420105e-06
10.44	1.0328367352485657e-06
10.45	1.0067597031593323e-06
10.46	9.862706065177917e-07
10.47	9.806826710700989e-07
10.48	9.55536961555481e-07
10.49	9.387731552124023e-07
10.5	9.294599294662476e-07
10.51	8.987262845039368e-07
10.52	8.847564458847046e-07
10.53	8.745118975639343e-07
10.54	8.521601557731628e-07
10.55	8.437782526016235e-07
10.56	8.23289155960083e-07
10.57	8.046627044677734e-07
10.58	7.981434464454651e-07
10.59	7.795169949531555e-07
10.6	7.627531886100769e-07
10.61	7.580965757369995e-07
10.62	7.301568984985352e-07
10.63	7.208436727523804e-07
10.64	7.14324414730072e-07
10.65	6.845220923423767e-07
10.66	6.770715117454529e-07
10.67	6.640329957008362e-07
10.68	6.463378667831421e-07
10.69	6.416812539100647e-07
10.7	6.277114152908325e-07
10.71	6.081536412239075e-07
10.72	6.044283509254456e-07
10.73	5.85801899433136e-07
10.74	5.783513188362122e-07
10.75	5.709007382392883e-07
10.76	5.559995770454407e-07
10.77	5.494803190231323e-07
10.78	5.383044481277466e-07
10.79	5.243346095085144e-07
10.8	5.178153514862061e-07
10.81	5.019828677177429e-07
10.82	4.945322871208191e-07
10.83	4.908069968223572e-07
10.84	4.7497451305389404e-07
10.85	4.628673195838928e-07
10.86	4.55416738986969e-07
10.87	4.3958425521850586e-07
10.88	4.367902874946594e-07
10.89	4.3120235204696655e-07
10.9	4.209578037261963e-07
10.91	4.153698682785034e-07
10.92	4.079192876815796e-07
10.93	3.9674341678619385e-07
10.94	3.9301812648773193e-07
10.95	3.818422555923462e-07
10.96	3.7066638469696045e-07
10.97	3.6973506212234497e-07
10.98	3.5762786865234375e-07
10.99	3.5297125577926636e-07
11.0	3.473833203315735e-07
11.01	3.334134817123413e-07
11.02	3.2782554626464844e-07
11.03	3.25031578540802e-07
11.04	3.119930624961853e-07
11.05	3.0919909477233887e-07
11.06	3.0081719160079956e-07
11.07	2.9336661100387573e-07
11.08	2.9336661100387573e-07
11.09	2.8219074010849e-07
11.1	2.7567148208618164e-07
11.11	2.7474015951156616e-07
11.12	2.635642886161804e-07
11.13	2.60770320892334e-07
11.14	2.5890767574310303e-07
11.15	2.4121254682540894e-07
11.16	2.4028122425079346e-07
11.17	2.3748725652694702e-07
11.18	2.2817403078079224e-07
11.19	2.2724270820617676e-07
11.2	2.1979212760925293e-07
11.21	2.123415470123291e-07
11.22	2.1047890186309814e-07
11.23	2.0582228899002075e-07
11.24	2.0116567611694336e-07
11.25	1.993030309677124e-07
11.26	1.909211277961731e-07
11.27	1.8998980522155762e-07
11.28	1.8347054719924927e-07
11.29	1.7695128917694092e-07
11.3	1.7601996660232544e-07
11.31	1.7136335372924805e-07
11.32	1.6670674085617065e-07
11.33	1.6391277313232422e-07
11.34	1.564621925354004e-07
11.35	1.5087425708770752e-07
11.36	1.4994293451309204e-07
11.37	1.4528632164001465e-07
11.38	1.434236764907837e-07
11.39	1.3969838619232178e-07
11.4	1.3504177331924438e-07
11.41	1.3317912817001343e-07
11.42	1.30385160446167e-07
11.43	1.2665987014770508e-07
11.44	1.2479722499847412e-07
11.45	1.210719347000122e-07
11.46	1.1734664440155029e-07
11.47	1.1641532182693481e-07
11.48	1.1082738637924194e-07
11.49	1.0896474123001099e-07
11.5	1.0710209608078003e-07
11.51	1.0151416063308716e-07
11.52	9.872019290924072e-08
11.53	9.778887033462524e-08
11.54	9.12696123123169e-08
11.55	9.12696123123169e-08
11.56	8.940696716308594e-08
11.57	8.568167686462402e-08
11.58	8.568167686462402e-08
11.59	8.009374141693115e-08
11.6	7.82310962677002e-08
11.61	7.729977369308472e-08
11.62	7.636845111846924e-08
11.63	7.543712854385376e-08
11.64	7.35744833946228e-08
11.65	6.705522537231445e-08
11.66	6.705522537231445e-08
11.67	6.612390279769897e-08
11.68	6.426125764846802e-08
11.69	6.426125764846802e-08
11.7	6.05359673500061e-08
11.71	5.960464477539063e-08
11.72	5.960464477539063e-08
11.73	5.681067705154419e-08
11.74	5.494803190231323e-08
11.75	5.4016709327697754e-08
11.76	5.3085386753082275e-08
11.77	5.3085386753082275e-08
11.78	5.122274160385132e-08
11.79	4.7497451305389404e-08
11.8	4.6566128730773926e-08
11.81	4.470348358154297e-08
11.82	4.470348358154297e-08
11.83	4.377216100692749e-08
11.84	4.284083843231201e-08
11.85	3.91155481338501e-08
11.86	3.91155481338501e-08
11.87	3.725290298461914e-08
11.88	3.725290298461914e-08
11.89	3.5390257835388184e-08
11.9	3.5390257835388184e-08
11.91	3.4458935260772705e-08
11.92	3.259629011154175e-08
11.93	3.073364496231079e-08
11.94	3.073364496231079e-08
11.95	2.8870999813079834e-08
11.96	2.8870999813079834e-08
11.97	2.8870999813079834e-08
11.98	2.514570951461792e-08
11.99	2.3283064365386963e-08
12.0	2.3283064365386963e-08
12.01	2.1420419216156006e-08
12.02	2.1420419216156006e-08
12.03	2.0489096641540527e-08
12.04	1.955777406692505e-08
12.05	1.862645149230957e-08
12.06	1.862645149230957e-08
12.07	1.6763806343078613e-08
12.08	1.6763806343078613e-08
12.09	1.4901161193847656e-08
12.1	1.4901161193847656e-08
12.11	1.4901161193847656e-08
12.12	1.3969838619232178e-08
12.13	1.30385160446167e-08
12.14	1.30385160446167e-08
12.15	1.1175870895385742e-08
12.16	1.1175870895385742e-08
12.17	1.1175870895385742e-08
12.18	1.0244548320770264e-08
12.19	1.0244548320770264e-08
12.2	9.313225746154785e-09
12.21	9.313225746154785e-09
12.22	9.313225746154785e-09
12.23	8.381903171539307e-09
12.24	8.381903171539307e-09
12.25	8.381903171539307e-09
12.26	8.381903171539307e-09
12.27	8.381903171539307e-09
12.28	8.381903171539307e-09
12.29	6.51925802230835e-09
12.3	6.51925802230835e-09
12.31	6.51925802230835e-09
12.32	6.51925802230835e-09
12.33	6.51925802230835e-09
12.34	6.51925802230835e-09
12.35	5.587935447692871e-09
12.36	5.587935447692871e-09
12.37	5.587935447692871e-09
12.38	5.587935447692871e-09
12.39	5.587935447692871e-09
12.4	5.587935447692871e-09
12.41	5.587935447692871e-09
12.42	4.6566128730773926e-09
12.43	4.6566128730773926e-09
12.44	4.6566128730773926e-09
12.45	4.6566128730773926e-09
12.46	4.6566128730773926e-09
12.47	4.6566128730773926e-09
12.48	2.7939677238464355e-09
12.49	2.7939677238464355e-09
12.5	2.7939677238464355e-09
12.51	2.7939677238464355e-09
12.52	2.7939677238464355e-09
12.53	2.7939677238464355e-09
12.54	1.862645149230957e-09
12.55	1.862645149230957e-09
12.56	1.862645149230957e-09
12.57	1.862645149230957e-09
12.58	1.862645149230957e-09
12.59	1.862645149230957e-09
12.6	1.862645149230957e-09
12.61	1.862645149230957e-09
12.62	9.313225746154785e-10
12.63	9.313225746154785e-10
12.64	9.313225746154785e-10
12.65	9.313225746154785e-10
12.66	9.313225746154785e-10
12.67	9.313225746154785e-10
12.68	0.0
