5.65	0.00054931640625
5.66	0.000499725341796875
5.67	0.000499725341796875
5.68	0.000492095947265625
5.69	0.00048828125
5.7	0.00048828125
5.71	0.00048828125
5.72	0.00048065185546875
5.73	0.00048065185546875
5.74	0.000476837158203125
5.75	0.000476837158203125
5.76	0.000476837158203125
5.77	0.000469207763671875
5.78	0.000469207763671875
5.79	0.00046539306640625
5.8	0.00046539306640625
5.81	0.0004119873046875
5.82	0.0004119873046875
5.83	0.0004119873046875
5.84	0.000408172607421875
5.85	0.00040435791015625
5.86	0.00040435791015625
5.87	0.00040435791015625
5.88	0.00038909912109375
5.89	0.00038909912109375
5.9	0.00038909912109375
5.91	0.00038909912109375
5.92	0.00038909912109375
5.93	0.000385284423828125
5.94	0.0003814697265625
5.95	0.0003814697265625
5.96	0.0003814697265625
5.97	0.00037384033203125
5.98	0.00037384033203125
5.99	0.0003662109375
6.0	0.0003662109375
6.01	0.000362396240234375
6.02	0.000316619873046875
6.03	0.000308990478515625
6.04	0.000308990478515625
6.05	0.000308990478515625
6.06	0.000308990478515625
6.07	0.000308990478515625
6.08	0.000301361083984375
6.09	0.000301361083984375
6.1	0.000301361083984375
6.11	0.000301361083984375
6.12	0.000301361083984375
6.13	0.00029754638671875
6.14	0.000293731689453125
6.15	0.000293731689453125
6.16	0.000293731689453125
6.17	0.000286102294921875
6.18	0.000286102294921875
6.19	0.000286102294921875
6.2	0.000286102294921875
6.21	0.000278472900390625
6.22	0.000278472900390625
6.23	0.000263214111328125
6.24	0.000263214111328125
6.25	0.000263214111328125
6.26	0.000263214111328125
6.27	0.000263214111328125
6.28	0.000263214111328125
6.29	0.0002593994140625
6.3	0.000255584716796875
6.31	0.000247955322265625
6.32	0.000247955322265625
6.33	0.000247955322265625
6.34	0.000247955322265625
6.35	0.000240325927734375
6.36	0.00023651123046875
6.37	0.00023651123046875
6.38	0.00023651123046875
6.39	0.00023651123046875
6.4	0.00023651123046875
6.41	0.000232696533203125
6.42	0.0002288818359375
6.43	0.00022125244140625
6.44	0.000217437744140625
6.45	0.000217437744140625
6.46	0.000217437744140625
6.47	0.000217437744140625
6.48	0.000217437744140625
6.49	0.000217437744140625
6.5	0.000217437744140625
6.51	0.000209808349609375
6.52	0.000209808349609375
6.53	0.00020599365234375
6.54	0.00020599365234375
6.55	0.00020599365234375
6.56	0.000202178955078125
6.57	0.000202178955078125
6.58	0.0001983642578125
6.59	0.0001983642578125
6.6	0.0001983642578125
6.61	0.0001983642578125
6.62	0.000194549560546875
6.63	0.000194549560546875
6.64	0.00019073486328125
6.65	0.000186920166015625
6.66	0.000186920166015625
6.67	0.000179290771484375
6.68	0.000171661376953125
6.69	0.000171661376953125
6.7	0.000171661376953125
6.71	0.000171661376953125
6.72	0.000171661376953125
6.73	0.0001678466796875
6.74	0.0001678466796875
6.75	0.0001678466796875
6.76	0.0001678466796875
6.77	0.0001678466796875
6.78	0.000164031982421875
6.79	0.000164031982421875
6.8	0.00016021728515625
6.81	0.000156402587890625
6.82	0.000156402587890625
6.83	0.000156402587890625
6.84	0.000156402587890625
6.85	0.000156402587890625
6.86	0.000156402587890625
6.87	0.000148773193359375
6.88	0.000148773193359375
6.89	0.00014495849609375
6.9	0.00014495849609375
6.91	0.00014495849609375
6.92	0.00014495849609375
6.93	0.00014495849609375
6.94	0.000141143798828125
6.95	0.000141143798828125
6.96	0.000141143798828125
6.97	0.000141143798828125
6.98	0.000141143798828125
6.99	0.000141143798828125
7.0	0.000133514404296875
7.01	0.000133514404296875
7.02	0.000133514404296875
7.03	0.000133514404296875
7.04	0.000125885009765625
7.05	0.000125885009765625
7.06	0.000125885009765625
7.07	0.000125885009765625
7.08	0.000125885009765625
7.09	0.0001220703125
7.1	0.0001220703125
7.11	0.0001220703125
7.12	0.0001220703125
7.13	0.0001220703125
7.14	0.000118255615234375
7.15	0.000118255615234375
7.16	0.000118255615234375
7.17	0.00011444091796875
7.18	0.00011444091796875
7.19	0.00011444091796875
7.2	0.000110626220703125
7.21	0.000110626220703125
7.22	0.000110626220703125
7.23	0.000110626220703125
7.24	0.000110626220703125
7.25	0.0001068115234375
7.26	0.0001068115234375
7.27	9.918212890625e-05
7.28	9.918212890625e-05
7.29	9.918212890625e-05
7.3	9.918212890625e-05
7.31	9.918212890625e-05
7.32	9.918212890625e-05
7.33	9.918212890625e-05
7.34	9.918212890625e-05
7.35	9.918212890625e-05
7.36	9.918212890625e-05
7.37	9.5367431640625e-05
7.38	9.5367431640625e-05
7.39	9.5367431640625e-05
7.4	9.1552734375e-05
7.41	9.1552734375e-05
7.42	9.1552734375e-05
7.43	9.1552734375e-05
7.44	9.1552734375e-05
7.45	8.7738037109375e-05
7.46	8.7738037109375e-05
7.47	8.0108642578125e-05
7.48	8.0108642578125e-05
7.49	8.0108642578125e-05
7.5	8.0108642578125e-05
7.51	8.0108642578125e-05
7.52	8.0108642578125e-05
7.53	8.0108642578125e-05
7.54	8.0108642578125e-05
7.55	8.0108642578125e-05
7.56	8.0108642578125e-05
7.57	8.0108642578125e-05
7.58	8.0108642578125e-05
7.59	8.0108642578125e-05
7.6	7.62939453125e-05
7.61	7.2479248046875e-05
7.62	7.2479248046875e-05
7.63	6.4849853515625e-05
7.64	6.4849853515625e-05
7.65	6.4849853515625e-05
7.66	6.4849853515625e-05
7.67	6.4849853515625e-05
7.68	6.4849853515625e-05
7.69	6.4849853515625e-05
7.7	6.4849853515625e-05
7.71	6.4849853515625e-05
7.72	6.4849853515625e-05
7.73	6.4849853515625e-05
7.74	6.4849853515625e-05
7.75	6.4849853515625e-05
7.76	6.103515625e-05
7.77	6.103515625e-05
7.78	6.103515625e-05
7.79	6.103515625e-05
7.8	6.103515625e-05
7.81	5.7220458984375e-05
7.82	5.7220458984375e-05
7.83	4.9591064453125e-05
7.84	4.9591064453125e-05
7.85	4.9591064453125e-05
7.86	4.9591064453125e-05
7.87	4.9591064453125e-05
7.88	4.9591064453125e-05
7.89	4.9591064453125e-05
7.9	4.9591064453125e-05
7.91	4.9591064453125e-05
7.92	4.9591064453125e-05
7.93	4.9591064453125e-05
7.94	4.9591064453125e-05
7.95	4.9591064453125e-05
7.96	4.1961669921875e-05
7.97	4.1961669921875e-05
7.98	4.1961669921875e-05
7.99	4.1961669921875e-05
8.0	4.1961669921875e-05
8.01	4.1961669921875e-05
8.02	4.1961669921875e-05
8.03	4.1961669921875e-05
8.04	3.814697265625e-05
8.05	3.814697265625e-05
8.06	3.814697265625e-05
8.07	3.814697265625e-05
8.08	3.814697265625e-05
8.09	3.814697265625e-05
8.1	3.814697265625e-05
8.11	3.814697265625e-05
8.12	3.814697265625e-05
8.13	3.814697265625e-05
8.14	3.814697265625e-05
8.15	3.814697265625e-05
8.16	3.4332275390625e-05
8.17	3.4332275390625e-05
8.18	3.4332275390625e-05
8.19	3.4332275390625e-05
8.2	3.4332275390625e-05
8.21	3.4332275390625e-05
8.22	3.4332275390625e-05
8.23	3.4332275390625e-05
8.24	3.0517578125e-05
8.25	3.0517578125e-05
8.26	3.0517578125e-05
8.27	3.0517578125e-05
8.28	3.0517578125e-05
8.29	3.0517578125e-05
8.3	3.0517578125e-05
8.31	3.0517578125e-05
8.32	3.0517578125e-05
8.33	3.0517578125e-05
8.34	3.0517578125e-05
8.35	3.0517578125e-05
8.36	3.0517578125e-05
8.37	3.0517578125e-05
8.38	3.0517578125e-05
8.39	2.6702880859375e-05
8.4	2.6702880859375e-05
8.41	2.288818359375e-05
8.42	2.288818359375e-05
8.43	2.288818359375e-05
8.44	2.288818359375e-05
8.45	2.288818359375e-05
8.46	2.288818359375e-05
8.47	2.288818359375e-05
8.48	2.288818359375e-05
8.49	2.288818359375e-05
8.5	2.288818359375e-05
8.51	2.288818359375e-05
8.52	2.288818359375e-05
8.53	2.288818359375e-05
8.54	2.288818359375e-05
8.55	2.288818359375e-05
8.56	2.288818359375e-05
8.57	2.288818359375e-05
8.58	2.288818359375e-05
8.59	2.288818359375e-05
8.6	1.9073486328125e-05
8.61	1.9073486328125e-05
8.62	1.9073486328125e-05
8.63	1.9073486328125e-05
8.64	1.9073486328125e-05
8.65	1.9073486328125e-05
8.66	1.9073486328125e-05
8.67	1.9073486328125e-05
8.68	1.9073486328125e-05
8.69	1.9073486328125e-05
8.7	1.9073486328125e-05
8.71	1.9073486328125e-05
8.72	1.9073486328125e-05
8.73	1.9073486328125e-05
8.74	1.9073486328125e-05
8.75	1.9073486328125e-05
8.76	1.9073486328125e-05
8.77	1.52587890625e-05
8.78	1.52587890625e-05
8.79	1.52587890625e-05
8.8	1.52587890625e-05
8.81	1.52587890625e-05
8.82	1.52587890625e-05
8.83	1.52587890625e-05
8.84	1.52587890625e-05
8.85	1.52587890625e-05
8.86	1.52587890625e-05
8.87	1.52587890625e-05
8.88	1.52587890625e-05
8.89	1.52587890625e-05
8.9	1.52587890625e-05
8.91	1.52587890625e-05
8.92	1.52587890625e-05
8.93	1.52587890625e-05
8.94	1.52587890625e-05
8.95	1.52587890625e-05
8.96	1.52587890625e-05
8.97	1.52587890625e-05
8.98	1.52587890625e-05
8.99	1.52587890625e-05
9.0	1.1444091796875e-05
9.01	1.1444091796875e-05
9.02	1.1444091796875e-05
9.03	1.1444091796875e-05
9.04	1.1444091796875e-05
9.05	1.1444091796875e-05
9.06	1.1444091796875e-05
9.07	1.1444091796875e-05
9.08	1.1444091796875e-05
9.09	1.1444091796875e-05
9.1	1.1444091796875e-05
9.11	1.1444091796875e-05
9.12	1.1444091796875e-05
9.13	1.1444091796875e-05
9.14	1.1444091796875e-05
9.15	1.1444091796875e-05
9.16	1.1444091796875e-05
9.17	1.1444091796875e-05
9.18	1.1444091796875e-05
9.19	1.1444091796875e-05
9.2	7.62939453125e-06
9.21	7.62939453125e-06
9.22	7.62939453125e-06
9.23	7.62939453125e-06
9.24	7.62939453125e-06
9.25	7.62939453125e-06
9.26	7.62939453125e-06
9.27	7.62939453125e-06
9.28	7.62939453125e-06
9.29	7.62939453125e-06
9.3	7.62939453125e-06
9.31	7.62939453125e-06
9.32	7.62939453125e-06
9.33	7.62939453125e-06
9.34	7.62939453125e-06
9.35	7.62939453125e-06
9.36	3.814697265625e-06
9.37	3.814697265625e-06
9.38	3.814697265625e-06
9.39	3.814697265625e-06
9.4	3.814697265625e-06
9.41	3.814697265625e-06
9.42	3.814697265625e-06
9.43	3.814697265625e-06
9.44	3.814697265625e-06
9.45	3.814697265625e-06
9.46	3.814697265625e-06
9.47	3.814697265625e-06
9.48	3.814697265625e-06
9.49	3.814697265625e-06
9.5	3.814697265625e-06
9.51	3.814697265625e-06
9.52	3.814697265625e-06
9.53	3.814697265625e-06
9.54	3.814697265625e-06
9.55	3.814697265625e-06
9.56	0.0
