5.38	0.0005002617835998535
5.39	0.000498354434967041
5.4	0.0004982352256774902
5.41	0.0004982352256774902
5.42	0.00046509504318237305
5.43	0.0004627108573913574
5.44	0.0004622936248779297
5.45	0.00045478343963623047
5.46	0.0004547238349914551
5.47	0.0004547238349914551
5.48	0.000451505184173584
5.49	0.0004418492317199707
5.5	0.00043904781341552734
5.51	0.00043904781341552734
5.52	0.00043785572052001953
5.53	0.0004124641418457031
5.54	0.00040924549102783203
5.55	0.00039637088775634766
5.56	0.0003949403762817383
5.57	0.0003917217254638672
5.58	0.0003917217254638672
5.59	0.0003911256790161133
5.6	0.00038361549377441406
5.61	0.00038361549377441406
5.62	0.00038361549377441406
5.63	0.0003820061683654785
5.64	0.00037729740142822266
5.65	0.00037729740142822266
5.66	0.00034672021865844727
5.67	0.00034552812576293945
5.68	0.00034552812576293945
5.69	0.0003451704978942871
5.7	0.0003380775451660156
5.71	0.0003380775451660156
5.72	0.00033801794052124023
5.73	0.00033158063888549805
5.74	0.00032711029052734375
5.75	0.0003269314765930176
5.76	0.0003172755241394043
5.77	0.00031173229217529297
5.78	0.0003116726875305176
5.79	0.0003116726875305176
5.8	0.00031048059463500977
5.81	0.0003018975257873535
5.82	0.000301361083984375
5.83	0.00030028820037841797
5.84	0.00029796361923217773
5.85	0.00029718875885009766
5.86	0.00029718875885009766
5.87	0.0002810359001159668
5.88	0.0002796649932861328
5.89	0.0002764463424682617
5.9	0.0002760887145996094
5.91	0.00027102231979370117
5.92	0.00027102231979370117
5.93	0.00027102231979370117
5.94	0.00027102231979370117
5.95	0.0002688765525817871
5.96	0.00026863813400268555
5.97	0.0002682805061340332
5.98	0.00026416778564453125
5.99	0.0002639889717102051
6.0	0.0002639889717102051
6.01	0.00025665760040283203
6.02	0.0002561807632446289
6.03	0.0002561807632446289
6.04	0.0002549886703491211
6.05	0.0002549886703491211
6.06	0.0002543330192565918
6.07	0.0002543330192565918
6.08	0.00025075674057006836
6.09	0.0002499222755432129
6.1	0.0002499222755432129
6.11	0.00024968385696411133
6.12	0.000245511531829834
6.13	0.000245511531829834
6.14	0.0002422928810119629
6.15	0.00024056434631347656
6.16	0.00023984909057617188
6.17	0.00023984909057617188
6.18	0.00023949146270751953
6.19	0.0002390742301940918
6.2	0.0002390742301940918
6.21	0.00023871660232543945
6.22	0.00023156404495239258
6.23	0.0002313852310180664
6.24	0.00023102760314941406
6.25	0.00022977590560913086
6.26	0.0002294778823852539
6.27	0.0002294778823852539
6.28	0.00022518634796142578
6.29	0.00022482872009277344
6.3	0.00022482872009277344
6.31	0.00022482872009277344
6.32	0.00022470951080322266
6.33	0.00022411346435546875
6.34	0.00022411346435546875
6.35	0.00022089481353759766
6.36	0.00021964311599731445
6.37	0.00021851062774658203
6.38	0.00021845102310180664
6.39	0.00019097328186035156
6.4	0.00019097328186035156
6.41	0.00019097328186035156
6.42	0.00019097328186035156
6.43	0.0001869797706604004
6.44	0.0001869797706604004
6.45	0.0001869797706604004
6.46	0.00018358230590820312
6.47	0.00017637014389038086
6.48	0.0001761913299560547
6.49	0.00017189979553222656
6.5	0.00017142295837402344
6.51	0.00017142295837402344
6.52	0.00017142295837402344
6.53	0.0001710057258605957
6.54	0.00016671419143676758
6.55	0.00016671419143676758
6.56	0.00016313791275024414
6.57	0.0001608729362487793
6.58	0.0001608133316040039
6.59	0.0001608133316040039
6.6	0.00015747547149658203
6.61	0.00015729665756225586
6.62	0.00015729665756225586
6.63	0.00015652179718017578
6.64	0.00015217065811157227
6.65	0.00015205144882202148
6.66	0.00015205144882202148
6.67	0.0001488327980041504
6.68	0.0001481175422668457
6.69	0.0001480579376220703
6.7	0.00014698505401611328
6.71	0.0001429915428161621
6.72	0.0001429915428161621
6.73	0.0001429915428161621
6.74	0.0001323223114013672
6.75	0.0001323223114013672
6.76	0.00013214349746704102
6.77	0.00013214349746704102
6.78	0.00013148784637451172
6.79	0.0001308917999267578
6.8	0.0001308917999267578
6.81	0.00012499094009399414
6.82	0.0001246333122253418
6.83	0.0001246333122253418
6.84	0.00012421607971191406
6.85	0.0001176595687866211
6.86	0.0001176595687866211
6.87	0.00011444091796875
6.88	0.0001112222671508789
6.89	0.00010961294174194336
6.9	0.00010961294174194336
6.91	0.00010943412780761719
6.92	0.00010836124420166016
6.93	0.00010836124420166016
6.94	0.00010800361633300781
6.95	0.00010383129119873047
6.96	0.00010377168655395508
6.97	0.00010377168655395508
6.98	0.0001036524772644043
6.99	0.00010311603546142578
7.0	0.00010287761688232422
7.01	0.00010180473327636719
7.02	0.00010126829147338867
7.03	0.00010120868682861328
7.04	0.00010120868682861328
7.05	0.00010120868682861328
7.06	0.00010019540786743164
7.07	0.00010019540786743164
7.08	9.66191291809082e-05
7.09	9.620189666748047e-05
7.1	9.60230827331543e-05
7.11	9.60230827331543e-05
7.12	9.59634780883789e-05
7.13	9.560585021972656e-05
7.14	9.560585021972656e-05
7.15	9.542703628540039e-05
7.16	9.459257125854492e-05
7.17	9.453296661376953e-05
7.18	9.447336196899414e-05
7.19	9.036064147949219e-05
7.2	9.036064147949219e-05
7.21	9.036064147949219e-05
7.22	8.875131607055664e-05
7.23	8.857250213623047e-05
7.24	8.857250213623047e-05
7.25	8.857250213623047e-05
7.26	8.851289749145508e-05
7.27	8.797645568847656e-05
7.28	8.797645568847656e-05
7.29	8.475780487060547e-05
7.3	8.422136306762695e-05
7.31	8.422136306762695e-05
7.32	8.100271224975586e-05
7.33	8.100271224975586e-05
7.34	8.100271224975586e-05
7.35	8.100271224975586e-05
7.36	8.028745651245117e-05
7.37	8.028745651245117e-05
7.38	8.028745651245117e-05
7.39	8.028745651245117e-05
7.4	7.975101470947266e-05
7.41	7.635354995727539e-05
7.42	7.617473602294922e-05
7.43	7.474422454833984e-05
7.44	7.462501525878906e-05
7.45	7.462501525878906e-05
7.46	7.462501525878906e-05
7.47	7.432699203491211e-05
7.48	7.432699203491211e-05
7.49	7.432699203491211e-05
7.5	7.426738739013672e-05
7.51	7.390975952148438e-05
7.52	7.390975952148438e-05
7.53	7.069110870361328e-05
7.54	6.872415542602539e-05
7.55	6.866455078125e-05
7.56	6.866455078125e-05
7.57	6.824731826782227e-05
7.58	6.502866744995117e-05
7.59	6.496906280517578e-05
7.6	6.496906280517578e-05
7.61	6.139278411865234e-05
7.62	6.109476089477539e-05
7.63	6.109476089477539e-05
7.64	6.073713302612305e-05
7.65	6.014108657836914e-05
7.66	6.014108657836914e-05
7.67	5.996227264404297e-05
7.68	5.537271499633789e-05
7.69	5.501508712768555e-05
7.7	5.501508712768555e-05
7.71	5.501508712768555e-05
7.72	5.4955482482910156e-05
7.73	5.4776668548583984e-05
7.74	5.155801773071289e-05
7.75	5.0187110900878906e-05
7.76	5.0127506256103516e-05
7.77	5.0127506256103516e-05
7.78	4.9591064453125e-05
7.79	4.953145980834961e-05
7.8	4.953145980834961e-05
7.81	4.953145980834961e-05
7.82	4.9173831939697266e-05
7.83	4.887580871582031e-05
7.84	4.887580871582031e-05
7.85	4.565715789794922e-05
7.86	4.51207160949707e-05
7.87	4.51207160949707e-05
7.88	4.476308822631836e-05
7.89	4.4286251068115234e-05
7.9	4.4286251068115234e-05
7.91	4.4226646423339844e-05
7.92	4.4226646423339844e-05
7.93	4.309415817260742e-05
7.94	4.309415817260742e-05
7.95	4.309415817260742e-05
7.96	4.2557716369628906e-05
7.97	4.2557716369628906e-05
7.98	4.2557716369628906e-05
7.99	4.2378902435302734e-05
8.0	4.214048385620117e-05
8.01	4.214048385620117e-05
8.02	4.172325134277344e-05
8.03	4.1484832763671875e-05
8.04	4.1484832763671875e-05
8.05	3.826618194580078e-05
8.06	3.826618194580078e-05
8.07	3.808736801147461e-05
8.08	3.808736801147461e-05
8.09	3.808736801147461e-05
8.1	3.7670135498046875e-05
8.11	3.7670135498046875e-05
8.12	3.7670135498046875e-05
8.13	3.68952751159668e-05
8.14	3.68952751159668e-05
8.15	3.68952751159668e-05
8.16	3.6656856536865234e-05
8.17	3.6656856536865234e-05
8.18	3.6656856536865234e-05
8.19	3.6656856536865234e-05
8.2	3.629922866821289e-05
8.21	3.612041473388672e-05
8.22	3.594160079956055e-05
8.23	3.5881996154785156e-05
8.24	3.5822391510009766e-05
8.25	3.5822391510009766e-05
8.26	3.260374069213867e-05
8.27	3.260374069213867e-05
8.28	3.260374069213867e-05
8.29	3.260374069213867e-05
8.3	3.236532211303711e-05
8.31	3.236532211303711e-05
8.32	3.236532211303711e-05
8.33	3.236532211303711e-05
8.34	3.1828880310058594e-05
8.35	3.1828880310058594e-05
8.36	3.1828880310058594e-05
8.37	3.17692756652832e-05
8.38	3.17692756652832e-05
8.39	3.17692756652832e-05
8.4	3.123283386230469e-05
8.41	3.0100345611572266e-05
8.42	3.0100345611572266e-05
8.43	3.0100345611572266e-05
8.44	3.0100345611572266e-05
8.45	3.0040740966796875e-05
8.46	3.0040740966796875e-05
8.47	2.682209014892578e-05
8.48	2.6285648345947266e-05
8.49	2.6285648345947266e-05
8.5	2.6285648345947266e-05
8.51	2.586841583251953e-05
8.52	2.586841583251953e-05
8.53	2.586841583251953e-05
8.54	2.568960189819336e-05
8.55	2.5153160095214844e-05
8.56	2.5093555450439453e-05
8.57	2.5093555450439453e-05
8.58	2.181529998779297e-05
8.59	2.1636486053466797e-05
8.6	2.1636486053466797e-05
8.61	2.092123031616211e-05
8.62	2.086162567138672e-05
8.63	2.0682811737060547e-05
8.64	2.0682811737060547e-05
8.65	2.0682811737060547e-05
8.66	2.0265579223632812e-05
8.67	2.0265579223632812e-05
8.68	2.0265579223632812e-05
8.69	2.002716064453125e-05
8.7	2.002716064453125e-05
8.71	2.002716064453125e-05
8.72	1.6450881958007812e-05
8.73	1.6391277313232422e-05
8.74	1.6391277313232422e-05
8.75	1.621246337890625e-05
8.76	1.6033649444580078e-05
8.77	1.6033649444580078e-05
8.78	1.6033649444580078e-05
8.79	1.5676021575927734e-05
8.8	1.5497207641601562e-05
8.81	1.5497207641601562e-05
8.82	1.4960765838623047e-05
8.83	1.4722347259521484e-05
8.84	1.4722347259521484e-05
8.85	1.4722347259521484e-05
8.86	1.4424324035644531e-05
8.87	1.424551010131836e-05
8.88	1.424551010131836e-05
8.89	1.4185905456542969e-05
8.9	1.4126300811767578e-05
8.91	1.4126300811767578e-05
8.92	1.4126300811767578e-05
8.93	1.3232231140136719e-05
8.94	1.3232231140136719e-05
8.95	1.3053417205810547e-05
8.96	1.2814998626708984e-05
8.97	1.2814998626708984e-05
8.98	1.2814998626708984e-05
8.99	1.2814998626708984e-05
9.0	1.2814998626708984e-05
9.01	1.2814998626708984e-05
9.02	1.2814998626708984e-05
9.03	1.2814998626708984e-05
9.04	1.2636184692382812e-05
9.05	1.2636184692382812e-05
9.06	1.245737075805664e-05
9.07	1.2278556823730469e-05
9.08	1.2278556823730469e-05
9.09	1.2278556823730469e-05
9.1	1.2218952178955078e-05
9.11	1.2218952178955078e-05
9.12	1.2218952178955078e-05
9.13	1.2218952178955078e-05
9.14	1.2040138244628906e-05
9.15	1.2040138244628906e-05
9.16	1.2040138244628906e-05
9.17	1.1861324310302734e-05
9.18	1.1861324310302734e-05
9.19	1.1682510375976562e-05
9.2	1.1682510375976562e-05
9.21	1.1622905731201172e-05
9.22	1.1622905731201172e-05
9.23	1.1622905731201172e-05
9.24	1.1622905731201172e-05
9.25	1.1622905731201172e-05
9.26	1.1622905731201172e-05
9.27	1.1444091796875e-05
9.28	1.1265277862548828e-05
9.29	1.1265277862548828e-05
9.3	1.1265277862548828e-05
9.31	1.1205673217773438e-05
9.32	1.1205673217773438e-05
9.33	1.1205673217773438e-05
9.34	1.0967254638671875e-05
9.35	1.0967254638671875e-05
9.36	1.0967254638671875e-05
9.37	1.0967254638671875e-05
9.38	1.0967254638671875e-05
9.39	1.0967254638671875e-05
9.4	1.0967254638671875e-05
9.41	1.0788440704345703e-05
9.42	1.0728836059570312e-05
9.43	1.0728836059570312e-05
9.44	1.0728836059570312e-05
9.45	7.331371307373047e-06
9.46	7.331371307373047e-06
9.47	7.331371307373047e-06
9.48	7.331371307373047e-06
9.49	7.152557373046875e-06
9.5	7.152557373046875e-06
9.51	7.152557373046875e-06
9.52	6.616115570068359e-06
9.53	6.616115570068359e-06
9.54	6.616115570068359e-06
9.55	6.377696990966797e-06
9.56	6.377696990966797e-06
9.57	6.377696990966797e-06
9.58	6.377696990966797e-06
9.59	6.377696990966797e-06
9.6	6.139278411865234e-06
9.61	5.9604644775390625e-06
9.62	5.9604644775390625e-06
9.63	5.900859832763672e-06
9.64	5.900859832763672e-06
9.65	5.900859832763672e-06
9.66	5.7220458984375e-06
9.67	5.7220458984375e-06
9.68	5.7220458984375e-06
9.69	5.662441253662109e-06
9.7	5.4836273193359375e-06
9.71	5.4836273193359375e-06
9.72	5.4836273193359375e-06
9.73	5.304813385009766e-06
9.74	5.304813385009766e-06
9.75	5.304813385009766e-06
9.76	5.245208740234375e-06
9.77	5.066394805908203e-06
9.78	5.066394805908203e-06
9.79	4.5299530029296875e-06
9.8	4.5299530029296875e-06
9.81	4.5299530029296875e-06
9.82	4.5299530029296875e-06
9.83	4.5299530029296875e-06
9.84	4.5299530029296875e-06
9.85	4.5299530029296875e-06
9.86	4.5299530029296875e-06
9.87	4.291534423828125e-06
9.88	4.291534423828125e-06
9.89	4.291534423828125e-06
9.9	3.933906555175781e-06
9.91	3.933906555175781e-06
9.92	3.933906555175781e-06
9.93	3.7550926208496094e-06
9.94	3.5762786865234375e-06
9.95	3.5762786865234375e-06
9.96	3.5762786865234375e-06
9.97	3.5762786865234375e-06
9.98	3.5762786865234375e-06
9.99	3.5762786865234375e-06
10.0	3.3974647521972656e-06
10.01	3.3974647521972656e-06
10.02	3.3974647521972656e-06
10.03	3.3974647521972656e-06
10.04	3.3974647521972656e-06
10.05	3.3974647521972656e-06
10.06	3.3974647521972656e-06
10.07	3.337860107421875e-06
10.08	3.337860107421875e-06
10.09	3.337860107421875e-06
10.1	3.337860107421875e-06
10.11	3.337860107421875e-06
10.12	3.337860107421875e-06
10.13	3.337860107421875e-06
10.14	3.159046173095703e-06
10.15	3.159046173095703e-06
10.16	3.159046173095703e-06
10.17	3.159046173095703e-06
10.18	3.159046173095703e-06
10.19	3.159046173095703e-06
10.2	3.159046173095703e-06
10.21	3.159046173095703e-06
10.22	3.159046173095703e-06
10.23	3.159046173095703e-06
10.24	3.159046173095703e-06
10.25	2.9802322387695312e-06
10.26	2.9802322387695312e-06
10.27	2.9802322387695312e-06
10.28	2.9206275939941406e-06
10.29	2.9206275939941406e-06
10.3	2.9206275939941406e-06
10.31	2.9206275939941406e-06
10.32	2.9206275939941406e-06
10.33	2.9206275939941406e-06
10.34	2.9206275939941406e-06
10.35	2.7418136596679688e-06
10.36	2.7418136596679688e-06
10.37	2.7418136596679688e-06
10.38	2.562999725341797e-06
10.39	2.562999725341797e-06
10.4	2.562999725341797e-06
10.41	2.562999725341797e-06
10.42	2.562999725341797e-06
10.43	2.562999725341797e-06
10.44	2.562999725341797e-06
10.45	2.562999725341797e-06
10.46	2.384185791015625e-06
10.47	2.384185791015625e-06
10.48	2.384185791015625e-06
10.49	2.3245811462402344e-06
10.5	2.3245811462402344e-06
10.51	2.3245811462402344e-06
10.52	2.3245811462402344e-06
10.53	2.3245811462402344e-06
10.54	2.3245811462402344e-06
10.55	2.3245811462402344e-06
10.56	2.3245811462402344e-06
10.57	2.3245811462402344e-06
10.58	2.3245811462402344e-06
10.59	2.1457672119140625e-06
10.6	2.086162567138672e-06
10.61	2.086162567138672e-06
10.62	2.086162567138672e-06
10.63	2.086162567138672e-06
10.64	1.9073486328125e-06
10.65	1.9073486328125e-06
10.66	1.9073486328125e-06
10.67	1.7285346984863281e-06
10.68	1.7285346984863281e-06
10.69	1.7285346984863281e-06
10.7	1.7285346984863281e-06
10.71	1.7285346984863281e-06
10.72	1.7285346984863281e-06
10.73	1.4901161193847656e-06
10.74	1.4901161193847656e-06
10.75	1.4901161193847656e-06
10.76	1.4901161193847656e-06
10.77	1.4901161193847656e-06
10.78	1.4901161193847656e-06
10.79	1.4901161193847656e-06
10.8	1.3113021850585938e-06
10.81	1.3113021850585938e-06
10.82	1.3113021850585938e-06
10.83	1.3113021850585938e-06
10.84	1.3113021850585938e-06
10.85	1.3113021850585938e-06
10.86	1.3113021850585938e-06
10.87	1.3113021850585938e-06
10.88	1.3113021850585938e-06
10.89	1.3113021850585938e-06
10.9	1.3113021850585938e-06
10.91	1.1324882507324219e-06
10.92	1.1324882507324219e-06
10.93	1.1324882507324219e-06
10.94	1.1324882507324219e-06
10.95	1.1324882507324219e-06
10.96	1.1324882507324219e-06
10.97	1.1324882507324219e-06
10.98	1.1324882507324219e-06
10.99	1.1324882507324219e-06
11.0	1.1324882507324219e-06
11.01	1.1324882507324219e-06
11.02	1.1324882507324219e-06
11.03	1.1324882507324219e-06
11.04	1.1324882507324219e-06
11.05	1.1324882507324219e-06
11.06	1.1324882507324219e-06
11.07	1.1324882507324219e-06
11.08	1.1324882507324219e-06
11.09	1.1324882507324219e-06
11.1	1.1324882507324219e-06
11.11	9.5367431640625e-07
11.12	9.5367431640625e-07
11.13	9.5367431640625e-07
11.14	9.5367431640625e-07
11.15	9.5367431640625e-07
11.16	9.5367431640625e-07
11.17	9.5367431640625e-07
11.18	9.5367431640625e-07
11.19	9.5367431640625e-07
11.2	9.5367431640625e-07
11.21	9.5367431640625e-07
11.22	9.5367431640625e-07
11.23	9.5367431640625e-07
11.24	9.5367431640625e-07
11.25	9.5367431640625e-07
11.26	9.5367431640625e-07
11.27	9.5367431640625e-07
11.28	9.5367431640625e-07
11.29	9.5367431640625e-07
11.3	9.5367431640625e-07
11.31	9.5367431640625e-07
11.32	7.748603820800781e-07
11.33	7.748603820800781e-07
11.34	7.748603820800781e-07
11.35	7.748603820800781e-07
11.36	7.748603820800781e-07
11.37	7.748603820800781e-07
11.38	7.748603820800781e-07
11.39	7.748603820800781e-07
11.4	7.748603820800781e-07
11.41	7.748603820800781e-07
11.42	7.748603820800781e-07
11.43	7.748603820800781e-07
11.44	7.748603820800781e-07
11.45	7.748603820800781e-07
11.46	7.748603820800781e-07
11.47	7.152557373046875e-07
11.48	7.152557373046875e-07
11.49	7.152557373046875e-07
11.5	7.152557373046875e-07
11.51	7.152557373046875e-07
11.52	7.152557373046875e-07
11.53	5.364418029785156e-07
11.54	5.364418029785156e-07
11.55	5.364418029785156e-07
11.56	5.364418029785156e-07
11.57	5.364418029785156e-07
11.58	5.364418029785156e-07
11.59	5.364418029785156e-07
11.6	5.364418029785156e-07
11.61	5.364418029785156e-07
11.62	5.364418029785156e-07
11.63	5.364418029785156e-07
11.64	3.5762786865234375e-07
11.65	3.5762786865234375e-07
11.66	3.5762786865234375e-07
11.67	3.5762786865234375e-07
11.68	3.5762786865234375e-07
11.69	3.5762786865234375e-07
11.7	3.5762786865234375e-07
11.71	3.5762786865234375e-07
11.72	3.5762786865234375e-07
11.73	3.5762786865234375e-07
11.74	3.5762786865234375e-07
11.75	3.5762786865234375e-07
11.76	3.5762786865234375e-07
11.77	1.7881393432617188e-07
11.78	1.7881393432617188e-07
11.79	1.7881393432617188e-07
11.8	1.7881393432617188e-07
11.81	1.7881393432617188e-07
11.82	1.7881393432617188e-07
11.83	1.7881393432617188e-07
11.84	1.7881393432617188e-07
11.85	1.7881393432617188e-07
11.86	1.7881393432617188e-07
11.87	1.7881393432617188e-07
11.88	1.7881393432617188e-07
11.89	1.7881393432617188e-07
11.9	1.7881393432617188e-07
11.91	1.7881393432617188e-07
11.92	1.7881393432617188e-07
11.93	1.7881393432617188e-07
11.94	1.7881393432617188e-07
11.95	1.7881393432617188e-07
11.96	1.7881393432617188e-07
11.97	1.7881393432617188e-07
11.98	1.7881393432617188e-07
11.99	1.7881393432617188e-07
12.0	1.7881393432617188e-07
12.01	1.7881393432617188e-07
12.02	1.7881393432617188e-07
12.03	1.7881393432617188e-07
12.04	1.7881393432617188e-07
12.05	1.7881393432617188e-07
12.06	1.7881393432617188e-07
12.07	1.7881393432617188e-07
12.08	1.7881393432617188e-07
12.09	1.7881393432617188e-07
12.1	1.7881393432617188e-07
12.11	1.7881393432617188e-07
12.12	1.7881393432617188e-07
12.13	1.7881393432617188e-07
12.14	1.7881393432617188e-07
12.15	1.7881393432617188e-07
12.16	1.7881393432617188e-07
12.17	1.7881393432617188e-07
12.18	1.7881393432617188e-07
12.19	1.7881393432617188e-07
12.2	1.7881393432617188e-07
12.21	1.7881393432617188e-07
12.22	1.7881393432617188e-07
12.23	1.7881393432617188e-07
12.24	1.7881393432617188e-07
12.25	1.7881393432617188e-07
12.26	1.7881393432617188e-07
12.27	1.7881393432617188e-07
12.28	1.7881393432617188e-07
12.29	1.7881393432617188e-07
12.3	1.7881393432617188e-07
12.31	1.7881393432617188e-07
12.32	1.7881393432617188e-07
12.33	1.7881393432617188e-07
12.34	1.7881393432617188e-07
12.35	1.7881393432617188e-07
12.36	1.7881393432617188e-07
12.37	1.7881393432617188e-07
12.38	1.7881393432617188e-07
12.39	1.7881393432617188e-07
12.4	1.7881393432617188e-07
12.41	1.7881393432617188e-07
12.42	1.7881393432617188e-07
12.43	1.7881393432617188e-07
12.44	1.7881393432617188e-07
12.45	1.7881393432617188e-07
12.46	1.7881393432617188e-07
12.47	1.7881393432617188e-07
12.48	1.7881393432617188e-07
12.49	1.7881393432617188e-07
12.5	0.0
