5.05	0.0005006790161132812
5.06	0.00049591064453125
5.07	0.00049591064453125
5.08	0.0004940032958984375
5.09	0.0004930496215820312
5.1	0.000492095947265625
5.11	0.00048732757568359375
5.12	0.000484466552734375
5.13	0.0004825592041015625
5.14	0.00048065185546875
5.15	0.0004787445068359375
5.16	0.0004749298095703125
5.17	0.0004749298095703125
5.18	0.00047206878662109375
5.19	0.00047016143798828125
5.2	0.00047016143798828125
5.21	0.000469207763671875
5.22	0.0004673004150390625
5.23	0.00046634674072265625
5.24	0.00046443939208984375
5.25	0.000461578369140625
5.26	0.00046062469482421875
5.27	0.0004596710205078125
5.28	0.000457763671875
5.29	0.000457763671875
5.3	0.00045490264892578125
5.31	0.000453948974609375
5.32	0.00045299530029296875
5.33	0.0004520416259765625
5.34	0.00044918060302734375
5.35	0.0004482269287109375
5.36	0.00044727325439453125
5.37	0.000446319580078125
5.38	0.0004444122314453125
5.39	0.00044345855712890625
5.4	0.00044345855712890625
5.41	0.0004425048828125
5.42	0.00043964385986328125
5.43	0.0004367828369140625
5.44	0.00043487548828125
5.45	0.00043201446533203125
5.46	0.00043010711669921875
5.47	0.00042819976806640625
5.48	0.00042629241943359375
5.49	0.00042438507080078125
5.5	0.000423431396484375
5.51	0.0004215240478515625
5.52	0.00041961669921875
5.53	0.00041866302490234375
5.54	0.00041294097900390625
5.55	0.0004119873046875
5.56	0.0004100799560546875
5.57	0.000408172607421875
5.58	0.000408172607421875
5.59	0.0004062652587890625
5.6	0.00040531158447265625
5.61	0.00040340423583984375
5.62	0.000400543212890625
5.63	0.0003986358642578125
5.64	0.000396728515625
5.65	0.000396728515625
5.66	0.00039577484130859375
5.67	0.00039386749267578125
5.68	0.00038909912109375
5.69	0.00038909912109375
5.7	0.00038909912109375
5.71	0.0003871917724609375
5.72	0.000385284423828125
5.73	0.0003833770751953125
5.74	0.0003833770751953125
5.75	0.0003814697265625
5.76	0.0003795623779296875
5.77	0.00037860870361328125
5.78	0.00037479400634765625
5.79	0.0003719329833984375
5.8	0.00036907196044921875
5.81	0.0003662109375
5.82	0.0003643035888671875
5.83	0.0003643035888671875
5.84	0.00036144256591796875
5.85	0.00035953521728515625
5.86	0.00035858154296875
5.87	0.0003566741943359375
5.88	0.0003566741943359375
5.89	0.000354766845703125
5.9	0.0003509521484375
5.91	0.0003490447998046875
5.92	0.00034809112548828125
5.93	0.0003452301025390625
5.94	0.00034427642822265625
5.95	0.00034236907958984375
5.96	0.000339508056640625
5.97	0.00033664703369140625
5.98	0.000335693359375
5.99	0.00033473968505859375
6.0	0.00033283233642578125
6.01	0.000331878662109375
6.02	0.000331878662109375
6.03	0.000331878662109375
6.04	0.00032901763916015625
6.05	0.00032806396484375
6.06	0.00032806396484375
6.07	0.00032711029052734375
6.08	0.00032711029052734375
6.09	0.000324249267578125
6.1	0.0003204345703125
6.11	0.00031948089599609375
6.12	0.00031948089599609375
6.13	0.00031757354736328125
6.14	0.00031566619873046875
6.15	0.0003147125244140625
6.16	0.00031375885009765625
6.17	0.00031185150146484375
6.18	0.00030994415283203125
6.19	0.000308990478515625
6.2	0.0003070831298828125
6.21	0.00030517578125
6.22	0.00030231475830078125
6.23	0.000301361083984375
6.24	0.00030040740966796875
6.25	0.00030040740966796875
6.26	0.00029850006103515625
6.27	0.0002956390380859375
6.28	0.000293731689453125
6.29	0.00029087066650390625
6.3	0.0002899169921875
6.31	0.00028896331787109375
6.32	0.000286102294921875
6.33	0.00028514862060546875
6.34	0.00028228759765625
6.35	0.00027942657470703125
6.36	0.00027942657470703125
6.37	0.000278472900390625
6.38	0.000274658203125
6.39	0.0002727508544921875
6.4	0.0002727508544921875
6.41	0.000270843505859375
6.42	0.00026798248291015625
6.43	0.00026702880859375
6.44	0.00026607513427734375
6.45	0.0002651214599609375
6.46	0.0002593994140625
6.47	0.0002574920654296875
6.48	0.0002574920654296875
6.49	0.00025653839111328125
6.5	0.000255584716796875
6.51	0.00025463104248046875
6.52	0.0002536773681640625
6.53	0.00025177001953125
6.54	0.00025081634521484375
6.55	0.00024890899658203125
6.56	0.00024700164794921875
6.57	0.000244140625
6.58	0.0002422332763671875
6.59	0.000240325927734375
6.6	0.00023746490478515625
6.61	0.00023746490478515625
6.62	0.00023651123046875
6.63	0.0002346038818359375
6.64	0.000232696533203125
6.65	0.00023174285888671875
6.66	0.00022983551025390625
6.67	0.0002288818359375
6.68	0.0002288818359375
6.69	0.00022792816162109375
6.7	0.0002269744873046875
6.71	0.0002231597900390625
6.72	0.0002231597900390625
6.73	0.00022220611572265625
6.74	0.00022029876708984375
6.75	0.00021839141845703125
6.76	0.00021457672119140625
6.77	0.00021266937255859375
6.78	0.0002117156982421875
6.79	0.0002117156982421875
6.8	0.000209808349609375
6.81	0.000209808349609375
6.82	0.00020885467529296875
6.83	0.0002079010009765625
6.84	0.00020599365234375
6.85	0.00020599365234375
6.86	0.00020503997802734375
6.87	0.0002040863037109375
6.88	0.00020122528076171875
6.89	0.0002002716064453125
6.9	0.0002002716064453125
6.91	0.0002002716064453125
6.92	0.0002002716064453125
6.93	0.0001983642578125
6.94	0.00019550323486328125
6.95	0.00019359588623046875
6.96	0.00019168853759765625
6.97	0.00019073486328125
6.98	0.00018787384033203125
6.99	0.00018787384033203125
7.0	0.00018787384033203125
7.01	0.000186920166015625
7.02	0.00018596649169921875
7.03	0.0001850128173828125
7.04	0.00018405914306640625
7.05	0.00018024444580078125
7.06	0.00018024444580078125
7.07	0.00017833709716796875
7.08	0.00017452239990234375
7.09	0.00017261505126953125
7.1	0.00017261505126953125
7.11	0.000171661376953125
7.12	0.00016689300537109375
7.13	0.00016498565673828125
7.14	0.000164031982421875
7.15	0.00016307830810546875
7.16	0.0001621246337890625
7.17	0.00016021728515625
7.18	0.00015926361083984375
7.19	0.00015735626220703125
7.2	0.000156402587890625
7.21	0.0001544952392578125
7.22	0.000152587890625
7.23	0.00015163421630859375
7.24	0.00014972686767578125
7.25	0.0001468658447265625
7.26	0.00014400482177734375
7.27	0.0001430511474609375
7.28	0.0001430511474609375
7.29	0.0001430511474609375
7.3	0.00014209747314453125
7.31	0.000141143798828125
7.32	0.00014019012451171875
7.33	0.00013828277587890625
7.34	0.00013828277587890625
7.35	0.0001373291015625
7.36	0.0001354217529296875
7.37	0.00013446807861328125
7.38	0.0001316070556640625
7.39	0.0001316070556640625
7.4	0.00013065338134765625
7.41	0.00012969970703125
7.42	0.00012683868408203125
7.43	0.000125885009765625
7.44	0.000125885009765625
7.45	0.00012493133544921875
7.46	0.00012493133544921875
7.47	0.00012493133544921875
7.48	0.00012493133544921875
7.49	0.00012302398681640625
7.5	0.00012111663818359375
7.51	0.00012111663818359375
7.52	0.00012111663818359375
7.53	0.0001201629638671875
7.54	0.00011730194091796875
7.55	0.0001163482666015625
7.56	0.00011444091796875
7.57	0.00011444091796875
7.58	0.00011444091796875
7.59	0.00011348724365234375
7.6	0.0001125335693359375
7.61	0.00011157989501953125
7.62	0.000110626220703125
7.63	0.000110626220703125
7.64	0.00010967254638671875
7.65	0.00010967254638671875
7.66	0.00010967254638671875
7.67	0.00010967254638671875
7.68	0.00010967254638671875
7.69	0.00010967254638671875
7.7	0.0001087188720703125
7.71	0.00010776519775390625
7.72	0.0001068115234375
7.73	0.00010395050048828125
7.74	0.00010204315185546875
7.75	0.00010013580322265625
7.76	0.00010013580322265625
7.77	0.00010013580322265625
7.78	9.918212890625e-05
7.79	9.822845458984375e-05
7.8	9.72747802734375e-05
7.81	9.5367431640625e-05
7.82	9.5367431640625e-05
7.83	9.34600830078125e-05
7.84	9.250640869140625e-05
7.85	9.1552734375e-05
7.86	9.1552734375e-05
7.87	8.869171142578125e-05
7.88	8.678436279296875e-05
7.89	8.678436279296875e-05
7.9	8.487701416015625e-05
7.91	8.296966552734375e-05
7.92	8.0108642578125e-05
7.93	8.0108642578125e-05
7.94	7.915496826171875e-05
7.95	7.915496826171875e-05
7.96	7.915496826171875e-05
7.97	7.62939453125e-05
7.98	7.43865966796875e-05
7.99	7.43865966796875e-05
8.0	7.43865966796875e-05
8.01	7.343292236328125e-05
8.02	7.05718994140625e-05
8.03	7.05718994140625e-05
8.04	6.866455078125e-05
8.05	6.771087646484375e-05
8.06	6.771087646484375e-05
8.07	6.771087646484375e-05
8.08	6.771087646484375e-05
8.09	6.67572021484375e-05
8.1	6.67572021484375e-05
8.11	6.580352783203125e-05
8.12	6.4849853515625e-05
8.13	6.4849853515625e-05
8.14	6.389617919921875e-05
8.15	6.389617919921875e-05
8.16	6.103515625e-05
8.17	6.008148193359375e-05
8.18	6.008148193359375e-05
8.19	5.91278076171875e-05
8.2	5.817413330078125e-05
8.21	5.817413330078125e-05
8.22	5.817413330078125e-05
8.23	5.7220458984375e-05
8.24	5.7220458984375e-05
8.25	5.7220458984375e-05
8.26	5.7220458984375e-05
8.27	5.7220458984375e-05
8.28	5.7220458984375e-05
8.29	5.626678466796875e-05
8.3	5.626678466796875e-05
8.31	5.626678466796875e-05
8.32	5.626678466796875e-05
8.33	5.53131103515625e-05
8.34	5.435943603515625e-05
8.35	5.340576171875e-05
8.36	5.340576171875e-05
8.37	5.245208740234375e-05
8.38	5.245208740234375e-05
8.39	5.245208740234375e-05
8.4	5.054473876953125e-05
8.41	5.054473876953125e-05
8.42	5.054473876953125e-05
8.43	5.054473876953125e-05
8.44	5.054473876953125e-05
8.45	5.054473876953125e-05
8.46	4.9591064453125e-05
8.47	4.9591064453125e-05
8.48	4.9591064453125e-05
8.49	4.863739013671875e-05
8.5	4.76837158203125e-05
8.51	4.76837158203125e-05
8.52	4.76837158203125e-05
8.53	4.673004150390625e-05
8.54	4.482269287109375e-05
8.55	4.482269287109375e-05
8.56	4.482269287109375e-05
8.57	4.291534423828125e-05
8.58	4.1961669921875e-05
8.59	4.1961669921875e-05
8.6	4.1961669921875e-05
8.61	4.1961669921875e-05
8.62	4.1961669921875e-05
8.63	4.100799560546875e-05
8.64	4.00543212890625e-05
8.65	3.814697265625e-05
8.66	3.814697265625e-05
8.67	3.719329833984375e-05
8.68	3.62396240234375e-05
8.69	3.62396240234375e-05
8.7	3.528594970703125e-05
8.71	3.4332275390625e-05
8.72	3.4332275390625e-05
8.73	3.4332275390625e-05
8.74	3.4332275390625e-05
8.75	3.337860107421875e-05
8.76	3.337860107421875e-05
8.77	3.24249267578125e-05
8.78	3.147125244140625e-05
8.79	3.0517578125e-05
8.8	3.0517578125e-05
8.81	2.956390380859375e-05
8.82	2.765655517578125e-05
8.83	2.6702880859375e-05
8.84	2.6702880859375e-05
8.85	2.6702880859375e-05
8.86	2.6702880859375e-05
8.87	2.6702880859375e-05
8.88	2.6702880859375e-05
8.89	2.6702880859375e-05
8.9	2.574920654296875e-05
8.91	2.574920654296875e-05
8.92	2.574920654296875e-05
8.93	2.574920654296875e-05
8.94	2.574920654296875e-05
8.95	2.47955322265625e-05
8.96	2.288818359375e-05
8.97	2.288818359375e-05
8.98	2.288818359375e-05
8.99	2.288818359375e-05
9.0	2.193450927734375e-05
9.01	2.193450927734375e-05
9.02	2.09808349609375e-05
9.03	2.09808349609375e-05
9.04	2.09808349609375e-05
9.05	2.09808349609375e-05
9.06	2.09808349609375e-05
9.07	2.09808349609375e-05
9.08	2.09808349609375e-05
9.09	2.09808349609375e-05
9.1	2.09808349609375e-05
9.11	2.09808349609375e-05
9.12	2.09808349609375e-05
9.13	2.002716064453125e-05
9.14	2.002716064453125e-05
9.15	2.002716064453125e-05
9.16	1.9073486328125e-05
9.17	1.9073486328125e-05
9.18	1.9073486328125e-05
9.19	1.811981201171875e-05
9.2	1.811981201171875e-05
9.21	1.811981201171875e-05
9.22	1.811981201171875e-05
9.23	1.811981201171875e-05
9.24	1.71661376953125e-05
9.25	1.71661376953125e-05
9.26	1.71661376953125e-05
9.27	1.71661376953125e-05
9.28	1.71661376953125e-05
9.29	1.71661376953125e-05
9.3	1.71661376953125e-05
9.31	1.621246337890625e-05
9.32	1.621246337890625e-05
9.33	1.52587890625e-05
9.34	1.52587890625e-05
9.35	1.52587890625e-05
9.36	1.52587890625e-05
9.37	1.52587890625e-05
9.38	1.52587890625e-05
9.39	1.52587890625e-05
9.4	1.52587890625e-05
9.41	1.430511474609375e-05
9.42	1.430511474609375e-05
9.43	1.33514404296875e-05
9.44	1.239776611328125e-05
9.45	1.1444091796875e-05
9.46	1.1444091796875e-05
9.47	1.1444091796875e-05
9.48	1.049041748046875e-05
9.49	1.049041748046875e-05
9.5	1.049041748046875e-05
9.51	1.049041748046875e-05
9.52	1.049041748046875e-05
9.53	1.049041748046875e-05
9.54	1.049041748046875e-05
9.55	1.049041748046875e-05
9.56	1.049041748046875e-05
9.57	8.58306884765625e-06
9.58	8.58306884765625e-06
9.59	8.58306884765625e-06
9.6	8.58306884765625e-06
9.61	7.62939453125e-06
9.62	5.7220458984375e-06
9.63	5.7220458984375e-06
9.64	5.7220458984375e-06
9.65	5.7220458984375e-06
9.66	5.7220458984375e-06
9.67	5.7220458984375e-06
9.68	5.7220458984375e-06
9.69	5.7220458984375e-06
9.7	5.7220458984375e-06
9.71	5.7220458984375e-06
9.72	5.7220458984375e-06
9.73	5.7220458984375e-06
9.74	4.76837158203125e-06
9.75	4.76837158203125e-06
9.76	4.76837158203125e-06
9.77	4.76837158203125e-06
9.78	4.76837158203125e-06
9.79	3.814697265625e-06
9.8	3.814697265625e-06
9.81	3.814697265625e-06
9.82	3.814697265625e-06
9.83	3.814697265625e-06
9.84	3.814697265625e-06
9.85	3.814697265625e-06
9.86	3.814697265625e-06
9.87	3.814697265625e-06
9.88	3.814697265625e-06
9.89	3.814697265625e-06
9.9	3.814697265625e-06
9.91	3.814697265625e-06
9.92	3.814697265625e-06
9.93	3.814697265625e-06
9.94	3.814697265625e-06
9.95	3.814697265625e-06
9.96	3.814697265625e-06
9.97	3.814697265625e-06
9.98	3.814697265625e-06
9.99	3.814697265625e-06
10.0	3.814697265625e-06
10.01	3.814697265625e-06
10.02	3.814697265625e-06
10.03	3.814697265625e-06
10.04	3.814697265625e-06
10.05	3.814697265625e-06
10.06	3.814697265625e-06
10.07	3.814697265625e-06
10.08	3.814697265625e-06
10.09	3.814697265625e-06
10.1	2.86102294921875e-06
10.11	2.86102294921875e-06
10.12	2.86102294921875e-06
10.13	2.86102294921875e-06
10.14	2.86102294921875e-06
10.15	2.86102294921875e-06
10.16	2.86102294921875e-06
10.17	2.86102294921875e-06
10.18	2.86102294921875e-06
10.19	2.86102294921875e-06
10.2	2.86102294921875e-06
10.21	2.86102294921875e-06
10.22	2.86102294921875e-06
10.23	2.86102294921875e-06
10.24	1.9073486328125e-06
10.25	1.9073486328125e-06
10.26	1.9073486328125e-06
10.27	9.5367431640625e-07
10.28	9.5367431640625e-07
10.29	9.5367431640625e-07
10.3	9.5367431640625e-07
10.31	9.5367431640625e-07
10.32	9.5367431640625e-07
10.33	9.5367431640625e-07
10.34	9.5367431640625e-07
10.35	9.5367431640625e-07
10.36	9.5367431640625e-07
10.37	9.5367431640625e-07
10.38	9.5367431640625e-07
10.39	9.5367431640625e-07
10.4	9.5367431640625e-07
10.41	0.0
