5.6	0.000503253992064856
5.61	0.0004984893748769537
5.62	0.0004937626799801365
5.63	0.0004890836426056921
5.64	0.00048444155254401267
5.65	0.0004798422451131046
5.66	0.00047526980051770806
5.67	0.0004707280750153586
5.68	0.00046621926594525576
5.69	0.00046171050053089857
5.7	0.00045733401202596724
5.71	0.00045295812014956027
5.72	0.0004486068937694654
5.73	0.00044424820225685835
5.74	0.0004400034958962351
5.75	0.00043574764276854694
5.76	0.0004315285768825561
5.77	0.0004273404338164255
5.78	0.00042319025669712573
5.79	0.0004190861072856933
5.8	0.00041501947271171957
5.81	0.00041099188092630357
5.82	0.00040699794772081077
5.83	0.0004030313575640321
5.84	0.0003991027333540842
5.85	0.00039521964208688587
5.86	0.0003913659165846184
5.87	0.00038756211870349944
5.88	0.0003837891563307494
5.89	0.0003800520353252068
5.9	0.0003763402783079073
5.91	0.0003726638824446127
5.92	0.0003690198209369555
5.93	0.00036540649307426065
5.94	0.0003617892652982846
5.95	0.00035827366809826344
5.96	0.0003547432861523703
5.97	0.00035125072463415563
5.98	0.0003477438149275258
5.99	0.0003443345631239936
6.0	0.0003409190248930827
6.01	0.00033753280877135694
6.02	0.0003341802512295544
6.03	0.0003308554441900924
6.04	0.00032756202563177794
6.05	0.0003242956299800426
6.06	0.00032105084392242134
6.07	0.0003178349434165284
6.08	0.00031465238134842366
6.09	0.0003115064464509487
6.1	0.00030838378006592393
6.11	0.0003052944812225178
6.12	0.0003022219898412004
6.13	0.0002991715009557083
6.14	0.00029614707455039024
6.15	0.0002931486233137548
6.16	0.0002901775878854096
6.17	0.0002872339537134394
6.18	0.00028431891405489296
6.19	0.00028141020447947085
6.2	0.0002785782562568784
6.21	0.0002757464098976925
6.22	0.00027293150196783245
6.23	0.0002701152261579409
6.24	0.0002673770213732496
6.25	0.00026465098198968917
6.26	0.0002619585720822215
6.27	0.00025929560069926083
6.28	0.0002566528273746371
6.29	0.00025403755716979504
6.3	0.0002514351945137605
6.31	0.00024886662140488625
6.32	0.00024631861015222967
6.33	0.00024380063405260444
6.34	0.00024130324891302735
6.35	0.0002388272259850055
6.36	0.00023636524565517902
6.37	0.00023392551520373672
6.38	0.00023149924527388066
6.39	0.00022909879044163972
6.4	0.0002267150703119114
6.41	0.00022434837592300028
6.42	0.00022200339299160987
6.43	0.00021968648070469499
6.44	0.0002173628017771989
6.45	0.00021510673104785383
6.46	0.0002128448395524174
6.47	0.00021060749713797122
6.48	0.00020837114425376058
6.49	0.00020620506256818771
6.5	0.00020403313101269305
6.51	0.00020188288181088865
6.52	0.00019974869792349637
6.53	0.00019763865566346794
6.54	0.00019554741447791457
6.55	0.00019348063506186008
6.56	0.00019143115787301213
6.57	0.00018940515292342752
6.58	0.0001873985311249271
6.59	0.0001854062284110114
6.6	0.00018342961266171187
6.61	0.00018147040100302547
6.62	0.00017952236521523446
6.63	0.00017760194896254689
6.64	0.00017570170166436583
6.65	0.0001738253195071593
6.66	0.00017197370470967144
6.67	0.0001701393339317292
6.68	0.00016831235552672297
6.69	0.00016650794714223593
6.7	0.00016472024435643107
6.71	0.00016295108071062714
6.72	0.00016120490909088403
6.73	0.00015947427891660482
6.74	0.000157762216986157
6.75	0.00015606218948960304
6.76	0.0001543750986456871
6.77	0.0001527046406408772
6.78	0.00015104617341421545
6.79	0.00014939616085030138
6.8	0.00014776441093999892
6.81	0.00014614795509260148
6.82	0.000144546153023839
6.83	0.00014296047447714955
6.84	0.00014138816914055496
6.85	0.0001398240274284035
6.86	0.00013827995280735195
6.87	0.00013674766523763537
6.88	0.00013523496454581618
6.89	0.00013373665569815785
6.9	0.00013225738075561821
6.91	0.00013079219206701964
6.92	0.0001293430250370875
6.93	0.0001279076241189614
6.94	0.00012648892879951745
6.95	0.00012508236977737397
6.96	0.00012369442265480757
6.97	0.00012231750588398427
6.98	0.00012095810961909592
6.99	0.00011960444680880755
7.0	0.0001182634150609374
7.01	0.00011693670239765197
7.02	0.00011562371219042689
7.03	0.00011432731116656214
7.04	0.00011305339285172522
7.05	0.00011178514978382736
7.06	0.0001105335250031203
7.07	0.00010929029667750001
7.08	0.00010805856436491013
7.09	0.00010683613072615117
7.1	0.00010563225077930838
7.11	0.00010443983774166554
7.12	0.00010326439223717898
7.13	0.0001021016068989411
7.14	0.0001009469706332311
7.15	9.980642062146217e-05
7.16	9.867367043625563e-05
7.17	9.754656639415771e-05
7.18	9.643325756769627e-05
7.19	9.532460535410792e-05
7.2	9.423065057490021e-05
7.21	9.314849739894271e-05
7.22	9.207554103340954e-05
7.23	9.100524766836315e-05
7.24	8.995119424071163e-05
7.25	8.890299068298191e-05
7.26	8.786603575572371e-05
7.27	8.684229396749288e-05
7.28	8.583271119277924e-05
7.29	8.48293857416138e-05
7.3	8.38439300423488e-05
7.31	8.286362572107464e-05
7.32	8.18954868009314e-05
7.33	8.093832002487034e-05
7.34	7.99916306277737e-05
7.35	7.90561898611486e-05
7.36	7.813189586158842e-05
7.37	7.721669680904597e-05
7.38	7.63132848078385e-05
7.39	7.541624654550105e-05
7.4	7.452904537785798e-05
7.41	7.365134661085904e-05
7.42	7.278662815224379e-05
7.43	7.192931661847979e-05
7.44	7.108440331649035e-05
7.45	7.024699880275875e-05
7.46	6.941558967810124e-05
7.47	6.859000131953508e-05
7.48	6.77743082633242e-05
7.49	6.696722994092852e-05
7.5	6.617381586693227e-05
7.51	6.539127207361162e-05
7.52	6.461955490522087e-05
7.53	6.385297456290573e-05
7.54	6.309554737526923e-05
7.55	6.234210741240531e-05
7.56	6.159848999232054e-05
7.57	6.085517816245556e-05
7.58	6.011995719745755e-05
7.59	5.939509719610214e-05
7.6	5.867829895578325e-05
7.61	5.79633197048679e-05
7.62	5.725870141759515e-05
7.63	5.6553748436272144e-05
7.64	5.585787585005164e-05
7.65	5.516904639080167e-05
7.66	5.448897718451917e-05
7.67	5.38174354005605e-05
7.68	5.3155439672991633e-05
7.69	5.249671812634915e-05
7.7	5.184909969102591e-05
7.71	5.1208786317147315e-05
7.72	5.057761154603213e-05
7.73	4.9955182475969195e-05
7.74	4.9340102123096585e-05
7.75	4.8733301809988916e-05
7.76	4.813681880477816e-05
7.77	4.7547087888233364e-05
7.78	4.69632213935256e-05
7.79	4.638430254999548e-05
7.8	4.581360553856939e-05
7.81	4.524833639152348e-05
7.82	4.46910853497684e-05
7.83	4.413924762047827e-05
7.84	4.359225567895919e-05
7.85	4.304818867240101e-05
7.86	4.2510509956628084e-05
7.87	4.1975159547291696e-05
7.88	4.14485257351771e-05
7.89	4.092916788067669e-05
7.9	4.041795909870416e-05
7.91	3.991347330156714e-05
7.92	3.941466275136918e-05
7.93	3.891772939823568e-05
7.94	3.842923615593463e-05
7.95	3.7941455957479775e-05
7.96	3.7459583836607635e-05
7.97	3.6984318285249174e-05
7.98	3.6513942177407444e-05
7.99	3.604959056247026e-05
8.0	3.559203469194472e-05
8.01	3.5132732591591775e-05
8.02	3.4679367672652006e-05
8.03	3.422776353545487e-05
8.04	3.378160181455314e-05
8.05	3.334040229674429e-05
8.06	3.29047761624679e-05
8.07	3.2473966712132096e-05
8.08	3.204995300620794e-05
8.09	3.163036308251321e-05
8.1	3.1217176001518965e-05
8.11	3.081168688368052e-05
8.12	3.040645970031619e-05
8.13	3.0006878660060465e-05
8.14	2.962091821245849e-05
8.15	2.923769352491945e-05
8.16	2.8861293685622513e-05
8.17	2.8490263503044844e-05
8.18	2.8121430659666657e-05
8.19	2.775805478449911e-05
8.2	2.7399190003052354e-05
8.21	2.7041518478654325e-05
8.22	2.6695270207710564e-05
8.23	2.6350084226578474e-05
8.24	2.600760490167886e-05
8.25	2.566563489381224e-05
8.26	2.532685175538063e-05
8.27	2.4990367819555104e-05
8.28	2.465893339831382e-05
8.29	2.43332760874182e-05
8.3	2.4009525077417493e-05
8.31	2.368781133554876e-05
8.32	2.337113255634904e-05
8.33	2.3055676138028502e-05
8.34	2.2744337911717594e-05
8.35	2.2436986910179257e-05
8.36	2.2133972379378974e-05
8.37	2.1835978259332478e-05
8.38	2.15397885767743e-05
8.39	2.125198079738766e-05
8.4	2.0964129362255335e-05
8.41	2.0678300643339753e-05
8.42	2.039363607764244e-05
8.43	2.0111561752855778e-05
8.44	1.9835162675008178e-05
8.45	1.9562707166187465e-05
8.46	1.9291721400804818e-05
8.47	1.9029132090508938e-05
8.48	1.8765524146147072e-05
8.49	1.8507984350435436e-05
8.5	1.8250037101097405e-05
8.51	1.7997939721681178e-05
8.52	1.774737029336393e-05
8.53	1.7503174603916705e-05
8.54	1.7261612811125815e-05
8.55	1.7027254216372967e-05
8.56	1.679360866546631e-05
8.57	1.6565012629143894e-05
8.58	1.633826468605548e-05
8.59	1.611550396773964e-05
8.6	1.589383464306593e-05
8.61	1.567881554365158e-05
8.62	1.546436396893114e-05
8.63	1.52516586240381e-05
8.64	1.5042212908156216e-05
8.65	1.4833130990155041e-05
8.66	1.4624296454712749e-05
8.67	1.4419361832551658e-05
8.68	1.421627530362457e-05
8.69	1.4016084605827928e-05
8.7	1.3814977137371898e-05
8.71	1.3615499483421445e-05
8.72	1.342040195595473e-05
8.73	1.3227967428974807e-05
8.74	1.3035794836468995e-05
8.75	1.284782774746418e-05
8.76	1.266258186660707e-05
8.77	1.2481628800742328e-05
8.78	1.2302494724281132e-05
8.79	1.2126023648306727e-05
8.8	1.1949523468501866e-05
8.81	1.1775220627896488e-05
8.82	1.1602591257542372e-05
8.83	1.143438566941768e-05
8.84	1.1267809895798564e-05
8.85	1.1105090379714966e-05
8.86	1.094341860152781e-05
8.87	1.0784497135318816e-05
8.88	1.0623261914588511e-05
8.89	1.0468487744219601e-05
8.9	1.031364081427455e-05
8.91	1.0161398677155375e-05
8.92	1.0012168786488473e-05
8.93	9.86686791293323e-06
8.94	9.722047252580523e-06
8.95	9.58173768594861e-06
8.96	9.440831490792334e-06
8.97	9.304931154474616e-06
8.98	9.168987162411213e-06
8.99	9.03535692486912e-06
9.0	8.904491551220417e-06
9.01	8.77633283380419e-06
9.02	8.647839422337711e-06
9.03	8.522139978595078e-06
9.04	8.396978955715895e-06
9.05	8.272792911157012e-06
9.06	8.149596396833658e-06
9.07	8.028247975744307e-06
9.08	7.906637620180845e-06
9.09	7.786584319546819e-06
9.1	7.668699254281819e-06
9.11	7.550654117949307e-06
9.12	7.43273994885385e-06
9.13	7.316688424907625e-06
9.14	7.2044203989207745e-06
9.15	7.093549356795847e-06
9.16	6.984540959820151e-06
9.17	6.87754072714597e-06
9.18	6.771675543859601e-06
9.19	6.666625267826021e-06
9.2	6.562622729688883e-06
9.21	6.458940333686769e-06
9.22	6.36011827737093e-06
9.23	6.260932423174381e-06
9.24	6.164569640532136e-06
9.25	6.0685561038553715e-06
9.26	5.973532097414136e-06
9.27	5.8808946050703526e-06
9.28	5.787776899524033e-06
9.29	5.695983418263495e-06
9.3	5.607202183455229e-06
9.31	5.519483238458633e-06
9.32	5.432579200714827e-06
9.33	5.348672857508063e-06
9.34	5.264781066216528e-06
9.35	5.1824317779392e-06
9.36	5.101508577354252e-06
9.37	5.022011464461684e-06
9.38	4.942383384332061e-06
9.39	4.866626113653183e-06
9.4	4.791334504261613e-06
9.41	4.7180947149172425e-06
9.42	4.645713488571346e-06
9.43	4.57448186352849e-06
9.44	4.503512172959745e-06
9.45	4.433328285813332e-06
9.46	4.361776518635452e-06
9.47	4.293600795790553e-06
9.48	4.224202712066472e-06
9.49	4.15605609305203e-06
9.5	4.086774424649775e-06
9.51	4.018947947770357e-06
9.52	3.950204700231552e-06
9.53	3.883847966790199e-06
9.54	3.817796823568642e-06
9.55	3.7544668884947896e-06
9.56	3.691617166623473e-06
9.57	3.630120772868395e-06
9.58	3.5684352042153478e-06
9.59	3.507404471747577e-06
9.6	3.4481636248528957e-06
9.61	3.390174242667854e-06
9.62	3.3342221286147833e-06
9.63	3.2790121622383595e-06
9.64	3.225286491215229e-06
9.65	3.1719537219032645e-06
9.66	3.119217581115663e-06
9.67	3.0676310416311026e-06
9.68	3.0166120268404484e-06
9.69	2.9667135095223784e-06
9.7	2.9171642381697893e-06
9.71	2.868400770239532e-06
9.72	2.82119435723871e-06
9.73	2.7734931791201234e-06
9.74	2.727261744439602e-06
9.75	2.68085568677634e-06
9.76	2.6350899133831263e-06
9.77	2.5908811949193478e-06
9.78	2.5468907551839948e-06
9.79	2.504297299310565e-06
9.8	2.463566488586366e-06
9.81	2.423053956590593e-06
9.82	2.383661922067404e-06
9.83	2.3442553356289864e-06
9.84	2.3047468857839704e-06
9.85	2.266460796818137e-06
9.86	2.2282038116827607e-06
9.87	2.1897867554798722e-06
9.88	2.151573426090181e-06
9.89	2.1139567252248526e-06
9.9	2.076048986054957e-06
9.91	2.038534148596227e-06
9.92	2.00072827283293e-06
9.93	1.9633298506960273e-06
9.94	1.9273138605058193e-06
9.95	1.8915743567049503e-06
9.96	1.8567516235634685e-06
9.97	1.8218415789306164e-06
9.98	1.7870625015348196e-06
9.99	1.753636752255261e-06
10.0	1.7222773749381304e-06
10.01	1.6907870303839445e-06
10.02	1.6611156752333045e-06
10.03	1.6311387298628688e-06
10.04	1.6022822819650173e-06
10.05	1.5737023204565048e-06
10.06	1.5466066543012857e-06
10.07	1.519249053671956e-06
10.08	1.4925026334822178e-06
10.09	1.4667166396975517e-06
10.1	1.4414690667763352e-06
10.11	1.4159741112962365e-06
10.12	1.3916433090344071e-06
10.13	1.3662356650456786e-06
10.14	1.3421667972579598e-06
10.15	1.3175158528611064e-06
10.16	1.2931996025145054e-06
10.17	1.2693199096247554e-06
10.18	1.2463278835639358e-06
10.19	1.2236268958076835e-06
10.2	1.2018572306260467e-06
10.21	1.1792435543611646e-06
10.22	1.157997758127749e-06
10.23	1.1362863006070256e-06
10.24	1.115316990762949e-06
10.25	1.0943913366645575e-06
10.26	1.0741205187514424e-06
10.27	1.0539370123296976e-06
10.28	1.0344956535845995e-06
10.29	1.0149087756872177e-06
10.3	9.953946573659778e-07
10.31	9.756040526553988e-07
10.32	9.557843441143632e-07
10.33	9.363429853692651e-07
10.34	9.178620530292392e-07
10.35	8.984352461993694e-07
10.36	8.80289007909596e-07
10.37	8.620991138741374e-07
10.38	8.445349521934986e-07
10.39	8.275965228676796e-07
10.4	8.115603122860193e-07
10.41	7.950293365865946e-07
10.42	7.794005796313286e-07
10.43	7.641356205567718e-07
10.44	7.493799785152078e-07
10.45	7.346679922193289e-07
10.46	7.207563612610102e-07
10.47	7.076741894707084e-07
10.48	6.942427717149258e-07
10.49	6.81597157381475e-07
10.5	6.689369911327958e-07
10.51	6.566406227648258e-07
10.52	6.442278390750289e-07
10.53	6.318878149613738e-07
10.54	6.19242200627923e-07
10.55	6.067712092772126e-07
10.56	5.945767043158412e-07
10.57	5.828769644722342e-07
10.58	5.711772246286273e-07
10.59	5.5930286180228e-07
10.6	5.476904334500432e-07
10.61	5.35743311047554e-07
10.62	5.242036422714591e-07
10.63	5.129113560542464e-07
10.64	5.024776328355074e-07
10.65	4.918838385492563e-07
10.66	4.825706128031015e-07
10.67	4.7260255087167025e-07
10.68	4.6311470214277506e-07
10.69	4.5345223043113947e-07
10.7	4.4376065488904715e-07
10.71	4.3370528146624565e-07
10.72	4.2404280975461006e-07
10.73	4.144094418734312e-07
10.74	4.052853910252452e-07
10.75	3.9639417082071304e-07
10.76	3.8783764466643333e-07
10.77	3.7904828786849976e-07
10.78	3.704772097989917e-07
10.79	3.6189157981425524e-07
10.8	3.5384437069296837e-07
10.81	3.4600088838487864e-07
10.82	3.382883733138442e-07
10.83	3.308668965473771e-07
10.84	3.2373645808547735e-07
10.85	3.1680974643677473e-07
10.86	3.103777999058366e-07
10.87	3.0375667847692966e-07
10.88	2.974265953525901e-07
10.89	2.913729986175895e-07
10.9	2.8537760954350233e-07
10.91	2.7930946089327335e-07
10.92	2.7343048714101315e-07
10.93	2.6750785764306784e-07
10.94	2.61643435806036e-07
10.95	2.5590998120605946e-07
10.96	2.5016197469085455e-07
10.97	2.445303834974766e-07
10.98	2.3886968847364187e-07
10.99	2.3300526663661003e-07
11.0	2.272281562909484e-07
11.01	2.2168387658894062e-07
11.02	2.1609594114124775e-07
11.03	2.1117739379405975e-07
11.04	2.066371962428093e-07
11.05	2.0170409698039293e-07
11.06	1.974112819880247e-07
11.07	1.9287108443677425e-07
11.08	1.8817081581801176e-07
11.09	1.835869625210762e-07
11.1	1.7911952454596758e-07
11.11	1.7425918485969305e-07
11.12	1.700682332739234e-07
11.13	1.659791450947523e-07
11.14	1.618172973394394e-07
11.15	1.576845534145832e-07
11.16	1.5381374396383762e-07
11.17	1.4922989066690207e-07
11.18	1.4530087355524302e-07
11.19	1.4137185644358397e-07
11.2	1.3760291039943695e-07
11.21	1.341977622359991e-07
11.22	1.3079261407256126e-07
11.23	1.2743112165480852e-07
11.24	1.2420059647411108e-07
11.25	1.2092641554772854e-07
11.26	1.1792872101068497e-07
11.27	1.1526572052389383e-07
11.28	1.125154085457325e-07
11.29	1.1004158295691013e-07
11.3	1.0745134204626083e-07
11.31	1.0490475688129663e-07
11.32	1.0238727554678917e-07
11.33	1.0032090358436108e-07
11.34	9.771611075848341e-08
11.35	9.546056389808655e-08
11.36	9.292853064835072e-08
11.37	9.051291272044182e-08
11.38	8.792267180979252e-08
11.39	8.543429430574179e-08
11.4	8.291681297123432e-08
11.41	8.048664312809706e-08
11.42	7.808557711541653e-08
11.43	7.58591340854764e-08
11.44	7.367634680122137e-08
11.45	7.152266334742308e-08
11.46	6.945629138499498e-08
11.47	6.749178282916546e-08
11.48	6.55854819342494e-08
11.49	6.351910997182131e-08
11.5	6.165646482259035e-08
11.51	5.995389074087143e-08
11.52	5.825131665915251e-08
11.53	5.672336556017399e-08
11.54	5.4889824241399765e-08
11.55	5.320180207490921e-08
11.56	5.1426468417048454e-08
11.57	4.9898517318069935e-08
11.58	4.819594323635101e-08
11.59	4.678440745919943e-08
11.6	4.530011210590601e-08
11.61	4.390312824398279e-08
11.62	4.243338480591774e-08
11.63	4.094908945262432e-08
11.64	3.9537553675472736e-08
11.65	3.840250428766012e-08
11.66	3.726745489984751e-08
11.67	3.637978807091713e-08
11.68	3.536115400493145e-08
11.69	3.435707185417414e-08
11.7	3.3440301194787025e-08
11.71	3.2654497772455215e-08
11.72	3.170862328261137e-08
11.73	3.106833901256323e-08
11.74	3.018067218363285e-08
11.75	2.9409420676529408e-08
11.76	2.860906533896923e-08
11.77	2.7794158086180687e-08
11.78	2.6702764444053173e-08
11.79	2.578599378466606e-08
11.8	2.4767359718680382e-08
11.81	2.371962182223797e-08
11.82	2.2730091586709023e-08
11.83	2.168235369026661e-08
11.84	2.0780134946107864e-08
11.85	2.0052539184689522e-08
11.86	1.9295839592814445e-08
11.87	1.84372765943408e-08
11.88	1.770968083292246e-08
11.89	1.6909325495362282e-08
11.9	1.631269697099924e-08
11.91	1.5832483768463135e-08
11.92	1.5308614820241928e-08
11.93	1.4770193956792355e-08
11.94	1.4217221178114414e-08
11.95	1.3693352229893208e-08
11.96	1.3227690942585468e-08
11.97	1.280568540096283e-08
11.98	1.2383679859340191e-08
11.99	1.1961674317717552e-08
12.0	1.151056494563818e-08
12.01	1.100124791264534e-08
12.02	1.05355866253376e-08
12.03	1.0142684914171696e-08
12.04	9.822542779147625e-09
12.05	9.516952559351921e-09
12.06	9.211362339556217e-09
12.07	8.774804882705212e-09
12.08	8.454662747681141e-09
12.09	8.09086486697197e-09
12.1	7.770722731947899e-09
12.11	7.494236342608929e-09
12.12	7.246853783726692e-09
12.13	7.101334631443024e-09
12.14	6.883055903017521e-09
12.15	6.7229848355054855e-09
12.16	6.4319465309381485e-09
12.17	6.199115887284279e-09
12.18	5.893525667488575e-09
12.19	5.602487362921238e-09
12.2	5.311449058353901e-09
12.21	4.99130692332983e-09
12.22	4.700268618762493e-09
12.23	4.423782229423523e-09
12.24	4.118192009627819e-09
12.25	3.92901711165905e-09
12.26	3.637978807091713e-09
12.27	3.3905962482094765e-09
12.28	3.157765604555607e-09
12.29	2.954038791358471e-09
12.3	2.7939677238464355e-09
12.31	2.6921043172478676e-09
12.32	2.6047928258776665e-09
12.33	2.4883775040507317e-09
12.34	2.35741026699543e-09
12.35	2.255546860396862e-09
12.36	2.2118911147117615e-09
12.37	2.1827872842550278e-09
12.38	2.1100277081131935e-09
12.39	2.0372681319713593e-09
12.4	1.949956640601158e-09
12.41	1.877197064459324e-09
12.42	1.862645149230957e-09
12.43	1.8335413187742233e-09
12.44	1.7316779121756554e-09
12.45	1.6589183360338211e-09
12.46	1.5570549294352531e-09
12.47	1.4115357771515846e-09
12.48	1.2660166248679161e-09
12.49	1.1641532182693481e-09
12.5	1.076841726899147e-09
12.51	1.0186340659856796e-09
12.52	9.74978320300579e-10
12.53	9.167706593871117e-10
12.54	8.440110832452774e-10
12.55	8.294591680169106e-10
12.56	7.8580342233181e-10
12.57	7.275957614183426e-10
12.58	6.83940015733242e-10
12.59	6.111804395914078e-10
12.6	6.111804395914078e-10
12.61	5.529727786779404e-10
12.62	5.529727786779404e-10
12.63	4.656612873077393e-10
12.64	4.3655745685100555e-10
12.65	3.92901711165905e-10
12.66	3.4924596548080444e-10
12.67	3.055902197957039e-10
12.68	2.6193447411060333e-10
12.69	2.3283064365386963e-10
12.7	2.3283064365386963e-10
12.71	2.1827872842550278e-10
12.72	2.0372681319713593e-10
12.73	1.8917489796876907e-10
12.74	1.7462298274040222e-10
12.75	1.7462298274040222e-10
12.76	1.7462298274040222e-10
12.77	1.7462298274040222e-10
12.78	1.7462298274040222e-10
12.79	1.7462298274040222e-10
12.8	1.7462298274040222e-10
12.81	1.7462298274040222e-10
12.82	1.7462298274040222e-10
12.83	1.7462298274040222e-10
12.84	1.7462298274040222e-10
12.85	1.3096723705530167e-10
12.86	1.1641532182693481e-10
12.87	7.275957614183426e-11
12.88	5.820766091346741e-11
12.89	5.820766091346741e-11
12.9	5.820766091346741e-11
12.91	2.9103830456733704e-11
12.92	2.9103830456733704e-11
12.93	0.0
