5.71	0.0005016326904296875
5.72	0.000499725341796875
5.73	0.0004949569702148438
5.74	0.0004940032958984375
5.75	0.0004911422729492188
5.76	0.0004863739013671875
5.77	0.0004825592041015625
5.78	0.0004749298095703125
5.79	0.00047016143798828125
5.8	0.0004673004150390625
5.81	0.00046634674072265625
5.82	0.000461578369140625
5.83	0.0004596710205078125
5.84	0.00045871734619140625
5.85	0.000453948974609375
5.86	0.00045299530029296875
5.87	0.00045108795166015625
5.88	0.00044727325439453125
5.89	0.00044345855712890625
5.9	0.0004425048828125
5.91	0.00043773651123046875
5.92	0.00043582916259765625
5.93	0.00043487548828125
5.94	0.000431060791015625
5.95	0.0004291534423828125
5.96	0.000423431396484375
5.97	0.00041961669921875
5.98	0.00041675567626953125
5.99	0.0004119873046875
6.0	0.000408172607421875
6.01	0.0004062652587890625
6.02	0.00040149688720703125
6.03	0.000396728515625
6.04	0.00039196014404296875
6.05	0.00038909912109375
6.06	0.000385284423828125
6.07	0.00038242340087890625
6.08	0.0003795623779296875
6.09	0.0003757476806640625
6.1	0.000370025634765625
6.11	0.0003662109375
6.12	0.00036144256591796875
6.13	0.00035953521728515625
6.14	0.0003566741943359375
6.15	0.0003528594970703125
6.16	0.00035190582275390625
6.17	0.00035190582275390625
6.18	0.00034999847412109375
6.19	0.000347137451171875
6.2	0.0003452301025390625
6.21	0.00034236907958984375
6.22	0.000339508056640625
6.23	0.00033664703369140625
6.24	0.00033283233642578125
6.25	0.00033092498779296875
6.26	0.0003299713134765625
6.27	0.00032711029052734375
6.28	0.00032520294189453125
6.29	0.00032329559326171875
6.3	0.0003185272216796875
6.31	0.00031757354736328125
6.32	0.000316619873046875
6.33	0.00031375885009765625
6.34	0.00031185150146484375
6.35	0.0003108978271484375
6.36	0.000308990478515625
6.37	0.00030517578125
6.38	0.0003032684326171875
6.39	0.00030040740966796875
6.4	0.00029468536376953125
6.41	0.000293731689453125
6.42	0.0002918243408203125
6.43	0.00028514862060546875
6.44	0.00028228759765625
6.45	0.00027942657470703125
6.46	0.00027179718017578125
6.47	0.000270843505859375
6.48	0.00026798248291015625
6.49	0.0002651214599609375
6.5	0.000263214111328125
6.51	0.00026226043701171875
6.52	0.00025844573974609375
6.53	0.000255584716796875
6.54	0.0002536773681640625
6.55	0.00025081634521484375
6.56	0.0002498626708984375
6.57	0.00024318695068359375
6.58	0.000240325927734375
6.59	0.00023937225341796875
6.6	0.00023651123046875
6.61	0.0002346038818359375
6.62	0.00023365020751953125
6.63	0.00022983551025390625
6.64	0.00022602081298828125
6.65	0.000225067138671875
6.66	0.0002193450927734375
6.67	0.0002193450927734375
6.68	0.00021839141845703125
6.69	0.00021648406982421875
6.7	0.000213623046875
6.71	0.0002117156982421875
6.72	0.00021076202392578125
6.73	0.00020885467529296875
6.74	0.00020885467529296875
6.75	0.00020503997802734375
6.76	0.000202178955078125
6.77	0.00020122528076171875
6.78	0.0001964569091796875
6.79	0.00019359588623046875
6.8	0.0001926422119140625
6.81	0.00019168853759765625
6.82	0.00018978118896484375
6.83	0.0001888275146484375
6.84	0.0001888275146484375
6.85	0.0001888275146484375
6.86	0.0001888275146484375
6.87	0.00018787384033203125
6.88	0.00018596649169921875
6.89	0.0001850128173828125
6.9	0.00018405914306640625
6.91	0.0001811981201171875
6.92	0.00018024444580078125
6.93	0.000179290771484375
6.94	0.0001773834228515625
6.95	0.00017547607421875
6.96	0.00017452239990234375
6.97	0.000171661376953125
6.98	0.00016880035400390625
6.99	0.0001659393310546875
7.0	0.000164031982421875
7.01	0.00016307830810546875
7.02	0.00016021728515625
7.03	0.00015735626220703125
7.04	0.00015735626220703125
7.05	0.00015544891357421875
7.06	0.00015354156494140625
7.07	0.0001506805419921875
7.08	0.00014972686767578125
7.09	0.00014781951904296875
7.1	0.0001468658447265625
7.11	0.00014400482177734375
7.12	0.0001392364501953125
7.13	0.0001373291015625
7.14	0.00013446807861328125
7.15	0.00013065338134765625
7.16	0.00013065338134765625
7.17	0.00013065338134765625
7.18	0.00012969970703125
7.19	0.0001277923583984375
7.2	0.00012683868408203125
7.21	0.00012493133544921875
7.22	0.00012493133544921875
7.23	0.0001220703125
7.24	0.00012111663818359375
7.25	0.0001201629638671875
7.26	0.0001201629638671875
7.27	0.00011920928955078125
7.28	0.000118255615234375
7.29	0.000118255615234375
7.3	0.00011730194091796875
7.31	0.00011539459228515625
7.32	0.00011444091796875
7.33	0.00011157989501953125
7.34	0.000110626220703125
7.35	0.000110626220703125
7.36	0.00010967254638671875
7.37	0.0001087188720703125
7.38	0.00010776519775390625
7.39	0.00010776519775390625
7.4	0.0001049041748046875
7.41	0.0001049041748046875
7.42	0.0001049041748046875
7.43	0.00010204315185546875
7.44	0.0001010894775390625
7.45	0.00010013580322265625
7.46	9.822845458984375e-05
7.47	9.72747802734375e-05
7.48	9.72747802734375e-05
7.49	9.632110595703125e-05
7.5	9.632110595703125e-05
7.51	9.632110595703125e-05
7.52	9.632110595703125e-05
7.53	9.632110595703125e-05
7.54	9.632110595703125e-05
7.55	9.5367431640625e-05
7.56	9.441375732421875e-05
7.57	9.250640869140625e-05
7.58	9.059906005859375e-05
7.59	8.96453857421875e-05
7.6	8.7738037109375e-05
7.61	8.58306884765625e-05
7.62	8.58306884765625e-05
7.63	8.487701416015625e-05
7.64	8.20159912109375e-05
7.65	8.106231689453125e-05
7.66	7.82012939453125e-05
7.67	7.724761962890625e-05
7.68	7.724761962890625e-05
7.69	7.534027099609375e-05
7.7	7.43865966796875e-05
7.71	7.43865966796875e-05
7.72	7.343292236328125e-05
7.73	7.343292236328125e-05
7.74	7.2479248046875e-05
7.75	7.2479248046875e-05
7.76	7.2479248046875e-05
7.77	7.152557373046875e-05
7.78	7.05718994140625e-05
7.79	6.961822509765625e-05
7.8	6.866455078125e-05
7.81	6.67572021484375e-05
7.82	6.580352783203125e-05
7.83	6.4849853515625e-05
7.84	6.4849853515625e-05
7.85	6.4849853515625e-05
7.86	6.4849853515625e-05
7.87	6.4849853515625e-05
7.88	6.389617919921875e-05
7.89	6.389617919921875e-05
7.9	6.29425048828125e-05
7.91	6.29425048828125e-05
7.92	6.198883056640625e-05
7.93	6.198883056640625e-05
7.94	6.198883056640625e-05
7.95	6.198883056640625e-05
7.96	6.198883056640625e-05
7.97	6.008148193359375e-05
7.98	5.91278076171875e-05
7.99	5.817413330078125e-05
8.0	5.626678466796875e-05
8.01	5.435943603515625e-05
8.02	5.435943603515625e-05
8.03	5.245208740234375e-05
8.04	5.245208740234375e-05
8.05	5.14984130859375e-05
8.06	5.054473876953125e-05
8.07	4.9591064453125e-05
8.08	4.863739013671875e-05
8.09	4.76837158203125e-05
8.1	4.673004150390625e-05
8.11	4.673004150390625e-05
8.12	4.38690185546875e-05
8.13	4.1961669921875e-05
8.14	4.1961669921875e-05
8.15	4.00543212890625e-05
8.16	4.00543212890625e-05
8.17	4.00543212890625e-05
8.18	4.00543212890625e-05
8.19	4.00543212890625e-05
8.2	4.00543212890625e-05
8.21	4.00543212890625e-05
8.22	4.00543212890625e-05
8.23	4.00543212890625e-05
8.24	3.910064697265625e-05
8.25	3.814697265625e-05
8.26	3.814697265625e-05
8.27	3.719329833984375e-05
8.28	3.62396240234375e-05
8.29	3.62396240234375e-05
8.3	3.4332275390625e-05
8.31	3.337860107421875e-05
8.32	3.337860107421875e-05
8.33	3.0517578125e-05
8.34	3.0517578125e-05
8.35	3.0517578125e-05
8.36	3.0517578125e-05
8.37	3.0517578125e-05
8.38	3.0517578125e-05
8.39	3.0517578125e-05
8.4	3.0517578125e-05
8.41	3.0517578125e-05
8.42	3.0517578125e-05
8.43	3.0517578125e-05
8.44	3.0517578125e-05
8.45	3.0517578125e-05
8.46	2.956390380859375e-05
8.47	2.956390380859375e-05
8.48	2.956390380859375e-05
8.49	2.86102294921875e-05
8.5	2.86102294921875e-05
8.51	2.86102294921875e-05
8.52	2.86102294921875e-05
8.53	2.86102294921875e-05
8.54	2.86102294921875e-05
8.55	2.765655517578125e-05
8.56	2.765655517578125e-05
8.57	2.6702880859375e-05
8.58	2.574920654296875e-05
8.59	2.574920654296875e-05
8.6	2.47955322265625e-05
8.61	2.47955322265625e-05
8.62	2.47955322265625e-05
8.63	2.47955322265625e-05
8.64	2.384185791015625e-05
8.65	2.384185791015625e-05
8.66	2.193450927734375e-05
8.67	2.09808349609375e-05
8.68	2.002716064453125e-05
8.69	1.811981201171875e-05
8.7	1.71661376953125e-05
8.71	1.71661376953125e-05
8.72	1.71661376953125e-05
8.73	1.71661376953125e-05
8.74	1.621246337890625e-05
8.75	1.621246337890625e-05
8.76	1.621246337890625e-05
8.77	1.621246337890625e-05
8.78	1.430511474609375e-05
8.79	1.430511474609375e-05
8.8	1.430511474609375e-05
8.81	1.33514404296875e-05
8.82	1.239776611328125e-05
8.83	1.239776611328125e-05
8.84	1.239776611328125e-05
8.85	1.239776611328125e-05
8.86	1.239776611328125e-05
8.87	1.239776611328125e-05
8.88	1.239776611328125e-05
8.89	1.239776611328125e-05
8.9	1.239776611328125e-05
8.91	1.239776611328125e-05
8.92	1.239776611328125e-05
8.93	1.239776611328125e-05
8.94	1.239776611328125e-05
8.95	1.239776611328125e-05
8.96	1.239776611328125e-05
8.97	1.239776611328125e-05
8.98	1.1444091796875e-05
8.99	1.049041748046875e-05
9.0	1.049041748046875e-05
9.01	9.5367431640625e-06
9.02	9.5367431640625e-06
9.03	9.5367431640625e-06
9.04	9.5367431640625e-06
9.05	9.5367431640625e-06
9.06	9.5367431640625e-06
9.07	9.5367431640625e-06
9.08	9.5367431640625e-06
9.09	9.5367431640625e-06
9.1	9.5367431640625e-06
9.11	9.5367431640625e-06
9.12	9.5367431640625e-06
9.13	9.5367431640625e-06
9.14	9.5367431640625e-06
9.15	9.5367431640625e-06
9.16	9.5367431640625e-06
9.17	9.5367431640625e-06
9.18	9.5367431640625e-06
9.19	9.5367431640625e-06
9.2	9.5367431640625e-06
9.21	9.5367431640625e-06
9.22	9.5367431640625e-06
9.23	8.58306884765625e-06
9.24	8.58306884765625e-06
9.25	8.58306884765625e-06
9.26	8.58306884765625e-06
9.27	7.62939453125e-06
9.28	7.62939453125e-06
9.29	7.62939453125e-06
9.3	7.62939453125e-06
9.31	7.62939453125e-06
9.32	7.62939453125e-06
9.33	6.67572021484375e-06
9.34	6.67572021484375e-06
9.35	6.67572021484375e-06
9.36	5.7220458984375e-06
9.37	5.7220458984375e-06
9.38	5.7220458984375e-06
9.39	5.7220458984375e-06
9.4	5.7220458984375e-06
9.41	5.7220458984375e-06
9.42	5.7220458984375e-06
9.43	5.7220458984375e-06
9.44	5.7220458984375e-06
9.45	5.7220458984375e-06
9.46	5.7220458984375e-06
9.47	5.7220458984375e-06
9.48	5.7220458984375e-06
9.49	5.7220458984375e-06
9.5	5.7220458984375e-06
9.51	5.7220458984375e-06
9.52	5.7220458984375e-06
9.53	5.7220458984375e-06
9.54	5.7220458984375e-06
9.55	5.7220458984375e-06
9.56	5.7220458984375e-06
9.57	5.7220458984375e-06
9.58	5.7220458984375e-06
9.59	5.7220458984375e-06
9.6	5.7220458984375e-06
9.61	5.7220458984375e-06
9.62	5.7220458984375e-06
9.63	5.7220458984375e-06
9.64	4.76837158203125e-06
9.65	4.76837158203125e-06
9.66	4.76837158203125e-06
9.67	3.814697265625e-06
9.68	2.86102294921875e-06
9.69	2.86102294921875e-06
9.7	1.9073486328125e-06
9.71	1.9073486328125e-06
9.72	1.9073486328125e-06
9.73	1.9073486328125e-06
9.74	1.9073486328125e-06
9.75	1.9073486328125e-06
9.76	1.9073486328125e-06
9.77	1.9073486328125e-06
9.78	1.9073486328125e-06
9.79	1.9073486328125e-06
9.8	1.9073486328125e-06
9.81	1.9073486328125e-06
9.82	1.9073486328125e-06
9.83	1.9073486328125e-06
9.84	1.9073486328125e-06
9.85	1.9073486328125e-06
9.86	1.9073486328125e-06
9.87	1.9073486328125e-06
9.88	1.9073486328125e-06
9.89	1.9073486328125e-06
9.9	1.9073486328125e-06
9.91	1.9073486328125e-06
9.92	1.9073486328125e-06
9.93	1.9073486328125e-06
9.94	1.9073486328125e-06
9.95	1.9073486328125e-06
9.96	1.9073486328125e-06
9.97	1.9073486328125e-06
9.98	1.9073486328125e-06
9.99	1.9073486328125e-06
10.0	1.9073486328125e-06
10.01	1.9073486328125e-06
10.02	1.9073486328125e-06
10.03	1.9073486328125e-06
10.04	1.9073486328125e-06
10.05	1.9073486328125e-06
10.06	1.9073486328125e-06
10.07	1.9073486328125e-06
10.08	1.9073486328125e-06
10.09	1.9073486328125e-06
10.1	1.9073486328125e-06
10.11	1.9073486328125e-06
10.12	1.9073486328125e-06
10.13	1.9073486328125e-06
10.14	1.9073486328125e-06
10.15	1.9073486328125e-06
10.16	1.9073486328125e-06
10.17	1.9073486328125e-06
10.18	1.9073486328125e-06
10.19	1.9073486328125e-06
10.2	1.9073486328125e-06
10.21	1.9073486328125e-06
10.22	1.9073486328125e-06
10.23	1.9073486328125e-06
10.24	1.9073486328125e-06
10.25	1.9073486328125e-06
10.26	1.9073486328125e-06
10.27	1.9073486328125e-06
10.28	1.9073486328125e-06
10.29	1.9073486328125e-06
10.3	1.9073486328125e-06
10.31	1.9073486328125e-06
10.32	1.9073486328125e-06
10.33	9.5367431640625e-07
10.34	9.5367431640625e-07
10.35	9.5367431640625e-07
10.36	0.0
