5.65	0.0005000829696655273
5.66	0.0004944205284118652
5.67	0.0004884600639343262
5.68	0.00048363208770751953
5.69	0.0004781484603881836
5.7	0.00047385692596435547
5.71	0.0004666447639465332
5.72	0.00046175718307495117
5.73	0.00045680999755859375
5.74	0.0004544258117675781
5.75	0.0004488825798034668
5.76	0.0004444122314453125
5.77	0.00043898820877075195
5.78	0.0004342198371887207
5.79	0.0004310011863708496
5.8	0.0004267096519470215
5.81	0.0004233717918395996
5.82	0.0004184246063232422
5.83	0.0004152655601501465
5.84	0.0004107356071472168
5.85	0.00040584802627563477
5.86	0.0004017353057861328
5.87	0.00039827823638916016
5.88	0.00039374828338623047
5.89	0.0003889799118041992
5.9	0.00038439035415649414
5.91	0.00037997961044311523
5.92	0.00037658214569091797
5.93	0.0003719329833984375
5.94	0.0003679990768432617
5.95	0.0003622770309448242
5.96	0.0003605484962463379
5.97	0.00035774707794189453
5.98	0.0003546476364135742
5.99	0.00035113096237182617
6.0	0.0003482699394226074
6.01	0.00034373998641967773
6.02	0.00034165382385253906
6.03	0.00033861398696899414
6.04	0.00033479928970336914
6.05	0.0003314018249511719
6.06	0.0003288388252258301
6.07	0.00032460689544677734
6.08	0.0003210306167602539
6.09	0.00031763315200805664
6.1	0.0003135800361633301
6.11	0.00030934810638427734
6.12	0.00030678510665893555
6.13	0.0003033280372619629
6.14	0.00030118227005004883
6.15	0.00029909610748291016
6.16	0.000295102596282959
6.17	0.0002924799919128418
6.18	0.0002892017364501953
6.19	0.0002865791320800781
6.2	0.00028401613235473633
6.21	0.00028198957443237305
6.22	0.00027823448181152344
6.23	0.00027555227279663086
6.24	0.0002733469009399414
6.25	0.00027126073837280273
6.26	0.0002684593200683594
6.27	0.0002658963203430176
6.28	0.0002627372741699219
6.29	0.00025904178619384766
6.3	0.00025707483291625977
6.31	0.0002542734146118164
6.32	0.00025010108947753906
6.33	0.00024771690368652344
6.34	0.0002454519271850586
6.35	0.00024271011352539062
6.36	0.00023984909057617188
6.37	0.0002384185791015625
6.38	0.00023621320724487305
6.39	0.00023412704467773438
6.4	0.0002321004867553711
6.41	0.00022977590560913086
6.42	0.00022721290588378906
6.43	0.00022554397583007812
6.44	0.00022304058074951172
6.45	0.00022083520889282227
6.46	0.00021779537200927734
6.47	0.00021541118621826172
6.48	0.0002136826515197754
6.49	0.0002110600471496582
6.5	0.0002085566520690918
6.51	0.00020587444305419922
6.52	0.00020420551300048828
6.53	0.00020253658294677734
6.54	0.00020009279251098633
6.55	0.00019747018814086914
6.56	0.00019562244415283203
6.57	0.00019347667694091797
6.58	0.00019222497940063477
6.59	0.00019085407257080078
6.6	0.00018870830535888672
6.61	0.00018703937530517578
6.62	0.00018537044525146484
6.63	0.00018298625946044922
6.64	0.00018024444580078125
6.65	0.00017851591110229492
6.66	0.00017654895782470703
6.67	0.00017523765563964844
6.68	0.0001735091209411621
6.69	0.0001704692840576172
6.7	0.0001671314239501953
6.71	0.00016611814498901367
6.72	0.0001640915870666504
6.73	0.00016224384307861328
6.74	0.0001602768898010254
6.75	0.0001583099365234375
6.76	0.0001571178436279297
6.77	0.00015616416931152344
6.78	0.00015461444854736328
6.79	0.00015300512313842773
6.8	0.00015181303024291992
6.81	0.00015097856521606445
6.82	0.00014907121658325195
6.83	0.00014775991439819336
6.84	0.0001461505889892578
6.85	0.00014418363571166992
6.86	0.00014251470565795898
6.87	0.00013947486877441406
6.88	0.00013810396194458008
6.89	0.00013571977615356445
6.9	0.00013440847396850586
6.91	0.00013333559036254883
6.92	0.0001316666603088379
6.93	0.00012946128845214844
6.94	0.00012868642807006836
6.95	0.0001264810562133789
6.96	0.00012540817260742188
6.97	0.00012475252151489258
6.98	0.0001240372657775879
6.99	0.0001227855682373047
7.0	0.00012177228927612305
7.01	0.00012004375457763672
7.02	0.00011873245239257812
7.03	0.00011777877807617188
7.04	0.00011610984802246094
7.05	0.00011521577835083008
7.06	0.00011390447616577148
7.07	0.00011199712753295898
7.08	0.00011068582534790039
7.09	0.00010955333709716797
7.1	0.00010794401168823242
7.11	0.00010657310485839844
7.12	0.00010520219802856445
7.13	0.000102996826171875
7.14	0.0001023411750793457
7.15	0.00010144710540771484
7.16	0.0001004934310913086
7.17	9.971857070922852e-05
7.18	9.876489639282227e-05
7.19	9.757280349731445e-05
7.2	9.685754776000977e-05
7.21	9.620189666748047e-05
7.22	9.560585021972656e-05
7.23	9.465217590332031e-05
7.24	9.292364120483398e-05
7.25	9.131431579589844e-05
7.26	9.042024612426758e-05
7.27	8.928775787353516e-05
7.28	8.803606033325195e-05
7.29	8.696317672729492e-05
7.3	8.565187454223633e-05
7.31	8.440017700195312e-05
7.32	8.422136306762695e-05
7.33	8.344650268554688e-05
7.34	8.213520050048828e-05
7.35	8.130073547363281e-05
7.36	8.100271224975586e-05
7.37	8.022785186767578e-05
7.38	7.933378219604492e-05
7.39	7.814168930053711e-05
7.4	7.742643356323242e-05
7.41	7.677078247070312e-05
7.42	7.539987564086914e-05
7.43	7.492303848266602e-05
7.44	7.37905502319336e-05
7.45	7.331371307373047e-05
7.46	7.289648056030273e-05
7.47	7.170438766479492e-05
7.48	7.033348083496094e-05
7.49	6.914138793945312e-05
7.5	6.860494613647461e-05
7.51	6.777048110961914e-05
7.52	6.717443466186523e-05
7.53	6.633996963500977e-05
7.54	6.562471389770508e-05
7.55	6.526708602905273e-05
7.56	6.467103958129883e-05
7.57	6.341934204101562e-05
7.58	6.264448165893555e-05
7.59	6.23464584350586e-05
7.6	6.192922592163086e-05
7.61	6.127357482910156e-05
7.62	6.026029586791992e-05
7.63	5.9485435485839844e-05
7.64	5.8591365814208984e-05
7.65	5.793571472167969e-05
7.66	5.710124969482422e-05
7.67	5.5730342864990234e-05
7.68	5.501508712768555e-05
7.69	5.4895877838134766e-05
7.7	5.412101745605469e-05
7.71	5.358457565307617e-05
7.72	5.27501106262207e-05
7.73	5.2094459533691406e-05
7.74	5.1915645599365234e-05
7.75	5.167722702026367e-05
7.76	5.1021575927734375e-05
7.77	5.048513412475586e-05
7.78	5.0008296966552734e-05
7.79	4.935264587402344e-05
7.8	4.83393669128418e-05
7.81	4.786252975463867e-05
7.82	4.661083221435547e-05
7.83	4.6133995056152344e-05
7.84	4.565715789794922e-05
7.85	4.51207160949707e-05
7.86	4.404783248901367e-05
7.87	4.3272972106933594e-05
7.88	4.285573959350586e-05
7.89	4.214048385620117e-05
7.9	4.1365623474121094e-05
7.91	4.088878631591797e-05
7.92	4.0590763092041016e-05
7.93	4.035234451293945e-05
7.94	3.993511199951172e-05
7.95	3.916025161743164e-05
7.96	3.8743019104003906e-05
7.97	3.8564205169677734e-05
7.98	3.814697265625e-05
7.99	3.7729740142822266e-05
8.0	3.719329833984375e-05
8.01	3.6716461181640625e-05
8.02	3.600120544433594e-05
8.03	3.55839729309082e-05
8.04	3.463029861450195e-05
8.05	3.36766242980957e-05
8.06	3.319978713989258e-05
8.07	3.2961368560791016e-05
8.08	3.224611282348633e-05
8.09	3.1828880310058594e-05
8.1	3.123283386230469e-05
8.11	3.063678741455078e-05
8.12	3.063678741455078e-05
8.13	2.9921531677246094e-05
8.14	2.956390380859375e-05
8.15	2.950429916381836e-05
8.16	2.950429916381836e-05
8.17	2.9146671295166016e-05
8.18	2.86102294921875e-05
8.19	2.8312206268310547e-05
8.2	2.765655517578125e-05
8.21	2.753734588623047e-05
8.22	2.6941299438476562e-05
8.23	2.6524066925048828e-05
8.24	2.580881118774414e-05
8.25	2.5331974029541016e-05
8.26	2.491474151611328e-05
8.27	2.4437904357910156e-05
8.28	2.4020671844482422e-05
8.29	2.372264862060547e-05
8.3	2.3484230041503906e-05
8.31	2.3186206817626953e-05
8.32	2.276897430419922e-05
8.33	2.2351741790771484e-05
8.34	2.2351741790771484e-05
8.35	2.2292137145996094e-05
8.36	2.1696090698242188e-05
8.37	2.1457672119140625e-05
8.38	2.1219253540039062e-05
8.39	2.1219253540039062e-05
8.4	2.1219253540039062e-05
8.41	2.086162567138672e-05
8.42	2.002716064453125e-05
8.43	1.9550323486328125e-05
8.44	1.9431114196777344e-05
8.45	1.913309097290039e-05
8.46	1.8894672393798828e-05
8.47	1.8537044525146484e-05
8.48	1.823902130126953e-05
8.49	1.7642974853515625e-05
8.5	1.7642974853515625e-05
8.51	1.704692840576172e-05
8.52	1.6927719116210938e-05
8.53	1.6808509826660156e-05
8.54	1.6808509826660156e-05
8.55	1.6689300537109375e-05
8.56	1.6510486602783203e-05
8.57	1.6391277313232422e-05
8.58	1.627206802368164e-05
8.59	1.609325408935547e-05
8.6	1.5556812286376953e-05
8.61	1.537799835205078e-05
8.62	1.52587890625e-05
8.63	1.52587890625e-05
8.64	1.5020370483398438e-05
8.65	1.4543533325195312e-05
8.66	1.424551010131836e-05
8.67	1.3947486877441406e-05
8.68	1.3828277587890625e-05
8.69	1.3649463653564453e-05
8.7	1.3530254364013672e-05
8.71	1.33514404296875e-05
8.72	1.33514404296875e-05
8.73	1.329183578491211e-05
8.74	1.2934207916259766e-05
8.75	1.2636184692382812e-05
8.76	1.245737075805664e-05
8.77	1.245737075805664e-05
8.78	1.239776611328125e-05
8.79	1.2159347534179688e-05
8.8	1.1980533599853516e-05
8.81	1.1861324310302734e-05
8.82	1.150369644165039e-05
8.83	1.138448715209961e-05
8.84	1.1086463928222656e-05
8.85	1.0728836059570312e-05
8.86	1.0669231414794922e-05
8.87	1.0669231414794922e-05
8.88	1.0192394256591797e-05
8.89	1.0073184967041016e-05
8.9	9.834766387939453e-06
8.91	9.775161743164062e-06
8.92	9.775161743164062e-06
8.93	9.715557098388672e-06
8.94	9.5367431640625e-06
8.95	9.47713851928711e-06
8.96	9.357929229736328e-06
8.97	9.179115295410156e-06
8.98	8.821487426757812e-06
8.99	8.761882781982422e-06
9.0	8.702278137207031e-06
9.01	8.58306884765625e-06
9.02	8.344650268554688e-06
9.03	7.987022399902344e-06
9.04	7.68899917602539e-06
9.05	7.68899917602539e-06
9.06	7.68899917602539e-06
9.07	7.152557373046875e-06
9.08	6.973743438720703e-06
9.09	6.794929504394531e-06
9.1	6.794929504394531e-06
9.11	6.794929504394531e-06
9.12	6.67572021484375e-06
9.13	6.4373016357421875e-06
9.14	6.318092346191406e-06
9.15	6.318092346191406e-06
9.16	6.139278411865234e-06
9.17	6.139278411865234e-06
9.18	5.9604644775390625e-06
9.19	5.900859832763672e-06
9.2	5.543231964111328e-06
9.21	5.543231964111328e-06
9.22	5.245208740234375e-06
9.23	5.125999450683594e-06
9.24	5.125999450683594e-06
9.25	5.125999450683594e-06
9.26	4.649162292480469e-06
9.27	4.5299530029296875e-06
9.28	4.410743713378906e-06
9.29	4.291534423828125e-06
9.3	4.291534423828125e-06
9.31	4.0531158447265625e-06
9.32	3.933906555175781e-06
9.33	3.933906555175781e-06
9.34	3.933906555175781e-06
9.35	3.933906555175781e-06
9.36	3.6954879760742188e-06
9.37	3.635883331298828e-06
9.38	3.5762786865234375e-06
9.39	3.4570693969726562e-06
9.4	3.4570693969726562e-06
9.41	3.337860107421875e-06
9.42	3.2186508178710938e-06
9.43	3.2186508178710938e-06
9.44	3.2186508178710938e-06
9.45	2.8014183044433594e-06
9.46	2.7418136596679688e-06
9.47	2.7418136596679688e-06
9.48	2.7418136596679688e-06
9.49	2.7418136596679688e-06
9.5	2.6226043701171875e-06
9.51	2.5033950805664062e-06
9.52	2.5033950805664062e-06
9.53	2.5033950805664062e-06
9.54	2.2649765014648438e-06
9.55	2.2649765014648438e-06
9.56	2.205371856689453e-06
9.57	2.205371856689453e-06
9.58	2.205371856689453e-06
9.59	2.1457672119140625e-06
9.6	2.0265579223632812e-06
9.61	1.9073486328125e-06
9.62	1.9073486328125e-06
9.63	1.9073486328125e-06
9.64	1.9073486328125e-06
9.65	1.9073486328125e-06
9.66	1.9073486328125e-06
9.67	1.7881393432617188e-06
9.68	1.7881393432617188e-06
9.69	1.6093254089355469e-06
9.7	1.6093254089355469e-06
9.71	1.6093254089355469e-06
9.72	1.6093254089355469e-06
9.73	1.6093254089355469e-06
9.74	1.6093254089355469e-06
9.75	1.6093254089355469e-06
9.76	1.6093254089355469e-06
9.77	1.5497207641601562e-06
9.78	1.5497207641601562e-06
9.79	1.430511474609375e-06
9.8	1.430511474609375e-06
9.81	1.430511474609375e-06
9.82	1.3113021850585938e-06
9.83	1.2516975402832031e-06
9.84	1.2516975402832031e-06
9.85	1.2516975402832031e-06
9.86	1.2516975402832031e-06
9.87	1.2516975402832031e-06
9.88	1.2516975402832031e-06
9.89	1.2516975402832031e-06
9.9	1.2516975402832031e-06
9.91	1.2516975402832031e-06
9.92	1.1324882507324219e-06
9.93	1.1324882507324219e-06
9.94	1.1324882507324219e-06
9.95	1.1324882507324219e-06
9.96	1.1324882507324219e-06
9.97	1.0728836059570312e-06
9.98	1.0728836059570312e-06
9.99	1.0728836059570312e-06
10.0	9.5367431640625e-07
10.01	9.5367431640625e-07
10.02	8.940696716308594e-07
10.03	8.940696716308594e-07
10.04	8.940696716308594e-07
10.05	8.940696716308594e-07
10.06	7.748603820800781e-07
10.07	7.748603820800781e-07
10.08	7.748603820800781e-07
10.09	7.748603820800781e-07
10.1	7.748603820800781e-07
10.11	7.748603820800781e-07
10.12	7.748603820800781e-07
10.13	7.748603820800781e-07
10.14	7.748603820800781e-07
10.15	7.152557373046875e-07
10.16	7.152557373046875e-07
10.17	7.152557373046875e-07
10.18	7.152557373046875e-07
10.19	7.152557373046875e-07
10.2	5.960464477539062e-07
10.21	5.364418029785156e-07
10.22	5.364418029785156e-07
10.23	5.364418029785156e-07
10.24	5.364418029785156e-07
10.25	4.172325134277344e-07
10.26	4.172325134277344e-07
10.27	4.172325134277344e-07
10.28	4.172325134277344e-07
10.29	4.172325134277344e-07
10.3	4.172325134277344e-07
10.31	4.172325134277344e-07
10.32	4.172325134277344e-07
10.33	4.172325134277344e-07
10.34	4.172325134277344e-07
10.35	4.172325134277344e-07
10.36	4.172325134277344e-07
10.37	4.172325134277344e-07
10.38	2.980232238769531e-07
10.39	2.980232238769531e-07
10.4	2.384185791015625e-07
10.41	2.384185791015625e-07
10.42	2.384185791015625e-07
10.43	2.384185791015625e-07
10.44	1.1920928955078125e-07
10.45	1.1920928955078125e-07
10.46	1.1920928955078125e-07
10.47	1.1920928955078125e-07
10.48	1.1920928955078125e-07
10.49	1.1920928955078125e-07
10.5	1.1920928955078125e-07
10.51	1.1920928955078125e-07
10.52	1.1920928955078125e-07
10.53	1.1920928955078125e-07
10.54	1.1920928955078125e-07
10.55	1.1920928955078125e-07
10.56	1.1920928955078125e-07
10.57	1.1920928955078125e-07
10.58	1.1920928955078125e-07
10.59	1.1920928955078125e-07
10.6	1.1920928955078125e-07
10.61	1.1920928955078125e-07
10.62	1.1920928955078125e-07
10.63	0.0
