5.55	0.0005035400390625
5.56	0.00048828125
5.57	0.00048065185546875
5.58	0.0004730224609375
5.59	0.000457763671875
5.6	0.000457763671875
5.61	0.00045013427734375
5.62	0.00045013427734375
5.63	0.00045013427734375
5.64	0.00042724609375
5.65	0.00042724609375
5.66	0.00042724609375
5.67	0.00042724609375
5.68	0.00042724609375
5.69	0.00042724609375
5.7	0.00042724609375
5.71	0.00042724609375
5.72	0.00042724609375
5.73	0.00042724609375
5.74	0.00042724609375
5.75	0.0004119873046875
5.76	0.0004119873046875
5.77	0.0004119873046875
5.78	0.0004119873046875
5.79	0.0004119873046875
5.8	0.00031280517578125
5.81	0.00030517578125
5.82	0.00030517578125
5.83	0.00030517578125
5.84	0.00030517578125
5.85	0.00030517578125
5.86	0.0002899169921875
5.87	0.00028228759765625
5.88	0.00028228759765625
5.89	0.00028228759765625
5.9	0.00028228759765625
5.91	0.00028228759765625
5.92	0.00028228759765625
5.93	0.0002593994140625
5.94	0.0002593994140625
5.95	0.0002593994140625
5.96	0.000244140625
5.97	0.000244140625
5.98	0.000244140625
5.99	0.000244140625
6.0	0.000244140625
6.01	0.00023651123046875
6.02	0.0002288818359375
6.03	0.0002288818359375
6.04	0.0002288818359375
6.05	0.00022125244140625
6.06	0.00022125244140625
6.07	0.00022125244140625
6.08	0.00022125244140625
6.09	0.00022125244140625
6.1	0.00022125244140625
6.11	0.00022125244140625
6.12	0.00022125244140625
6.13	0.00022125244140625
6.14	0.00022125244140625
6.15	0.00022125244140625
6.16	0.00022125244140625
6.17	0.000213623046875
6.18	0.0001983642578125
6.19	0.0001983642578125
6.2	0.0001983642578125
6.21	0.0001983642578125
6.22	0.0001983642578125
6.23	0.0001983642578125
6.24	0.00019073486328125
6.25	0.00018310546875
6.26	0.00018310546875
6.27	0.00018310546875
6.28	0.00018310546875
6.29	0.00018310546875
6.3	0.00018310546875
6.31	0.00017547607421875
6.32	0.00017547607421875
6.33	0.00017547607421875
6.34	0.00017547607421875
6.35	0.00017547607421875
6.36	0.00017547607421875
6.37	0.00017547607421875
6.38	0.00017547607421875
6.39	0.0001678466796875
6.4	0.0001678466796875
6.41	0.0001678466796875
6.42	0.000152587890625
6.43	0.000152587890625
6.44	0.000152587890625
6.45	0.000152587890625
6.46	0.000152587890625
6.47	0.00014495849609375
6.48	0.00014495849609375
6.49	0.00014495849609375
6.5	0.00014495849609375
6.51	0.00014495849609375
6.52	0.00014495849609375
6.53	0.00014495849609375
6.54	0.0001373291015625
6.55	0.0001373291015625
6.56	0.0001373291015625
6.57	0.0001373291015625
6.58	0.0001373291015625
6.59	0.0001373291015625
6.6	0.0001373291015625
6.61	0.00011444091796875
6.62	0.00011444091796875
6.63	0.00011444091796875
6.64	0.00011444091796875
6.65	0.00011444091796875
6.66	0.00011444091796875
6.67	0.00011444091796875
6.68	0.0001068115234375
6.69	9.918212890625e-05
6.7	9.918212890625e-05
6.71	9.918212890625e-05
6.72	9.918212890625e-05
6.73	9.918212890625e-05
6.74	9.918212890625e-05
6.75	9.918212890625e-05
6.76	9.918212890625e-05
6.77	9.918212890625e-05
6.78	9.918212890625e-05
6.79	9.918212890625e-05
6.8	9.918212890625e-05
6.81	9.918212890625e-05
6.82	9.918212890625e-05
6.83	9.918212890625e-05
6.84	9.918212890625e-05
6.85	9.918212890625e-05
6.86	9.918212890625e-05
6.87	9.918212890625e-05
6.88	9.918212890625e-05
6.89	9.918212890625e-05
6.9	9.1552734375e-05
6.91	9.1552734375e-05
6.92	8.392333984375e-05
6.93	8.392333984375e-05
6.94	8.392333984375e-05
6.95	8.392333984375e-05
6.96	8.392333984375e-05
6.97	8.392333984375e-05
6.98	6.103515625e-05
6.99	6.103515625e-05
7.0	6.103515625e-05
7.01	6.103515625e-05
7.02	6.103515625e-05
7.03	6.103515625e-05
7.04	6.103515625e-05
7.05	6.103515625e-05
7.06	5.340576171875e-05
7.07	5.340576171875e-05
7.08	5.340576171875e-05
7.09	5.340576171875e-05
7.1	5.340576171875e-05
7.11	5.340576171875e-05
7.12	5.340576171875e-05
7.13	5.340576171875e-05
7.14	5.340576171875e-05
7.15	5.340576171875e-05
7.16	5.340576171875e-05
7.17	5.340576171875e-05
7.18	5.340576171875e-05
7.19	5.340576171875e-05
7.2	5.340576171875e-05
7.21	5.340576171875e-05
7.22	5.340576171875e-05
7.23	5.340576171875e-05
7.24	5.340576171875e-05
7.25	5.340576171875e-05
7.26	5.340576171875e-05
7.27	4.57763671875e-05
7.28	4.57763671875e-05
7.29	4.57763671875e-05
7.3	4.57763671875e-05
7.31	4.57763671875e-05
7.32	4.57763671875e-05
7.33	4.57763671875e-05
7.34	3.814697265625e-05
7.35	3.814697265625e-05
7.36	3.0517578125e-05
7.37	3.0517578125e-05
7.38	3.0517578125e-05
7.39	3.0517578125e-05
7.4	3.0517578125e-05
7.41	3.0517578125e-05
7.42	3.0517578125e-05
7.43	3.0517578125e-05
7.44	3.0517578125e-05
7.45	3.0517578125e-05
7.46	3.0517578125e-05
7.47	3.0517578125e-05
7.48	3.0517578125e-05
7.49	3.0517578125e-05
7.5	3.0517578125e-05
7.51	3.0517578125e-05
7.52	3.0517578125e-05
7.53	3.0517578125e-05
7.54	3.0517578125e-05
7.55	3.0517578125e-05
7.56	3.0517578125e-05
7.57	3.0517578125e-05
7.58	3.0517578125e-05
7.59	2.288818359375e-05
7.6	2.288818359375e-05
7.61	2.288818359375e-05
7.62	2.288818359375e-05
7.63	2.288818359375e-05
7.64	2.288818359375e-05
7.65	2.288818359375e-05
7.66	2.288818359375e-05
7.67	2.288818359375e-05
7.68	2.288818359375e-05
7.69	2.288818359375e-05
7.7	2.288818359375e-05
7.71	2.288818359375e-05
7.72	2.288818359375e-05
7.73	1.52587890625e-05
7.74	1.52587890625e-05
7.75	1.52587890625e-05
7.76	1.52587890625e-05
7.77	1.52587890625e-05
7.78	1.52587890625e-05
7.79	1.52587890625e-05
7.8	1.52587890625e-05
7.81	1.52587890625e-05
7.82	1.52587890625e-05
7.83	1.52587890625e-05
7.84	1.52587890625e-05
7.85	1.52587890625e-05
7.86	1.52587890625e-05
7.87	1.52587890625e-05
7.88	1.52587890625e-05
7.89	1.52587890625e-05
7.9	1.52587890625e-05
7.91	1.52587890625e-05
7.92	1.52587890625e-05
7.93	1.52587890625e-05
7.94	1.52587890625e-05
7.95	1.52587890625e-05
7.96	1.52587890625e-05
7.97	1.52587890625e-05
7.98	1.52587890625e-05
7.99	1.52587890625e-05
8.0	1.52587890625e-05
8.01	1.52587890625e-05
8.02	1.52587890625e-05
8.03	7.62939453125e-06
8.04	7.62939453125e-06
8.05	7.62939453125e-06
8.06	7.62939453125e-06
8.07	7.62939453125e-06
8.08	7.62939453125e-06
8.09	7.62939453125e-06
8.1	7.62939453125e-06
8.11	7.62939453125e-06
8.12	7.62939453125e-06
8.13	7.62939453125e-06
8.14	7.62939453125e-06
8.15	7.62939453125e-06
8.16	7.62939453125e-06
8.17	7.62939453125e-06
8.18	7.62939453125e-06
8.19	7.62939453125e-06
8.2	7.62939453125e-06
8.21	7.62939453125e-06
8.22	7.62939453125e-06
8.23	7.62939453125e-06
8.24	7.62939453125e-06
8.25	7.62939453125e-06
8.26	7.62939453125e-06
8.27	7.62939453125e-06
8.28	7.62939453125e-06
8.29	7.62939453125e-06
8.3	7.62939453125e-06
8.31	7.62939453125e-06
8.32	7.62939453125e-06
8.33	7.62939453125e-06
8.34	7.62939453125e-06
8.35	7.62939453125e-06
8.36	7.62939453125e-06
8.37	7.62939453125e-06
8.38	7.62939453125e-06
8.39	7.62939453125e-06
