5.51	0.0005012800684198737
5.52	0.0004967266577295959
5.53	0.0004920567153021693
5.54	0.00048784411046653986
5.55	0.0004834958235733211
5.56	0.0004791140672750771
5.57	0.0004749518120661378
5.58	0.00047050241846591234
5.59	0.0004664316074922681
5.6	0.00046216242481023073
5.61	0.00045796105405315757
5.62	0.0004536028718575835
5.63	0.0004494842141866684
5.64	0.00044517096830531955
5.65	0.00044069462455809116
5.66	0.0004363869084045291
5.67	0.00043194182217121124
5.68	0.00042743998346850276
5.69	0.0004228164325468242
5.7	0.00041837216122075915
5.71	0.00041378114838153124
5.72	0.00040928105590865016
5.73	0.00040489621460437775
5.74	0.0004004645743407309
5.75	0.0003963744966313243
5.76	0.00039246835513040423
5.77	0.0003885095939040184
5.78	0.0003846274339593947
5.79	0.0003809877671301365
5.8	0.00037747883470728993
5.81	0.00037397199776023626
5.82	0.0003707391442731023
5.83	0.0003672686289064586
5.84	0.0003640252980403602
5.85	0.0003608255065046251
5.86	0.0003574693691916764
5.87	0.0003542028716765344
5.88	0.00035084347473457456
5.89	0.0003476270940154791
5.9	0.0003440415021032095
5.91	0.00034073065035045147
5.92	0.0003373713116161525
5.93	0.00033370114397257566
5.94	0.000330242735799402
5.95	0.0003267624997533858
5.96	0.00032318540615960956
5.97	0.00031958153704181314
5.98	0.000316160439979285
5.99	0.00031273183412849903
6.0	0.0003092542174272239
6.01	0.00030597852310165763
6.02	0.0003024200559593737
6.03	0.0002993180532939732
6.04	0.0002963634324260056
6.05	0.0002933897194452584
6.06	0.0002903674612753093
6.07	0.0002876262878999114
6.08	0.0002851017634384334
6.09	0.000282371009234339
6.1	0.00027996639255434275
6.11	0.00027745094848796725
6.12	0.0002748981351032853
6.13	0.000272244680672884
6.14	0.000269889656919986
6.15	0.0002672374830581248
6.16	0.00026447337586432695
6.17	0.00026197207625955343
6.18	0.0002592169912531972
6.19	0.00025652896147221327
6.2	0.0002538174157962203
6.21	0.00025103340158239007
6.22	0.00024824775755405426
6.23	0.0002454476780258119
6.24	0.0002428024890832603
6.25	0.00023986666928976774
6.26	0.00023725972278043628
6.27	0.00023463822435587645
6.28	0.00023192644584923983
6.29	0.00022941379575058818
6.3	0.00022698583779856563
6.31	0.0002246763906441629
6.32	0.00022229773458093405
6.33	0.0002201294992119074
6.34	0.00021785293938592076
6.35	0.0002157909912057221
6.36	0.0002139252028428018
6.37	0.00021190487314015627
6.38	0.0002099497360177338
6.39	0.0002079801051877439
6.4	0.0002060796250589192
6.41	0.00020415277685970068
6.42	0.0002022588741965592
6.43	0.00020021572709083557
6.44	0.00019802956376224756
6.45	0.0001959879300557077
6.46	0.00019394687842577696
6.47	0.00019175955094397068
6.48	0.00018948997603729367
6.49	0.00018735270714387298
6.5	0.00018510676454752684
6.51	0.00018288625869899988
6.52	0.00018081034068018198
6.53	0.000178602640517056
6.54	0.00017667148495092988
6.55	0.00017471570754423738
6.56	0.00017274427227675915
6.57	0.00017070828471332788
6.58	0.00016891350969672203
6.59	0.00016721448628231883
6.6	0.00016552646411582828
6.61	0.00016390543896704912
6.62	0.0001622149138711393
6.63	0.00016064225928857923
6.64	0.0001591488835401833
6.65	0.00015772238839417696
6.66	0.00015617941971868277
6.67	0.00015467090997844934
6.68	0.00015320978127419949
6.69	0.0001516565098427236
6.7	0.0001501752994954586
6.71	0.00014859286602586508
6.72	0.00014690594980493188
6.73	0.00014529272448271513
6.74	0.00014372862642630935
6.75	0.0001419757609255612
6.76	0.0001402162597514689
6.77	0.0001385907526127994
6.78	0.00013687991304323077
6.79	0.00013516779290512204
6.8	0.0001335822162218392
6.81	0.00013190123718231916
6.82	0.000130342785269022
6.83	0.00012889516074210405
6.84	0.0001274742535315454
6.85	0.0001259951968677342
6.86	0.0001247620675712824
6.87	0.00012350449105724692
6.88	0.00012217194307595491
6.89	0.00012099480954930186
6.9	0.00011983118019998074
6.91	0.00011868332512676716
6.92	0.00011746439849957824
6.93	0.00011644099140539765
6.94	0.00011523260036483407
6.95	0.00011402455857023597
6.96	0.00011293072020635009
6.97	0.00011179590364918113
6.98	0.00011053745402023196
6.99	0.00010931526776403189
7.0	0.00010802422184497118
7.01	0.00010673003271222115
7.02	0.000105540850199759
7.03	0.00010424922220408916
7.04	0.00010282185394316912
7.05	0.00010156090138480067
7.06	0.0001002825447358191
7.07	9.894196409732103e-05
7.08	9.773328201845288e-05
7.09	9.659852366894484e-05
7.1	9.54953720793128e-05
7.11	9.43145714700222e-05
7.12	9.332399349659681e-05
7.13	9.224790846928954e-05
7.14	9.132153354585171e-05
7.15	9.045470505952835e-05
7.16	8.961127605289221e-05
7.17	8.861464448273182e-05
7.18	8.778547635301948e-05
7.19	8.694513235241175e-05
7.2	8.60398868098855e-05
7.21	8.525763405486941e-05
7.22	8.432677714154124e-05
7.23	8.340185740962625e-05
7.24	8.250417886301875e-05
7.25	8.164026075974107e-05
7.26	8.067977614700794e-05
7.27	7.966236444190145e-05
7.28	7.875612936913967e-05
7.29	7.772224489599466e-05
7.3	7.673574145883322e-05
7.31	7.572158938273787e-05
7.32	7.472740253433585e-05
7.33	7.37326336093247e-05
7.34	7.278204429894686e-05
7.35	7.186626316979527e-05
7.36	7.086864206939936e-05
7.37	7.003091741353273e-05
7.38	6.918696453794837e-05
7.39	6.837904220446944e-05
7.4	6.769289029762149e-05
7.41	6.695336196571589e-05
7.42	6.624578963965178e-05
7.43	6.55642943456769e-05
7.44	6.494723493233323e-05
7.45	6.429461063817143e-05
7.46	6.369996117427945e-05
7.47	6.30721915513277e-05
7.48	6.240291986614466e-05
7.49	6.176909664645791e-05
7.5	6.105488864704967e-05
7.51	6.0403894167393446e-05
7.52	5.969282938167453e-05
7.53	5.903065903112292e-05
7.54	5.825265543535352e-05
7.55	5.74361183680594e-05
7.56	5.676766159012914e-05
7.57	5.602644523605704e-05
7.58	5.5263866670429707e-05
7.59	5.45186921954155e-05
7.6	5.3775147534906864e-05
7.61	5.3039868362247944e-05
7.62	5.232915282249451e-05
7.63	5.1667389925569296e-05
7.64	5.097378743812442e-05
7.65	5.0412199925631285e-05
7.66	4.979886580258608e-05
7.67	4.920968785881996e-05
7.68	4.867499228566885e-05
7.69	4.8198155127465725e-05
7.7	4.771212115883827e-05
7.71	4.721991717815399e-05
7.72	4.6779285185039043e-05
7.73	4.6289467718452215e-05
7.74	4.581426037475467e-05
7.75	4.5375258196145296e-05
7.76	4.491081926971674e-05
7.77	4.4377753511071205e-05
7.78	4.3848645873367786e-05
7.79	4.334672121331096e-05
7.8	4.2795902118086815e-05
7.81	4.228024045005441e-05
7.82	4.1712657548487186e-05
7.83	4.112033639103174e-05
7.84	4.058447666466236e-05
7.85	3.999879118055105e-05
7.86	3.942626062780619e-05
7.87	3.886979538947344e-05
7.88	3.8390979170799255e-05
7.89	3.785517765209079e-05
7.9	3.73331131413579e-05
7.91	3.689649747684598e-05
7.92	3.642914816737175e-05
7.93	3.599113551899791e-05
7.94	3.558374010026455e-05
7.95	3.52131319232285e-05
7.96	3.4802244044840336e-05
7.97	3.44489817507565e-05
7.98	3.4096476156264544e-05
7.99	3.3749034628272057e-05
8.0	3.3427379094064236e-05
8.01	3.309291787445545e-05
8.02	3.272335743531585e-05
8.03	3.2375974114984274e-05
8.04	3.203243250027299e-05
8.05	3.1610485166311264e-05
8.06	3.121624467894435e-05
8.07	3.085058415308595e-05
8.08	3.0436611268669367e-05
8.09	2.9952614568173885e-05
8.1	2.95187346637249e-05
8.11	2.9088463634252548e-05
8.12	2.8685666620731354e-05
8.13	2.8257665690034628e-05
8.14	2.7848698664456606e-05
8.15	2.7433212380856276e-05
8.16	2.7084897737950087e-05
8.17	2.6706373319029808e-05
8.18	2.6347872335463762e-05
8.19	2.602348104119301e-05
8.2	2.5714514777064323e-05
8.21	2.5422777980566025e-05
8.22	2.5120971258729696e-05
8.23	2.4876499082893133e-05
8.24	2.4586915969848633e-05
8.25	2.4349195882678032e-05
8.26	2.4092558305710554e-05
8.27	2.3847096599638462e-05
8.28	2.3588130716234446e-05
8.29	2.3340340703725815e-05
8.3	2.308108378201723e-05
8.31	2.281769411638379e-05
8.32	2.2545806132256985e-05
8.33	2.223835326731205e-05
8.34	2.1914136596024036e-05
8.35	2.1633983124047518e-05
8.36	2.1339277736842632e-05
8.37	2.101040445268154e-05
8.38	2.0666804630309343e-05
8.39	2.0365871023386717e-05
8.4	2.003071131184697e-05
8.41	1.971021993085742e-05
8.42	1.9418424926698208e-05
8.43	1.91253493539989e-05
8.44	1.88802951015532e-05
8.45	1.8624006770551205e-05
8.46	1.8373073544353247e-05
8.47	1.8157006707042456e-05
8.48	1.796771539375186e-05
8.49	1.774547854438424e-05
8.5	1.7554499208927155e-05
8.51	1.7381913494318724e-05
8.52	1.719000283628702e-05
8.53	1.7005950212478638e-05
8.54	1.6818870790302753e-05
8.55	1.6665493603795767e-05
8.56	1.6458798199892044e-05
8.57	1.6265898011624813e-05
8.58	1.607817830517888e-05
8.59	1.586781581863761e-05
8.6	1.567055005580187e-05
8.61	1.5439698472619057e-05
8.62	1.523410901427269e-05
8.63	1.4993594959378242e-05
8.64	1.4767865650355816e-05
8.65	1.4510238543152809e-05
8.66	1.4282064512372017e-05
8.67	1.4071643818169832e-05
8.68	1.3835844583809376e-05
8.69	1.3604236301034689e-05
8.7	1.341087045148015e-05
8.71	1.3211334589868784e-05
8.72	1.3038923498243093e-05
8.73	1.2853590305894613e-05
8.74	1.270277425646782e-05
8.75	1.2550503015518188e-05
8.76	1.2420292478054762e-05
8.77	1.2279662769287825e-05
8.78	1.2158532626926899e-05
8.79	1.2031174264848232e-05
8.8	1.1913827620446682e-05
8.81	1.1774885933846235e-05
8.82	1.163344131782651e-05
8.83	1.1511321645230055e-05
8.84	1.1356547474861145e-05
8.85	1.1222087778151035e-05
8.86	1.1082913260906935e-05
8.87	1.0923831723630428e-05
8.88	1.0760792065411806e-05
8.89	1.0584713891148567e-05
8.9	1.0428775567561388e-05
8.91	1.0258052498102188e-05
8.92	1.0090239811688662e-05
8.93	9.928771760314703e-06
8.94	9.768817108124495e-06
8.95	9.607814718037844e-06
8.96	9.434879757463932e-06
8.97	9.289593435823917e-06
8.98	9.149196557700634e-06
8.99	9.026553016155958e-06
9.0	8.901464752852917e-06
9.01	8.777657058089972e-06
9.02	8.681556209921837e-06
9.03	8.581031579524279e-06
9.04	8.499424438923597e-06
9.05	8.399831131100655e-06
9.06	8.313683792948723e-06
9.07	8.23137816041708e-06
9.08	8.14860686659813e-06
9.09	8.055067155510187e-06
9.1	7.962516974657774e-06
9.11	7.860537152737379e-06
9.12	7.75395892560482e-06
9.13	7.643364369869232e-06
9.14	7.531139999628067e-06
9.15	7.4080307967960835e-06
9.16	7.2857365012168884e-06
9.17	7.170252501964569e-06
9.18	7.059890776872635e-06
9.19	6.93323090672493e-06
9.2	6.807153113186359e-06
9.21	6.685208063572645e-06
9.22	6.580550689250231e-06
9.23	6.47612614557147e-06
9.24	6.360351108014584e-06
9.25	6.2578474171459675e-06
9.26	6.17781188338995e-06
9.27	6.106391083449125e-06
9.28	6.010464858263731e-06
9.29	5.9326994232833385e-06
9.3	5.862268153578043e-06
9.31	5.805399268865585e-06
9.32	5.746493116021156e-06
9.33	5.684676580131054e-06
9.34	5.626236088573933e-06
9.35	5.558249540627003e-06
9.36	5.499226972460747e-06
9.37	5.443987902253866e-06
9.38	5.364767275750637e-06
9.39	5.2907271310687065e-06
9.4	5.214533302932978e-06
9.41	5.141366273164749e-06
9.42	5.057663656771183e-06
9.43	4.965346306562424e-06
9.44	4.872214049100876e-06
9.45	4.784553311765194e-06
9.46	4.7031790018081665e-06
9.47	4.609639290720224e-06
9.48	4.526053089648485e-06
9.49	4.445377271622419e-06
9.5	4.380941390991211e-06
9.51	4.308880306780338e-06
9.52	4.240137059241533e-06
9.53	4.175642970949411e-06
9.54	4.117959178984165e-06
9.55	4.071218427270651e-06
9.56	4.014873411506414e-06
9.57	3.9665610529482365e-06
9.58	3.918481525033712e-06
9.59	3.884139005094767e-06
9.6	3.841239959001541e-06
9.61	3.7977006286382675e-06
9.62	3.753055352717638e-06
9.63	3.7079444155097008e-06
9.64	3.6696437746286392e-06
9.65	3.623776137828827e-06
9.66	3.5725533962249756e-06
9.67	3.5089324228465557e-06
9.68	3.452296368777752e-06
9.69	3.397755790501833e-06
9.7	3.3325632102787495e-06
9.71	3.262131940573454e-06
9.72	3.1989766284823418e-06
9.73	3.1450181268155575e-06
9.74	3.0883238650858402e-06
9.75	3.019173163920641e-06
9.76	2.965156454592943e-06
9.77	2.9097427614033222e-06
9.78	2.863525878638029e-06
9.79	2.8145150281488895e-06
9.8	2.774700988084078e-06
9.81	2.73663317784667e-06
9.82	2.705492079257965e-06
9.83	2.673245035111904e-06
9.84	2.638727892190218e-06
9.85	2.608867362141609e-06
9.86	2.577435225248337e-06
9.87	2.5559565983712673e-06
9.88	2.5208573788404465e-06
9.89	2.4973414838314056e-06
9.9	2.4628243409097195e-06
9.91	2.4324399419128895e-06
9.92	2.4024629965424538e-06
9.93	2.366490662097931e-06
9.94	2.3216125555336475e-06
9.95	2.2808671928942204e-06
9.96	2.2434978745877743e-06
9.97	2.2000749595463276e-06
9.98	2.1587475202977657e-06
9.99	2.1126470528542995e-06
10.0	2.0596198737621307e-06
10.01	2.0166044123470783e-06
10.02	1.9774888642132282e-06
10.03	1.9320868887007236e-06
10.04	1.8943101167678833e-06
10.05	1.86538090929389e-06
10.06	1.841224730014801e-06
10.07	1.805368810892105e-06
10.08	1.7832498997449875e-06
10.09	1.7593847587704659e-06
10.1	1.7373822629451752e-06
10.11	1.7174752429127693e-06
10.12	1.6989652067422867e-06
10.13	1.6799313016235828e-06
10.14	1.6592093743383884e-06
10.15	1.6454141587018967e-06
10.16	1.6228295862674713e-06
10.17	1.6047852113842964e-06
10.18	1.580687239766121e-06
10.19	1.560780219733715e-06
10.2	1.5390105545520782e-06
10.21	1.5117693692445755e-06
10.22	1.4845863915979862e-06
10.23	1.453561708331108e-06
10.24	1.4283577911555767e-06
10.25	1.3976823538541794e-06
10.26	1.3602548278868198e-06
10.27	1.334119588136673e-06
10.28	1.3076351024210453e-06
10.29	1.2801028788089752e-06
10.3	1.2515811249613762e-06
10.31	1.2282980605959892e-06
10.32	1.2007658369839191e-06
10.33	1.1782976798713207e-06
10.34	1.1625816114246845e-06
10.35	1.1433148756623268e-06
10.36	1.1310912668704987e-06
10.37	1.1178781278431416e-06
10.38	1.1067604646086693e-06
10.39	1.0945368558168411e-06
10.4	1.0807416401803493e-06
10.41	1.0708463378250599e-06
10.42	1.059903297573328e-06
10.43	1.0472722351551056e-06
10.44	1.033127773553133e-06
10.45	1.0185176506638527e-06
10.46	1.002743374556303e-06
10.47	9.890645742416382e-07
10.48	9.72242560237646e-07
10.49	9.504146873950958e-07
10.5	9.307987056672573e-07
10.51	9.107170626521111e-07
10.52	8.984934538602829e-07
10.53	8.771312423050404e-07
10.54	8.560600690543652e-07
10.55	8.355709724128246e-07
10.56	8.173519745469093e-07
10.57	8.005299605429173e-07
10.58	7.792841643095016e-07
10.59	7.661874406039715e-07
10.6	7.537892088294029e-07
10.61	7.430789992213249e-07
10.62	7.306807674467564e-07
10.63	7.216003723442554e-07
10.64	7.115886546671391e-07
10.65	7.039052434265614e-07
10.66	6.980844773352146e-07
10.67	6.895861588418484e-07
10.68	6.815535016357899e-07
10.69	6.734044291079044e-07
10.7	6.661866791546345e-07
10.71	6.590853445231915e-07
10.72	6.468035280704498e-07
10.73	6.342888809740543e-07
10.74	6.238115020096302e-07
10.75	6.150221452116966e-07
10.76	6.00994098931551e-07
10.77	5.837064236402512e-07
10.78	5.727633833885193e-07
10.79	5.598412826657295e-07
10.8	5.461042746901512e-07
10.81	5.31261321157217e-07
10.82	5.158362910151482e-07
10.83	5.057663656771183e-07
10.84	4.977337084710598e-07
10.85	4.890607669949532e-07
10.86	4.743342287838459e-07
10.87	4.672328941524029e-07
10.88	4.5873457565903664e-07
10.89	4.521571099758148e-07
10.9	4.4639455154538155e-07
10.91	4.4173793867230415e-07
10.92	4.3492764234542847e-07
10.93	4.3102772906422615e-07
10.94	4.27768100053072e-07
10.95	4.234607331454754e-07
10.96	4.169996827840805e-07
10.97	4.1211023926734924e-07
10.98	4.0675513446331024e-07
10.99	4.015164449810982e-07
11.0	3.950553946197033e-07
11.01	3.8492726162075996e-07
11.02	3.7776771932840347e-07
11.03	3.7229619920253754e-07
11.04	3.625755198299885e-07
11.05	3.472086973488331e-07
11.06	3.394670784473419e-07
11.07	3.335881046950817e-07
11.08	3.2602110877633095e-07
11.09	3.130990080535412e-07
11.1	3.0692899599671364e-07
11.11	2.995366230607033e-07
11.12	2.9406510293483734e-07
11.13	2.8818612918257713e-07
11.14	2.828892320394516e-07
11.15	2.778833732008934e-07
11.16	2.746819518506527e-07
11.17	2.720043994486332e-07
11.18	2.683955244719982e-07
11.19	2.6600901037454605e-07
11.2	2.612941898405552e-07
11.21	2.594897523522377e-07
11.22	2.575688995420933e-07
11.23	2.5564804673194885e-07
11.24	2.508750185370445e-07
11.25	2.4726614356040955e-07
11.26	2.454034984111786e-07
11.27	2.4103792384266853e-07
11.28	2.3527536541223526e-07
11.29	2.2945459932088852e-07
11.3	2.2421590983867645e-07
11.31	2.1938467398285866e-07
11.32	2.1437881514430046e-07
11.33	2.066371962428093e-07
11.34	1.9971048459410667e-07
11.35	1.9505387172102928e-07
11.36	1.8923310562968254e-07
11.37	1.8120044842362404e-07
11.38	1.771841198205948e-07
11.39	1.739244908094406e-07
11.4	1.7025740817189217e-07
11.41	1.6653211787343025e-07
11.42	1.6362173482775688e-07
11.43	1.6205012798309326e-07
11.44	1.5995465219020844e-07
11.45	1.58033799380064e-07
11.46	1.5657860785722733e-07
11.47	1.5547266229987144e-07
11.48	1.52678694576025e-07
11.49	1.5116529539227486e-07
11.5	1.5052501112222672e-07
11.51	1.4924444258213043e-07
11.52	1.4546094462275505e-07
11.53	1.4220131561160088e-07
11.54	1.4080433174967766e-07
11.55	1.3847602531313896e-07
11.56	1.344596967101097e-07
11.57	1.310836523771286e-07
11.58	1.2817326933145523e-07
11.59	1.240987330675125e-07
11.6	1.1920928955078125e-07
11.61	1.1420343071222305e-07
11.62	1.1146767064929008e-07
11.63	1.078587956726551e-07
11.64	1.050066202878952e-07
11.65	1.0064104571938515e-07
11.66	9.807990863919258e-08
11.67	9.586801752448082e-08
11.68	9.435461834073067e-08
11.69	9.167706593871117e-08
11.7	9.092036634683609e-08
11.71	8.952338248491287e-08
11.72	8.853385224938393e-08
11.73	8.777715265750885e-08
11.74	8.684583008289337e-08
11.75	8.64383764564991e-08
11.76	8.533243089914322e-08
11.77	8.381903171539307e-08
11.78	8.288770914077759e-08
11.79	8.248025551438332e-08
11.8	7.986091077327728e-08
11.81	7.776543498039246e-08
11.82	7.700873538851738e-08
11.83	7.526250556111336e-08
11.84	7.223570719361305e-08
11.85	6.961636245250702e-08
11.86	6.880145519971848e-08
11.87	6.594927981495857e-08
11.88	6.3388142734766e-08
11.89	6.193295121192932e-08
11.9	6.047775968909264e-08
11.91	5.797483026981354e-08
11.92	5.5588316172361374e-08
11.93	5.3958501666784286e-08
11.94	5.302717909216881e-08
11.95	5.203764885663986e-08
11.96	5.052424967288971e-08
11.97	5.00003807246685e-08
11.98	4.959292709827423e-08
11.99	4.9069058150053024e-08
12.0	4.895264282822609e-08
12.01	4.848698154091835e-08
12.02	4.807952791452408e-08
12.03	4.738103598356247e-08
12.04	4.71482053399086e-08
12.05	4.662433639168739e-08
12.06	4.5693013817071915e-08
12.07	4.441244527697563e-08
12.08	4.359753802418709e-08
12.09	4.196772351861e-08
12.1	4.086177796125412e-08
12.11	3.998866304755211e-08
12.12	3.812601789832115e-08
12.13	3.6670826375484467e-08
12.14	3.6030542105436325e-08
12.15	3.4691765904426575e-08
12.16	3.253808245062828e-08
12.17	3.149034455418587e-08
12.18	3.137392923235893e-08
12.19	3.055902197957039e-08
12.2	2.852175384759903e-08
12.21	2.7997884899377823e-08
12.22	2.7997884899377823e-08
12.23	2.759043127298355e-08
12.24	2.6542693376541138e-08
12.25	2.6426278054714203e-08
12.26	2.6193447411060333e-08
12.27	2.5960616767406464e-08
12.28	2.584420144557953e-08
12.29	2.584420144557953e-08
12.3	2.537854015827179e-08
12.31	2.4563632905483246e-08
12.32	2.450542524456978e-08
12.33	2.4330802261829376e-08
12.34	2.3632310330867767e-08
12.35	2.2526364773511887e-08
12.36	2.1886080503463745e-08
12.37	2.1478626877069473e-08
12.38	2.0139850676059723e-08
12.39	1.885928213596344e-08
12.4	1.816079020500183e-08
12.41	1.7171259969472885e-08
12.42	1.682201400399208e-08
12.43	1.6123522073030472e-08
12.44	1.5425030142068863e-08
12.45	1.4551915228366852e-08
12.46	1.4435499906539917e-08
12.47	1.414446160197258e-08
12.48	1.3154931366443634e-08
12.49	1.2922100722789764e-08
12.5	1.2922100722789764e-08
12.51	1.2689270079135895e-08
12.52	1.234002411365509e-08
12.53	1.234002411365509e-08
12.54	1.234002411365509e-08
12.55	1.2281816452741623e-08
12.56	1.2165401130914688e-08
12.57	1.2165401130914688e-08
12.58	1.2048985809087753e-08
12.59	1.1408701539039612e-08
12.6	1.1408701539039612e-08
12.61	1.1408701539039612e-08
12.62	1.1117663234472275e-08
12.63	9.837094694375992e-09
12.64	9.546056389808655e-09
12.65	9.487848728895187e-09
12.66	8.789356797933578e-09
12.67	7.799826562404633e-09
12.68	7.392372936010361e-09
12.69	7.159542292356491e-09
12.7	6.868503987789154e-09
12.71	6.111804395914078e-09
12.72	5.9371814131736755e-09
12.73	5.704350769519806e-09
12.74	5.704350769519806e-09
12.75	5.529727786779404e-09
12.76	5.296897143125534e-09
12.77	5.296897143125534e-09
12.78	5.296897143125534e-09
12.79	5.296897143125534e-09
12.8	5.180481821298599e-09
12.81	5.180481821298599e-09
12.82	5.180481821298599e-09
12.83	5.180481821298599e-09
12.84	5.180481821298599e-09
12.85	5.180481821298599e-09
12.86	5.180481821298599e-09
12.87	4.94765117764473e-09
12.88	4.889443516731262e-09
12.89	4.889443516731262e-09
12.9	4.889443516731262e-09
12.91	4.3655745685100555e-09
12.92	3.7834979593753815e-09
12.93	3.7834979593753815e-09
12.94	3.6670826375484467e-09
12.95	2.9103830456733704e-09
12.96	2.5029294192790985e-09
12.97	2.5029294192790985e-09
12.98	2.444721758365631e-09
12.99	1.9208528101444244e-09
13.0	1.8044374883174896e-09
13.01	1.8044374883174896e-09
13.02	1.8044374883174896e-09
13.03	1.6298145055770874e-09
13.04	1.6298145055770874e-09
13.05	1.6298145055770874e-09
13.06	1.6298145055770874e-09
13.07	1.6298145055770874e-09
13.08	1.6298145055770874e-09
13.09	1.6298145055770874e-09
13.1	1.6298145055770874e-09
13.11	1.6298145055770874e-09
13.12	1.6298145055770874e-09
13.13	1.6298145055770874e-09
13.14	1.6298145055770874e-09
13.15	1.6298145055770874e-09
13.16	1.57160684466362e-09
13.17	1.57160684466362e-09
13.18	1.57160684466362e-09
13.19	1.4551915228366852e-09
13.2	1.1641532182693481e-09
13.21	1.1641532182693481e-09
13.22	1.1059455573558807e-09
13.23	7.566995918750763e-10
13.24	5.820766091346741e-10
13.25	5.820766091346741e-10
13.26	5.820766091346741e-10
13.27	4.0745362639427185e-10
13.28	2.9103830456733704e-10
13.29	2.9103830456733704e-10
13.3	2.9103830456733704e-10
13.31	2.3283064365386963e-10
13.32	2.3283064365386963e-10
13.33	2.3283064365386963e-10
13.34	2.3283064365386963e-10
13.35	2.3283064365386963e-10
13.36	2.3283064365386963e-10
13.37	2.3283064365386963e-10
13.38	2.3283064365386963e-10
13.39	2.3283064365386963e-10
13.4	2.3283064365386963e-10
13.41	2.3283064365386963e-10
13.42	2.3283064365386963e-10
13.43	2.3283064365386963e-10
13.44	2.3283064365386963e-10
13.45	2.3283064365386963e-10
13.46	2.3283064365386963e-10
13.47	2.3283064365386963e-10
13.48	1.7462298274040222e-10
13.49	1.7462298274040222e-10
13.5	1.7462298274040222e-10
13.51	1.7462298274040222e-10
13.52	5.820766091346741e-11
13.53	5.820766091346741e-11
13.54	5.820766091346741e-11
13.55	0.0
