5.17	0.0005017118528485298
5.18	0.0004979071673005819
5.19	0.0004940840881317854
5.2	0.000490307342261076
5.21	0.00048656435683369637
5.22	0.0004827342927455902
5.23	0.00047900667414069176
5.24	0.00047543528489768505
5.25	0.00047157821245491505
5.26	0.00046794116497039795
5.27	0.0004643716383725405
5.28	0.00046077813021838665
5.29	0.00045717647299170494
5.3	0.0004536495544016361
5.31	0.00045026885345578194
5.32	0.00044673518277704716
5.33	0.00044329906813800335
5.34	0.0004399160388857126
5.35	0.00043656956404447556
5.36	0.0004332165699452162
5.37	0.0004298039712011814
5.38	0.0004264954477548599
5.39	0.0004232532810419798
5.4	0.0004198634997010231
5.41	0.0004165433347225189
5.42	0.0004133007023483515
5.43	0.0004100315272808075
5.44	0.00040672882460057735
5.45	0.0004035548772662878
5.46	0.0004003837238997221
5.47	0.00039728498086333275
5.48	0.00039410567842423916
5.49	0.0003911093808710575
5.5	0.00038814637809991837
5.51	0.0003850467037409544
5.52	0.00038213375955820084
5.53	0.00037914165295660496
5.54	0.0003761583939194679
5.55	0.0003732775803655386
5.56	0.0003702905960381031
5.57	0.0003674272447824478
5.58	0.0003645624965429306
5.59	0.0003616425674408674
5.6	0.00035880738869309425
5.61	0.00035594054497778416
5.62	0.0003530837129801512
5.63	0.00035023363307118416
5.64	0.0003474820405244827
5.65	0.00034474744461476803
5.66	0.0003419432323426008
5.67	0.00033932365477085114
5.68	0.0003366372548043728
5.69	0.0003339312970638275
5.7	0.00033134128898382187
5.71	0.00032871589064598083
5.72	0.0003261284437030554
5.73	0.00032349699176847935
5.74	0.0003208827693015337
5.75	0.00031835236586630344
5.76	0.0003158268518745899
5.77	0.0003131984267383814
5.78	0.0003107241354882717
5.79	0.00030829966999590397
5.8	0.00030579022131860256
5.81	0.00030328938737511635
5.82	0.0003007892519235611
5.83	0.0002984059974551201
5.84	0.00029602390713989735
5.85	0.00029358197934925556
5.86	0.00029125926084816456
5.87	0.0002889207098633051
5.88	0.00028656143695116043
5.89	0.00028420030139386654
5.9	0.0002819579094648361
5.91	0.000279722036793828
5.92	0.0002774342428892851
5.93	0.0002752239815890789
5.94	0.00027296761982142925
5.95	0.00027078716084361076
5.96	0.00026857107877731323
5.97	0.0002663640771061182
5.98	0.00026425719261169434
5.99	0.00026211095973849297
6.0	0.0002599097788333893
6.01	0.00025777146220207214
6.02	0.00025564106181263924
6.03	0.000253528356552124
6.04	0.0002514505758881569
6.05	0.0002494221553206444
6.06	0.0002474202774465084
6.07	0.00024539255537092686
6.08	0.0002433345653116703
6.09	0.00024138693697750568
6.1	0.00023944489657878876
6.11	0.00023746653459966183
6.12	0.00023555965162813663
6.13	0.0002336357720196247
6.14	0.0002317102625966072
6.15	0.00022977450862526894
6.16	0.00022786110639572144
6.17	0.00022598262876272202
6.18	0.0002241188194602728
6.19	0.00022226362489163876
6.2	0.00022041401825845242
6.21	0.0002185748890042305
6.22	0.00021672388538718224
6.23	0.00021485937759280205
6.24	0.00021317694336175919
6.25	0.000211385078728199
6.26	0.0002096130046993494
6.27	0.00020796456374228
6.28	0.00020616617985069752
6.29	0.00020445720292627811
6.3	0.0002027472946792841
6.31	0.0002010529860854149
6.32	0.00019941036589443684
6.33	0.00019768346101045609
6.34	0.000196011271327734
6.35	0.00019438983872532845
6.36	0.00019272370263934135
6.37	0.00019104382954537868
6.38	0.000189467566087842
6.39	0.00018792087212204933
6.4	0.00018629059195518494
6.41	0.00018469220958650112
6.42	0.00018313084729015827
6.43	0.00018158950842916965
6.44	0.00018002442084252834
6.45	0.0001785180065780878
6.46	0.00017703254707157612
6.47	0.00017555453814566135
6.48	0.00017403066158294678
6.49	0.0001724977046251297
6.5	0.00017111608758568764
6.51	0.0001696692779660225
6.52	0.00016819406300783157
6.53	0.00016683200374245644
6.54	0.00016539660282433033
6.55	0.000163995660841465
6.56	0.00016257050447165966
6.57	0.0001611313782632351
6.58	0.00015979609452188015
6.59	0.0001583704724907875
6.6	0.00015698140487074852
6.61	0.00015565846115350723
6.62	0.00015429151244461536
6.63	0.0001529755536466837
6.64	0.0001516435295343399
6.65	0.00015036179684102535
6.66	0.00014910101890563965
6.67	0.00014782720245420933
6.68	0.00014656106941401958
6.69	0.00014532660134136677
6.7	0.00014407699927687645
6.71	0.00014279433526098728
6.72	0.0001415566075593233
6.73	0.00014034658670425415
6.74	0.00013911514542996883
6.75	0.00013789813965559006
6.76	0.00013668369501829147
6.77	0.00013543246313929558
6.78	0.00013424968346953392
6.79	0.0001330999657511711
6.8	0.0001319022849202156
6.81	0.000130785396322608
6.82	0.0001296300906687975
6.83	0.00012849923223257065
6.84	0.00012741493992507458
6.85	0.00012624403461813927
6.86	0.00012516393326222897
6.87	0.00012414460070431232
6.88	0.0001230246853083372
6.89	0.00012191827408969402
6.9	0.0001208367757499218
6.91	0.00011973921209573746
6.92	0.000118674011901021
6.93	0.0001175904180854559
6.94	0.0001165526919066906
6.95	0.00011554267257452011
6.96	0.00011449097655713558
6.97	0.00011342065408825874
6.98	0.00011241994798183441
6.99	0.00011144671589136124
7.0	0.00011042249388992786
7.01	0.00010946555994451046
7.02	0.0001085381954908371
7.03	0.00010755634866654873
7.04	0.0001065621618181467
7.05	0.00010561826638877392
7.06	0.00010469206608831882
7.07	0.00010376330465078354
7.08	0.00010282127186655998
7.09	0.00010190927423536777
7.1	0.00010103778913617134
7.11	0.0001000664196908474
7.12	9.914650581777096e-05
7.13	9.829504415392876e-05
7.14	9.741471149027348e-05
7.15	9.654136374592781e-05
7.16	9.562051855027676e-05
7.17	9.476323612034321e-05
7.18	9.390665218234062e-05
7.19	9.299791418015957e-05
7.2	9.216018952429295e-05
7.21	9.136437438428402e-05
7.22	9.054644033312798e-05
7.23	8.974154479801655e-05
7.24	8.891988545656204e-05
7.25	8.812593296170235e-05
7.26	8.731568232178688e-05
7.27	8.653895929455757e-05
7.28	8.575688116252422e-05
7.29	8.497433736920357e-05
7.3	8.417782373726368e-05
7.31	8.33580270409584e-05
7.32	8.258293382823467e-05
7.33	8.18085391074419e-05
7.34	8.101691491901875e-05
7.35	8.029164746403694e-05
7.36	7.955916225910187e-05
7.37	7.876870222389698e-05
7.38	7.804459892213345e-05
7.39	7.734261453151703e-05
7.4	7.662270218133926e-05
7.41	7.594912312924862e-05
7.42	7.525971159338951e-05
7.43	7.459032349288464e-05
7.44	7.391371764242649e-05
7.45	7.317541167140007e-05
7.46	7.252325303852558e-05
7.47	7.186154834926128e-05
7.48	7.116165943443775e-05
7.49	7.04785343259573e-05
7.5	6.979843601584435e-05
7.51	6.913836114108562e-05
7.52	6.84328842908144e-05
7.53	6.77828211337328e-05
7.54	6.715673953294754e-05
7.55	6.652949377894402e-05
7.56	6.590341217815876e-05
7.57	6.527919322252274e-05
7.58	6.470270454883575e-05
7.59	6.409501656889915e-05
7.6	6.346986629068851e-05
7.61	6.290548481047153e-05
7.62	6.234971806406975e-05
7.63	6.175297312438488e-05
7.64	6.116763688623905e-05
7.65	6.058765575289726e-05
7.66	6.00120984017849e-05
7.67	5.94286248087883e-05
7.68	5.883234553039074e-05
7.69	5.82914799451828e-05
7.7	5.774619057774544e-05
7.71	5.715247243642807e-05
7.72	5.6609511375427246e-05
7.73	5.6073302403092384e-05
7.74	5.552265793085098e-05
7.75	5.4980162531137466e-05
7.76	5.445978604257107e-05
7.77	5.3960829973220825e-05
7.78	5.344790406525135e-05
7.79	5.2927760407328606e-05
7.8	5.2441610023379326e-05
7.81	5.1952898502349854e-05
7.82	5.146651528775692e-05
7.83	5.098222754895687e-05
7.84	5.050748586654663e-05
7.85	5.001272074878216e-05
7.86	4.9501191824674606e-05
7.87	4.902807995676994e-05
7.88	4.852353595197201e-05
7.89	4.8032961785793304e-05
7.9	4.756147973239422e-05
7.91	4.707858897745609e-05
7.92	4.66157216578722e-05
7.93	4.6134227886796e-05
7.94	4.566810093820095e-05
7.95	4.5251334086060524e-05
7.96	4.4827116653323174e-05
7.97	4.437449388206005e-05
7.98	4.398683086037636e-05
7.99	4.356889985501766e-05
8.0	4.313793033361435e-05
8.01	4.2730942368507385e-05
8.02	4.231603816151619e-05
8.03	4.1922787204384804e-05
8.04	4.1508814319968224e-05
8.05	4.10682987421751e-05
8.06	4.067574627697468e-05
8.07	4.026060923933983e-05
8.08	3.981241025030613e-05
8.09	3.941822797060013e-05
8.1	3.903871402144432e-05
8.11	3.864406608045101e-05
8.12	3.8238707929849625e-05
8.13	3.787968307733536e-05
8.14	3.750668838620186e-05
8.15	3.7136487662792206e-05
8.16	3.678491339087486e-05
8.17	3.6447541788220406e-05
8.18	3.612600266933441e-05
8.19	3.575533628463745e-05
8.2	3.539165481925011e-05
8.21	3.50752379745245e-05
8.22	3.4717610105872154e-05
8.23	3.435579128563404e-05
8.24	3.4016091376543045e-05
8.25	3.368058241903782e-05
8.26	3.332388587296009e-05
8.27	3.296509385108948e-05
8.28	3.2621901482343674e-05
8.29	3.230269066989422e-05
8.3	3.198091872036457e-05
8.31	3.1651696190238e-05
8.32	3.1353672966361046e-05
8.33	3.103609196841717e-05
8.34	3.0721770599484444e-05
8.35	3.0414899811148643e-05
8.36	3.0130380764603615e-05
8.37	2.983398735523224e-05
8.38	2.9539689421653748e-05
8.39	2.9256101697683334e-05
8.4	2.8965063393115997e-05
8.41	2.866983413696289e-05
8.42	2.837320789694786e-05
8.43	2.809218131005764e-05
8.44	2.780882641673088e-05
8.45	2.750381827354431e-05
8.46	2.7207424864172935e-05
8.47	2.693384885787964e-05
8.48	2.66216229647398e-05
8.49	2.6343856006860733e-05
8.5	2.607586793601513e-05
8.51	2.5818822905421257e-05
8.52	2.556084655225277e-05
8.53	2.529192715883255e-05
8.54	2.5042332708835602e-05
8.55	2.4802517145872116e-05
8.56	2.455548383295536e-05
8.57	2.4305656552314758e-05
8.58	2.4084467440843582e-05
8.59	2.384185791015625e-05
8.6	2.3567816242575645e-05
8.61	2.333172596991062e-05
8.62	2.3093540221452713e-05
8.63	2.2837892174720764e-05
8.64	2.259993925690651e-05
8.65	2.2353604435920715e-05
8.66	2.2123102098703384e-05
8.67	2.1877232939004898e-05
8.68	2.1630898118019104e-05
8.69	2.1412037312984467e-05
8.7	2.1213432773947716e-05
8.71	2.0972685888409615e-05
8.72	2.0768726244568825e-05
8.73	2.0580366253852844e-05
8.74	2.0357314497232437e-05
8.75	2.014986239373684e-05
8.76	1.995009370148182e-05
8.77	1.9755680114030838e-05
8.78	1.9564293324947357e-05
8.79	1.934240572154522e-05
8.8	1.913611777126789e-05
8.81	1.893867738544941e-05
8.82	1.8716324120759964e-05
8.83	1.850794069468975e-05
8.84	1.831725239753723e-05
8.85	1.8121208995580673e-05
8.86	1.7919577658176422e-05
8.87	1.772516407072544e-05
8.88	1.753563992679119e-05
8.89	1.7352867871522903e-05
8.9	1.7175916582345963e-05
8.91	1.699407584965229e-05
8.92	1.6824807971715927e-05
8.93	1.664925366640091e-05
8.94	1.6466481611132622e-05
8.95	1.629721373319626e-05
8.96	1.6130506992340088e-05
8.97	1.594889909029007e-05
8.98	1.57912727445364e-05
8.99	1.562526449561119e-05
9.0	1.543993130326271e-05
9.01	1.5279510989785194e-05
9.02	1.5110941603779793e-05
9.03	1.4938879758119583e-05
9.04	1.4781719073653221e-05
9.05	1.4599412679672241e-05
9.06	1.4447839930653572e-05
9.07	1.4293240383267403e-05
9.08	1.412280835211277e-05
9.09	1.397356390953064e-05
9.1	1.3822456821799278e-05
9.11	1.3686250895261765e-05
9.12	1.3537239283323288e-05
9.13	1.3393815606832504e-05
9.14	1.325760968029499e-05
9.15	1.3117911294102669e-05
9.16	1.2970296666026115e-05
9.17	1.2838747352361679e-05
9.18	1.2702075764536858e-05
9.19	1.2561678886413574e-05
9.2	1.2411735951900482e-05
9.21	1.2275762856006622e-05
9.22	1.2139556929469109e-05
9.23	1.19856558740139e-05
9.24	1.1855270713567734e-05
9.25	1.1727679520845413e-05
9.26	1.16005539894104e-05
9.27	1.1469703167676926e-05
9.28	1.134118065237999e-05
9.29	1.1228024959564209e-05
9.3	1.1109281331300735e-05
9.31	1.0968651622533798e-05
9.32	1.0865507647395134e-05
9.33	1.076539047062397e-05
9.34	1.0633841156959534e-05
9.35	1.0528136044740677e-05
9.36	1.041521318256855e-05
9.37	1.0292045772075653e-05
9.38	1.0183313861489296e-05
9.39	1.00631732493639e-05
9.4	9.947456419467926e-06
9.41	9.839888662099838e-06
9.42	9.716954082250595e-06
9.43	9.599374607205391e-06
9.44	9.495066478848457e-06
9.45	9.389594197273254e-06
9.46	9.279465302824974e-06
9.47	9.190058335661888e-06
9.48	9.090173989534378e-06
9.49	8.981442078948021e-06
9.5	8.883187547326088e-06
9.51	8.78586433827877e-06
9.52	8.687609806656837e-06
9.53	8.59447754919529e-06
9.54	8.491100743412971e-06
9.55	8.397502824664116e-06
9.56	8.302740752696991e-06
9.57	8.19074921309948e-06
9.58	8.101342245936394e-06
9.59	8.016591891646385e-06
9.6	7.923692464828491e-06
9.61	7.83335417509079e-06
9.62	7.743248715996742e-06
9.63	7.650116458535194e-06
9.64	7.5623393058776855e-06
9.65	7.468974217772484e-06
9.66	7.393071427941322e-06
9.67	7.310882210731506e-06
9.68	7.224036380648613e-06
9.69	7.143011316657066e-06
9.7	7.054535672068596e-06
9.71	6.973277777433395e-06
9.72	6.897374987602234e-06
9.73	6.8249646574258804e-06
9.74	6.749527528882027e-06
9.75	6.672227755188942e-06
9.76	6.5909698605537415e-06
9.77	6.5087806433439255e-06
9.78	6.43683597445488e-06
9.79	6.361166015267372e-06
9.8	6.2873587012290955e-06
9.81	6.2212347984313965e-06
9.82	6.138579919934273e-06
9.83	6.0605816543102264e-06
9.84	5.990965291857719e-06
9.85	5.922513082623482e-06
9.86	5.858251824975014e-06
9.87	5.79305924475193e-06
9.88	5.721813067793846e-06
9.89	5.657784640789032e-06
9.9	5.589565262198448e-06
9.91	5.514826625585556e-06
9.92	5.460809916257858e-06
9.93	5.40376640856266e-06
9.94	5.336012691259384e-06
9.95	5.275942385196686e-06
9.96	5.213543772697449e-06
9.97	5.145790055394173e-06
9.98	5.082227289676666e-06
9.99	5.022622644901276e-06
10.0	4.965346306562424e-06
10.01	4.9066729843616486e-06
10.02	4.844972863793373e-06
10.03	4.780478775501251e-06
10.04	4.728790372610092e-06
10.05	4.666857421398163e-06
10.06	4.605390131473541e-06
10.07	4.568370059132576e-06
10.08	4.509696736931801e-06
10.09	4.4514890760183334e-06
10.1	4.400033503770828e-06
10.11	4.3441541492938995e-06
10.12	4.293164238333702e-06
10.13	4.237517714500427e-06
10.14	4.183733835816383e-06
10.15	4.134839400649071e-06
10.16	4.082685336470604e-06
10.17	4.028435796499252e-06
10.18	3.978610038757324e-06
10.19	3.934837877750397e-06
10.2	3.886176273226738e-06
10.21	3.836583346128464e-06
10.22	3.7928111851215363e-06
10.23	3.7462450563907623e-06
10.24	3.6961864680051804e-06
10.25	3.6456622183322906e-06
10.26	3.6044511944055557e-06
10.27	3.559049218893051e-06
10.28	3.516674041748047e-06
10.29	3.475695848464966e-06
10.3	3.432156518101692e-06
10.31	3.387685865163803e-06
10.32	3.3457763493061066e-06
10.33	3.3082906156778336e-06
10.34	3.266613930463791e-06
10.35	3.2279640436172485e-06
10.36	3.1846575438976288e-06
10.37	3.1427480280399323e-06
10.38	3.1029339879751205e-06
10.39	3.0561350286006927e-06
10.4	3.016320988535881e-06
10.41	2.9886141419410706e-06
10.42	2.9420480132102966e-06
10.43	2.9031652957201004e-06
10.44	2.8731301426887512e-06
10.45	2.83215194940567e-06
10.46	2.796528860926628e-06
10.47	2.7616042643785477e-06
10.48	2.7278438210487366e-06
10.49	2.6971101760864258e-06
10.5	2.662651240825653e-06
10.51	2.6265624910593033e-06
10.52	2.593034878373146e-06
10.53	2.5567132979631424e-06
10.54	2.5175977498292923e-06
10.55	2.4889595806598663e-06
10.56	2.457760274410248e-06
10.57	2.4230685085058212e-06
10.58	2.385815605521202e-06
10.59	2.3546162992715836e-06
10.6	2.319924533367157e-06
10.61	2.2903550416231155e-06
10.62	2.2659078240394592e-06
10.63	2.2354070097208023e-06
10.64	2.210726961493492e-06
10.65	2.17510387301445e-06
10.66	2.1443702280521393e-06
10.67	2.1222513169050217e-06
10.68	2.093380317091942e-06
10.69	2.0654406398534775e-06
10.7	2.037733793258667e-06
10.71	2.0083971321582794e-06
10.72	1.9781291484832764e-06
10.73	1.9443687051534653e-06
10.74	1.915963366627693e-06
10.75	1.895008608698845e-06
10.76	1.8686987459659576e-06
10.77	1.8456485122442245e-06
10.78	1.8177088350057602e-06
10.79	1.7927959561347961e-06
10.8	1.7639249563217163e-06
10.81	1.7427373677492142e-06
10.82	1.7231795936822891e-06
10.83	1.698266714811325e-06
10.84	1.6749836504459381e-06
10.85	1.6507692635059357e-06
10.86	1.6281846910715103e-06
10.87	1.6011763364076614e-06
10.88	1.5799887478351593e-06
10.89	1.5639234334230423e-06
10.9	1.5434343367815018e-06
10.91	1.5208497643470764e-06
10.92	1.498498022556305e-06
10.93	1.4766119420528412e-06
10.94	1.4498364180326462e-06
10.95	1.434003934264183e-06
10.96	1.412583515048027e-06
10.97	1.3941898941993713e-06
10.98	1.3725366443395615e-06
10.99	1.3443641364574432e-06
11.0	1.3273674994707108e-06
11.01	1.3120006769895554e-06
11.02	1.2880191206932068e-06
11.03	1.273350790143013e-06
11.04	1.2600794434547424e-06
11.05	1.2379605323076248e-06
11.06	1.2202654033899307e-06
11.07	1.2039672583341599e-06
11.08	1.1869706213474274e-06
11.09	1.1702068150043488e-06
11.1	1.1546071618795395e-06
11.11	1.1350493878126144e-06
11.12	1.1164229363203049e-06
11.13	1.0936055332422256e-06
11.14	1.0700896382331848e-06
11.15	1.0598450899124146e-06
11.16	1.044943928718567e-06
11.17	1.0263174772262573e-06
11.18	1.0111834853887558e-06
11.19	9.988434612751007e-07
11.2	9.790528565645218e-07
11.21	9.655486792325974e-07
11.22	9.548384696245193e-07
11.23	9.408686310052872e-07
11.24	9.299255907535553e-07
11.25	9.133946150541306e-07
11.26	9.017530828714371e-07
11.27	8.87550413608551e-07
11.28	8.703209459781647e-07
11.29	8.561182767152786e-07
11.3	8.423812687397003e-07
11.31	8.28644260764122e-07
11.32	8.10716301202774e-07
11.33	7.948838174343109e-07
11.34	7.825437933206558e-07
11.35	7.69738107919693e-07
11.36	7.580965757369995e-07
11.37	7.494818419218063e-07
11.38	7.373746484518051e-07
11.39	7.271301001310349e-07
11.4	7.166527211666107e-07
11.41	7.068738341331482e-07
11.42	6.940681487321854e-07
11.43	6.82193785905838e-07
11.44	6.742775440216064e-07
11.45	6.631016731262207e-07
11.46	6.537884473800659e-07
11.47	6.400514394044876e-07
11.48	6.284099072217941e-07
11.49	6.204936653375626e-07
11.5	6.09084963798523e-07
11.51	5.967449396848679e-07
11.52	5.885958671569824e-07
11.53	5.774199962615967e-07
11.54	5.601905286312103e-07
11.55	5.532056093215942e-07
11.56	5.443580448627472e-07
11.57	5.355104804039001e-07
11.58	5.292240530252457e-07
11.59	5.203764885663986e-07
11.6	5.126930773258209e-07
11.61	5.057081580162048e-07
11.62	4.952307790517807e-07
11.63	4.877801984548569e-07
11.64	4.826579242944717e-07
11.65	4.731118679046631e-07
11.66	4.647299647331238e-07
11.67	4.5867636799812317e-07
11.68	4.4726766645908356e-07
11.69	4.337634891271591e-07
11.7	4.2654573917388916e-07
11.71	4.1746534407138824e-07
11.72	4.0978193283081055e-07
11.73	4.016328603029251e-07
11.74	3.925524652004242e-07
11.75	3.871973603963852e-07
11.76	3.809109330177307e-07
11.77	3.7206336855888367e-07
11.78	3.6926940083503723e-07
11.79	3.671739250421524e-07
11.8	3.597233444452286e-07
11.81	3.541354089975357e-07
11.82	3.480818122625351e-07
11.83	3.4086406230926514e-07
11.84	3.350432962179184e-07
11.85	3.296881914138794e-07
11.86	3.2386742532253265e-07
11.87	3.166496753692627e-07
11.88	3.0640512704849243e-07
11.89	2.996530383825302e-07
11.9	2.92900949716568e-07
11.91	2.8777867555618286e-07
11.92	2.828892320394516e-07
11.93	2.784654498100281e-07
11.94	2.731103450059891e-07
11.95	2.682209014892578e-07
11.96	2.6402994990348816e-07
11.97	2.6170164346694946e-07
11.98	2.577435225248337e-07
11.99	2.544838935136795e-07
12.0	2.5099143385887146e-07
12.01	2.4726614356040955e-07
12.02	2.39349901676178e-07
12.03	2.3352913558483124e-07
12.04	2.3026950657367706e-07
12.05	2.253800630569458e-07
12.06	2.2188760340213776e-07
12.07	2.1746382117271423e-07
12.08	2.123415470123291e-07
12.09	2.0605511963367462e-07
12.1	2.0116567611694336e-07
12.11	1.969747245311737e-07
12.12	1.9487924873828888e-07
12.13	1.902226358652115e-07
12.14	1.855660229921341e-07
12.15	1.832377165555954e-07
12.16	1.7951242625713348e-07
12.17	1.7462298274040222e-07
12.18	1.7369166016578674e-07
12.19	1.7206184566020966e-07
12.2	1.695007085800171e-07
12.21	1.6693957149982452e-07
12.22	1.618172973394394e-07
12.23	1.5832483768463135e-07
12.24	1.555308699607849e-07
12.25	1.5040859580039978e-07
12.26	1.4691613614559174e-07
12.27	1.4528632164001465e-07
12.28	1.3760291039943695e-07
12.29	1.3317912817001343e-07
12.3	1.3131648302078247e-07
12.31	1.2828968465328217e-07
12.32	1.264270395040512e-07
12.33	1.2479722499847412e-07
12.34	1.2316741049289703e-07
12.35	1.2130476534366608e-07
12.36	1.1897645890712738e-07
12.37	1.1641532182693481e-07
12.38	1.150183379650116e-07
12.39	1.1431984603404999e-07
12.4	1.1175870895385742e-07
12.41	1.0919757187366486e-07
12.42	1.0686926543712616e-07
12.43	1.0244548320770264e-07
12.44	1.0011717677116394e-07
12.45	9.825453162193298e-08
12.46	9.452924132347107e-08
12.47	9.19681042432785e-08
12.48	8.917413651943207e-08
12.49	8.66129994392395e-08
12.5	8.521601557731628e-08
12.51	8.35862010717392e-08
12.52	8.242204785346985e-08
12.53	8.149072527885437e-08
12.54	8.009374141693115e-08
12.55	7.986091077327728e-08
12.56	7.82310962677002e-08
12.57	7.706694304943085e-08
12.58	7.543712854385376e-08
12.59	7.241033017635345e-08
12.6	7.101334631443024e-08
12.61	6.984919309616089e-08
12.62	6.612390279769897e-08
12.63	6.402842700481415e-08
12.64	6.263144314289093e-08
12.65	5.960464477539063e-08
12.66	5.8673322200775146e-08
12.67	5.75091689825058e-08
12.68	5.611218512058258e-08
12.69	5.448237061500549e-08
12.7	5.3085386753082275e-08
12.71	5.168840289115906e-08
12.72	5.075708031654358e-08
12.73	4.98257577419281e-08
12.74	4.866160452365875e-08
12.75	4.819594323635101e-08
12.76	4.7264620661735535e-08
12.77	4.44706529378891e-08
12.78	4.400499165058136e-08
12.79	4.353933036327362e-08
12.8	4.1211023926734924e-08
12.81	4.0512531995773315e-08
12.82	3.934837877750397e-08
12.83	3.725290298461914e-08
12.84	3.632158041000366e-08
12.85	3.4924596548080444e-08
12.86	3.306195139884949e-08
12.87	3.236345946788788e-08
12.88	3.073364496231079e-08
12.89	3.073364496231079e-08
12.9	3.026798367500305e-08
12.91	2.9569491744041443e-08
12.92	2.9103830456733704e-08
12.93	2.8405338525772095e-08
12.94	2.7939677238464355e-08
12.95	2.7939677238464355e-08
12.96	2.7008354663848877e-08
12.97	2.6309862732887268e-08
12.98	2.491287887096405e-08
12.99	2.3748725652694702e-08
13.0	2.2817403078079224e-08
13.01	2.1886080503463745e-08
13.02	2.1653249859809875e-08
13.03	2.0023435354232788e-08
13.04	1.979060471057892e-08
13.05	1.885928213596344e-08
13.06	1.7695128917694092e-08
13.07	1.7462298274040222e-08
13.08	1.7462298274040222e-08
13.09	1.6763806343078613e-08
13.1	1.6763806343078613e-08
13.11	1.6065314412117004e-08
13.12	1.5366822481155396e-08
13.13	1.5366822481155396e-08
13.14	1.4901161193847656e-08
13.15	1.4901161193847656e-08
13.16	1.4435499906539917e-08
13.17	1.3737007975578308e-08
13.18	1.30385160446167e-08
13.19	1.210719347000122e-08
13.2	1.1408701539039612e-08
13.21	1.0943040251731873e-08
13.22	1.0244548320770264e-08
13.23	1.0244548320770264e-08
13.24	9.313225746154785e-09
13.25	8.847564458847046e-09
13.26	8.847564458847046e-09
13.27	8.614733815193176e-09
13.28	8.381903171539307e-09
13.29	8.381903171539307e-09
13.3	8.149072527885437e-09
13.31	7.683411240577698e-09
13.32	6.984919309616089e-09
13.33	6.984919309616089e-09
13.34	6.51925802230835e-09
13.35	6.51925802230835e-09
13.36	6.28642737865448e-09
13.37	5.587935447692871e-09
13.38	5.587935447692871e-09
13.39	5.587935447692871e-09
13.4	4.6566128730773926e-09
13.41	4.6566128730773926e-09
13.42	4.6566128730773926e-09
13.43	3.958120942115784e-09
13.44	3.958120942115784e-09
13.45	3.725290298461914e-09
13.46	3.259629011154175e-09
13.47	3.259629011154175e-09
13.48	3.259629011154175e-09
13.49	3.259629011154175e-09
13.5	3.259629011154175e-09
13.51	3.259629011154175e-09
13.52	2.7939677238464355e-09
13.53	2.7939677238464355e-09
13.54	2.7939677238464355e-09
13.55	2.561137080192566e-09
13.56	2.561137080192566e-09
13.57	2.561137080192566e-09
13.58	2.0954757928848267e-09
13.59	1.6298145055770874e-09
13.6	1.6298145055770874e-09
13.61	1.3969838619232178e-09
13.62	1.3969838619232178e-09
13.63	1.3969838619232178e-09
13.64	1.1641532182693481e-09
13.65	1.1641532182693481e-09
13.66	1.1641532182693481e-09
13.67	1.1641532182693481e-09
13.68	1.1641532182693481e-09
13.69	1.1641532182693481e-09
13.7	1.1641532182693481e-09
13.71	9.313225746154785e-10
13.72	9.313225746154785e-10
13.73	9.313225746154785e-10
13.74	6.984919309616089e-10
13.75	6.984919309616089e-10
13.76	6.984919309616089e-10
13.77	4.656612873077393e-10
13.78	4.656612873077393e-10
13.79	4.656612873077393e-10
13.8	2.3283064365386963e-10
13.81	2.3283064365386963e-10
13.82	2.3283064365386963e-10
13.83	2.3283064365386963e-10
13.84	2.3283064365386963e-10
13.85	2.3283064365386963e-10
13.86	2.3283064365386963e-10
13.87	2.3283064365386963e-10
13.88	2.3283064365386963e-10
13.89	2.3283064365386963e-10
13.9	2.3283064365386963e-10
13.91	2.3283064365386963e-10
13.92	0.0
