5.6	0.0005051493644714355
5.61	0.000498652458190918
5.62	0.0004929304122924805
5.63	0.0004888176918029785
5.64	0.0004830360412597656
5.65	0.00047767162322998047
5.66	0.0004724264144897461
5.67	0.0004678964614868164
5.68	0.00046432018280029297
5.69	0.00046008825302124023
5.7	0.0004572272300720215
5.71	0.0004534125328063965
5.72	0.0004490017890930176
5.73	0.0004436373710632324
5.74	0.00043845176696777344
5.75	0.00043207406997680664
5.76	0.00042510032653808594
5.77	0.00042128562927246094
5.78	0.00041562318801879883
5.79	0.0004108548164367676
5.8	0.0004063844680786133
5.81	0.0004023313522338867
5.82	0.0003968477249145508
5.83	0.0003922581672668457
5.84	0.000387728214263916
5.85	0.0003822445869445801
5.86	0.0003790855407714844
5.87	0.0003743171691894531
5.88	0.0003699660301208496
5.89	0.00036782026290893555
5.9	0.00036406517028808594
5.91	0.00036031007766723633
5.92	0.0003548860549926758
5.93	0.0003498196601867676
5.94	0.0003460049629211426
5.95	0.0003409385681152344
5.96	0.00033742189407348633
5.97	0.00033348798751831055
5.98	0.0003292560577392578
5.99	0.0003261566162109375
6.0	0.00032192468643188477
6.01	0.0003172159194946289
6.02	0.0003132820129394531
6.03	0.00030994415283203125
6.04	0.0003059506416320801
6.05	0.0003020167350769043
6.06	0.0002980232238769531
6.07	0.00029587745666503906
6.08	0.00029349327087402344
6.09	0.0002918243408203125
6.1	0.00028902292251586914
6.11	0.00028502941131591797
6.12	0.00028312206268310547
6.13	0.00027948617935180664
6.14	0.000276029109954834
6.15	0.0002728104591369629
6.16	0.0002701878547668457
6.17	0.0002675652503967285
6.18	0.00026345252990722656
6.19	0.00026023387908935547
6.2	0.0002568960189819336
6.21	0.0002516508102416992
6.22	0.0002472400665283203
6.23	0.0002447962760925293
6.24	0.00024247169494628906
6.25	0.00023937225341796875
6.26	0.00023686885833740234
6.27	0.00023406744003295898
6.28	0.00023239850997924805
6.29	0.00022971630096435547
6.3	0.00022721290588378906
6.31	0.00022530555725097656
6.32	0.00022232532501220703
6.33	0.0002200007438659668
6.34	0.0002167820930480957
6.35	0.00021523237228393555
6.36	0.00021272897720336914
6.37	0.00020939111709594727
6.38	0.00020712614059448242
6.39	0.0002034902572631836
6.4	0.00020045042037963867
6.41	0.00019937753677368164
6.42	0.0001965165138244629
6.43	0.00019466876983642578
6.44	0.00019371509552001953
6.45	0.0001895427703857422
6.46	0.000186920166015625
6.47	0.00018346309661865234
6.48	0.00018197298049926758
6.49	0.0001805424690246582
6.5	0.000179290771484375
6.51	0.0001767873764038086
6.52	0.00017637014389038086
6.53	0.00017410516738891602
6.54	0.00017124414443969727
6.55	0.00016999244689941406
6.56	0.00016689300537109375
6.57	0.00016349554061889648
6.58	0.00016224384307861328
6.59	0.0001589655876159668
6.6	0.00015753507614135742
6.61	0.0001558065414428711
6.62	0.00015395879745483398
6.63	0.00015121698379516602
6.64	0.00014925003051757812
6.65	0.00014740228652954102
6.66	0.00014406442642211914
6.67	0.00014227628707885742
6.68	0.00013899803161621094
6.69	0.0001379847526550293
6.7	0.0001373291015625
6.71	0.00013649463653564453
6.72	0.0001354217529296875
6.73	0.00013369321823120117
6.74	0.00013250112533569336
6.75	0.00013113021850585938
6.76	0.00012934207916259766
6.77	0.00012761354446411133
6.78	0.0001265406608581543
6.79	0.0001252293586730957
6.8	0.00012367963790893555
6.81	0.00012254714965820312
6.82	0.0001207590103149414
6.83	0.00011879205703735352
6.84	0.00011724233627319336
6.85	0.00011515617370605469
6.86	0.00011426210403442383
6.87	0.0001131296157836914
6.88	0.00011223554611206055
6.89	0.0001112222671508789
6.9	0.00011014938354492188
6.91	0.00010919570922851562
6.92	0.0001074671745300293
6.93	0.00010710954666137695
6.94	0.00010460615158081055
6.95	0.00010412931442260742
6.96	0.00010317564010620117
6.97	0.00010138750076293945
6.98	0.00010019540786743164
6.99	9.846687316894531e-05
7.0	9.751319885253906e-05
7.01	9.638071060180664e-05
7.02	9.441375732421875e-05
7.03	9.244680404663086e-05
7.04	9.143352508544922e-05
7.05	8.96453857421875e-05
7.06	8.89897346496582e-05
7.07	8.791685104370117e-05
7.08	8.654594421386719e-05
7.09	8.559226989746094e-05
7.1	8.475780487060547e-05
7.11	8.33272933959961e-05
7.12	8.237361907958984e-05
7.13	8.171796798706055e-05
7.14	8.058547973632812e-05
7.15	7.957220077514648e-05
7.16	7.873773574829102e-05
7.17	7.790327072143555e-05
7.18	7.677078247070312e-05
7.19	7.593631744384766e-05
7.2	7.462501525878906e-05
7.21	7.31348991394043e-05
7.22	7.18832015991211e-05
7.23	7.128715515136719e-05
7.24	6.973743438720703e-05
7.25	6.884336471557617e-05
7.26	6.723403930664062e-05
7.27	6.628036499023438e-05
7.28	6.437301635742188e-05
7.29	6.389617919921875e-05
7.3	6.347894668579102e-05
7.31	6.318092346191406e-05
7.32	6.22868537902832e-05
7.33	6.198883056640625e-05
7.34	6.103515625e-05
7.35	6.014108657836914e-05
7.36	5.990266799926758e-05
7.37	5.918741226196289e-05
7.38	5.811452865600586e-05
7.39	5.728006362915039e-05
7.4	5.644559860229492e-05
7.41	5.614757537841797e-05
7.42	5.525350570678711e-05
7.43	5.424022674560547e-05
7.44	5.358457565307617e-05
7.45	5.257129669189453e-05
7.46	5.167722702026367e-05
7.47	5.054473876953125e-05
7.48	4.971027374267578e-05
7.49	4.881620407104492e-05
7.5	4.8220157623291016e-05
7.51	4.756450653076172e-05
7.52	4.7206878662109375e-05
7.53	4.7087669372558594e-05
7.54	4.6312808990478516e-05
7.55	4.6133995056152344e-05
7.56	4.583597183227539e-05
7.57	4.5239925384521484e-05
7.58	4.470348358154297e-05
7.59	4.4226646423339844e-05
7.6	4.3511390686035156e-05
7.61	4.279613494873047e-05
7.62	4.208087921142578e-05
7.63	4.1961669921875e-05
7.64	4.118680953979492e-05
7.65	3.9696693420410156e-05
7.66	3.9517879486083984e-05
7.67	3.88026237487793e-05
7.68	3.74913215637207e-05
7.69	3.695487976074219e-05
7.7	3.6835670471191406e-05
7.71	3.647804260253906e-05
7.72	3.600120544433594e-05
7.73	3.540515899658203e-05
7.74	3.4928321838378906e-05
7.75	3.4332275390625e-05
7.76	3.403425216674805e-05
7.77	3.349781036376953e-05
7.78	3.266334533691406e-05
7.79	3.236532211303711e-05
7.8	3.218650817871094e-05
7.81	3.159046173095703e-05
7.82	3.129243850708008e-05
7.83	3.1113624572753906e-05
7.84	3.0159950256347656e-05
7.85	2.9921531677246094e-05
7.86	2.9265880584716797e-05
7.87	2.9265880584716797e-05
7.88	2.9027462005615234e-05
7.89	2.8371810913085938e-05
7.9	2.8014183044433594e-05
7.91	2.7477741241455078e-05
7.92	2.7298927307128906e-05
7.93	2.6941299438476562e-05
7.94	2.6702880859375e-05
7.95	2.6226043701171875e-05
7.96	2.6166439056396484e-05
7.97	2.5987625122070312e-05
7.98	2.5928020477294922e-05
7.99	2.580881118774414e-05
8.0	2.5331974029541016e-05
8.01	2.5093555450439453e-05
8.02	2.4557113647460938e-05
8.03	2.3663043975830078e-05
8.04	2.3305416107177734e-05
8.05	2.2590160369873047e-05
8.06	2.193450927734375e-05
8.07	2.1636486053466797e-05
8.08	2.092123031616211e-05
8.09	2.0682811737060547e-05
8.1	2.008676528930664e-05
8.11	1.990795135498047e-05
8.12	1.9550323486328125e-05
8.13	1.9431114196777344e-05
8.14	1.9371509552001953e-05
8.15	1.901388168334961e-05
8.16	1.8715858459472656e-05
8.17	1.8596649169921875e-05
8.18	1.8477439880371094e-05
8.19	1.823902130126953e-05
8.2	1.7881393432617188e-05
8.21	1.7464160919189453e-05
8.22	1.7344951629638672e-05
8.23	1.710653305053711e-05
8.24	1.6689300537109375e-05
8.25	1.633167266845703e-05
8.26	1.6033649444580078e-05
8.27	1.5556812286376953e-05
8.28	1.537799835205078e-05
8.29	1.5020370483398438e-05
8.3	1.4662742614746094e-05
8.31	1.4483928680419922e-05
8.32	1.4007091522216797e-05
8.33	1.3947486877441406e-05
8.34	1.3947486877441406e-05
8.35	1.3470649719238281e-05
8.36	1.3232231140136719e-05
8.37	1.3232231140136719e-05
8.38	1.3113021850585938e-05
8.39	1.2814998626708984e-05
8.4	1.2695789337158203e-05
8.41	1.2636184692382812e-05
8.42	1.245737075805664e-05
8.43	1.2278556823730469e-05
8.44	1.2278556823730469e-05
8.45	1.2159347534179688e-05
8.46	1.1622905731201172e-05
8.47	1.138448715209961e-05
8.48	1.1146068572998047e-05
8.49	1.049041748046875e-05
8.5	1.0371208190917969e-05
8.51	1.0371208190917969e-05
8.52	1.0132789611816406e-05
8.53	9.834766387939453e-06
8.54	9.715557098388672e-06
8.55	9.5367431640625e-06
8.56	9.417533874511719e-06
8.57	9.357929229736328e-06
8.58	9.238719940185547e-06
8.59	9.179115295410156e-06
8.6	9.179115295410156e-06
8.61	9.179115295410156e-06
8.62	8.940696716308594e-06
8.63	8.940696716308594e-06
8.64	8.940696716308594e-06
8.65	8.463859558105469e-06
8.66	8.225440979003906e-06
8.67	7.927417755126953e-06
8.68	7.927417755126953e-06
8.69	7.68899917602539e-06
8.7	7.510185241699219e-06
8.71	7.3909759521484375e-06
8.72	7.271766662597656e-06
8.73	7.033348083496094e-06
8.74	6.973743438720703e-06
8.75	6.854534149169922e-06
8.76	6.556510925292969e-06
8.77	6.556510925292969e-06
8.78	6.318092346191406e-06
8.79	6.198883056640625e-06
8.8	6.198883056640625e-06
8.81	6.079673767089844e-06
8.82	5.9604644775390625e-06
8.83	5.841255187988281e-06
8.84	5.662441253662109e-06
8.85	5.543231964111328e-06
8.86	5.424022674560547e-06
8.87	5.245208740234375e-06
8.88	5.125999450683594e-06
8.89	4.887580871582031e-06
8.9	4.887580871582031e-06
8.91	4.708766937255859e-06
8.92	4.470348358154297e-06
8.93	4.410743713378906e-06
8.94	4.410743713378906e-06
8.95	4.172325134277344e-06
8.96	4.0531158447265625e-06
8.97	3.933906555175781e-06
8.98	3.933906555175781e-06
8.99	3.933906555175781e-06
9.0	3.933906555175781e-06
9.01	3.933906555175781e-06
9.02	3.814697265625e-06
9.03	3.814697265625e-06
9.04	3.814697265625e-06
9.05	3.6954879760742188e-06
9.06	3.5762786865234375e-06
9.07	3.5762786865234375e-06
9.08	3.4570693969726562e-06
9.09	3.2186508178710938e-06
9.1	3.159046173095703e-06
9.11	3.039836883544922e-06
9.12	2.8014183044433594e-06
9.13	2.6226043701171875e-06
9.14	2.6226043701171875e-06
9.15	2.6226043701171875e-06
9.16	2.5033950805664062e-06
9.17	2.4437904357910156e-06
9.18	2.4437904357910156e-06
9.19	2.4437904357910156e-06
9.2	2.384185791015625e-06
9.21	2.384185791015625e-06
9.22	2.384185791015625e-06
9.23	2.384185791015625e-06
9.24	2.384185791015625e-06
9.25	2.384185791015625e-06
9.26	2.384185791015625e-06
9.27	2.384185791015625e-06
9.28	2.2649765014648438e-06
9.29	2.2649765014648438e-06
9.3	2.1457672119140625e-06
9.31	2.1457672119140625e-06
9.32	2.1457672119140625e-06
9.33	2.0265579223632812e-06
9.34	2.0265579223632812e-06
9.35	2.0265579223632812e-06
9.36	1.7881393432617188e-06
9.37	1.7881393432617188e-06
9.38	1.5497207641601562e-06
9.39	1.5497207641601562e-06
9.4	1.5497207641601562e-06
9.41	1.5497207641601562e-06
9.42	1.5497207641601562e-06
9.43	1.5497207641601562e-06
9.44	1.5497207641601562e-06
9.45	1.5497207641601562e-06
9.46	1.430511474609375e-06
9.47	1.3113021850585938e-06
9.48	1.1920928955078125e-06
9.49	1.1920928955078125e-06
9.5	1.0728836059570312e-06
9.51	1.0728836059570312e-06
9.52	1.0728836059570312e-06
9.53	1.0728836059570312e-06
9.54	9.5367431640625e-07
9.55	9.5367431640625e-07
9.56	9.5367431640625e-07
9.57	8.344650268554688e-07
9.58	8.344650268554688e-07
9.59	7.152557373046875e-07
9.6	7.152557373046875e-07
9.61	7.152557373046875e-07
9.62	7.152557373046875e-07
9.63	7.152557373046875e-07
9.64	7.152557373046875e-07
9.65	7.152557373046875e-07
9.66	7.152557373046875e-07
9.67	7.152557373046875e-07
9.68	7.152557373046875e-07
9.69	7.152557373046875e-07
9.7	7.152557373046875e-07
9.71	7.152557373046875e-07
9.72	7.152557373046875e-07
9.73	5.960464477539062e-07
9.74	5.960464477539062e-07
9.75	5.960464477539062e-07
9.76	4.76837158203125e-07
9.77	4.76837158203125e-07
9.78	4.76837158203125e-07
9.79	4.76837158203125e-07
9.8	4.76837158203125e-07
9.81	4.76837158203125e-07
9.82	4.76837158203125e-07
9.83	4.76837158203125e-07
9.84	4.76837158203125e-07
9.85	4.76837158203125e-07
9.86	4.76837158203125e-07
9.87	4.76837158203125e-07
9.88	4.76837158203125e-07
9.89	4.76837158203125e-07
9.9	3.5762786865234375e-07
9.91	3.5762786865234375e-07
9.92	3.5762786865234375e-07
9.93	2.384185791015625e-07
9.94	2.384185791015625e-07
9.95	2.384185791015625e-07
9.96	2.384185791015625e-07
9.97	2.384185791015625e-07
9.98	2.384185791015625e-07
9.99	2.384185791015625e-07
10.0	2.384185791015625e-07
10.01	2.384185791015625e-07
10.02	2.384185791015625e-07
10.03	2.384185791015625e-07
10.04	2.384185791015625e-07
10.05	2.384185791015625e-07
10.06	2.384185791015625e-07
10.07	2.384185791015625e-07
10.08	2.384185791015625e-07
10.09	2.384185791015625e-07
10.1	2.384185791015625e-07
10.11	2.384185791015625e-07
10.12	2.384185791015625e-07
10.13	2.384185791015625e-07
10.14	2.384185791015625e-07
10.15	2.384185791015625e-07
10.16	2.384185791015625e-07
10.17	1.1920928955078125e-07
10.18	1.1920928955078125e-07
10.19	0.0
