5.7	0.0005025863647460938
5.71	0.0004978179931640625
5.72	0.000492095947265625
5.73	0.00048828125
5.74	0.00048542022705078125
5.75	0.00048160552978515625
5.76	0.00047016143798828125
5.77	0.00046634674072265625
5.78	0.00045680999755859375
5.79	0.00045299530029296875
5.8	0.00045108795166015625
5.81	0.0004482269287109375
5.82	0.00044345855712890625
5.83	0.000438690185546875
5.84	0.00043487548828125
5.85	0.0004329681396484375
5.86	0.0004291534423828125
5.87	0.00042438507080078125
5.88	0.00042057037353515625
5.89	0.0004177093505859375
5.9	0.00041294097900390625
5.91	0.0004119873046875
5.92	0.00041103363037109375
5.93	0.00040912628173828125
5.94	0.00040531158447265625
5.95	0.00040149688720703125
5.96	0.000392913818359375
5.97	0.00039005279541015625
5.98	0.00038814544677734375
5.99	0.0003833770751953125
6.0	0.00037860870361328125
6.01	0.00037479400634765625
6.02	0.00037097930908203125
6.03	0.00036907196044921875
6.04	0.0003681182861328125
6.05	0.000362396240234375
6.06	0.00035858154296875
6.07	0.00035381317138671875
6.08	0.00034999847412109375
6.09	0.00034809112548828125
6.1	0.00034618377685546875
6.11	0.00034332275390625
6.12	0.00034046173095703125
6.13	0.000335693359375
6.14	0.00033283233642578125
6.15	0.0003299713134765625
6.16	0.00032901763916015625
6.17	0.000324249267578125
6.18	0.0003204345703125
6.19	0.000316619873046875
6.2	0.0003108978271484375
6.21	0.000308990478515625
6.22	0.00030517578125
6.23	0.00030231475830078125
6.24	0.00029468536376953125
6.25	0.00029087066650390625
6.26	0.00028896331787109375
6.27	0.000286102294921875
6.28	0.00028324127197265625
6.29	0.00027942657470703125
6.3	0.00027751922607421875
6.31	0.0002765655517578125
6.32	0.000274658203125
6.33	0.00027370452880859375
6.34	0.00026988983154296875
6.35	0.00026702880859375
6.36	0.000263214111328125
6.37	0.0002613067626953125
6.38	0.00026035308837890625
6.39	0.00025844573974609375
6.4	0.0002574920654296875
6.41	0.00025653839111328125
6.42	0.0002536773681640625
6.43	0.00025177001953125
6.44	0.00025081634521484375
6.45	0.000247955322265625
6.46	0.00024509429931640625
6.47	0.00023651123046875
6.48	0.0002346038818359375
6.49	0.000232696533203125
6.5	0.00022983551025390625
6.51	0.0002269744873046875
6.52	0.000225067138671875
6.53	0.00022220611572265625
6.54	0.00021839141845703125
6.55	0.00021648406982421875
6.56	0.000213623046875
6.57	0.0002117156982421875
6.58	0.000209808349609375
6.59	0.0002079010009765625
6.6	0.00020599365234375
6.61	0.00020503997802734375
6.62	0.00020503997802734375
6.63	0.0002040863037109375
6.64	0.00020122528076171875
6.65	0.0001983642578125
6.66	0.00019550323486328125
6.67	0.00019359588623046875
6.68	0.0001888275146484375
6.69	0.000186920166015625
6.7	0.0001850128173828125
6.71	0.00018310546875
6.72	0.0001811981201171875
6.73	0.000179290771484375
6.74	0.00017833709716796875
6.75	0.00017452239990234375
6.76	0.0001735687255859375
6.77	0.00017261505126953125
6.78	0.00017261505126953125
6.79	0.000171661376953125
6.8	0.00016880035400390625
6.81	0.0001659393310546875
6.82	0.0001659393310546875
6.83	0.000164031982421875
6.84	0.00016307830810546875
6.85	0.00016117095947265625
6.86	0.0001583099365234375
6.87	0.00015735626220703125
6.88	0.000156402587890625
6.89	0.00015544891357421875
6.9	0.00015544891357421875
6.91	0.0001544952392578125
6.92	0.0001544952392578125
6.93	0.00015163421630859375
6.94	0.0001506805419921875
6.95	0.000148773193359375
6.96	0.0001468658447265625
6.97	0.00014495849609375
6.98	0.00014019012451171875
6.99	0.0001373291015625
7.0	0.0001354217529296875
7.01	0.000133514404296875
7.02	0.00013065338134765625
7.03	0.00012874603271484375
7.04	0.0001277923583984375
7.05	0.00012493133544921875
7.06	0.0001239776611328125
7.07	0.0001220703125
7.08	0.0001220703125
7.09	0.0001220703125
7.1	0.00012111663818359375
7.11	0.0001201629638671875
7.12	0.00011920928955078125
7.13	0.000118255615234375
7.14	0.00011539459228515625
7.15	0.00011444091796875
7.16	0.00011348724365234375
7.17	0.00011157989501953125
7.18	0.00011157989501953125
7.19	0.000110626220703125
7.2	0.00010776519775390625
7.21	0.00010585784912109375
7.22	0.0001049041748046875
7.23	0.0001049041748046875
7.24	0.0001049041748046875
7.25	0.00010395050048828125
7.26	0.00010204315185546875
7.27	0.00010013580322265625
7.28	9.822845458984375e-05
7.29	9.822845458984375e-05
7.3	9.822845458984375e-05
7.31	9.72747802734375e-05
7.32	9.5367431640625e-05
7.33	9.5367431640625e-05
7.34	9.34600830078125e-05
7.35	9.250640869140625e-05
7.36	9.250640869140625e-05
7.37	9.1552734375e-05
7.38	9.1552734375e-05
7.39	9.059906005859375e-05
7.4	9.059906005859375e-05
7.41	9.059906005859375e-05
7.42	9.059906005859375e-05
7.43	9.059906005859375e-05
7.44	8.7738037109375e-05
7.45	8.58306884765625e-05
7.46	8.20159912109375e-05
7.47	8.0108642578125e-05
7.48	8.0108642578125e-05
7.49	7.724761962890625e-05
7.5	7.534027099609375e-05
7.51	7.343292236328125e-05
7.52	7.152557373046875e-05
7.53	7.05718994140625e-05
7.54	7.05718994140625e-05
7.55	6.961822509765625e-05
7.56	6.961822509765625e-05
7.57	6.961822509765625e-05
7.58	6.866455078125e-05
7.59	6.866455078125e-05
7.6	6.771087646484375e-05
7.61	6.67572021484375e-05
7.62	6.580352783203125e-05
7.63	6.4849853515625e-05
7.64	6.389617919921875e-05
7.65	6.29425048828125e-05
7.66	6.29425048828125e-05
7.67	6.103515625e-05
7.68	6.103515625e-05
7.69	6.008148193359375e-05
7.7	6.008148193359375e-05
7.71	6.008148193359375e-05
7.72	6.008148193359375e-05
7.73	5.817413330078125e-05
7.74	5.7220458984375e-05
7.75	5.7220458984375e-05
7.76	5.626678466796875e-05
7.77	5.626678466796875e-05
7.78	5.53131103515625e-05
7.79	5.340576171875e-05
7.8	5.245208740234375e-05
7.81	5.245208740234375e-05
7.82	5.14984130859375e-05
7.83	5.054473876953125e-05
7.84	4.9591064453125e-05
7.85	4.863739013671875e-05
7.86	4.863739013671875e-05
7.87	4.863739013671875e-05
7.88	4.863739013671875e-05
7.89	4.863739013671875e-05
7.9	4.76837158203125e-05
7.91	4.76837158203125e-05
7.92	4.57763671875e-05
7.93	4.57763671875e-05
7.94	4.57763671875e-05
7.95	4.38690185546875e-05
7.96	4.291534423828125e-05
7.97	4.1961669921875e-05
7.98	4.00543212890625e-05
7.99	3.814697265625e-05
8.0	3.719329833984375e-05
8.01	3.719329833984375e-05
8.02	3.719329833984375e-05
8.03	3.719329833984375e-05
8.04	3.62396240234375e-05
8.05	3.528594970703125e-05
8.06	3.528594970703125e-05
8.07	3.528594970703125e-05
8.08	3.528594970703125e-05
8.09	3.528594970703125e-05
8.1	3.4332275390625e-05
8.11	3.4332275390625e-05
8.12	3.4332275390625e-05
8.13	3.337860107421875e-05
8.14	3.337860107421875e-05
8.15	3.337860107421875e-05
8.16	3.337860107421875e-05
8.17	3.337860107421875e-05
8.18	3.337860107421875e-05
8.19	3.24249267578125e-05
8.2	3.147125244140625e-05
8.21	3.147125244140625e-05
8.22	3.147125244140625e-05
8.23	3.147125244140625e-05
8.24	3.0517578125e-05
8.25	2.956390380859375e-05
8.26	2.86102294921875e-05
8.27	2.765655517578125e-05
8.28	2.765655517578125e-05
8.29	2.765655517578125e-05
8.3	2.6702880859375e-05
8.31	2.574920654296875e-05
8.32	2.47955322265625e-05
8.33	2.47955322265625e-05
8.34	2.47955322265625e-05
8.35	2.47955322265625e-05
8.36	2.384185791015625e-05
8.37	2.288818359375e-05
8.38	2.288818359375e-05
8.39	2.288818359375e-05
8.4	2.288818359375e-05
8.41	2.288818359375e-05
8.42	2.288818359375e-05
8.43	2.193450927734375e-05
8.44	2.09808349609375e-05
8.45	2.09808349609375e-05
8.46	2.002716064453125e-05
8.47	1.9073486328125e-05
8.48	1.9073486328125e-05
8.49	1.9073486328125e-05
8.5	1.9073486328125e-05
8.51	1.811981201171875e-05
8.52	1.71661376953125e-05
8.53	1.71661376953125e-05
8.54	1.71661376953125e-05
8.55	1.71661376953125e-05
8.56	1.71661376953125e-05
8.57	1.71661376953125e-05
8.58	1.71661376953125e-05
8.59	1.621246337890625e-05
8.6	1.621246337890625e-05
8.61	1.621246337890625e-05
8.62	1.621246337890625e-05
8.63	1.621246337890625e-05
8.64	1.621246337890625e-05
8.65	1.621246337890625e-05
8.66	1.52587890625e-05
8.67	1.52587890625e-05
8.68	1.52587890625e-05
8.69	1.52587890625e-05
8.7	1.52587890625e-05
8.71	1.52587890625e-05
8.72	1.52587890625e-05
8.73	1.430511474609375e-05
8.74	1.430511474609375e-05
8.75	1.430511474609375e-05
8.76	1.33514404296875e-05
8.77	1.239776611328125e-05
8.78	1.1444091796875e-05
8.79	1.1444091796875e-05
8.8	1.1444091796875e-05
8.81	1.1444091796875e-05
8.82	1.049041748046875e-05
8.83	9.5367431640625e-06
8.84	9.5367431640625e-06
8.85	9.5367431640625e-06
8.86	9.5367431640625e-06
8.87	9.5367431640625e-06
8.88	9.5367431640625e-06
8.89	9.5367431640625e-06
8.9	9.5367431640625e-06
8.91	9.5367431640625e-06
8.92	9.5367431640625e-06
8.93	9.5367431640625e-06
8.94	9.5367431640625e-06
8.95	9.5367431640625e-06
8.96	9.5367431640625e-06
8.97	8.58306884765625e-06
8.98	7.62939453125e-06
8.99	7.62939453125e-06
9.0	7.62939453125e-06
9.01	7.62939453125e-06
9.02	7.62939453125e-06
9.03	7.62939453125e-06
9.04	7.62939453125e-06
9.05	7.62939453125e-06
9.06	7.62939453125e-06
9.07	7.62939453125e-06
9.08	7.62939453125e-06
9.09	7.62939453125e-06
9.1	7.62939453125e-06
9.11	7.62939453125e-06
9.12	7.62939453125e-06
9.13	7.62939453125e-06
9.14	7.62939453125e-06
9.15	7.62939453125e-06
9.16	7.62939453125e-06
9.17	7.62939453125e-06
9.18	7.62939453125e-06
9.19	7.62939453125e-06
9.2	7.62939453125e-06
9.21	7.62939453125e-06
9.22	7.62939453125e-06
9.23	6.67572021484375e-06
9.24	6.67572021484375e-06
9.25	5.7220458984375e-06
9.26	5.7220458984375e-06
9.27	5.7220458984375e-06
9.28	5.7220458984375e-06
9.29	3.814697265625e-06
9.3	3.814697265625e-06
9.31	3.814697265625e-06
9.32	3.814697265625e-06
9.33	3.814697265625e-06
9.34	3.814697265625e-06
9.35	3.814697265625e-06
9.36	3.814697265625e-06
9.37	3.814697265625e-06
9.38	3.814697265625e-06
9.39	3.814697265625e-06
9.4	3.814697265625e-06
9.41	3.814697265625e-06
9.42	3.814697265625e-06
9.43	3.814697265625e-06
9.44	2.86102294921875e-06
9.45	2.86102294921875e-06
9.46	2.86102294921875e-06
9.47	2.86102294921875e-06
9.48	2.86102294921875e-06
9.49	2.86102294921875e-06
9.5	2.86102294921875e-06
9.51	2.86102294921875e-06
9.52	2.86102294921875e-06
9.53	2.86102294921875e-06
9.54	2.86102294921875e-06
9.55	2.86102294921875e-06
9.56	2.86102294921875e-06
9.57	2.86102294921875e-06
9.58	2.86102294921875e-06
9.59	2.86102294921875e-06
9.6	2.86102294921875e-06
9.61	2.86102294921875e-06
9.62	2.86102294921875e-06
9.63	2.86102294921875e-06
9.64	2.86102294921875e-06
9.65	2.86102294921875e-06
9.66	2.86102294921875e-06
9.67	2.86102294921875e-06
9.68	2.86102294921875e-06
9.69	2.86102294921875e-06
9.7	2.86102294921875e-06
9.71	2.86102294921875e-06
9.72	2.86102294921875e-06
9.73	2.86102294921875e-06
9.74	2.86102294921875e-06
9.75	1.9073486328125e-06
9.76	9.5367431640625e-07
9.77	9.5367431640625e-07
9.78	9.5367431640625e-07
9.79	9.5367431640625e-07
9.8	9.5367431640625e-07
9.81	9.5367431640625e-07
9.82	9.5367431640625e-07
9.83	9.5367431640625e-07
9.84	9.5367431640625e-07
9.85	9.5367431640625e-07
9.86	9.5367431640625e-07
9.87	9.5367431640625e-07
9.88	9.5367431640625e-07
9.89	9.5367431640625e-07
9.9	9.5367431640625e-07
9.91	9.5367431640625e-07
9.92	9.5367431640625e-07
9.93	9.5367431640625e-07
9.94	9.5367431640625e-07
9.95	9.5367431640625e-07
9.96	9.5367431640625e-07
9.97	9.5367431640625e-07
9.98	9.5367431640625e-07
9.99	9.5367431640625e-07
10.0	9.5367431640625e-07
10.01	9.5367431640625e-07
10.02	9.5367431640625e-07
10.03	9.5367431640625e-07
10.04	9.5367431640625e-07
10.05	9.5367431640625e-07
10.06	9.5367431640625e-07
10.07	9.5367431640625e-07
10.08	9.5367431640625e-07
10.09	9.5367431640625e-07
10.1	9.5367431640625e-07
10.11	9.5367431640625e-07
10.12	9.5367431640625e-07
10.13	9.5367431640625e-07
10.14	9.5367431640625e-07
10.15	9.5367431640625e-07
10.16	9.5367431640625e-07
10.17	9.5367431640625e-07
10.18	9.5367431640625e-07
10.19	9.5367431640625e-07
10.2	9.5367431640625e-07
10.21	9.5367431640625e-07
10.22	0.0
