5.1	0.0005000568926334381
5.11	0.0004961192607879639
5.12	0.0004926063120365143
5.13	0.0004885196685791016
5.14	0.0004843398928642273
5.15	0.0004802718758583069
5.16	0.0004764646291732788
5.17	0.0004727952182292938
5.18	0.00046925246715545654
5.19	0.00046532973647117615
5.2	0.0004613511264324188
5.21	0.0004576742649078369
5.22	0.00045435503125190735
5.23	0.00045083463191986084
5.24	0.0004474446177482605
5.25	0.00044364482164382935
5.26	0.0004403330385684967
5.27	0.00043723732233047485
5.28	0.0004337318241596222
5.29	0.0004304423928260803
5.3	0.00042676180601119995
5.31	0.00042383745312690735
5.32	0.00042057037353515625
5.33	0.0004176013171672821
5.34	0.0004143044352531433
5.35	0.00041055306792259216
5.36	0.0004070065915584564
5.37	0.0004040859639644623
5.38	0.00040114670991897583
5.39	0.0003978945314884186
5.4	0.00039453059434890747
5.41	0.00039114058017730713
5.42	0.0003880448639392853
5.43	0.0003848820924758911
5.44	0.0003818906843662262
5.45	0.00037889182567596436
5.46	0.000376041978597641
5.47	0.0003730170428752899
5.48	0.000369928777217865
5.49	0.00036688148975372314
5.5	0.0003637373447418213
5.51	0.000360928475856781
5.52	0.00035838037729263306
5.53	0.00035570934414863586
5.54	0.0003527887165546417
5.55	0.00034971535205841064
5.56	0.0003466084599494934
5.57	0.0003436058759689331
5.58	0.00034103915095329285
5.59	0.00033836066722869873
5.6	0.00033543631434440613
5.61	0.00033247843384742737
5.62	0.0003296583890914917
5.63	0.00032694265246391296
5.64	0.0003243982791900635
5.65	0.00032191723585128784
5.66	0.0003191642463207245
5.67	0.0003166906535625458
5.68	0.0003139972686767578
5.69	0.0003114044666290283
5.7	0.00030886754393577576
5.71	0.0003064461052417755
5.72	0.00030425190925598145
5.73	0.0003019198775291443
5.74	0.0002993941307067871
5.75	0.00029689446091651917
5.76	0.0002943575382232666
5.77	0.0002921074628829956
5.78	0.0002898015081882477
5.79	0.00028780102729797363
5.8	0.0002852827310562134
5.81	0.00028275325894355774
5.82	0.00028027966618537903
5.83	0.00027805566787719727
5.84	0.00027595460414886475
5.85	0.0002738386392593384
5.86	0.00027140602469444275
5.87	0.00026930123567581177
5.88	0.00026717409491539
5.89	0.0002648085355758667
5.9	0.0002625659108161926
5.91	0.0002606399357318878
5.92	0.0002585314214229584
5.93	0.00025655701756477356
5.94	0.0002544596791267395
5.95	0.0002522878348827362
5.96	0.00024985894560813904
5.97	0.00024797767400741577
5.98	0.00024638697504997253
5.99	0.0002443678677082062
6.0	0.00024208426475524902
6.01	0.00024002790451049805
6.02	0.00023789331316947937
6.03	0.00023575499653816223
6.04	0.00023397430777549744
6.05	0.00023209303617477417
6.06	0.0002301521599292755
6.07	0.000228196382522583
6.08	0.0002263672649860382
6.09	0.0002241581678390503
6.1	0.00022237375378608704
6.11	0.00022058188915252686
6.12	0.00021868199110031128
6.13	0.0002168118953704834
6.14	0.00021502375602722168
6.15	0.0002129673957824707
6.16	0.00021109357476234436
6.17	0.0002095922827720642
6.18	0.00020805373787879944
6.19	0.0002061799168586731
6.2	0.00020430982112884521
6.21	0.00020271912217140198
6.22	0.00020092353224754333
6.23	0.00019922107458114624
6.24	0.00019765272736549377
6.25	0.0001957826316356659
6.26	0.00019412115216255188
6.27	0.0001927800476551056
6.28	0.00019121170043945312
6.29	0.00018936768174171448
6.3	0.000187605619430542
6.31	0.00018597394227981567
6.32	0.00018450990319252014
6.33	0.00018335133790969849
6.34	0.000181540846824646
6.35	0.0001796633005142212
6.36	0.00017827749252319336
6.37	0.00017688050866127014
6.38	0.0001754164695739746
6.39	0.00017410516738891602
6.4	0.00017274543642997742
6.41	0.0001710951328277588
6.42	0.00016963109374046326
6.43	0.00016831979155540466
6.44	0.0001668110489845276
6.45	0.00016516819596290588
6.46	0.000163935124874115
6.47	0.00016264617443084717
6.48	0.00016129016876220703
6.49	0.0001597367227077484
6.5	0.00015820562839508057
6.51	0.00015664845705032349
6.52	0.0001554451882839203
6.53	0.00015432760119438171
6.54	0.0001529492437839508
6.55	0.00015136972069740295
6.56	0.00014994293451309204
6.57	0.00014845281839370728
6.58	0.00014740228652954102
6.59	0.00014624372124671936
6.6	0.00014506280422210693
6.61	0.00014368072152137756
6.62	0.0001424923539161682
6.63	0.00014124438166618347
6.64	0.0001398436725139618
6.65	0.00013866275548934937
6.66	0.00013754889369010925
6.67	0.00013645365834236145
6.68	0.00013515353202819824
6.69	0.00013387203216552734
6.7	0.00013244152069091797
6.71	0.00013129040598869324
6.72	0.00013026967644691467
6.73	0.0001291334629058838
6.74	0.0001280084252357483
6.75	0.00012673810124397278
6.76	0.0001254938542842865
6.77	0.00012425705790519714
6.78	0.0001232922077178955
6.79	0.00012229382991790771
6.8	0.00012116879224777222
6.81	0.00012027472257614136
6.82	0.00011921301484107971
6.83	0.00011803582310676575
6.84	0.00011685863137245178
6.85	0.00011602416634559631
6.86	0.00011512264609336853
6.87	0.00011409074068069458
6.88	0.00011308863759040833
6.89	0.00011184439063072205
6.9	0.00011061877012252808
6.91	0.00010976940393447876
6.92	0.00010902434587478638
6.93	0.00010797381401062012
6.94	0.00010702386498451233
6.95	0.00010580196976661682
6.96	0.00010483711957931519
6.97	0.00010398030281066895
6.98	0.00010304152965545654
6.99	0.00010218098759651184
7.0	0.00010127201676368713
7.01	0.00010050088167190552
7.02	9.961798787117004e-05
7.03	9.866803884506226e-05
7.04	9.788945317268372e-05
7.05	9.708479046821594e-05
7.06	9.627640247344971e-05
7.07	9.548664093017578e-05
7.08	9.470432996749878e-05
7.09	9.365007281303406e-05
7.1	9.270384907722473e-05
7.11	9.191781282424927e-05
7.12	9.119883179664612e-05
7.13	9.02414321899414e-05
7.14	8.940696716308594e-05
7.15	8.85501503944397e-05
7.16	8.770450949668884e-05
7.17	8.700042963027954e-05
7.18	8.608773350715637e-05
7.19	8.529052138328552e-05
7.2	8.457154035568237e-05
7.21	8.381903171539307e-05
7.22	8.304417133331299e-05
7.23	8.233636617660522e-05
7.24	8.153542876243591e-05
7.25	8.071213960647583e-05
7.26	8.001551032066345e-05
7.27	7.950142025947571e-05
7.28	7.872283458709717e-05
7.29	7.792934775352478e-05
7.3	7.716193795204163e-05
7.31	7.637590169906616e-05
7.32	7.555261254310608e-05
7.33	7.500126957893372e-05
7.34	7.431209087371826e-05
7.35	7.351860404014587e-05
7.36	7.276982069015503e-05
7.37	7.218122482299805e-05
7.38	7.141008973121643e-05
7.39	7.082149386405945e-05
7.4	7.017329335212708e-05
7.41	6.946548819541931e-05
7.42	6.892159581184387e-05
7.43	6.83031976222992e-05
7.44	6.759166717529297e-05
7.45	6.692111492156982e-05
7.46	6.645545363426208e-05
7.47	6.598234176635742e-05
7.48	6.543099880218506e-05
7.49	6.487220525741577e-05
7.5	6.421282887458801e-05
7.51	6.344541907310486e-05
7.52	6.296858191490173e-05
7.53	6.25215470790863e-05
7.54	6.202235817909241e-05
7.55	6.137415766716003e-05
7.56	6.080418825149536e-05
7.57	6.0185790061950684e-05
7.58	5.965679883956909e-05
7.59	5.919113755226135e-05
7.6	5.868449807167053e-05
7.61	5.8066099882125854e-05
7.62	5.759671330451965e-05
7.63	5.700066685676575e-05
7.64	5.6374818086624146e-05
7.65	5.584210157394409e-05
7.66	5.538761615753174e-05
7.67	5.4873526096343994e-05
7.68	5.439668893814087e-05
7.69	5.390867590904236e-05
7.7	5.316734313964844e-05
7.71	5.25936484336853e-05
7.72	5.212053656578064e-05
7.73	5.171820521354675e-05
7.74	5.1174312829971313e-05
7.75	5.0652772188186646e-05
7.76	5.020946264266968e-05
7.77	4.9598515033721924e-05
7.78	4.9136579036712646e-05
7.79	4.8626214265823364e-05
7.8	4.819035530090332e-05
7.81	4.782527685165405e-05
7.82	4.739686846733093e-05
7.83	4.684180021286011e-05
7.84	4.625692963600159e-05
7.85	4.577264189720154e-05
7.86	4.5437365770339966e-05
7.87	4.5087188482284546e-05
7.88	4.469230771064758e-05
7.89	4.4133514165878296e-05
7.9	4.359707236289978e-05
7.91	4.324689507484436e-05
7.92	4.291906952857971e-05
7.93	4.252791404724121e-05
7.94	4.2110681533813477e-05
7.95	4.16487455368042e-05
7.96	4.1287392377853394e-05
7.97	4.08664345741272e-05
7.98	4.0549784898757935e-05
7.99	4.01325523853302e-05
8.0	3.9771199226379395e-05
8.01	3.9439648389816284e-05
8.02	3.9126724004745483e-05
8.03	3.873556852340698e-05
8.04	3.826245665550232e-05
8.05	3.7804245948791504e-05
8.06	3.75211238861084e-05
8.07	3.721565008163452e-05
8.08	3.6913901567459106e-05
8.09	3.641098737716675e-05
8.1	3.600865602493286e-05
8.11	3.567337989807129e-05
8.12	3.536045551300049e-05
8.13	3.493577241897583e-05
8.14	3.464147448539734e-05
8.15	3.432855010032654e-05
8.16	3.392249345779419e-05
8.17	3.361329436302185e-05
8.18	3.330036997795105e-05
8.19	3.290548920631409e-05
8.2	3.2573938369750977e-05
8.21	3.2339245080947876e-05
8.22	3.2067298889160156e-05
8.23	3.1732022762298584e-05
8.24	3.137439489364624e-05
8.25	3.0957162380218506e-05
8.26	3.061443567276001e-05
8.27	3.0297785997390747e-05
8.28	3.0003488063812256e-05
8.29	2.9731541872024536e-05
8.3	2.934783697128296e-05
8.31	2.9053539037704468e-05
8.32	2.874806523323059e-05
8.33	2.8450042009353638e-05
8.34	2.8189271688461304e-05
8.35	2.7894973754882812e-05
8.36	2.7660280466079712e-05
8.37	2.7373433113098145e-05
8.38	2.7023255825042725e-05
8.39	2.6792287826538086e-05
8.4	2.650544047355652e-05
8.41	2.63117253780365e-05
8.42	2.60770320892334e-05
8.43	2.579018473625183e-05
8.44	2.549588680267334e-05
8.45	2.5197863578796387e-05
8.46	2.494826912879944e-05
8.47	2.4683773517608643e-05
8.48	2.446398138999939e-05
8.49	2.421438694000244e-05
8.5	2.393871545791626e-05
8.51	2.3659318685531616e-05
8.52	2.3417174816131592e-05
8.53	2.316385507583618e-05
8.54	2.291053533554077e-05
8.55	2.275034785270691e-05
8.56	2.2567808628082275e-05
8.57	2.2314488887786865e-05
8.58	2.203136682510376e-05
8.59	2.1770596504211426e-05
8.6	2.164021134376526e-05
8.61	2.1472573280334473e-05
8.62	2.129003405570984e-05
8.63	2.1070241928100586e-05
8.64	2.0809471607208252e-05
8.65	2.0567327737808228e-05
8.66	2.03549861907959e-05
8.67	2.020224928855896e-05
8.68	2.0019710063934326e-05
8.69	1.9777566194534302e-05
8.7	1.9494444131851196e-05
8.71	1.9330531358718872e-05
8.72	1.905485987663269e-05
8.73	1.882016658782959e-05
8.74	1.866742968559265e-05
8.75	1.8555670976638794e-05
8.76	1.8339604139328003e-05
8.77	1.8153339624404907e-05
8.78	1.790374517440796e-05
8.79	1.773238182067871e-05
8.8	1.7590820789337158e-05
8.81	1.7471611499786377e-05
8.82	1.731887459754944e-05
8.83	1.70879065990448e-05
8.84	1.687183976173401e-05
8.85	1.6655772924423218e-05
8.86	1.650676131248474e-05
8.87	1.642853021621704e-05
8.88	1.6245990991592407e-05
8.89	1.6052275896072388e-05
8.9	1.5847384929656982e-05
8.91	1.564621925354004e-05
8.92	1.5463680028915405e-05
8.93	1.5292316675186157e-05
8.94	1.5147030353546143e-05
8.95	1.4979392290115356e-05
8.96	1.4841556549072266e-05
8.97	1.4699995517730713e-05
8.98	1.4554709196090698e-05
8.99	1.4375895261764526e-05
9.0	1.4241784811019897e-05
9.01	1.4107674360275269e-05
9.02	1.3999640941619873e-05
9.03	1.3843178749084473e-05
9.04	1.368299126625061e-05
9.05	1.3560056686401367e-05
9.06	1.3425946235656738e-05
9.07	1.3314187526702881e-05
9.08	1.3202428817749023e-05
9.09	1.3068318367004395e-05
9.1	1.2937933206558228e-05
9.11	1.2725591659545898e-05
9.12	1.2613832950592041e-05
9.13	1.2487173080444336e-05
9.14	1.2349337339401245e-05
9.15	1.2185424566268921e-05
9.16	1.2077391147613525e-05
9.17	1.198798418045044e-05
9.18	1.1831521987915039e-05
9.19	1.171603798866272e-05
9.2	1.1574476957321167e-05
9.21	1.1444091796875e-05
9.22	1.1358410120010376e-05
9.23	1.1272728443145752e-05
9.24	1.1146068572998047e-05
9.25	1.1000782251358032e-05
9.26	1.0862946510314941e-05
9.27	1.0766088962554932e-05
9.28	1.0669231414794922e-05
9.29	1.0576099157333374e-05
9.3	1.0482966899871826e-05
9.31	1.0348856449127197e-05
9.32	1.0233372449874878e-05
9.33	1.0125339031219482e-05
9.34	9.994953870773315e-06
9.35	9.894371032714844e-06
9.36	9.816139936447144e-06
9.37	9.704381227493286e-06
9.38	9.562820196151733e-06
9.39	9.462237358093262e-06
9.4	9.339302778244019e-06
9.41	9.261071681976318e-06
9.42	9.171664714813232e-06
9.43	9.07108187675476e-06
9.44	8.95187258720398e-06
9.45	8.828938007354736e-06
9.46	8.728355169296265e-06
9.47	8.631497621536255e-06
9.48	8.568167686462402e-06
9.49	8.419156074523926e-06
9.5	8.374452590942383e-06
9.51	8.307397365570068e-06
9.52	8.206814527511597e-06
9.53	8.065253496170044e-06
9.54	7.957220077514648e-06
9.55	7.897615432739258e-06
9.56	7.838010787963867e-06
9.57	7.74487853050232e-06
9.58	7.640570402145386e-06
9.59	7.495284080505371e-06
9.6	7.394701242446899e-06
9.61	7.368624210357666e-06
9.62	7.3052942752838135e-06
9.63	7.2158873081207275e-06
9.64	7.092952728271484e-06
9.65	6.988644599914551e-06
9.66	6.921589374542236e-06
9.67	6.847083568572998e-06
9.68	6.77257776260376e-06
9.69	6.6943466663360596e-06
9.7	6.645917892456055e-06
9.71	6.59748911857605e-06
9.72	6.508082151412964e-06
9.73	6.418675184249878e-06
9.74	6.373971700668335e-06
9.75	6.332993507385254e-06
9.76	6.239861249923706e-06
9.77	6.213784217834473e-06
9.78	6.116926670074463e-06
9.79	5.997717380523682e-06
9.8	5.938112735748291e-06
9.81	5.893409252166748e-06
9.82	5.841255187988281e-06
9.83	5.755573511123657e-06
9.84	5.688518285751343e-06
9.85	5.5730342864990234e-06
9.86	5.498528480529785e-06
9.87	5.45009970664978e-06
9.88	5.360692739486694e-06
9.89	5.327165126800537e-06
9.9	5.282461643218994e-06
9.91	5.2228569984436035e-06
9.92	5.122274160385132e-06
9.93	5.081295967102051e-06
9.94	5.0477683544158936e-06
9.95	4.958361387252808e-06
9.96	4.936009645462036e-06
9.97	4.887580871582031e-06
9.98	4.794448614120483e-06
9.99	4.716217517852783e-06
10.0	4.667788743972778e-06
10.01	4.600733518600464e-06
10.02	4.526227712631226e-06
10.03	4.4889748096466064e-06
10.04	4.421919584274292e-06
10.05	4.351139068603516e-06
10.06	4.3138861656188965e-06
10.07	4.250556230545044e-06
10.08	4.187226295471191e-06
10.09	4.149973392486572e-06
10.1	4.101544618606567e-06
10.11	4.060566425323486e-06
10.12	4.019588232040405e-06
10.13	3.9711594581604e-06
10.14	3.933906555175781e-06
10.15	3.900378942489624e-06
10.16	3.8817524909973145e-06
10.17	3.8370490074157715e-06
10.18	3.769993782043457e-06
10.19	3.7401914596557617e-06
10.2	3.691762685775757e-06
10.21	3.635883331298828e-06
10.22	3.598630428314209e-06
10.23	3.5762786865234375e-06
10.24	3.509223461151123e-06
10.25	3.475695848464966e-06
10.26	3.427267074584961e-06
10.27	3.3713877201080322e-06
10.28	3.334134817123413e-06
10.29	3.3080577850341797e-06
10.3	3.2782554626464844e-06
10.31	3.244727849960327e-06
10.32	3.21120023727417e-06
10.33	3.1813979148864746e-06
10.34	3.129243850708008e-06
10.35	3.125518560409546e-06
10.36	3.0919909477233887e-06
10.37	3.0659139156341553e-06
10.38	3.0174851417541504e-06
10.39	2.983957529067993e-06
10.4	2.9243528842926025e-06
10.41	2.8796494007110596e-06
10.42	2.853572368621826e-06
10.43	2.812594175338745e-06
10.44	2.771615982055664e-06
10.45	2.7418136596679688e-06
10.46	2.7120113372802734e-06
10.47	2.641230821609497e-06
10.48	2.60770320892334e-06
10.49	2.5816261768341064e-06
10.5	2.566725015640259e-06
10.51	2.5406479835510254e-06
10.52	2.518296241760254e-06
10.53	2.469867467880249e-06
10.54	2.4437904357910156e-06
10.55	2.428889274597168e-06
10.56	2.4139881134033203e-06
10.57	2.3990869522094727e-06
10.58	2.3730099201202393e-06
10.59	2.339482307434082e-06
10.6	2.302229404449463e-06
10.61	2.2761523723602295e-06
10.62	2.2687017917633057e-06
10.63	2.2314488887786865e-06
10.64	2.1941959857940674e-06
10.65	2.164393663406372e-06
10.66	2.1122395992279053e-06
10.67	2.08243727684021e-06
10.68	2.0600855350494385e-06
10.69	2.037733793258667e-06
10.7	2.0191073417663574e-06
10.71	2.0042061805725098e-06
10.72	1.9855797290802e-06
10.73	1.955777406692505e-06
10.74	1.9222497940063477e-06
10.75	1.8998980522155762e-06
10.76	1.8849968910217285e-06
10.77	1.8812716007232666e-06
10.78	1.862645149230957e-06
10.79	1.8253922462463379e-06
10.8	1.8067657947540283e-06
10.81	1.7881393432617188e-06
10.82	1.7695128917694092e-06
10.83	1.735985279083252e-06
10.84	1.7285346984863281e-06
10.85	1.6838312149047852e-06
10.86	1.650303602218628e-06
10.87	1.6391277313232422e-06
10.88	1.6205012798309326e-06
10.89	1.5944242477416992e-06
10.9	1.5757977962493896e-06
10.91	1.564621925354004e-06
10.92	1.5459954738616943e-06
10.93	1.5273690223693848e-06
10.94	1.4938414096832275e-06
10.95	1.471489667892456e-06
10.96	1.4565885066986084e-06
10.97	1.4379620552062988e-06
10.98	1.430511474609375e-06
10.99	1.4081597328186035e-06
11.0	1.3932585716247559e-06
11.01	1.3746321201324463e-06
11.02	1.3560056686401367e-06
11.03	1.344829797744751e-06
11.04	1.3150274753570557e-06
11.05	1.300126314163208e-06
11.06	1.2926757335662842e-06
11.07	1.2628734111785889e-06
11.08	1.2367963790893555e-06
11.09	1.218169927597046e-06
11.1	1.2069940567016602e-06
11.11	1.1995434761047363e-06
11.12	1.1809170246124268e-06
11.13	1.1585652828216553e-06
11.14	1.1324882507324219e-06
11.15	1.1213123798370361e-06
11.16	1.1101365089416504e-06
11.17	1.087784767150879e-06
11.18	1.0766088962554932e-06
11.19	1.0542571544647217e-06
11.2	1.043081283569336e-06
11.21	1.0281801223754883e-06
11.22	1.0132789611816406e-06
11.23	1.0021030902862549e-06
11.24	9.685754776000977e-07
11.25	9.685754776000977e-07
11.26	9.57399606704712e-07
11.27	9.499490261077881e-07
11.28	9.126961231231689e-07
11.29	9.08970832824707e-07
11.3	9.015202522277832e-07
11.31	8.977949619293213e-07
11.32	8.828938007354736e-07
11.33	8.605420589447021e-07
11.34	8.456408977508545e-07
11.35	8.381903171539307e-07
11.36	8.307397365570068e-07
11.37	8.195638656616211e-07
11.38	8.046627044677734e-07
11.39	7.934868335723877e-07
11.4	7.748603820800781e-07
11.41	7.748603820800781e-07
11.42	7.525086402893066e-07
11.43	7.37607479095459e-07
11.44	7.37607479095459e-07
11.45	7.301568984985352e-07
11.46	7.189810276031494e-07
11.47	6.92903995513916e-07
11.48	6.817281246185303e-07
11.49	6.780028343200684e-07
11.5	6.742775440216064e-07
11.51	6.705522537231445e-07
11.52	6.668269634246826e-07
11.53	6.444752216339111e-07
11.54	6.407499313354492e-07
11.55	6.258487701416016e-07
11.56	6.221234798431396e-07
11.57	6.146728992462158e-07
11.58	6.07222318649292e-07
11.59	5.923211574554443e-07
11.6	5.811452865600586e-07
11.61	5.736947059631348e-07
11.62	5.513429641723633e-07
11.63	5.476176738739014e-07
11.64	5.438923835754395e-07
11.65	5.401670932769775e-07
11.66	5.252659320831299e-07
11.67	5.140900611877441e-07
11.68	5.103647708892822e-07
11.69	4.991888999938965e-07
11.7	4.954636096954346e-07
11.71	4.954636096954346e-07
11.72	4.917383193969727e-07
11.73	4.805624485015869e-07
11.74	4.731118679046631e-07
11.75	4.6566128730773926e-07
11.76	4.6193599700927734e-07
11.77	4.5821070671081543e-07
11.78	4.544854164123535e-07
11.79	4.544854164123535e-07
11.8	4.3585896492004395e-07
11.81	4.284083843231201e-07
11.82	4.172325134277344e-07
11.83	4.1350722312927246e-07
11.84	4.1350722312927246e-07
11.85	4.023313522338867e-07
11.86	4.023313522338867e-07
11.87	3.986060619354248e-07
11.88	3.8743019104003906e-07
11.89	3.8743019104003906e-07
11.9	3.8743019104003906e-07
11.91	3.8370490074157715e-07
11.92	3.7997961044311523e-07
11.93	3.725290298461914e-07
11.94	3.725290298461914e-07
11.95	3.650784492492676e-07
11.96	3.5762786865234375e-07
11.97	3.5390257835388184e-07
11.98	3.5390257835388184e-07
11.99	3.46451997756958e-07
12.0	3.390014171600342e-07
12.01	3.3527612686157227e-07
12.02	3.3155083656311035e-07
12.03	3.241002559661865e-07
12.04	3.241002559661865e-07
12.05	3.241002559661865e-07
12.06	3.166496753692627e-07
12.07	3.129243850708008e-07
12.08	3.0919909477233887e-07
12.09	3.0919909477233887e-07
12.1	3.0547380447387695e-07
12.11	3.0174851417541504e-07
12.12	2.980232238769531e-07
12.13	2.942979335784912e-07
12.14	2.868473529815674e-07
12.15	2.868473529815674e-07
12.16	2.8312206268310547e-07
12.17	2.7939677238464355e-07
12.18	2.7194619178771973e-07
12.19	2.644956111907959e-07
12.2	2.644956111907959e-07
12.21	2.60770320892334e-07
12.22	2.5704503059387207e-07
12.23	2.421438694000244e-07
12.24	2.421438694000244e-07
12.25	2.421438694000244e-07
12.26	2.3469328880310059e-07
12.27	2.3469328880310059e-07
12.28	2.3096799850463867e-07
12.29	2.2724270820617676e-07
12.3	2.2351741790771484e-07
12.31	2.2351741790771484e-07
12.32	2.2351741790771484e-07
12.33	2.1979212760925293e-07
12.34	2.1606683731079102e-07
12.35	2.086162567138672e-07
12.36	2.0489096641540527e-07
12.37	2.0489096641540527e-07
12.38	1.9744038581848145e-07
12.39	1.9744038581848145e-07
12.4	1.9744038581848145e-07
12.41	1.9744038581848145e-07
12.42	1.8998980522155762e-07
12.43	1.862645149230957e-07
12.44	1.862645149230957e-07
12.45	1.7881393432617188e-07
12.46	1.7881393432617188e-07
12.47	1.7881393432617188e-07
12.48	1.7508864402770996e-07
12.49	1.6763806343078613e-07
12.5	1.6763806343078613e-07
12.51	1.6763806343078613e-07
12.52	1.6763806343078613e-07
12.53	1.6391277313232422e-07
12.54	1.564621925354004e-07
12.55	1.5273690223693848e-07
12.56	1.4901161193847656e-07
12.57	1.4528632164001465e-07
12.58	1.4528632164001465e-07
12.59	1.4528632164001465e-07
12.6	1.4528632164001465e-07
12.61	1.3783574104309082e-07
12.62	1.341104507446289e-07
12.63	1.341104507446289e-07
12.64	1.30385160446167e-07
12.65	1.30385160446167e-07
12.66	1.2665987014770508e-07
12.67	1.2665987014770508e-07
12.68	1.1548399925231934e-07
12.69	1.1548399925231934e-07
12.7	1.1548399925231934e-07
12.71	1.1548399925231934e-07
12.72	1.1175870895385742e-07
12.73	1.1175870895385742e-07
12.74	1.043081283569336e-07
12.75	1.043081283569336e-07
12.76	1.0058283805847168e-07
12.77	1.0058283805847168e-07
12.78	9.685754776000977e-08
12.79	9.685754776000977e-08
12.8	9.685754776000977e-08
12.81	9.313225746154785e-08
12.82	9.313225746154785e-08
12.83	9.313225746154785e-08
12.84	9.313225746154785e-08
12.85	9.313225746154785e-08
12.86	9.313225746154785e-08
12.87	8.940696716308594e-08
12.88	8.195638656616211e-08
12.89	8.195638656616211e-08
12.9	8.195638656616211e-08
12.91	7.82310962677002e-08
12.92	7.82310962677002e-08
12.93	7.450580596923828e-08
12.94	7.078051567077637e-08
12.95	7.078051567077637e-08
12.96	7.078051567077637e-08
12.97	6.705522537231445e-08
12.98	6.332993507385254e-08
12.99	6.332993507385254e-08
13.0	6.332993507385254e-08
13.01	6.332993507385254e-08
13.02	6.332993507385254e-08
13.03	6.332993507385254e-08
13.04	6.332993507385254e-08
13.05	6.332993507385254e-08
13.06	6.332993507385254e-08
13.07	5.960464477539063e-08
13.08	5.960464477539063e-08
13.09	5.960464477539063e-08
13.1	5.587935447692871e-08
13.11	5.587935447692871e-08
13.12	5.21540641784668e-08
13.13	5.21540641784668e-08
13.14	5.21540641784668e-08
13.15	5.21540641784668e-08
13.16	5.21540641784668e-08
13.17	4.470348358154297e-08
13.18	4.470348358154297e-08
13.19	4.470348358154297e-08
13.2	4.470348358154297e-08
13.21	4.470348358154297e-08
13.22	4.470348358154297e-08
13.23	4.470348358154297e-08
13.24	4.470348358154297e-08
13.25	4.470348358154297e-08
13.26	4.470348358154297e-08
13.27	4.470348358154297e-08
13.28	4.470348358154297e-08
13.29	4.470348358154297e-08
13.3	4.0978193283081055e-08
13.31	4.0978193283081055e-08
13.32	4.0978193283081055e-08
13.33	4.0978193283081055e-08
13.34	4.0978193283081055e-08
13.35	3.725290298461914e-08
13.36	3.3527612686157227e-08
13.37	2.9802322387695312e-08
13.38	2.9802322387695312e-08
13.39	2.9802322387695312e-08
13.4	2.9802322387695312e-08
13.41	2.9802322387695312e-08
13.42	2.9802322387695312e-08
13.43	2.9802322387695312e-08
13.44	2.9802322387695312e-08
13.45	2.9802322387695312e-08
13.46	2.9802322387695312e-08
13.47	2.9802322387695312e-08
13.48	2.9802322387695312e-08
13.49	2.9802322387695312e-08
13.5	2.9802322387695312e-08
13.51	2.9802322387695312e-08
13.52	2.9802322387695312e-08
13.53	2.9802322387695312e-08
13.54	2.9802322387695312e-08
13.55	2.2351741790771484e-08
13.56	2.2351741790771484e-08
13.57	2.2351741790771484e-08
13.58	2.2351741790771484e-08
13.59	2.2351741790771484e-08
13.6	2.2351741790771484e-08
13.61	2.2351741790771484e-08
13.62	2.2351741790771484e-08
13.63	2.2351741790771484e-08
13.64	2.2351741790771484e-08
13.65	2.2351741790771484e-08
13.66	2.2351741790771484e-08
13.67	2.2351741790771484e-08
13.68	2.2351741790771484e-08
13.69	2.2351741790771484e-08
13.7	2.2351741790771484e-08
13.71	2.2351741790771484e-08
13.72	2.2351741790771484e-08
13.73	2.2351741790771484e-08
13.74	1.862645149230957e-08
13.75	1.862645149230957e-08
13.76	1.862645149230957e-08
13.77	1.862645149230957e-08
13.78	1.4901161193847656e-08
13.79	1.4901161193847656e-08
13.8	1.4901161193847656e-08
13.81	1.4901161193847656e-08
13.82	1.4901161193847656e-08
13.83	1.4901161193847656e-08
13.84	1.4901161193847656e-08
13.85	1.4901161193847656e-08
13.86	1.4901161193847656e-08
13.87	1.4901161193847656e-08
13.88	1.4901161193847656e-08
13.89	1.4901161193847656e-08
13.9	1.4901161193847656e-08
13.91	1.4901161193847656e-08
13.92	1.4901161193847656e-08
13.93	1.1175870895385742e-08
13.94	1.1175870895385742e-08
13.95	1.1175870895385742e-08
13.96	1.1175870895385742e-08
13.97	7.450580596923828e-09
13.98	7.450580596923828e-09
13.99	7.450580596923828e-09
14.0	7.450580596923828e-09
14.01	7.450580596923828e-09
14.02	7.450580596923828e-09
14.03	7.450580596923828e-09
14.04	7.450580596923828e-09
14.05	7.450580596923828e-09
14.06	7.450580596923828e-09
14.07	7.450580596923828e-09
14.08	7.450580596923828e-09
14.09	7.450580596923828e-09
14.1	7.450580596923828e-09
14.11	7.450580596923828e-09
14.12	7.450580596923828e-09
14.13	7.450580596923828e-09
14.14	7.450580596923828e-09
14.15	7.450580596923828e-09
14.16	3.725290298461914e-09
14.17	3.725290298461914e-09
14.18	3.725290298461914e-09
14.19	3.725290298461914e-09
14.2	3.725290298461914e-09
14.21	3.725290298461914e-09
14.22	3.725290298461914e-09
14.23	3.725290298461914e-09
14.24	3.725290298461914e-09
14.25	3.725290298461914e-09
14.26	3.725290298461914e-09
14.27	3.725290298461914e-09
14.28	3.725290298461914e-09
14.29	3.725290298461914e-09
14.3	3.725290298461914e-09
14.31	3.725290298461914e-09
14.32	3.725290298461914e-09
14.33	3.725290298461914e-09
14.34	3.725290298461914e-09
14.35	3.725290298461914e-09
14.36	0.0
