5.48	0.0005064010620117188
5.49	0.0004987716674804688
5.5	0.0004937648773193359
5.51	0.00048804283142089844
5.52	0.0004813671112060547
5.53	0.00047469139099121094
5.54	0.0004687309265136719
5.55	0.000461578369140625
5.56	0.000457763671875
5.57	0.0004513263702392578
5.58	0.00044536590576171875
5.59	0.0004382133483886719
5.6	0.00043320655822753906
5.61	0.0004277229309082031
5.62	0.00042319297790527344
5.63	0.00041937828063964844
5.64	0.00041294097900390625
5.65	0.00040793418884277344
5.66	0.00040221214294433594
5.67	0.0003981590270996094
5.68	0.0003924369812011719
5.69	0.0003871917724609375
5.7	0.0003821849822998047
5.71	0.0003771781921386719
5.72	0.00037288665771484375
5.73	0.00036835670471191406
5.74	0.0003638267517089844
5.75	0.00035762786865234375
5.76	0.0003516674041748047
5.77	0.0003483295440673828
5.78	0.00034427642822265625
5.79	0.0003399848937988281
5.8	0.0003349781036376953
5.81	0.00033092498779296875
5.82	0.0003273487091064453
5.83	0.0003228187561035156
5.84	0.0003199577331542969
5.85	0.00031566619873046875
5.86	0.0003113746643066406
5.87	0.0003077983856201172
5.88	0.0003037452697753906
5.89	0.00030040740966796875
5.9	0.0002963542938232422
5.91	0.0002923011779785156
5.92	0.0002884864807128906
5.93	0.0002846717834472656
5.94	0.0002815723419189453
5.95	0.00027632713317871094
5.96	0.0002734661102294922
5.97	0.00026988983154296875
5.98	0.00026535987854003906
5.99	0.00026226043701171875
6.0	0.0002586841583251953
6.01	0.000255584716796875
6.02	0.0002503395080566406
6.03	0.0002474784851074219
6.04	0.000244140625
6.05	0.00024127960205078125
6.06	0.00023818016052246094
6.07	0.00023508071899414062
6.08	0.0002319812774658203
6.09	0.00022840499877929688
6.1	0.0002257823944091797
6.11	0.00022292137145996094
6.12	0.0002193450927734375
6.13	0.0002167224884033203
6.14	0.00021386146545410156
6.15	0.00021076202392578125
6.16	0.00020813941955566406
6.17	0.00020599365234375
6.18	0.0002028942108154297
6.19	0.00019931793212890625
6.2	0.00019669532775878906
6.21	0.00019288063049316406
6.22	0.0001900196075439453
6.23	0.0001857280731201172
6.24	0.00018310546875
6.25	0.00018072128295898438
6.26	0.00017881393432617188
6.27	0.00017595291137695312
6.28	0.0001735687255859375
6.29	0.00017189979553222656
6.3	0.00016951560974121094
6.31	0.00016760826110839844
6.32	0.00016617774963378906
6.33	0.00016355514526367188
6.34	0.0001614093780517578
6.35	0.0001590251922607422
6.36	0.00015783309936523438
6.37	0.00015592575073242188
6.38	0.00015425682067871094
6.39	0.000152587890625
6.4	0.00014972686767578125
6.41	0.0001480579376220703
6.42	0.00014495849609375
6.43	0.00014352798461914062
6.44	0.00014019012451171875
6.45	0.00013780593872070312
6.46	0.0001361370086669922
6.47	0.00013518333435058594
6.48	0.00013303756713867188
6.49	0.00013065338134765625
6.5	0.00012969970703125
6.51	0.00012683868408203125
6.52	0.0001246929168701172
6.53	0.00012373924255371094
6.54	0.00012254714965820312
6.55	0.00012040138244628906
6.56	0.00011873245239257812
6.57	0.00011658668518066406
6.58	0.00011539459228515625
6.59	0.00011420249938964844
6.6	0.00011324882507324219
6.61	0.000110626220703125
6.62	0.00010895729064941406
6.63	0.00010776519775390625
6.64	0.00010609626770019531
6.65	0.00010514259338378906
6.66	0.00010323524475097656
6.67	0.00010156631469726562
6.68	0.00010013580322265625
6.69	9.822845458984375e-05
6.7	9.751319885253906e-05
6.71	9.632110595703125e-05
6.72	9.512901306152344e-05
6.73	9.34600830078125e-05
6.74	9.298324584960938e-05
6.75	9.1552734375e-05
6.76	8.940696716308594e-05
6.77	8.7738037109375e-05
6.78	8.606910705566406e-05
6.79	8.511543273925781e-05
6.8	8.440017700195312e-05
6.81	8.344650268554688e-05
6.82	8.153915405273438e-05
6.83	7.987022399902344e-05
6.84	7.796287536621094e-05
6.85	7.677078247070312e-05
6.86	7.581710815429688e-05
6.87	7.534027099609375e-05
6.88	7.295608520507812e-05
6.89	7.152557373046875e-05
6.9	6.961822509765625e-05
6.91	6.866455078125e-05
6.92	6.794929504394531e-05
6.93	6.723403930664062e-05
6.94	6.651878356933594e-05
6.95	6.4849853515625e-05
6.96	6.365776062011719e-05
6.97	6.246566772460938e-05
6.98	6.175041198730469e-05
6.99	6.079673767089844e-05
7.0	6.031990051269531e-05
7.01	5.936622619628906e-05
7.02	5.888938903808594e-05
7.03	5.7697296142578125e-05
7.04	5.745887756347656e-05
7.05	5.650520324707031e-05
7.06	5.555152893066406e-05
7.07	5.53131103515625e-05
7.08	5.459785461425781e-05
7.09	5.340576171875e-05
7.1	5.269050598144531e-05
7.11	5.173683166503906e-05
7.12	5.173683166503906e-05
7.13	5.078315734863281e-05
7.14	5.030632019042969e-05
7.15	4.9114227294921875e-05
7.16	4.792213439941406e-05
7.17	4.696846008300781e-05
7.18	4.649162292480469e-05
7.19	4.6253204345703125e-05
7.2	4.482269287109375e-05
7.21	4.4345855712890625e-05
7.22	4.363059997558594e-05
7.23	4.3392181396484375e-05
7.24	4.267692565917969e-05
7.25	4.1961669921875e-05
7.26	4.172325134277344e-05
7.27	4.076957702636719e-05
7.28	4.00543212890625e-05
7.29	3.9577484130859375e-05
7.3	3.910064697265625e-05
7.31	3.743171691894531e-05
7.32	3.6716461181640625e-05
7.33	3.62396240234375e-05
7.34	3.600120544433594e-05
7.35	3.5762786865234375e-05
7.36	3.528594970703125e-05
7.37	3.457069396972656e-05
7.38	3.337860107421875e-05
7.39	3.314018249511719e-05
7.4	3.266334533691406e-05
7.41	3.24249267578125e-05
7.42	3.147125244140625e-05
7.43	3.123283386230469e-05
7.44	3.0994415283203125e-05
7.45	3.0279159545898438e-05
7.46	3.0279159545898438e-05
7.47	3.0040740966796875e-05
7.48	2.9087066650390625e-05
7.49	2.8371810913085938e-05
7.5	2.7894973754882812e-05
7.51	2.7179718017578125e-05
7.52	2.6941299438476562e-05
7.53	2.6226043701171875e-05
7.54	2.5272369384765625e-05
7.55	2.47955322265625e-05
7.56	2.4557113647460938e-05
7.57	2.4080276489257812e-05
7.58	2.3126602172851562e-05
7.59	2.288818359375e-05
7.6	2.2172927856445312e-05
7.61	2.1696090698242188e-05
7.62	2.1457672119140625e-05
7.63	2.1457672119140625e-05
7.64	2.0742416381835938e-05
7.65	2.0265579223632812e-05
7.66	1.9788742065429688e-05
7.67	1.9550323486328125e-05
7.68	1.9550323486328125e-05
7.69	1.9073486328125e-05
7.7	1.8835067749023438e-05
7.71	1.8596649169921875e-05
7.72	1.8358230590820312e-05
7.73	1.7881393432617188e-05
7.74	1.7642974853515625e-05
7.75	1.6689300537109375e-05
7.76	1.6450881958007812e-05
7.77	1.6450881958007812e-05
7.78	1.5974044799804688e-05
7.79	1.5497207641601562e-05
7.8	1.5497207641601562e-05
7.81	1.5020370483398438e-05
7.82	1.430511474609375e-05
7.83	1.430511474609375e-05
7.84	1.3828277587890625e-05
7.85	1.3589859008789062e-05
7.86	1.3113021850585938e-05
7.87	1.3113021850585938e-05
7.88	1.3113021850585938e-05
7.89	1.3113021850585938e-05
7.9	1.3113021850585938e-05
7.91	1.2636184692382812e-05
7.92	1.2636184692382812e-05
7.93	1.239776611328125e-05
7.94	1.239776611328125e-05
7.95	1.239776611328125e-05
7.96	1.1920928955078125e-05
7.97	1.1920928955078125e-05
7.98	1.1444091796875e-05
7.99	1.1444091796875e-05
8.0	1.1205673217773438e-05
8.01	1.0967254638671875e-05
8.02	1.0967254638671875e-05
8.03	1.049041748046875e-05
8.04	1.0251998901367188e-05
8.05	1.0251998901367188e-05
8.06	1.0013580322265625e-05
8.07	9.5367431640625e-06
8.08	9.059906005859375e-06
8.09	9.059906005859375e-06
8.1	9.059906005859375e-06
8.11	9.059906005859375e-06
8.12	8.821487426757812e-06
8.13	8.58306884765625e-06
8.14	8.344650268554688e-06
8.15	8.106231689453125e-06
8.16	8.106231689453125e-06
8.17	7.867813110351562e-06
8.18	7.62939453125e-06
8.19	7.3909759521484375e-06
8.2	7.3909759521484375e-06
8.21	7.3909759521484375e-06
8.22	7.3909759521484375e-06
8.23	7.3909759521484375e-06
8.24	6.67572021484375e-06
8.25	6.67572021484375e-06
8.26	6.4373016357421875e-06
8.27	6.4373016357421875e-06
8.28	6.4373016357421875e-06
8.29	6.4373016357421875e-06
8.3	6.4373016357421875e-06
8.31	6.198883056640625e-06
8.32	5.9604644775390625e-06
8.33	5.9604644775390625e-06
8.34	5.9604644775390625e-06
8.35	5.9604644775390625e-06
8.36	5.9604644775390625e-06
8.37	5.9604644775390625e-06
8.38	5.9604644775390625e-06
8.39	5.9604644775390625e-06
8.4	5.7220458984375e-06
8.41	5.7220458984375e-06
8.42	5.7220458984375e-06
8.43	5.7220458984375e-06
8.44	5.7220458984375e-06
8.45	5.7220458984375e-06
8.46	5.4836273193359375e-06
8.47	5.245208740234375e-06
8.48	5.245208740234375e-06
8.49	5.245208740234375e-06
8.5	5.0067901611328125e-06
8.51	4.5299530029296875e-06
8.52	4.5299530029296875e-06
8.53	4.291534423828125e-06
8.54	4.291534423828125e-06
8.55	4.291534423828125e-06
8.56	4.291534423828125e-06
8.57	4.0531158447265625e-06
8.58	3.5762786865234375e-06
8.59	3.5762786865234375e-06
8.6	3.337860107421875e-06
8.61	3.337860107421875e-06
8.62	3.0994415283203125e-06
8.63	3.0994415283203125e-06
8.64	3.0994415283203125e-06
8.65	3.0994415283203125e-06
8.66	3.0994415283203125e-06
8.67	3.0994415283203125e-06
8.68	3.0994415283203125e-06
8.69	2.86102294921875e-06
8.7	2.86102294921875e-06
8.71	2.86102294921875e-06
8.72	2.6226043701171875e-06
8.73	2.6226043701171875e-06
8.74	2.6226043701171875e-06
8.75	2.6226043701171875e-06
8.76	2.6226043701171875e-06
8.77	2.6226043701171875e-06
8.78	2.6226043701171875e-06
8.79	2.384185791015625e-06
8.8	2.384185791015625e-06
8.81	2.384185791015625e-06
8.82	2.384185791015625e-06
8.83	2.384185791015625e-06
8.84	2.1457672119140625e-06
8.85	2.1457672119140625e-06
8.86	2.1457672119140625e-06
8.87	2.1457672119140625e-06
8.88	1.9073486328125e-06
8.89	1.9073486328125e-06
8.9	1.9073486328125e-06
8.91	1.6689300537109375e-06
8.92	1.6689300537109375e-06
8.93	1.430511474609375e-06
8.94	1.430511474609375e-06
8.95	1.1920928955078125e-06
8.96	1.1920928955078125e-06
8.97	1.1920928955078125e-06
8.98	1.1920928955078125e-06
8.99	1.1920928955078125e-06
9.0	9.5367431640625e-07
9.01	9.5367431640625e-07
9.02	9.5367431640625e-07
9.03	9.5367431640625e-07
9.04	9.5367431640625e-07
9.05	7.152557373046875e-07
9.06	7.152557373046875e-07
9.07	7.152557373046875e-07
9.08	7.152557373046875e-07
9.09	7.152557373046875e-07
9.1	7.152557373046875e-07
9.11	7.152557373046875e-07
9.12	4.76837158203125e-07
9.13	4.76837158203125e-07
9.14	4.76837158203125e-07
9.15	4.76837158203125e-07
9.16	4.76837158203125e-07
9.17	4.76837158203125e-07
9.18	4.76837158203125e-07
9.19	4.76837158203125e-07
9.2	4.76837158203125e-07
9.21	4.76837158203125e-07
9.22	4.76837158203125e-07
9.23	4.76837158203125e-07
9.24	4.76837158203125e-07
9.25	4.76837158203125e-07
9.26	4.76837158203125e-07
9.27	4.76837158203125e-07
9.28	4.76837158203125e-07
9.29	4.76837158203125e-07
9.3	4.76837158203125e-07
9.31	4.76837158203125e-07
9.32	4.76837158203125e-07
9.33	4.76837158203125e-07
9.34	4.76837158203125e-07
9.35	4.76837158203125e-07
9.36	4.76837158203125e-07
9.37	4.76837158203125e-07
9.38	4.76837158203125e-07
9.39	4.76837158203125e-07
9.4	4.76837158203125e-07
9.41	4.76837158203125e-07
9.42	4.76837158203125e-07
9.43	4.76837158203125e-07
9.44	4.76837158203125e-07
9.45	4.76837158203125e-07
9.46	4.76837158203125e-07
9.47	4.76837158203125e-07
9.48	4.76837158203125e-07
9.49	4.76837158203125e-07
9.5	4.76837158203125e-07
9.51	4.76837158203125e-07
9.52	4.76837158203125e-07
9.53	4.76837158203125e-07
9.54	4.76837158203125e-07
9.55	4.76837158203125e-07
9.56	4.76837158203125e-07
9.57	4.76837158203125e-07
9.58	4.76837158203125e-07
9.59	4.76837158203125e-07
9.6	4.76837158203125e-07
9.61	4.76837158203125e-07
9.62	4.76837158203125e-07
9.63	4.76837158203125e-07
9.64	4.76837158203125e-07
9.65	4.76837158203125e-07
9.66	4.76837158203125e-07
9.67	4.76837158203125e-07
9.68	4.76837158203125e-07
9.69	4.76837158203125e-07
9.7	4.76837158203125e-07
9.71	4.76837158203125e-07
9.72	4.76837158203125e-07
9.73	4.76837158203125e-07
9.74	4.76837158203125e-07
9.75	4.76837158203125e-07
9.76	4.76837158203125e-07
9.77	4.76837158203125e-07
9.78	4.76837158203125e-07
9.79	4.76837158203125e-07
9.8	4.76837158203125e-07
9.81	2.384185791015625e-07
9.82	2.384185791015625e-07
9.83	2.384185791015625e-07
9.84	2.384185791015625e-07
9.85	2.384185791015625e-07
9.86	2.384185791015625e-07
9.87	2.384185791015625e-07
9.88	0.0
