5.39	0.0005645751953125
5.4	0.00049591064453125
5.41	0.00049591064453125
5.42	0.00049591064453125
5.43	0.00049591064453125
5.44	0.00049591064453125
5.45	0.00049591064453125
5.46	0.0004730224609375
5.47	0.0004425048828125
5.48	0.0004425048828125
5.49	0.0004425048828125
5.5	0.0004425048828125
5.51	0.0004425048828125
5.52	0.000396728515625
5.53	0.000396728515625
5.54	0.000396728515625
5.55	0.000396728515625
5.56	0.000396728515625
5.57	0.000396728515625
5.58	0.0003662109375
5.59	0.0003662109375
5.6	0.0003662109375
5.61	0.0003662109375
5.62	0.0003662109375
5.63	0.0003662109375
5.64	0.0003662109375
5.65	0.00035858154296875
5.66	0.00035858154296875
5.67	0.00035858154296875
5.68	0.00035858154296875
5.69	0.00035858154296875
5.7	0.00035858154296875
5.71	0.00035858154296875
5.72	0.00035858154296875
5.73	0.00035858154296875
5.74	0.00035858154296875
5.75	0.00034332275390625
5.76	0.00034332275390625
5.77	0.00031280517578125
5.78	0.00031280517578125
5.79	0.00031280517578125
5.8	0.00031280517578125
5.81	0.00031280517578125
5.82	0.00031280517578125
5.83	0.00030517578125
5.84	0.00030517578125
5.85	0.00030517578125
5.86	0.00030517578125
5.87	0.0002593994140625
5.88	0.0002593994140625
5.89	0.0002593994140625
5.9	0.0002593994140625
5.91	0.0002593994140625
5.92	0.000213623046875
5.93	0.000213623046875
5.94	0.000213623046875
5.95	0.000213623046875
5.96	0.000213623046875
5.97	0.000213623046875
5.98	0.000213623046875
5.99	0.000213623046875
6.0	0.000213623046875
6.01	0.000213623046875
6.02	0.000213623046875
6.03	0.000213623046875
6.04	0.000213623046875
6.05	0.000213623046875
6.06	0.000213623046875
6.07	0.000213623046875
6.08	0.000213623046875
6.09	0.00020599365234375
6.1	0.00020599365234375
6.11	0.0001983642578125
6.12	0.00018310546875
6.13	0.00018310546875
6.14	0.00018310546875
6.15	0.00018310546875
6.16	0.00018310546875
6.17	0.00018310546875
6.18	0.00017547607421875
6.19	0.00017547607421875
6.2	0.00017547607421875
6.21	0.00017547607421875
6.22	0.00017547607421875
6.23	0.00017547607421875
6.24	0.00017547607421875
6.25	0.00017547607421875
6.26	0.00017547607421875
6.27	0.0001678466796875
6.28	0.0001678466796875
6.29	0.0001678466796875
6.3	0.000152587890625
6.31	0.000152587890625
6.32	0.000152587890625
6.33	0.000152587890625
6.34	0.000152587890625
6.35	0.000152587890625
6.36	0.000152587890625
6.37	0.000152587890625
6.38	0.000152587890625
6.39	0.000152587890625
6.4	0.000152587890625
6.41	0.000152587890625
6.42	0.000152587890625
6.43	0.000152587890625
6.44	0.000152587890625
6.45	0.000152587890625
6.46	0.000152587890625
6.47	0.000152587890625
6.48	0.000152587890625
6.49	0.000152587890625
6.5	0.000152587890625
6.51	0.000152587890625
6.52	0.000152587890625
6.53	0.000152587890625
6.54	0.000152587890625
6.55	0.000152587890625
6.56	0.000152587890625
6.57	0.0001373291015625
6.58	0.0001373291015625
6.59	0.0001373291015625
6.6	0.0001373291015625
6.61	0.00012969970703125
6.62	0.00012969970703125
6.63	0.00011444091796875
6.64	9.918212890625e-05
6.65	9.918212890625e-05
6.66	9.918212890625e-05
6.67	9.918212890625e-05
6.68	9.918212890625e-05
6.69	9.918212890625e-05
6.7	9.918212890625e-05
6.71	9.918212890625e-05
6.72	9.918212890625e-05
6.73	9.918212890625e-05
6.74	9.918212890625e-05
6.75	9.918212890625e-05
6.76	9.918212890625e-05
6.77	9.918212890625e-05
6.78	9.918212890625e-05
6.79	9.918212890625e-05
6.8	9.918212890625e-05
6.81	9.918212890625e-05
6.82	9.918212890625e-05
6.83	9.918212890625e-05
6.84	9.918212890625e-05
6.85	9.918212890625e-05
6.86	9.918212890625e-05
6.87	9.918212890625e-05
6.88	9.918212890625e-05
6.89	9.918212890625e-05
6.9	9.918212890625e-05
6.91	9.918212890625e-05
6.92	9.918212890625e-05
6.93	9.918212890625e-05
6.94	9.918212890625e-05
6.95	9.918212890625e-05
6.96	9.918212890625e-05
6.97	9.918212890625e-05
6.98	9.1552734375e-05
6.99	9.1552734375e-05
7.0	9.1552734375e-05
7.01	9.1552734375e-05
7.02	9.1552734375e-05
7.03	9.1552734375e-05
7.04	9.1552734375e-05
7.05	9.1552734375e-05
7.06	9.1552734375e-05
7.07	9.1552734375e-05
7.08	9.1552734375e-05
7.09	9.1552734375e-05
7.1	6.103515625e-05
7.11	6.103515625e-05
7.12	6.103515625e-05
7.13	6.103515625e-05
7.14	6.103515625e-05
7.15	6.103515625e-05
7.16	5.340576171875e-05
7.17	5.340576171875e-05
7.18	5.340576171875e-05
7.19	5.340576171875e-05
7.2	5.340576171875e-05
7.21	5.340576171875e-05
7.22	5.340576171875e-05
7.23	5.340576171875e-05
7.24	5.340576171875e-05
7.25	5.340576171875e-05
7.26	5.340576171875e-05
7.27	5.340576171875e-05
7.28	5.340576171875e-05
7.29	5.340576171875e-05
7.3	5.340576171875e-05
7.31	5.340576171875e-05
7.32	5.340576171875e-05
7.33	5.340576171875e-05
7.34	5.340576171875e-05
7.35	5.340576171875e-05
7.36	5.340576171875e-05
7.37	5.340576171875e-05
7.38	5.340576171875e-05
7.39	5.340576171875e-05
7.4	5.340576171875e-05
7.41	5.340576171875e-05
7.42	5.340576171875e-05
7.43	5.340576171875e-05
7.44	3.814697265625e-05
7.45	3.814697265625e-05
7.46	3.814697265625e-05
7.47	3.814697265625e-05
7.48	3.814697265625e-05
7.49	3.814697265625e-05
7.5	3.0517578125e-05
7.51	3.0517578125e-05
7.52	3.0517578125e-05
7.53	3.0517578125e-05
7.54	3.0517578125e-05
7.55	3.0517578125e-05
7.56	3.0517578125e-05
7.57	3.0517578125e-05
7.58	3.0517578125e-05
7.59	3.0517578125e-05
7.6	3.0517578125e-05
7.61	3.0517578125e-05
7.62	1.52587890625e-05
7.63	1.52587890625e-05
7.64	1.52587890625e-05
7.65	1.52587890625e-05
7.66	1.52587890625e-05
7.67	1.52587890625e-05
7.68	1.52587890625e-05
7.69	1.52587890625e-05
7.7	1.52587890625e-05
7.71	1.52587890625e-05
7.72	1.52587890625e-05
7.73	1.52587890625e-05
7.74	1.52587890625e-05
7.75	1.52587890625e-05
7.76	1.52587890625e-05
7.77	1.52587890625e-05
7.78	1.52587890625e-05
7.79	1.52587890625e-05
7.8	1.52587890625e-05
7.81	1.52587890625e-05
7.82	1.52587890625e-05
7.83	1.52587890625e-05
7.84	1.52587890625e-05
7.85	1.52587890625e-05
7.86	1.52587890625e-05
7.87	1.52587890625e-05
7.88	1.52587890625e-05
7.89	1.52587890625e-05
7.9	1.52587890625e-05
7.91	1.52587890625e-05
7.92	1.52587890625e-05
7.93	1.52587890625e-05
7.94	1.52587890625e-05
7.95	1.52587890625e-05
7.96	1.52587890625e-05
