4.86	0.0005006790161132812
4.87	0.0004973411560058594
4.88	0.0004937648773193359
4.89	0.0004918575286865234
4.9	0.0004887580871582031
4.91	0.0004851818084716797
4.92	0.00048041343688964844
4.93	0.00047779083251953125
4.94	0.00047516822814941406
4.95	0.00047135353088378906
4.96	0.0004684925079345703
4.97	0.00046563148498535156
4.98	0.0004622936248779297
4.99	0.0004591941833496094
5.0	0.0004558563232421875
5.01	0.0004532337188720703
5.02	0.0004494190216064453
5.03	0.0004477500915527344
5.04	0.0004458427429199219
5.05	0.0004413127899169922
5.06	0.0004379749298095703
5.07	0.00043511390686035156
5.08	0.0004317760467529297
5.09	0.00042819976806640625
5.1	0.0004260540008544922
5.11	0.00042366981506347656
5.12	0.0004208087921142578
5.13	0.0004181861877441406
5.14	0.0004162788391113281
5.15	0.0004127025604248047
5.16	0.0004100799560546875
5.17	0.000408172607421875
5.18	0.00040602684020996094
5.19	0.00040268898010253906
5.2	0.0004000663757324219
5.21	0.0003979206085205078
5.22	0.00039505958557128906
5.23	0.00039196014404296875
5.24	0.0003895759582519531
5.25	0.0003867149353027344
5.26	0.0003840923309326172
5.27	0.0003821849822998047
5.28	0.0003795623779296875
5.29	0.00037670135498046875
5.3	0.0003731250762939453
5.31	0.00037169456481933594
5.32	0.00036907196044921875
5.33	0.0003657341003417969
5.34	0.0003635883331298828
5.35	0.00036144256591796875
5.36	0.00036025047302246094
5.37	0.00035691261291503906
5.38	0.00035500526428222656
5.39	0.0003535747528076172
5.4	0.0003495216369628906
5.41	0.0003478527069091797
5.42	0.00034499168395996094
5.43	0.00034236907958984375
5.44	0.00033926963806152344
5.45	0.0003376007080078125
5.46	0.0003368854522705078
5.47	0.0003337860107421875
5.48	0.0003306865692138672
5.49	0.0003287792205810547
5.5	0.0003268718719482422
5.51	0.0003237724304199219
5.52	0.00032210350036621094
5.53	0.0003190040588378906
5.54	0.0003151893615722656
5.55	0.00031280517578125
5.56	0.0003116130828857422
5.57	0.00030803680419921875
5.58	0.00030493736267089844
5.59	0.0003027915954589844
5.6	0.0003006458282470703
5.61	0.00029778480529785156
5.62	0.00029397010803222656
5.63	0.00029349327087402344
5.64	0.0002906322479248047
5.65	0.0002884864807128906
5.66	0.00028705596923828125
5.67	0.0002849102020263672
5.68	0.0002827644348144531
5.69	0.0002796649932861328
5.7	0.0002777576446533203
5.71	0.00027489662170410156
5.72	0.0002722740173339844
5.73	0.000270843505859375
5.74	0.00026869773864746094
5.75	0.0002665519714355469
5.76	0.0002639293670654297
5.77	0.0002613067626953125
5.78	0.00025773048400878906
5.79	0.000255584716796875
5.8	0.0002551078796386719
5.81	0.00025391578674316406
5.82	0.0002510547637939453
5.83	0.00024890899658203125
5.84	0.0002472400665283203
5.85	0.0002460479736328125
5.86	0.00024366378784179688
5.87	0.00024199485778808594
5.88	0.0002410411834716797
5.89	0.00023865699768066406
5.9	0.0002372264862060547
5.91	0.0002346038818359375
5.92	0.00023221969604492188
5.93	0.00023102760314941406
5.94	0.00023031234741210938
5.95	0.00022912025451660156
5.96	0.00022792816162109375
5.97	0.0002262592315673828
5.98	0.00022554397583007812
5.99	0.0002238750457763672
6.0	0.0002224445343017578
6.01	0.00022172927856445312
6.02	0.00021910667419433594
6.03	0.0002167224884033203
6.04	0.0002155303955078125
6.05	0.0002143383026123047
6.06	0.00021219253540039062
6.07	0.0002105236053466797
6.08	0.00020933151245117188
6.09	0.00020813941955566406
6.1	0.00020623207092285156
6.11	0.00020432472229003906
6.12	0.00020313262939453125
6.13	0.00020194053649902344
6.14	0.00020051002502441406
6.15	0.00019979476928710938
6.16	0.0001983642578125
6.17	0.0001964569091796875
6.18	0.00019502639770507812
6.19	0.00019288063049316406
6.2	0.00019049644470214844
6.21	0.00018835067749023438
6.22	0.000186920166015625
6.23	0.0001850128173828125
6.24	0.00018334388732910156
6.25	0.00018167495727539062
6.26	0.00018024444580078125
6.27	0.00017905235290527344
6.28	0.00017714500427246094
6.29	0.00017642974853515625
6.3	0.00017547607421875
6.31	0.00017189979553222656
6.32	0.00017023086547851562
6.33	0.00016951560974121094
6.34	0.00016808509826660156
6.35	0.0001666545867919922
6.36	0.0001647472381591797
6.37	0.00016355514526367188
6.38	0.0001609325408935547
6.39	0.00015878677368164062
6.4	0.0001575946807861328
6.41	0.00015592575073242188
6.42	0.00015497207641601562
6.43	0.00015425682067871094
6.44	0.0001533031463623047
6.45	0.00015163421630859375
6.46	0.00015044212341308594
6.47	0.00015020370483398438
6.48	0.000148773193359375
6.49	0.0001480579376220703
6.5	0.00014662742614746094
6.51	0.00014519691467285156
6.52	0.00014328956604003906
6.53	0.00014209747314453125
6.54	0.00014162063598632812
6.55	0.0001404285430908203
6.56	0.00013971328735351562
6.57	0.0001392364501953125
6.58	0.0001392364501953125
6.59	0.00013780593872070312
6.6	0.0001361370086669922
6.61	0.00013589859008789062
6.62	0.0001354217529296875
6.63	0.00013399124145507812
6.64	0.000133514404296875
6.65	0.00013256072998046875
6.66	0.0001308917999267578
6.67	0.00012993812561035156
6.68	0.0001289844512939453
6.69	0.00012731552124023438
6.7	0.0001266002655029297
6.71	0.00012540817260742188
6.72	0.00012493133544921875
6.73	0.0001232624053955078
6.74	0.00012159347534179688
6.75	0.00012111663818359375
6.76	0.00012040138244628906
6.77	0.00011968612670898438
6.78	0.00011944770812988281
6.79	0.00011754035949707031
6.8	0.00011658668518066406
6.81	0.00011563301086425781
6.82	0.00011467933654785156
6.83	0.00011301040649414062
6.84	0.00011205673217773438
6.85	0.00011157989501953125
6.86	0.00011014938354492188
6.87	0.00010991096496582031
6.88	0.00010824203491210938
6.89	0.00010728836059570312
6.9	0.00010609626770019531
6.91	0.00010561943054199219
6.92	0.00010466575622558594
6.93	0.00010347366333007812
6.94	0.00010251998901367188
6.95	0.00010180473327636719
6.96	0.00010132789611816406
6.97	0.00010013580322265625
6.98	9.918212890625e-05
6.99	9.72747802734375e-05
7.0	9.632110595703125e-05
7.01	9.5367431640625e-05
7.02	9.441375732421875e-05
7.03	9.369850158691406e-05
7.04	9.322166442871094e-05
7.05	9.250640869140625e-05
7.06	9.226799011230469e-05
7.07	9.226799011230469e-05
7.08	9.107589721679688e-05
7.09	9.036064147949219e-05
7.1	9.036064147949219e-05
7.11	8.96453857421875e-05
7.12	8.916854858398438e-05
7.13	8.821487426757812e-05
7.14	8.749961853027344e-05
7.15	8.654594421386719e-05
7.16	8.606910705566406e-05
7.17	8.559226989746094e-05
7.18	8.487701416015625e-05
7.19	8.416175842285156e-05
7.2	8.392333984375e-05
7.21	8.368492126464844e-05
7.22	8.249282836914062e-05
7.23	8.20159912109375e-05
7.24	8.20159912109375e-05
7.25	8.177757263183594e-05
7.26	8.153915405273438e-05
7.27	8.130073547363281e-05
7.28	8.106231689453125e-05
7.29	7.987022399902344e-05
7.3	7.987022399902344e-05
7.31	7.963180541992188e-05
7.32	7.843971252441406e-05
7.33	7.796287536621094e-05
7.34	7.772445678710938e-05
7.35	7.700920104980469e-05
7.36	7.62939453125e-05
7.37	7.605552673339844e-05
7.38	7.557868957519531e-05
7.39	7.534027099609375e-05
7.4	7.486343383789062e-05
7.41	7.43865966796875e-05
7.42	7.390975952148438e-05
7.43	7.2479248046875e-05
7.44	7.200241088867188e-05
7.45	7.200241088867188e-05
7.46	7.104873657226562e-05
7.47	7.033348083496094e-05
7.48	6.937980651855469e-05
7.49	6.890296936035156e-05
7.5	6.794929504394531e-05
7.51	6.771087646484375e-05
7.52	6.723403930664062e-05
7.53	6.67572021484375e-05
7.54	6.67572021484375e-05
7.55	6.651878356933594e-05
7.56	6.651878356933594e-05
7.57	6.580352783203125e-05
7.58	6.532669067382812e-05
7.59	6.4849853515625e-05
7.6	6.389617919921875e-05
7.61	6.318092346191406e-05
7.62	6.270408630371094e-05
7.63	6.198883056640625e-05
7.64	6.151199340820312e-05
7.65	6.103515625e-05
7.66	6.0558319091796875e-05
7.67	5.984306335449219e-05
7.68	5.984306335449219e-05
7.69	5.9604644775390625e-05
7.7	5.888938903808594e-05
7.71	5.817413330078125e-05
7.72	5.7697296142578125e-05
7.73	5.7697296142578125e-05
7.74	5.698204040527344e-05
7.75	5.650520324707031e-05
7.76	5.626678466796875e-05
7.77	5.555152893066406e-05
7.78	5.4836273193359375e-05
7.79	5.435943603515625e-05
7.8	5.3882598876953125e-05
7.81	5.316734313964844e-05
7.82	5.2928924560546875e-05
7.83	5.2928924560546875e-05
7.84	5.245208740234375e-05
7.85	5.245208740234375e-05
7.86	5.245208740234375e-05
7.87	5.221366882324219e-05
7.88	5.1975250244140625e-05
7.89	5.173683166503906e-05
7.9	5.14984130859375e-05
7.91	5.125999450683594e-05
7.92	5.078315734863281e-05
7.93	5.078315734863281e-05
7.94	5.030632019042969e-05
7.95	4.982948303222656e-05
7.96	4.982948303222656e-05
7.97	4.982948303222656e-05
7.98	4.982948303222656e-05
7.99	4.9591064453125e-05
8.0	4.9591064453125e-05
8.01	4.887580871582031e-05
8.02	4.887580871582031e-05
8.03	4.863739013671875e-05
8.04	4.8160552978515625e-05
8.05	4.76837158203125e-05
8.06	4.744529724121094e-05
8.07	4.744529724121094e-05
8.08	4.696846008300781e-05
8.09	4.649162292480469e-05
8.1	4.6253204345703125e-05
8.11	4.601478576660156e-05
8.12	4.5299530029296875e-05
8.13	4.506111145019531e-05
8.14	4.506111145019531e-05
8.15	4.482269287109375e-05
8.16	4.458427429199219e-05
8.17	4.458427429199219e-05
8.18	4.410743713378906e-05
8.19	4.38690185546875e-05
8.2	4.315376281738281e-05
8.21	4.315376281738281e-05
8.22	4.315376281738281e-05
8.23	4.2438507080078125e-05
8.24	4.2438507080078125e-05
8.25	4.220008850097656e-05
8.26	4.172325134277344e-05
8.27	4.124641418457031e-05
8.28	4.124641418457031e-05
8.29	4.0531158447265625e-05
8.3	4.00543212890625e-05
8.31	3.981590270996094e-05
8.32	3.9577484130859375e-05
8.33	3.9577484130859375e-05
8.34	3.910064697265625e-05
8.35	3.910064697265625e-05
8.36	3.886222839355469e-05
8.37	3.838539123535156e-05
8.38	3.814697265625e-05
8.39	3.7670135498046875e-05
8.4	3.695487976074219e-05
8.41	3.6716461181640625e-05
8.42	3.6716461181640625e-05
8.43	3.62396240234375e-05
8.44	3.5762786865234375e-05
8.45	3.5762786865234375e-05
8.46	3.552436828613281e-05
8.47	3.552436828613281e-05
8.48	3.528594970703125e-05
8.49	3.504753112792969e-05
8.5	3.504753112792969e-05
8.51	3.504753112792969e-05
8.52	3.504753112792969e-05
8.53	3.4809112548828125e-05
8.54	3.457069396972656e-05
8.55	3.409385681152344e-05
8.56	3.409385681152344e-05
8.57	3.3855438232421875e-05
8.58	3.361701965332031e-05
8.59	3.361701965332031e-05
8.6	3.337860107421875e-05
8.61	3.337860107421875e-05
8.62	3.337860107421875e-05
8.63	3.314018249511719e-05
8.64	3.314018249511719e-05
8.65	3.314018249511719e-05
8.66	3.2901763916015625e-05
8.67	3.2901763916015625e-05
8.68	3.266334533691406e-05
8.69	3.266334533691406e-05
8.7	3.24249267578125e-05
8.71	3.24249267578125e-05
8.72	3.218650817871094e-05
8.73	3.1948089599609375e-05
8.74	3.1948089599609375e-05
8.75	3.170967102050781e-05
8.76	3.170967102050781e-05
8.77	3.123283386230469e-05
8.78	3.0994415283203125e-05
8.79	3.0994415283203125e-05
8.8	3.075599670410156e-05
8.81	3.075599670410156e-05
8.82	3.075599670410156e-05
8.83	3.0040740966796875e-05
8.84	3.0040740966796875e-05
8.85	2.9802322387695312e-05
8.86	2.9325485229492188e-05
8.87	2.9087066650390625e-05
8.88	2.8848648071289062e-05
8.89	2.86102294921875e-05
8.9	2.8133392333984375e-05
8.91	2.7894973754882812e-05
8.92	2.7418136596679688e-05
8.93	2.7179718017578125e-05
8.94	2.7179718017578125e-05
8.95	2.6941299438476562e-05
8.96	2.6702880859375e-05
8.97	2.6702880859375e-05
8.98	2.6464462280273438e-05
8.99	2.6226043701171875e-05
9.0	2.5510787963867188e-05
9.01	2.5272369384765625e-05
9.02	2.5033950805664062e-05
9.03	2.4318695068359375e-05
9.04	2.4318695068359375e-05
9.05	2.4080276489257812e-05
9.06	2.3603439331054688e-05
9.07	2.3365020751953125e-05
9.08	2.3365020751953125e-05
9.09	2.3126602172851562e-05
9.1	2.3126602172851562e-05
9.11	2.3126602172851562e-05
9.12	2.288818359375e-05
9.13	2.2649765014648438e-05
9.14	2.2649765014648438e-05
9.15	2.2172927856445312e-05
9.16	2.1696090698242188e-05
9.17	2.1696090698242188e-05
9.18	2.1696090698242188e-05
9.19	2.1457672119140625e-05
9.2	2.1219253540039062e-05
9.21	2.1219253540039062e-05
9.22	2.09808349609375e-05
9.23	2.09808349609375e-05
9.24	2.09808349609375e-05
9.25	2.09808349609375e-05
9.26	2.09808349609375e-05
9.27	2.09808349609375e-05
9.28	2.09808349609375e-05
9.29	2.0742416381835938e-05
9.3	2.0742416381835938e-05
9.31	2.0503997802734375e-05
9.32	2.002716064453125e-05
9.33	2.002716064453125e-05
9.34	2.002716064453125e-05
9.35	1.9550323486328125e-05
9.36	1.9311904907226562e-05
9.37	1.9311904907226562e-05
9.38	1.9311904907226562e-05
9.39	1.9073486328125e-05
9.4	1.8835067749023438e-05
9.41	1.8835067749023438e-05
9.42	1.8596649169921875e-05
9.43	1.8596649169921875e-05
9.44	1.8596649169921875e-05
9.45	1.8596649169921875e-05
9.46	1.811981201171875e-05
9.47	1.811981201171875e-05
9.48	1.811981201171875e-05
9.49	1.7404556274414062e-05
9.5	1.7404556274414062e-05
9.51	1.71661376953125e-05
9.52	1.6927719116210938e-05
9.53	1.6927719116210938e-05
9.54	1.6927719116210938e-05
9.55	1.6689300537109375e-05
9.56	1.6450881958007812e-05
9.57	1.6450881958007812e-05
9.58	1.6450881958007812e-05
9.59	1.6450881958007812e-05
9.6	1.5735626220703125e-05
9.61	1.5497207641601562e-05
9.62	1.5497207641601562e-05
9.63	1.5020370483398438e-05
9.64	1.4781951904296875e-05
9.65	1.4543533325195312e-05
9.66	1.4543533325195312e-05
9.67	1.430511474609375e-05
9.68	1.3828277587890625e-05
9.69	1.3589859008789062e-05
9.7	1.3589859008789062e-05
9.71	1.33514404296875e-05
9.72	1.33514404296875e-05
9.73	1.33514404296875e-05
9.74	1.3113021850585938e-05
9.75	1.2874603271484375e-05
9.76	1.2636184692382812e-05
9.77	1.2159347534179688e-05
9.78	1.1920928955078125e-05
9.79	1.1920928955078125e-05
9.8	1.1444091796875e-05
9.81	1.1205673217773438e-05
9.82	1.1205673217773438e-05
9.83	1.1205673217773438e-05
9.84	1.049041748046875e-05
9.85	1.049041748046875e-05
9.86	1.049041748046875e-05
9.87	1.049041748046875e-05
9.88	1.0251998901367188e-05
9.89	1.0251998901367188e-05
9.9	1.0251998901367188e-05
9.91	1.0013580322265625e-05
9.92	1.0013580322265625e-05
9.93	1.0013580322265625e-05
9.94	1.0013580322265625e-05
9.95	9.5367431640625e-06
9.96	9.5367431640625e-06
9.97	9.298324584960938e-06
9.98	8.821487426757812e-06
9.99	8.821487426757812e-06
10.0	8.821487426757812e-06
10.01	8.58306884765625e-06
10.02	8.58306884765625e-06
10.03	8.58306884765625e-06
10.04	8.344650268554688e-06
10.05	8.344650268554688e-06
10.06	8.344650268554688e-06
10.07	8.344650268554688e-06
10.08	8.344650268554688e-06
10.09	7.867813110351562e-06
10.1	7.867813110351562e-06
10.11	7.62939453125e-06
10.12	7.62939453125e-06
10.13	7.62939453125e-06
10.14	7.62939453125e-06
10.15	7.62939453125e-06
10.16	7.3909759521484375e-06
10.17	7.3909759521484375e-06
10.18	7.152557373046875e-06
10.19	7.152557373046875e-06
10.2	7.152557373046875e-06
10.21	7.152557373046875e-06
10.22	6.9141387939453125e-06
10.23	6.67572021484375e-06
10.24	6.67572021484375e-06
10.25	6.67572021484375e-06
10.26	6.4373016357421875e-06
10.27	6.4373016357421875e-06
10.28	6.4373016357421875e-06
10.29	5.9604644775390625e-06
10.3	5.7220458984375e-06
10.31	5.7220458984375e-06
10.32	5.4836273193359375e-06
10.33	5.245208740234375e-06
10.34	5.245208740234375e-06
10.35	5.245208740234375e-06
10.36	5.245208740234375e-06
10.37	4.76837158203125e-06
10.38	4.76837158203125e-06
10.39	4.76837158203125e-06
10.4	4.5299530029296875e-06
10.41	4.5299530029296875e-06
10.42	4.5299530029296875e-06
10.43	4.291534423828125e-06
10.44	4.0531158447265625e-06
10.45	4.0531158447265625e-06
10.46	3.5762786865234375e-06
10.47	3.337860107421875e-06
10.48	3.337860107421875e-06
10.49	3.337860107421875e-06
10.5	3.337860107421875e-06
10.51	3.0994415283203125e-06
10.52	3.0994415283203125e-06
10.53	3.0994415283203125e-06
10.54	3.0994415283203125e-06
10.55	3.0994415283203125e-06
10.56	3.0994415283203125e-06
10.57	2.86102294921875e-06
10.58	2.6226043701171875e-06
10.59	2.6226043701171875e-06
10.6	2.384185791015625e-06
10.61	2.384185791015625e-06
10.62	2.384185791015625e-06
10.63	2.384185791015625e-06
10.64	2.384185791015625e-06
10.65	2.384185791015625e-06
10.66	2.384185791015625e-06
10.67	2.384185791015625e-06
10.68	2.384185791015625e-06
10.69	2.384185791015625e-06
10.7	2.384185791015625e-06
10.71	2.1457672119140625e-06
10.72	2.1457672119140625e-06
10.73	2.1457672119140625e-06
10.74	2.1457672119140625e-06
10.75	2.1457672119140625e-06
10.76	2.1457672119140625e-06
10.77	1.9073486328125e-06
10.78	1.9073486328125e-06
10.79	1.9073486328125e-06
10.8	1.9073486328125e-06
10.81	1.9073486328125e-06
10.82	1.9073486328125e-06
10.83	1.9073486328125e-06
10.84	1.9073486328125e-06
10.85	1.9073486328125e-06
10.86	1.9073486328125e-06
10.87	1.9073486328125e-06
10.88	1.9073486328125e-06
10.89	1.9073486328125e-06
10.9	1.9073486328125e-06
10.91	1.9073486328125e-06
10.92	1.6689300537109375e-06
10.93	1.6689300537109375e-06
10.94	1.6689300537109375e-06
10.95	1.430511474609375e-06
10.96	1.430511474609375e-06
10.97	1.430511474609375e-06
10.98	1.430511474609375e-06
10.99	1.430511474609375e-06
11.0	1.1920928955078125e-06
11.01	1.1920928955078125e-06
11.02	1.1920928955078125e-06
11.03	1.1920928955078125e-06
11.04	1.1920928955078125e-06
11.05	1.1920928955078125e-06
11.06	9.5367431640625e-07
11.07	7.152557373046875e-07
11.08	7.152557373046875e-07
11.09	4.76837158203125e-07
11.1	4.76837158203125e-07
11.11	4.76837158203125e-07
11.12	4.76837158203125e-07
11.13	4.76837158203125e-07
11.14	4.76837158203125e-07
11.15	4.76837158203125e-07
11.16	4.76837158203125e-07
11.17	4.76837158203125e-07
11.18	4.76837158203125e-07
11.19	4.76837158203125e-07
11.2	2.384185791015625e-07
11.21	2.384185791015625e-07
11.22	2.384185791015625e-07
11.23	2.384185791015625e-07
11.24	2.384185791015625e-07
11.25	2.384185791015625e-07
11.26	2.384185791015625e-07
11.27	2.384185791015625e-07
11.28	2.384185791015625e-07
11.29	2.384185791015625e-07
11.3	2.384185791015625e-07
11.31	2.384185791015625e-07
11.32	2.384185791015625e-07
11.33	2.384185791015625e-07
11.34	2.384185791015625e-07
11.35	2.384185791015625e-07
11.36	2.384185791015625e-07
11.37	2.384185791015625e-07
11.38	2.384185791015625e-07
11.39	2.384185791015625e-07
11.4	2.384185791015625e-07
11.41	2.384185791015625e-07
11.42	2.384185791015625e-07
11.43	2.384185791015625e-07
11.44	2.384185791015625e-07
11.45	2.384185791015625e-07
11.46	2.384185791015625e-07
11.47	2.384185791015625e-07
11.48	2.384185791015625e-07
11.49	2.384185791015625e-07
11.5	2.384185791015625e-07
11.51	2.384185791015625e-07
11.52	2.384185791015625e-07
11.53	2.384185791015625e-07
11.54	2.384185791015625e-07
11.55	2.384185791015625e-07
11.56	2.384185791015625e-07
11.57	2.384185791015625e-07
11.58	2.384185791015625e-07
11.59	2.384185791015625e-07
11.6	2.384185791015625e-07
11.61	2.384185791015625e-07
11.62	2.384185791015625e-07
11.63	2.384185791015625e-07
11.64	2.384185791015625e-07
11.65	2.384185791015625e-07
11.66	2.384185791015625e-07
11.67	2.384185791015625e-07
11.68	0.0
