5.21	0.0005005002021789551
5.22	0.0004974007606506348
5.23	0.0004949569702148438
5.24	0.0004921555519104004
5.25	0.0004894137382507324
5.26	0.0004863142967224121
5.27	0.00048357248306274414
5.28	0.00048100948333740234
5.29	0.00047892332077026367
5.3	0.0004761815071105957
5.31	0.00047385692596435547
5.32	0.00047087669372558594
5.33	0.00046819448471069336
5.34	0.00046557188034057617
5.35	0.0004627108573913574
5.36	0.0004602670669555664
5.37	0.0004572272300720215
5.38	0.0004546046257019043
5.39	0.0004521012306213379
5.4	0.0004495978355407715
5.41	0.00044792890548706055
5.42	0.00044548511505126953
5.43	0.0004430413246154785
5.44	0.0004405379295349121
5.45	0.0004379153251647949
5.46	0.00043582916259765625
5.47	0.00043320655822753906
5.48	0.0004311203956604004
5.49	0.0004290938377380371
5.5	0.00042623281478881836
5.51	0.00042361021041870117
5.52	0.00042068958282470703
5.53	0.00041872262954711914
5.54	0.0004163980484008789
5.55	0.00041365623474121094
5.56	0.0004107952117919922
5.57	0.00040847063064575195
5.58	0.0004061460494995117
5.59	0.00040411949157714844
5.6	0.00040149688720703125
5.61	0.0003997683525085449
5.62	0.0003973841667175293
5.63	0.000395357608795166
5.64	0.0003924369812011719
5.65	0.0003902316093444824
5.66	0.00038814544677734375
5.67	0.0003859400749206543
5.68	0.00038367509841918945
5.69	0.00038063526153564453
5.7	0.00037866830825805664
5.71	0.0003763437271118164
5.72	0.0003743767738342285
5.73	0.0003719329833984375
5.74	0.00036984682083129883
5.75	0.00036770105361938477
5.76	0.00036597251892089844
5.77	0.0003635883331298828
5.78	0.0003616809844970703
5.79	0.0003597736358642578
5.8	0.00035822391510009766
5.81	0.00035566091537475586
5.82	0.00035381317138671875
5.83	0.0003517270088195801
5.84	0.0003495216369628906
5.85	0.00034743547439575195
5.86	0.0003451704978942871
5.87	0.00034308433532714844
5.88	0.00034111738204956055
5.89	0.00033926963806152344
5.9	0.0003369450569152832
5.91	0.0003349781036376953
5.92	0.0003330111503601074
5.93	0.0003311634063720703
5.94	0.00032895803451538086
5.95	0.00032716989517211914
5.96	0.0003247857093811035
5.97	0.00032317638397216797
5.98	0.0003211498260498047
5.99	0.00031942129135131836
6.0	0.0003172159194946289
6.01	0.000315248966217041
6.02	0.0003134012222290039
6.03	0.0003109574317932129
6.04	0.0003091096878051758
6.05	0.0003071427345275879
6.06	0.00030541419982910156
6.07	0.00030362606048583984
6.08	0.0003019571304321289
6.09	0.00029987096786499023
6.1	0.0002976655960083008
6.11	0.0002962946891784668
6.12	0.00029468536376953125
6.13	0.00029277801513671875
6.14	0.00029140710830688477
6.15	0.00028908252716064453
6.16	0.00028771162033081055
6.17	0.00028592348098754883
6.18	0.0002843141555786133
6.19	0.0002823472023010254
6.2	0.00028061866760253906
6.21	0.00027883052825927734
6.22	0.0002766847610473633
6.23	0.00027495622634887695
6.24	0.0002734065055847168
6.25	0.00027191638946533203
6.26	0.00027066469192504883
6.27	0.00026911497116088867
6.28	0.00026738643646240234
6.29	0.00026530027389526367
6.3	0.0002638101577758789
6.31	0.00026237964630126953
6.32	0.0002605915069580078
6.33	0.00025904178619384766
6.34	0.00025725364685058594
6.35	0.000255584716796875
6.36	0.00025385618209838867
6.37	0.00025218725204467773
6.38	0.0002510547637939453
6.39	0.000249326229095459
6.4	0.00024753808975219727
6.41	0.0002453923225402832
6.42	0.00024360418319702148
6.43	0.00024241209030151367
6.44	0.00024074316024780273
6.45	0.00023937225341796875
6.46	0.0002377033233642578
6.47	0.0002358555793762207
6.48	0.00023448467254638672
6.49	0.0002326369285583496
6.5	0.00023114681243896484
6.51	0.00022941827774047852
6.52	0.00022804737091064453
6.53	0.00022614002227783203
6.54	0.00022453069686889648
6.55	0.0002231597900390625
6.56	0.0002218484878540039
6.57	0.0002206563949584961
6.58	0.00021916627883911133
6.59	0.000217437744140625
6.6	0.00021606683731079102
6.61	0.0002149343490600586
6.62	0.0002130270004272461
6.63	0.0002117753028869629
6.64	0.00021064281463623047
6.65	0.00020945072174072266
6.66	0.0002078413963317871
6.67	0.00020623207092285156
6.68	0.00020492076873779297
6.69	0.00020360946655273438
6.7	0.00020200014114379883
6.71	0.0002008676528930664
6.72	0.00019937753677368164
6.73	0.00019812583923339844
6.74	0.0001970529556274414
6.75	0.0001957416534423828
6.76	0.000194549560546875
6.77	0.00019353628158569336
6.78	0.0001920461654663086
6.79	0.00019049644470214844
6.8	0.00018900632858276367
6.81	0.00018739700317382812
6.82	0.00018590688705444336
6.83	0.0001843571662902832
6.84	0.00018340349197387695
6.85	0.00018149614334106445
6.86	0.0001806020736694336
6.87	0.0001786351203918457
6.88	0.0001773834228515625
6.89	0.00017637014389038086
6.9	0.00017511844635009766
6.91	0.00017410516738891602
6.92	0.0001729130744934082
6.93	0.00017184019088745117
6.94	0.00017076730728149414
6.95	0.00016951560974121094
6.96	0.00016820430755615234
6.97	0.0001672506332397461
6.98	0.00016582012176513672
6.99	0.00016438961029052734
7.0	0.0001627802848815918
7.01	0.00016188621520996094
7.02	0.00016069412231445312
7.03	0.00015985965728759766
7.04	0.00015848875045776367
7.05	0.00015753507614135742
7.06	0.00015610456466674805
7.07	0.0001551508903503418
7.08	0.00015395879745483398
7.09	0.0001531839370727539
7.1	0.00015211105346679688
7.11	0.0001512765884399414
7.12	0.00014966726303100586
7.13	0.00014829635620117188
7.14	0.00014722347259521484
7.15	0.00014650821685791016
7.16	0.00014519691467285156
7.17	0.00014352798461914062
7.18	0.0001423954963684082
7.19	0.00014096498489379883
7.2	0.00014007091522216797
7.21	0.00013887882232666016
7.22	0.0001379847526550293
7.23	0.00013709068298339844
7.24	0.00013595819473266602
7.25	0.0001348257064819336
7.26	0.00013363361358642578
7.27	0.00013297796249389648
7.28	0.00013172626495361328
7.29	0.00013077259063720703
7.3	0.00012952089309692383
7.31	0.00012826919555664062
7.32	0.0001271367073059082
7.33	0.0001259446144104004
7.34	0.00012511014938354492
7.35	0.00012421607971191406
7.36	0.00012302398681640625
7.37	0.00012195110321044922
7.38	0.00012105703353881836
7.39	0.0001201629638671875
7.4	0.00011932849884033203
7.41	0.00011879205703735352
7.42	0.00011807680130004883
7.43	0.00011712312698364258
7.44	0.00011605024337768555
7.45	0.00011491775512695312
7.46	0.00011396408081054688
7.47	0.00011301040649414062
7.48	0.00011199712753295898
7.49	0.00011092424392700195
7.5	0.0001099705696105957
7.51	0.00010907649993896484
7.52	0.00010830163955688477
7.53	0.0001074075698852539
7.54	0.00010675191879272461
7.55	0.00010573863983154297
7.56	0.00010508298873901367
7.57	0.00010418891906738281
7.58	0.00010335445404052734
7.59	0.00010251998901367188
7.6	0.0001017451286315918
7.61	0.00010126829147338867
7.62	9.97781753540039e-05
7.63	9.894371032714844e-05
7.64	9.810924530029297e-05
7.65	9.715557098388672e-05
7.66	9.626150131225586e-05
7.67	9.506940841674805e-05
7.68	9.429454803466797e-05
7.69	9.328126907348633e-05
7.7	9.244680404663086e-05
7.71	9.167194366455078e-05
7.72	9.077787399291992e-05
7.73	9.018182754516602e-05
7.74	8.934736251831055e-05
7.75	8.851289749145508e-05
7.76	8.791685104370117e-05
7.77	8.696317672729492e-05
7.78	8.64267349243164e-05
7.79	8.541345596313477e-05
7.8	8.469820022583008e-05
7.81	8.374452590942383e-05
7.82	8.314847946166992e-05
7.83	8.231401443481445e-05
7.84	8.165836334228516e-05
7.85	8.088350296020508e-05
7.86	8.0108642578125e-05
7.87	7.939338684082031e-05
7.88	7.891654968261719e-05
7.89	7.796287536621094e-05
7.9	7.736682891845703e-05
7.91	7.665157318115234e-05
7.92	7.611513137817383e-05
7.93	7.545948028564453e-05
7.94	7.480382919311523e-05
7.95	7.402896881103516e-05
7.96	7.319450378417969e-05
7.97	7.224082946777344e-05
7.98	7.158517837524414e-05
7.99	7.081031799316406e-05
8.0	7.033348083496094e-05
8.01	6.961822509765625e-05
8.02	6.896257400512695e-05
8.03	6.80088996887207e-05
8.04	6.753206253051758e-05
8.05	6.699562072753906e-05
8.06	6.628036499023438e-05
8.07	6.556510925292969e-05
8.08	6.467103958129883e-05
8.09	6.413459777832031e-05
8.1	6.335973739624023e-05
8.11	6.288290023803711e-05
8.12	6.204843521118164e-05
8.13	6.16908073425293e-05
8.14	6.103515625e-05
8.15	6.026029586791992e-05
8.16	5.9723854064941406e-05
8.17	5.918741226196289e-05
8.18	5.8710575103759766e-05
8.19	5.829334259033203e-05
8.2	5.7697296142578125e-05
8.21	5.698204040527344e-05
8.22	5.626678466796875e-05
8.23	5.5849552154541016e-05
8.24	5.543231964111328e-05
8.25	5.4836273193359375e-05
8.26	5.453824996948242e-05
8.27	5.358457565307617e-05
8.28	5.310773849487305e-05
8.29	5.257129669189453e-05
8.3	5.1975250244140625e-05
8.31	5.137920379638672e-05
8.32	5.08427619934082e-05
8.33	5.02467155456543e-05
8.34	4.976987838745117e-05
8.35	4.8995018005371094e-05
8.36	4.863739013671875e-05
8.37	4.8100948333740234e-05
8.38	4.780292510986328e-05
8.39	4.7266483306884766e-05
8.4	4.649162292480469e-05
8.41	4.6133995056152344e-05
8.42	4.565715789794922e-05
8.43	4.5299530029296875e-05
8.44	4.458427429199219e-05
8.45	4.416704177856445e-05
8.46	4.357099533081055e-05
8.47	4.297494888305664e-05
8.48	4.2438507080078125e-05
8.49	4.1961669921875e-05
8.5	4.166364669799805e-05
8.51	4.112720489501953e-05
8.52	4.0590763092041016e-05
8.53	4.00543212890625e-05
8.54	3.9637088775634766e-05
8.55	3.916025161743164e-05
8.56	3.8504600524902344e-05
8.57	3.826618194580078e-05
8.58	3.7789344787597656e-05
8.59	3.737211227416992e-05
8.6	3.695487976074219e-05
8.61	3.635883331298828e-05
8.62	3.600120544433594e-05
8.63	3.546476364135742e-05
8.64	3.510713577270508e-05
8.65	3.463029861450195e-05
8.66	3.421306610107422e-05
8.67	3.3915042877197266e-05
8.68	3.361701965332031e-05
8.69	3.314018249511719e-05
8.7	3.272294998168945e-05
8.71	3.24249267578125e-05
8.72	3.1828880310058594e-05
8.73	3.153085708618164e-05
8.74	3.1054019927978516e-05
8.75	3.081560134887695e-05
8.76	3.045797348022461e-05
8.77	3.0219554901123047e-05
8.78	2.950429916381836e-05
8.79	2.9385089874267578e-05
8.8	2.8967857360839844e-05
8.81	2.849102020263672e-05
8.82	2.8133392333984375e-05
8.83	2.7835369110107422e-05
8.84	2.7477741241455078e-05
8.85	2.7060508728027344e-05
8.86	2.682209014892578e-05
8.87	2.6524066925048828e-05
8.88	2.6285648345947266e-05
8.89	2.5987625122070312e-05
8.9	2.5451183319091797e-05
8.91	2.5331974029541016e-05
8.92	2.485513687133789e-05
8.93	2.4378299713134766e-05
8.94	2.384185791015625e-05
8.95	2.3484230041503906e-05
8.96	2.3245811462402344e-05
8.97	2.294778823852539e-05
8.98	2.2530555725097656e-05
8.99	2.2172927856445312e-05
9.0	2.181529998779297e-05
9.01	2.1696090698242188e-05
9.02	2.1398067474365234e-05
9.03	2.1278858184814453e-05
9.04	2.09808349609375e-05
9.05	2.0742416381835938e-05
9.06	2.0384788513183594e-05
9.07	2.014636993408203e-05
9.08	1.990795135498047e-05
9.09	1.9848346710205078e-05
9.1	1.9371509552001953e-05
9.11	1.901388168334961e-05
9.12	1.8358230590820312e-05
9.13	1.823902130126953e-05
9.14	1.800060272216797e-05
9.15	1.7702579498291016e-05
9.16	1.7523765563964844e-05
9.17	1.728534698486328e-05
9.18	1.6927719116210938e-05
9.19	1.6689300537109375e-05
9.2	1.6510486602783203e-05
9.21	1.633167266845703e-05
9.22	1.609325408935547e-05
9.23	1.6033649444580078e-05
9.24	1.5497207641601562e-05
9.25	1.537799835205078e-05
9.26	1.5020370483398438e-05
9.27	1.4901161193847656e-05
9.28	1.4483928680419922e-05
9.29	1.424551010131836e-05
9.3	1.3947486877441406e-05
9.31	1.3649463653564453e-05
9.32	1.3470649719238281e-05
9.33	1.3113021850585938e-05
9.34	1.2993812561035156e-05
9.35	1.2814998626708984e-05
9.36	1.2576580047607422e-05
9.37	1.2516975402832031e-05
9.38	1.233816146850586e-05
9.39	1.2159347534179688e-05
9.4	1.1920928955078125e-05
9.41	1.1742115020751953e-05
9.42	1.150369644165039e-05
9.43	1.1324882507324219e-05
9.44	1.1086463928222656e-05
9.45	1.0848045349121094e-05
9.46	1.0609626770019531e-05
9.47	1.043081283569336e-05
9.48	1.0192394256591797e-05
9.49	1.0132789611816406e-05
9.5	9.894371032714844e-06
9.51	9.775161743164062e-06
9.52	9.655952453613281e-06
9.53	9.59634780883789e-06
9.54	9.47713851928711e-06
9.55	9.238719940185547e-06
9.56	9.059906005859375e-06
9.57	9.000301361083984e-06
9.58	8.702278137207031e-06
9.59	8.64267349243164e-06
9.6	8.344650268554688e-06
9.61	8.225440979003906e-06
9.62	7.987022399902344e-06
9.63	7.808208465576172e-06
9.64	7.748603820800781e-06
9.65	7.510185241699219e-06
9.66	7.510185241699219e-06
9.67	7.212162017822266e-06
9.68	7.212162017822266e-06
9.69	7.092952728271484e-06
9.7	6.9141387939453125e-06
9.71	6.854534149169922e-06
9.72	6.735324859619141e-06
9.73	6.616115570068359e-06
9.74	6.4373016357421875e-06
9.75	6.258487701416016e-06
9.76	6.079673767089844e-06
9.77	5.900859832763672e-06
9.78	5.781650543212891e-06
9.79	5.602836608886719e-06
9.8	5.4836273193359375e-06
9.81	5.304813385009766e-06
9.82	5.185604095458984e-06
9.83	5.185604095458984e-06
9.84	5.0067901611328125e-06
9.85	4.947185516357422e-06
9.86	4.947185516357422e-06
9.87	4.827976226806641e-06
9.88	4.708766937255859e-06
9.89	4.589557647705078e-06
9.9	4.5299530029296875e-06
9.91	4.410743713378906e-06
9.92	4.291534423828125e-06
9.93	4.231929779052734e-06
9.94	4.172325134277344e-06
9.95	3.993511199951172e-06
9.96	3.933906555175781e-06
9.97	3.814697265625e-06
9.98	3.7550926208496094e-06
9.99	3.635883331298828e-06
10.0	3.635883331298828e-06
10.01	3.4570693969726562e-06
10.02	3.4570693969726562e-06
10.03	3.3974647521972656e-06
10.04	3.337860107421875e-06
10.05	3.159046173095703e-06
10.06	3.159046173095703e-06
10.07	3.0994415283203125e-06
10.08	2.9206275939941406e-06
10.09	2.8014183044433594e-06
10.1	2.7418136596679688e-06
10.11	2.682209014892578e-06
10.12	2.6226043701171875e-06
10.13	2.5033950805664062e-06
10.14	2.5033950805664062e-06
10.15	2.4437904357910156e-06
10.16	2.384185791015625e-06
10.17	2.3245811462402344e-06
10.18	2.2649765014648438e-06
10.19	2.205371856689453e-06
10.2	2.205371856689453e-06
10.21	2.0265579223632812e-06
10.22	1.9669532775878906e-06
10.23	1.9073486328125e-06
10.24	1.9073486328125e-06
10.25	1.7881393432617188e-06
10.26	1.7881393432617188e-06
10.27	1.7285346984863281e-06
10.28	1.7285346984863281e-06
10.29	1.6689300537109375e-06
10.3	1.6689300537109375e-06
10.31	1.6689300537109375e-06
10.32	1.6689300537109375e-06
10.33	1.5497207641601562e-06
10.34	1.5497207641601562e-06
10.35	1.4901161193847656e-06
10.36	1.4901161193847656e-06
10.37	1.430511474609375e-06
10.38	1.430511474609375e-06
10.39	1.2516975402832031e-06
10.4	1.1920928955078125e-06
10.41	1.1920928955078125e-06
10.42	1.0728836059570312e-06
10.43	1.0728836059570312e-06
10.44	1.0728836059570312e-06
10.45	1.0132789611816406e-06
10.46	1.0132789611816406e-06
10.47	9.5367431640625e-07
10.48	9.5367431640625e-07
10.49	9.5367431640625e-07
10.5	9.5367431640625e-07
10.51	8.344650268554688e-07
10.52	8.344650268554688e-07
10.53	8.344650268554688e-07
10.54	8.344650268554688e-07
10.55	7.152557373046875e-07
10.56	7.152557373046875e-07
10.57	6.556510925292969e-07
10.58	5.960464477539062e-07
10.59	5.364418029785156e-07
10.6	5.364418029785156e-07
10.61	5.364418029785156e-07
10.62	5.364418029785156e-07
10.63	5.364418029785156e-07
10.64	5.364418029785156e-07
10.65	5.364418029785156e-07
10.66	5.364418029785156e-07
10.67	4.76837158203125e-07
10.68	4.76837158203125e-07
10.69	4.76837158203125e-07
10.7	4.76837158203125e-07
10.71	4.172325134277344e-07
10.72	4.172325134277344e-07
10.73	3.5762786865234375e-07
10.74	2.980232238769531e-07
10.75	2.980232238769531e-07
10.76	2.980232238769531e-07
10.77	2.980232238769531e-07
10.78	2.980232238769531e-07
10.79	2.980232238769531e-07
10.8	2.980232238769531e-07
10.81	2.980232238769531e-07
10.82	2.980232238769531e-07
10.83	2.980232238769531e-07
10.84	2.980232238769531e-07
10.85	2.384185791015625e-07
10.86	2.384185791015625e-07
10.87	2.384185791015625e-07
10.88	1.7881393432617188e-07
10.89	1.7881393432617188e-07
10.9	1.7881393432617188e-07
10.91	1.7881393432617188e-07
10.92	1.1920928955078125e-07
10.93	1.1920928955078125e-07
10.94	1.1920928955078125e-07
10.95	1.1920928955078125e-07
10.96	1.1920928955078125e-07
10.97	1.1920928955078125e-07
10.98	1.1920928955078125e-07
10.99	1.1920928955078125e-07
11.0	1.1920928955078125e-07
11.01	1.1920928955078125e-07
11.02	1.1920928955078125e-07
11.03	1.1920928955078125e-07
11.04	1.1920928955078125e-07
11.05	5.960464477539063e-08
11.06	5.960464477539063e-08
11.07	5.960464477539063e-08
11.08	5.960464477539063e-08
11.09	5.960464477539063e-08
11.1	5.960464477539063e-08
11.11	5.960464477539063e-08
11.12	5.960464477539063e-08
11.13	5.960464477539063e-08
11.14	5.960464477539063e-08
11.15	5.960464477539063e-08
11.16	5.960464477539063e-08
11.17	5.960464477539063e-08
11.18	5.960464477539063e-08
11.19	5.960464477539063e-08
11.2	5.960464477539063e-08
11.21	5.960464477539063e-08
11.22	0.0
