5.66	0.0005035400390625
5.67	0.00048065185546875
5.68	0.00048065185546875
5.69	0.00048065185546875
5.7	0.00046539306640625
5.71	0.00046539306640625
5.72	0.00046539306640625
5.73	0.000453948974609375
5.74	0.000453948974609375
5.75	0.000446319580078125
5.76	0.000446319580078125
5.77	0.000446319580078125
5.78	0.000446319580078125
5.79	0.000400543212890625
5.8	0.00038909912109375
5.81	0.00038909912109375
5.82	0.00038909912109375
5.83	0.00038909912109375
5.84	0.00038909912109375
5.85	0.00038909912109375
5.86	0.00038909912109375
5.87	0.00038909912109375
5.88	0.00038909912109375
5.89	0.00038909912109375
5.9	0.00034332275390625
5.91	0.00034332275390625
5.92	0.00034332275390625
5.93	0.0003204345703125
5.94	0.0003204345703125
5.95	0.0003204345703125
5.96	0.0003204345703125
5.97	0.0003204345703125
5.98	0.0003204345703125
5.99	0.0003204345703125
6.0	0.0003204345703125
6.01	0.00030517578125
6.02	0.00030517578125
6.03	0.00028228759765625
6.04	0.00028228759765625
6.05	0.00028228759765625
6.06	0.00028228759765625
6.07	0.00028228759765625
6.08	0.00028228759765625
6.09	0.00028228759765625
6.1	0.00028228759765625
6.11	0.000270843505859375
6.12	0.000270843505859375
6.13	0.000270843505859375
6.14	0.000270843505859375
6.15	0.000247955322265625
6.16	0.000247955322265625
6.17	0.000244140625
6.18	0.000244140625
6.19	0.0002288818359375
6.2	0.0002288818359375
6.21	0.0002288818359375
6.22	0.0002288818359375
6.23	0.0002288818359375
6.24	0.00020599365234375
6.25	0.00020599365234375
6.26	0.00020599365234375
6.27	0.00020599365234375
6.28	0.00019073486328125
6.29	0.00019073486328125
6.3	0.000179290771484375
6.31	0.000179290771484375
6.32	0.000179290771484375
6.33	0.000179290771484375
6.34	0.000179290771484375
6.35	0.000179290771484375
6.36	0.000179290771484375
6.37	0.000179290771484375
6.38	0.000179290771484375
6.39	0.000179290771484375
6.4	0.000179290771484375
6.41	0.000179290771484375
6.42	0.000179290771484375
6.43	0.000156402587890625
6.44	0.000156402587890625
6.45	0.000156402587890625
6.46	0.000156402587890625
6.47	0.000156402587890625
6.48	0.000156402587890625
6.49	0.000156402587890625
6.5	0.000156402587890625
6.51	0.000156402587890625
6.52	0.000156402587890625
6.53	0.000133514404296875
6.54	0.000133514404296875
6.55	0.000133514404296875
6.56	0.000133514404296875
6.57	0.000133514404296875
6.58	0.000133514404296875
6.59	0.000133514404296875
6.6	0.000133514404296875
6.61	0.000133514404296875
6.62	0.000133514404296875
6.63	0.000133514404296875
6.64	0.000133514404296875
6.65	0.000125885009765625
6.66	0.000125885009765625
6.67	0.000125885009765625
6.68	0.0001220703125
6.69	0.0001220703125
6.7	0.0001220703125
6.71	0.0001220703125
6.72	0.0001220703125
6.73	0.0001220703125
6.74	9.918212890625e-05
6.75	9.918212890625e-05
6.76	9.918212890625e-05
6.77	9.918212890625e-05
6.78	8.392333984375e-05
6.79	8.392333984375e-05
6.8	8.392333984375e-05
6.81	7.62939453125e-05
6.82	7.62939453125e-05
6.83	6.866455078125e-05
6.84	6.866455078125e-05
6.85	6.866455078125e-05
6.86	6.866455078125e-05
6.87	6.866455078125e-05
6.88	5.7220458984375e-05
6.89	5.7220458984375e-05
6.9	5.7220458984375e-05
6.91	5.7220458984375e-05
6.92	5.7220458984375e-05
6.93	5.7220458984375e-05
6.94	5.7220458984375e-05
6.95	5.7220458984375e-05
6.96	5.7220458984375e-05
6.97	5.7220458984375e-05
6.98	5.7220458984375e-05
6.99	5.7220458984375e-05
7.0	5.7220458984375e-05
7.01	5.7220458984375e-05
7.02	5.7220458984375e-05
7.03	5.7220458984375e-05
7.04	5.7220458984375e-05
7.05	5.7220458984375e-05
7.06	5.7220458984375e-05
7.07	5.7220458984375e-05
7.08	5.7220458984375e-05
7.09	5.7220458984375e-05
7.1	5.7220458984375e-05
7.11	5.7220458984375e-05
7.12	5.7220458984375e-05
7.13	5.7220458984375e-05
7.14	5.7220458984375e-05
7.15	5.7220458984375e-05
7.16	5.7220458984375e-05
7.17	5.7220458984375e-05
7.18	5.7220458984375e-05
7.19	5.7220458984375e-05
7.2	5.7220458984375e-05
7.21	5.7220458984375e-05
7.22	5.7220458984375e-05
7.23	5.7220458984375e-05
7.24	5.7220458984375e-05
7.25	5.340576171875e-05
7.26	5.340576171875e-05
7.27	5.340576171875e-05
7.28	5.340576171875e-05
7.29	5.340576171875e-05
7.3	5.340576171875e-05
7.31	4.57763671875e-05
7.32	4.57763671875e-05
7.33	4.57763671875e-05
7.34	4.57763671875e-05
7.35	4.57763671875e-05
7.36	4.57763671875e-05
7.37	4.57763671875e-05
7.38	3.4332275390625e-05
7.39	3.4332275390625e-05
7.4	3.4332275390625e-05
7.41	3.4332275390625e-05
7.42	3.4332275390625e-05
7.43	3.4332275390625e-05
7.44	3.4332275390625e-05
7.45	3.0517578125e-05
7.46	3.0517578125e-05
7.47	3.0517578125e-05
7.48	3.0517578125e-05
7.49	3.0517578125e-05
7.5	3.0517578125e-05
7.51	3.0517578125e-05
7.52	3.0517578125e-05
7.53	3.0517578125e-05
7.54	3.0517578125e-05
7.55	3.0517578125e-05
7.56	3.0517578125e-05
7.57	3.0517578125e-05
7.58	3.0517578125e-05
7.59	3.0517578125e-05
7.6	3.0517578125e-05
7.61	3.0517578125e-05
7.62	3.0517578125e-05
7.63	3.0517578125e-05
7.64	3.0517578125e-05
7.65	3.0517578125e-05
7.66	3.0517578125e-05
7.67	3.0517578125e-05
7.68	3.0517578125e-05
7.69	3.0517578125e-05
7.7	3.0517578125e-05
7.71	3.0517578125e-05
7.72	3.0517578125e-05
7.73	3.0517578125e-05
7.74	3.0517578125e-05
7.75	2.6702880859375e-05
7.76	2.6702880859375e-05
7.77	2.6702880859375e-05
7.78	2.6702880859375e-05
7.79	2.6702880859375e-05
7.8	2.6702880859375e-05
7.81	2.6702880859375e-05
7.82	2.6702880859375e-05
7.83	2.6702880859375e-05
7.84	2.6702880859375e-05
7.85	2.6702880859375e-05
7.86	2.6702880859375e-05
7.87	2.6702880859375e-05
7.88	2.6702880859375e-05
7.89	1.9073486328125e-05
7.9	1.9073486328125e-05
7.91	1.9073486328125e-05
7.92	1.9073486328125e-05
7.93	1.9073486328125e-05
7.94	1.9073486328125e-05
7.95	1.52587890625e-05
7.96	1.52587890625e-05
7.97	1.52587890625e-05
7.98	1.52587890625e-05
7.99	1.52587890625e-05
8.0	1.52587890625e-05
8.01	1.52587890625e-05
8.02	1.52587890625e-05
8.03	1.52587890625e-05
8.04	1.52587890625e-05
8.05	1.52587890625e-05
8.06	1.52587890625e-05
8.07	1.52587890625e-05
8.08	1.52587890625e-05
8.09	1.52587890625e-05
8.1	1.52587890625e-05
8.11	1.52587890625e-05
8.12	1.52587890625e-05
8.13	1.52587890625e-05
8.14	1.52587890625e-05
8.15	1.52587890625e-05
8.16	1.52587890625e-05
8.17	1.52587890625e-05
8.18	1.52587890625e-05
8.19	1.52587890625e-05
8.2	1.52587890625e-05
8.21	1.52587890625e-05
8.22	1.52587890625e-05
8.23	1.52587890625e-05
8.24	1.52587890625e-05
8.25	1.52587890625e-05
8.26	1.52587890625e-05
8.27	1.52587890625e-05
8.28	1.52587890625e-05
8.29	1.52587890625e-05
8.3	1.52587890625e-05
8.31	1.52587890625e-05
8.32	1.52587890625e-05
8.33	1.52587890625e-05
8.34	1.52587890625e-05
8.35	1.52587890625e-05
8.36	1.52587890625e-05
8.37	1.52587890625e-05
8.38	1.52587890625e-05
8.39	7.62939453125e-06
8.4	7.62939453125e-06
8.41	7.62939453125e-06
8.42	7.62939453125e-06
8.43	7.62939453125e-06
8.44	7.62939453125e-06
8.45	7.62939453125e-06
8.46	7.62939453125e-06
8.47	7.62939453125e-06
8.48	7.62939453125e-06
8.49	7.62939453125e-06
8.5	7.62939453125e-06
8.51	7.62939453125e-06
8.52	3.814697265625e-06
8.53	3.814697265625e-06
8.54	3.814697265625e-06
8.55	3.814697265625e-06
8.56	3.814697265625e-06
8.57	3.814697265625e-06
8.58	3.814697265625e-06
8.59	3.814697265625e-06
8.6	3.814697265625e-06
8.61	3.814697265625e-06
8.62	3.814697265625e-06
8.63	3.814697265625e-06
8.64	3.814697265625e-06
8.65	3.814697265625e-06
8.66	3.814697265625e-06
8.67	3.814697265625e-06
8.68	3.814697265625e-06
8.69	3.814697265625e-06
8.7	3.814697265625e-06
8.71	3.814697265625e-06
8.72	3.814697265625e-06
8.73	3.814697265625e-06
8.74	3.814697265625e-06
8.75	3.814697265625e-06
8.76	3.814697265625e-06
8.77	3.814697265625e-06
8.78	3.814697265625e-06
8.79	3.814697265625e-06
8.8	3.814697265625e-06
8.81	3.814697265625e-06
8.82	3.814697265625e-06
8.83	3.814697265625e-06
8.84	3.814697265625e-06
8.85	3.814697265625e-06
8.86	3.814697265625e-06
8.87	3.814697265625e-06
8.88	3.814697265625e-06
8.89	3.814697265625e-06
8.9	3.814697265625e-06
8.91	3.814697265625e-06
8.92	3.814697265625e-06
8.93	3.814697265625e-06
8.94	3.814697265625e-06
8.95	3.814697265625e-06
8.96	3.814697265625e-06
8.97	3.814697265625e-06
8.98	3.814697265625e-06
8.99	3.814697265625e-06
9.0	3.814697265625e-06
9.01	3.814697265625e-06
9.02	3.814697265625e-06
