5.4	0.0005016326904296875
5.41	0.0004978179931640625
5.42	0.00045490264892578125
5.43	0.00045490264892578125
5.44	0.00045490264892578125
5.45	0.00045490264892578125
5.46	0.00045299530029296875
5.47	0.000438690185546875
5.48	0.00042438507080078125
5.49	0.00042438507080078125
5.5	0.00042438507080078125
5.51	0.000423431396484375
5.52	0.0003948211669921875
5.53	0.0003948211669921875
5.54	0.0003662109375
5.55	0.0003662109375
5.56	0.00036144256591796875
5.57	0.0003604888916015625
5.58	0.0003604888916015625
5.59	0.0003604888916015625
5.6	0.00035953521728515625
5.61	0.00035381317138671875
5.62	0.0003490447998046875
5.63	0.000347137451171875
5.64	0.000347137451171875
5.65	0.00034618377685546875
5.66	0.00034427642822265625
5.67	0.00034236907958984375
5.68	0.0003376007080078125
5.69	0.0003376007080078125
5.7	0.0003376007080078125
5.71	0.0003376007080078125
5.72	0.00032329559326171875
5.73	0.00031948089599609375
5.74	0.00030517578125
5.75	0.00030517578125
5.76	0.00030517578125
5.77	0.00030422210693359375
5.78	0.00030422210693359375
5.79	0.00030422210693359375
5.8	0.00030231475830078125
5.81	0.00030231475830078125
5.82	0.000286102294921875
5.83	0.000286102294921875
5.84	0.000286102294921875
5.85	0.00028514862060546875
5.86	0.00028514862060546875
5.87	0.00028514862060546875
5.88	0.0002841949462890625
5.89	0.0002841949462890625
5.9	0.00026798248291015625
5.91	0.00026607513427734375
5.92	0.00026416778564453125
5.93	0.00026416778564453125
5.94	0.00026226043701171875
5.95	0.00026226043701171875
5.96	0.0002613067626953125
5.97	0.0002613067626953125
5.98	0.00025844573974609375
5.99	0.0002574920654296875
6.0	0.0002574920654296875
6.01	0.000255584716796875
6.02	0.000255584716796875
6.03	0.000255584716796875
6.04	0.0002536773681640625
6.05	0.0002536773681640625
6.06	0.0002536773681640625
6.07	0.00025272369384765625
6.08	0.00025272369384765625
6.09	0.00025272369384765625
6.1	0.0002384185791015625
6.11	0.0002384185791015625
6.12	0.0002384185791015625
6.13	0.0002384185791015625
6.14	0.0002384185791015625
6.15	0.00023746490478515625
6.16	0.00023746490478515625
6.17	0.00023746490478515625
6.18	0.00022125244140625
6.19	0.00022125244140625
6.2	0.00022125244140625
6.21	0.00022125244140625
6.22	0.00022125244140625
6.23	0.00022125244140625
6.24	0.00022029876708984375
6.25	0.00022029876708984375
6.26	0.0002193450927734375
6.27	0.00020313262939453125
6.28	0.000202178955078125
6.29	0.000202178955078125
6.3	0.000202178955078125
6.31	0.0002002716064453125
6.32	0.00019931793212890625
6.33	0.00019931793212890625
6.34	0.0001983642578125
6.35	0.00019550323486328125
6.36	0.00019550323486328125
6.37	0.00019359588623046875
6.38	0.00019359588623046875
6.39	0.00019359588623046875
6.4	0.00019359588623046875
6.41	0.00019359588623046875
6.42	0.0001926422119140625
6.43	0.0001926422119140625
6.44	0.0001926422119140625
6.45	0.0001926422119140625
6.46	0.00019073486328125
6.47	0.0001888275146484375
6.48	0.00017452239990234375
6.49	0.00017452239990234375
6.5	0.00017452239990234375
6.51	0.00017452239990234375
6.52	0.00017452239990234375
6.53	0.00017452239990234375
6.54	0.00016021728515625
6.55	0.00016021728515625
6.56	0.00016021728515625
6.57	0.00016021728515625
6.58	0.00016021728515625
6.59	0.00016021728515625
6.6	0.00016021728515625
6.61	0.00016021728515625
6.62	0.00015735626220703125
6.63	0.000156402587890625
6.64	0.000156402587890625
6.65	0.00015544891357421875
6.66	0.00015544891357421875
6.67	0.000152587890625
6.68	0.000152587890625
6.69	0.0001506805419921875
6.7	0.0001506805419921875
6.71	0.0001506805419921875
6.72	0.0001506805419921875
6.73	0.000148773193359375
6.74	0.000148773193359375
6.75	0.00014591217041015625
6.76	0.00014591217041015625
6.77	0.00014591217041015625
6.78	0.00014591217041015625
6.79	0.00014591217041015625
6.8	0.00014591217041015625
6.81	0.00014591217041015625
6.82	0.00014591217041015625
6.83	0.00014495849609375
6.84	0.00014495849609375
6.85	0.00014495849609375
6.86	0.00014400482177734375
6.87	0.00014400482177734375
6.88	0.00014400482177734375
6.89	0.0001430511474609375
6.9	0.0001430511474609375
6.91	0.0001430511474609375
6.92	0.00014209747314453125
6.93	0.00014209747314453125
6.94	0.000141143798828125
6.95	0.000141143798828125
6.96	0.000141143798828125
6.97	0.00014019012451171875
6.98	0.00014019012451171875
6.99	0.00014019012451171875
7.0	0.00014019012451171875
7.01	0.00014019012451171875
7.02	0.0001392364501953125
7.03	0.00013828277587890625
7.04	0.00013828277587890625
7.05	0.0001373291015625
7.06	0.0001373291015625
7.07	0.0001373291015625
7.08	0.0001373291015625
7.09	0.00012302398681640625
7.1	0.0001220703125
7.11	0.0001220703125
7.12	0.00012111663818359375
7.13	0.00012111663818359375
7.14	0.00012111663818359375
7.15	0.00012111663818359375
7.16	0.0001068115234375
7.17	0.0001049041748046875
7.18	0.0001049041748046875
7.19	0.0001049041748046875
7.2	0.0001049041748046875
7.21	0.0001049041748046875
7.22	0.0001049041748046875
7.23	0.00010395050048828125
7.24	0.00010395050048828125
7.25	8.678436279296875e-05
7.26	8.678436279296875e-05
7.27	8.678436279296875e-05
7.28	8.487701416015625e-05
7.29	8.296966552734375e-05
7.3	8.20159912109375e-05
7.31	8.106231689453125e-05
7.32	8.106231689453125e-05
7.33	7.82012939453125e-05
7.34	7.82012939453125e-05
7.35	7.82012939453125e-05
7.36	7.82012939453125e-05
7.37	7.62939453125e-05
7.38	7.534027099609375e-05
7.39	7.43865966796875e-05
7.4	7.43865966796875e-05
7.41	7.343292236328125e-05
7.42	7.343292236328125e-05
7.43	7.343292236328125e-05
7.44	7.152557373046875e-05
7.45	5.7220458984375e-05
7.46	5.7220458984375e-05
7.47	5.7220458984375e-05
7.48	5.7220458984375e-05
7.49	5.7220458984375e-05
7.5	5.7220458984375e-05
7.51	5.7220458984375e-05
7.52	5.7220458984375e-05
7.53	5.53131103515625e-05
7.54	5.435943603515625e-05
7.55	5.435943603515625e-05
7.56	5.435943603515625e-05
7.57	5.435943603515625e-05
7.58	5.435943603515625e-05
7.59	5.340576171875e-05
7.6	5.340576171875e-05
7.61	5.340576171875e-05
7.62	5.340576171875e-05
7.63	5.245208740234375e-05
7.64	5.054473876953125e-05
7.65	4.9591064453125e-05
7.66	4.76837158203125e-05
7.67	4.76837158203125e-05
7.68	4.76837158203125e-05
7.69	4.673004150390625e-05
7.7	4.673004150390625e-05
7.71	4.673004150390625e-05
7.72	4.673004150390625e-05
7.73	4.673004150390625e-05
7.74	4.673004150390625e-05
7.75	4.673004150390625e-05
7.76	4.673004150390625e-05
7.77	4.673004150390625e-05
7.78	4.673004150390625e-05
7.79	4.673004150390625e-05
7.8	4.673004150390625e-05
7.81	4.673004150390625e-05
7.82	4.673004150390625e-05
7.83	4.673004150390625e-05
7.84	4.673004150390625e-05
7.85	4.673004150390625e-05
7.86	4.673004150390625e-05
7.87	4.673004150390625e-05
7.88	4.673004150390625e-05
7.89	4.673004150390625e-05
7.9	4.673004150390625e-05
7.91	4.673004150390625e-05
7.92	4.673004150390625e-05
7.93	4.673004150390625e-05
7.94	4.673004150390625e-05
7.95	4.673004150390625e-05
7.96	4.673004150390625e-05
7.97	4.673004150390625e-05
7.98	4.673004150390625e-05
7.99	4.673004150390625e-05
8.0	4.673004150390625e-05
8.01	4.57763671875e-05
8.02	4.482269287109375e-05
8.03	4.482269287109375e-05
8.04	4.482269287109375e-05
8.05	4.482269287109375e-05
8.06	4.482269287109375e-05
8.07	4.482269287109375e-05
8.08	4.482269287109375e-05
8.09	4.482269287109375e-05
8.1	4.38690185546875e-05
8.11	4.38690185546875e-05
8.12	4.38690185546875e-05
8.13	4.38690185546875e-05
8.14	4.38690185546875e-05
8.15	4.38690185546875e-05
8.16	4.38690185546875e-05
8.17	4.38690185546875e-05
8.18	4.291534423828125e-05
8.19	4.291534423828125e-05
8.2	4.291534423828125e-05
8.21	4.291534423828125e-05
8.22	4.291534423828125e-05
8.23	4.291534423828125e-05
8.24	4.1961669921875e-05
8.25	4.1961669921875e-05
8.26	4.1961669921875e-05
8.27	4.1961669921875e-05
8.28	4.1961669921875e-05
8.29	4.100799560546875e-05
8.3	4.100799560546875e-05
8.31	4.00543212890625e-05
8.32	4.00543212890625e-05
8.33	4.00543212890625e-05
8.34	4.00543212890625e-05
8.35	4.00543212890625e-05
8.36	4.00543212890625e-05
8.37	3.910064697265625e-05
8.38	3.814697265625e-05
8.39	3.719329833984375e-05
8.4	3.719329833984375e-05
8.41	3.719329833984375e-05
8.42	3.719329833984375e-05
8.43	3.719329833984375e-05
8.44	3.719329833984375e-05
8.45	3.62396240234375e-05
8.46	3.62396240234375e-05
8.47	3.62396240234375e-05
8.48	3.62396240234375e-05
8.49	3.62396240234375e-05
8.5	3.62396240234375e-05
8.51	2.193450927734375e-05
8.52	2.193450927734375e-05
8.53	2.193450927734375e-05
8.54	2.193450927734375e-05
8.55	2.193450927734375e-05
8.56	2.193450927734375e-05
8.57	2.193450927734375e-05
8.58	2.193450927734375e-05
8.59	2.193450927734375e-05
8.6	1.9073486328125e-05
8.61	1.9073486328125e-05
8.62	1.9073486328125e-05
8.63	1.9073486328125e-05
8.64	1.9073486328125e-05
8.65	1.811981201171875e-05
8.66	1.71661376953125e-05
8.67	1.71661376953125e-05
8.68	1.71661376953125e-05
8.69	1.71661376953125e-05
8.7	1.52587890625e-05
8.71	1.52587890625e-05
8.72	1.33514404296875e-05
8.73	1.33514404296875e-05
8.74	1.33514404296875e-05
8.75	1.33514404296875e-05
8.76	1.33514404296875e-05
8.77	1.33514404296875e-05
8.78	1.33514404296875e-05
8.79	1.33514404296875e-05
8.8	1.33514404296875e-05
8.81	1.33514404296875e-05
8.82	1.33514404296875e-05
8.83	1.33514404296875e-05
8.84	1.33514404296875e-05
8.85	1.33514404296875e-05
8.86	1.33514404296875e-05
8.87	1.33514404296875e-05
8.88	1.33514404296875e-05
8.89	1.239776611328125e-05
8.9	1.239776611328125e-05
8.91	1.239776611328125e-05
8.92	1.1444091796875e-05
8.93	1.1444091796875e-05
8.94	1.1444091796875e-05
8.95	1.1444091796875e-05
8.96	1.1444091796875e-05
8.97	1.1444091796875e-05
8.98	1.1444091796875e-05
8.99	1.1444091796875e-05
9.0	1.049041748046875e-05
9.01	1.049041748046875e-05
9.02	1.049041748046875e-05
9.03	1.049041748046875e-05
9.04	1.049041748046875e-05
9.05	1.049041748046875e-05
9.06	1.049041748046875e-05
9.07	1.049041748046875e-05
9.08	9.5367431640625e-06
9.09	9.5367431640625e-06
9.1	9.5367431640625e-06
9.11	9.5367431640625e-06
9.12	9.5367431640625e-06
9.13	9.5367431640625e-06
9.14	9.5367431640625e-06
9.15	9.5367431640625e-06
9.16	9.5367431640625e-06
9.17	9.5367431640625e-06
9.18	9.5367431640625e-06
9.19	9.5367431640625e-06
9.2	9.5367431640625e-06
9.21	9.5367431640625e-06
9.22	9.5367431640625e-06
9.23	9.5367431640625e-06
9.24	9.5367431640625e-06
9.25	9.5367431640625e-06
9.26	9.5367431640625e-06
9.27	9.5367431640625e-06
9.28	8.58306884765625e-06
9.29	8.58306884765625e-06
9.3	8.58306884765625e-06
9.31	8.58306884765625e-06
9.32	8.58306884765625e-06
9.33	8.58306884765625e-06
9.34	8.58306884765625e-06
9.35	8.58306884765625e-06
9.36	7.62939453125e-06
9.37	7.62939453125e-06
9.38	7.62939453125e-06
9.39	7.62939453125e-06
9.4	7.62939453125e-06
9.41	7.62939453125e-06
9.42	7.62939453125e-06
9.43	7.62939453125e-06
9.44	6.67572021484375e-06
9.45	6.67572021484375e-06
9.46	6.67572021484375e-06
9.47	6.67572021484375e-06
9.48	6.67572021484375e-06
9.49	6.67572021484375e-06
9.5	6.67572021484375e-06
9.51	6.67572021484375e-06
9.52	6.67572021484375e-06
9.53	6.67572021484375e-06
9.54	6.67572021484375e-06
9.55	6.67572021484375e-06
9.56	6.67572021484375e-06
9.57	6.67572021484375e-06
9.58	6.67572021484375e-06
9.59	6.67572021484375e-06
9.6	6.67572021484375e-06
9.61	6.67572021484375e-06
9.62	6.67572021484375e-06
9.63	6.67572021484375e-06
9.64	6.67572021484375e-06
9.65	6.67572021484375e-06
9.66	5.7220458984375e-06
9.67	5.7220458984375e-06
9.68	5.7220458984375e-06
9.69	5.7220458984375e-06
9.7	5.7220458984375e-06
9.71	5.7220458984375e-06
9.72	4.76837158203125e-06
9.73	4.76837158203125e-06
9.74	4.76837158203125e-06
9.75	4.76837158203125e-06
9.76	4.76837158203125e-06
9.77	4.76837158203125e-06
9.78	4.76837158203125e-06
9.79	4.76837158203125e-06
9.8	4.76837158203125e-06
9.81	4.76837158203125e-06
9.82	4.76837158203125e-06
9.83	4.76837158203125e-06
9.84	4.76837158203125e-06
9.85	4.76837158203125e-06
9.86	4.76837158203125e-06
9.87	4.76837158203125e-06
9.88	4.76837158203125e-06
9.89	4.76837158203125e-06
9.9	4.76837158203125e-06
9.91	4.76837158203125e-06
9.92	4.76837158203125e-06
9.93	4.76837158203125e-06
9.94	4.76837158203125e-06
9.95	4.76837158203125e-06
9.96	4.76837158203125e-06
9.97	4.76837158203125e-06
9.98	4.76837158203125e-06
9.99	4.76837158203125e-06
10.0	4.76837158203125e-06
10.01	4.76837158203125e-06
10.02	4.76837158203125e-06
10.03	4.76837158203125e-06
10.04	4.76837158203125e-06
10.05	4.76837158203125e-06
10.06	4.76837158203125e-06
10.07	4.76837158203125e-06
10.08	4.76837158203125e-06
10.09	4.76837158203125e-06
10.1	4.76837158203125e-06
10.11	4.76837158203125e-06
10.12	4.76837158203125e-06
10.13	4.76837158203125e-06
10.14	4.76837158203125e-06
10.15	4.76837158203125e-06
10.16	4.76837158203125e-06
10.17	4.76837158203125e-06
10.18	4.76837158203125e-06
10.19	4.76837158203125e-06
10.2	4.76837158203125e-06
10.21	4.76837158203125e-06
10.22	4.76837158203125e-06
10.23	4.76837158203125e-06
10.24	4.76837158203125e-06
10.25	4.76837158203125e-06
10.26	4.76837158203125e-06
10.27	3.814697265625e-06
10.28	3.814697265625e-06
10.29	3.814697265625e-06
10.3	3.814697265625e-06
10.31	3.814697265625e-06
10.32	3.814697265625e-06
10.33	3.814697265625e-06
10.34	2.86102294921875e-06
10.35	2.86102294921875e-06
10.36	2.86102294921875e-06
10.37	2.86102294921875e-06
10.38	2.86102294921875e-06
10.39	2.86102294921875e-06
10.4	2.86102294921875e-06
10.41	2.86102294921875e-06
10.42	1.9073486328125e-06
10.43	1.9073486328125e-06
10.44	1.9073486328125e-06
10.45	1.9073486328125e-06
10.46	1.9073486328125e-06
10.47	1.9073486328125e-06
10.48	1.9073486328125e-06
10.49	1.9073486328125e-06
10.5	1.9073486328125e-06
10.51	1.9073486328125e-06
10.52	1.9073486328125e-06
10.53	1.9073486328125e-06
10.54	1.9073486328125e-06
10.55	1.9073486328125e-06
10.56	1.9073486328125e-06
10.57	1.9073486328125e-06
10.58	1.9073486328125e-06
10.59	1.9073486328125e-06
10.6	1.9073486328125e-06
10.61	1.9073486328125e-06
10.62	1.9073486328125e-06
10.63	9.5367431640625e-07
10.64	9.5367431640625e-07
10.65	9.5367431640625e-07
10.66	9.5367431640625e-07
10.67	9.5367431640625e-07
10.68	9.5367431640625e-07
10.69	9.5367431640625e-07
10.7	9.5367431640625e-07
10.71	9.5367431640625e-07
10.72	9.5367431640625e-07
10.73	9.5367431640625e-07
10.74	9.5367431640625e-07
10.75	9.5367431640625e-07
10.76	9.5367431640625e-07
10.77	9.5367431640625e-07
10.78	9.5367431640625e-07
10.79	9.5367431640625e-07
10.8	9.5367431640625e-07
10.81	9.5367431640625e-07
10.82	9.5367431640625e-07
10.83	9.5367431640625e-07
10.84	9.5367431640625e-07
10.85	9.5367431640625e-07
10.86	9.5367431640625e-07
10.87	9.5367431640625e-07
10.88	9.5367431640625e-07
10.89	9.5367431640625e-07
10.9	9.5367431640625e-07
10.91	9.5367431640625e-07
10.92	9.5367431640625e-07
10.93	9.5367431640625e-07
10.94	9.5367431640625e-07
10.95	9.5367431640625e-07
10.96	9.5367431640625e-07
10.97	9.5367431640625e-07
10.98	9.5367431640625e-07
10.99	9.5367431640625e-07
11.0	9.5367431640625e-07
11.01	9.5367431640625e-07
11.02	9.5367431640625e-07
11.03	9.5367431640625e-07
11.04	9.5367431640625e-07
11.05	9.5367431640625e-07
11.06	9.5367431640625e-07
11.07	9.5367431640625e-07
11.08	9.5367431640625e-07
11.09	9.5367431640625e-07
11.1	9.5367431640625e-07
11.11	9.5367431640625e-07
11.12	9.5367431640625e-07
11.13	9.5367431640625e-07
11.14	9.5367431640625e-07
11.15	9.5367431640625e-07
11.16	9.5367431640625e-07
11.17	9.5367431640625e-07
11.18	9.5367431640625e-07
11.19	9.5367431640625e-07
11.2	9.5367431640625e-07
11.21	9.5367431640625e-07
11.22	9.5367431640625e-07
11.23	9.5367431640625e-07
11.24	9.5367431640625e-07
11.25	9.5367431640625e-07
11.26	9.5367431640625e-07
11.27	9.5367431640625e-07
11.28	9.5367431640625e-07
11.29	9.5367431640625e-07
11.3	9.5367431640625e-07
11.31	9.5367431640625e-07
11.32	9.5367431640625e-07
11.33	9.5367431640625e-07
11.34	9.5367431640625e-07
11.35	9.5367431640625e-07
11.36	9.5367431640625e-07
11.37	9.5367431640625e-07
11.38	9.5367431640625e-07
11.39	9.5367431640625e-07
11.4	9.5367431640625e-07
11.41	9.5367431640625e-07
11.42	9.5367431640625e-07
11.43	9.5367431640625e-07
11.44	9.5367431640625e-07
11.45	9.5367431640625e-07
11.46	9.5367431640625e-07
11.47	9.5367431640625e-07
11.48	9.5367431640625e-07
11.49	9.5367431640625e-07
11.5	9.5367431640625e-07
11.51	9.5367431640625e-07
11.52	9.5367431640625e-07
11.53	9.5367431640625e-07
11.54	9.5367431640625e-07
11.55	9.5367431640625e-07
11.56	9.5367431640625e-07
11.57	9.5367431640625e-07
11.58	9.5367431640625e-07
11.59	9.5367431640625e-07
11.6	9.5367431640625e-07
11.61	9.5367431640625e-07
11.62	9.5367431640625e-07
11.63	9.5367431640625e-07
11.64	9.5367431640625e-07
11.65	9.5367431640625e-07
11.66	9.5367431640625e-07
11.67	9.5367431640625e-07
11.68	9.5367431640625e-07
11.69	0.0
