5.1	0.0005028247833251953
5.11	0.0004994869232177734
5.12	0.0004963874816894531
5.13	0.0004928112030029297
5.14	0.0004899501800537109
5.15	0.0004858970642089844
5.16	0.0004813671112060547
5.17	0.00047659873962402344
5.18	0.0004725456237792969
5.19	0.0004696846008300781
5.2	0.00046634674072265625
5.21	0.0004634857177734375
5.22	0.0004603862762451172
5.23	0.0004582405090332031
5.24	0.0004551410675048828
5.25	0.0004506111145019531
5.26	0.0004470348358154297
5.27	0.0004444122314453125
5.28	0.00044083595275878906
5.29	0.00043773651123046875
5.3	0.0004341602325439453
5.31	0.000431060791015625
5.32	0.00042939186096191406
5.33	0.0004267692565917969
5.34	0.00042366981506347656
5.35	0.0004203319549560547
5.36	0.0004177093505859375
5.37	0.00041413307189941406
5.38	0.0004115104675292969
5.39	0.0004086494445800781
5.4	0.00040531158447265625
5.41	0.0004031658172607422
5.42	0.00040078163146972656
5.43	0.0003972053527832031
5.44	0.0003952980041503906
5.45	0.0003924369812011719
5.46	0.0003895759582519531
5.47	0.00038814544677734375
5.48	0.000385284423828125
5.49	0.0003821849822998047
5.5	0.00038051605224609375
5.51	0.0003790855407714844
5.52	0.00037550926208496094
5.53	0.0003733634948730469
5.54	0.00037169456481933594
5.55	0.0003688335418701172
5.56	0.0003666877746582031
5.57	0.00036454200744628906
5.58	0.0003609657287597656
5.59	0.00035953521728515625
5.6	0.00035691261291503906
5.61	0.00035309791564941406
5.62	0.0003514289855957031
5.63	0.00034880638122558594
5.64	0.0003447532653808594
5.65	0.0003428459167480469
5.66	0.0003407001495361328
5.67	0.00033736228942871094
5.68	0.00033545494079589844
5.69	0.0003330707550048828
5.7	0.0003306865692138672
5.71	0.00032806396484375
5.72	0.0003268718719482422
5.73	0.00032258033752441406
5.74	0.00032067298889160156
5.75	0.0003185272216796875
5.76	0.00031566619873046875
5.77	0.0003142356872558594
5.78	0.0003123283386230469
5.79	0.00030875205993652344
5.8	0.0003070831298828125
5.81	0.0003056526184082031
5.82	0.00030159950256347656
5.83	0.0002987384796142578
5.84	0.00029754638671875
5.85	0.0002944469451904297
5.86	0.00029349327087402344
5.87	0.0002906322479248047
5.88	0.0002884864807128906
5.89	0.00028634071350097656
5.9	0.0002841949462890625
5.91	0.0002810955047607422
5.92	0.0002791881561279297
5.93	0.00027823448181152344
5.94	0.00027489662170410156
5.95	0.0002734661102294922
5.96	0.0002713203430175781
5.97	0.00026798248291015625
5.98	0.00026607513427734375
5.99	0.0002644062042236328
6.0	0.0002608299255371094
6.01	0.0002589225769042969
6.02	0.0002574920654296875
6.03	0.00025463104248046875
6.04	0.0002536773681640625
6.05	0.0002524852752685547
6.06	0.0002505779266357422
6.07	0.0002493858337402344
6.08	0.00024771690368652344
6.09	0.00024437904357910156
6.1	0.0002434253692626953
6.11	0.00024199485778808594
6.12	0.00024008750915527344
6.13	0.00023889541625976562
6.14	0.00023794174194335938
6.15	0.00023746490478515625
6.16	0.00023627281188964844
6.17	0.00023365020751953125
6.18	0.00023174285888671875
6.19	0.00023031234741210938
6.2	0.0002288818359375
6.21	0.00022649765014648438
6.22	0.000225067138671875
6.23	0.0002243518829345703
6.24	0.00022339820861816406
6.25	0.00022292137145996094
6.26	0.00022149085998535156
6.27	0.00021886825561523438
6.28	0.000217437744140625
6.29	0.00021576881408691406
6.3	0.00021338462829589844
6.31	0.0002124309539794922
6.32	0.0002110004425048828
6.33	0.00020956993103027344
6.34	0.00020933151245117188
6.35	0.00020766258239746094
6.36	0.00020647048950195312
6.37	0.00020456314086914062
6.38	0.00020265579223632812
6.39	0.0002009868621826172
6.4	0.0001995563507080078
6.41	0.0001983642578125
6.42	0.0001971721649169922
6.43	0.00019669532775878906
6.44	0.00019478797912597656
6.45	0.00019311904907226562
6.46	0.00019240379333496094
6.47	0.00019073486328125
6.48	0.00018906593322753906
6.49	0.00018715858459472656
6.5	0.00018668174743652344
6.51	0.0001850128173828125
6.52	0.00018453598022460938
6.53	0.0001823902130126953
6.54	0.00018024444580078125
6.55	0.000179290771484375
6.56	0.00017786026000976562
6.57	0.00017547607421875
6.58	0.0001747608184814453
6.59	0.00017404556274414062
6.6	0.00017309188842773438
6.61	0.00017142295837402344
6.62	0.00016999244689941406
6.63	0.0001690387725830078
6.64	0.00016760826110839844
6.65	0.0001666545867919922
6.66	0.00016546249389648438
6.67	0.00016427040100097656
6.68	0.0001633167266845703
6.69	0.0001621246337890625
6.7	0.00016021728515625
6.71	0.00015926361083984375
6.72	0.00015807151794433594
6.73	0.0001571178436279297
6.74	0.00015616416931152344
6.75	0.0001537799835205078
6.76	0.00015282630920410156
6.77	0.00015234947204589844
6.78	0.00015115737915039062
6.79	0.00015020370483398438
6.8	0.00014925003051757812
6.81	0.00014829635620117188
6.82	0.0001475811004638672
6.83	0.00014638900756835938
6.84	0.00014448165893554688
6.85	0.0001437664031982422
6.86	0.0001430511474609375
6.87	0.0001418590545654297
6.88	0.00014090538024902344
6.89	0.00013971328735351562
6.9	0.0001385211944580078
6.91	0.00013780593872070312
6.92	0.0001361370086669922
6.93	0.0001354217529296875
6.94	0.00013446807861328125
6.95	0.00013303756713867188
6.96	0.0001323223114013672
6.97	0.0001316070556640625
6.98	0.0001308917999267578
6.99	0.00012993812561035156
7.0	0.0001289844512939453
7.01	0.0001277923583984375
7.02	0.00012731552124023438
7.03	0.00012683868408203125
7.04	0.00012564659118652344
7.05	0.00012493133544921875
7.06	0.00012445449829101562
7.07	0.0001239776611328125
7.08	0.0001232624053955078
7.09	0.00012254714965820312
7.1	0.00012111663818359375
7.11	0.00011968612670898438
7.12	0.00011944770812988281
7.13	0.00011777877807617188
7.14	0.00011730194091796875
7.15	0.00011610984802246094
7.16	0.00011515617370605469
7.17	0.00011491775512695312
7.18	0.00011348724365234375
7.19	0.00011205673217773438
7.2	0.00011110305786132812
7.21	0.00011014938354492188
7.22	0.0001087188720703125
7.23	0.00010800361633300781
7.24	0.00010800361633300781
7.25	0.00010752677917480469
7.26	0.00010728836059570312
7.27	0.00010633468627929688
7.28	0.00010609626770019531
7.29	0.00010538101196289062
7.3	0.00010466575622558594
7.31	0.00010347366333007812
7.32	0.00010275840759277344
7.33	0.00010251998901367188
7.34	0.00010180473327636719
7.35	0.00010180473327636719
7.36	0.00010085105895996094
7.37	0.00010013580322265625
7.38	0.00010013580322265625
7.39	9.822845458984375e-05
7.4	9.703636169433594e-05
7.41	9.584426879882812e-05
7.42	9.560585021972656e-05
7.43	9.489059448242188e-05
7.44	9.417533874511719e-05
7.45	9.393692016601562e-05
7.46	9.298324584960938e-05
7.47	9.226799011230469e-05
7.48	9.083747863769531e-05
7.49	8.988380432128906e-05
7.5	8.893013000488281e-05
7.51	8.845329284667969e-05
7.52	8.797645568847656e-05
7.53	8.726119995117188e-05
7.54	8.678436279296875e-05
7.55	8.606910705566406e-05
7.56	8.535385131835938e-05
7.57	8.440017700195312e-05
7.58	8.344650268554688e-05
7.59	8.273124694824219e-05
7.6	8.225440979003906e-05
7.61	8.153915405273438e-05
7.62	8.106231689453125e-05
7.63	8.058547973632812e-05
7.64	8.034706115722656e-05
7.65	7.915496826171875e-05
7.66	7.867813110351562e-05
7.67	7.796287536621094e-05
7.68	7.653236389160156e-05
7.69	7.62939453125e-05
7.7	7.581710815429688e-05
7.71	7.510185241699219e-05
7.72	7.486343383789062e-05
7.73	7.462501525878906e-05
7.74	7.390975952148438e-05
7.75	7.319450378417969e-05
7.76	7.200241088867188e-05
7.77	7.128715515136719e-05
7.78	7.128715515136719e-05
7.79	7.05718994140625e-05
7.8	6.937980651855469e-05
7.81	6.937980651855469e-05
7.82	6.890296936035156e-05
7.83	6.842613220214844e-05
7.84	6.747245788574219e-05
7.85	6.67572021484375e-05
7.86	6.651878356933594e-05
7.87	6.580352783203125e-05
7.88	6.4849853515625e-05
7.89	6.461143493652344e-05
7.9	6.437301635742188e-05
7.91	6.341934204101562e-05
7.92	6.246566772460938e-05
7.93	6.198883056640625e-05
7.94	6.151199340820312e-05
7.95	6.103515625e-05
7.96	6.0558319091796875e-05
7.97	5.984306335449219e-05
7.98	5.936622619628906e-05
7.99	5.936622619628906e-05
8.0	5.8650970458984375e-05
8.01	5.817413330078125e-05
8.02	5.817413330078125e-05
8.03	5.793571472167969e-05
8.04	5.7697296142578125e-05
8.05	5.698204040527344e-05
8.06	5.650520324707031e-05
8.07	5.626678466796875e-05
8.08	5.602836608886719e-05
8.09	5.53131103515625e-05
8.1	5.507469177246094e-05
8.11	5.459785461425781e-05
8.12	5.412101745605469e-05
8.13	5.340576171875e-05
8.14	5.316734313964844e-05
8.15	5.245208740234375e-05
8.16	5.245208740234375e-05
8.17	5.221366882324219e-05
8.18	5.173683166503906e-05
8.19	5.14984130859375e-05
8.2	5.125999450683594e-05
8.21	5.1021575927734375e-05
8.22	5.030632019042969e-05
8.23	5.030632019042969e-05
8.24	4.982948303222656e-05
8.25	4.935264587402344e-05
8.26	4.935264587402344e-05
8.27	4.887580871582031e-05
8.28	4.839897155761719e-05
8.29	4.792213439941406e-05
8.3	4.76837158203125e-05
8.31	4.744529724121094e-05
8.32	4.649162292480469e-05
8.33	4.553794860839844e-05
8.34	4.5299530029296875e-05
8.35	4.5299530029296875e-05
8.36	4.4345855712890625e-05
8.37	4.410743713378906e-05
8.38	4.410743713378906e-05
8.39	4.38690185546875e-05
8.4	4.363059997558594e-05
8.41	4.2438507080078125e-05
8.42	4.1961669921875e-05
8.43	4.172325134277344e-05
8.44	4.124641418457031e-05
8.45	4.100799560546875e-05
8.46	4.076957702636719e-05
8.47	4.0531158447265625e-05
8.48	3.981590270996094e-05
8.49	3.910064697265625e-05
8.5	3.886222839355469e-05
8.51	3.838539123535156e-05
8.52	3.7670135498046875e-05
8.53	3.719329833984375e-05
8.54	3.695487976074219e-05
8.55	3.695487976074219e-05
8.56	3.6716461181640625e-05
8.57	3.62396240234375e-05
8.58	3.600120544433594e-05
8.59	3.5762786865234375e-05
8.6	3.528594970703125e-05
8.61	3.504753112792969e-05
8.62	3.409385681152344e-05
8.63	3.361701965332031e-05
8.64	3.361701965332031e-05
8.65	3.361701965332031e-05
8.66	3.337860107421875e-05
8.67	3.2901763916015625e-05
8.68	3.24249267578125e-05
8.69	3.170967102050781e-05
8.7	3.147125244140625e-05
8.71	3.075599670410156e-05
8.72	3.0040740966796875e-05
8.73	3.0040740966796875e-05
8.74	3.0040740966796875e-05
8.75	3.0040740966796875e-05
8.76	2.956390380859375e-05
8.77	2.9325485229492188e-05
8.78	2.9087066650390625e-05
8.79	2.86102294921875e-05
8.8	2.8133392333984375e-05
8.81	2.8133392333984375e-05
8.82	2.8133392333984375e-05
8.83	2.8133392333984375e-05
8.84	2.765655517578125e-05
8.85	2.765655517578125e-05
8.86	2.7418136596679688e-05
8.87	2.6941299438476562e-05
8.88	2.6702880859375e-05
8.89	2.6226043701171875e-05
8.9	2.5987625122070312e-05
8.91	2.574920654296875e-05
8.92	2.5510787963867188e-05
8.93	2.5272369384765625e-05
8.94	2.5272369384765625e-05
8.95	2.5272369384765625e-05
8.96	2.5033950805664062e-05
8.97	2.4318695068359375e-05
8.98	2.4080276489257812e-05
8.99	2.4080276489257812e-05
9.0	2.384185791015625e-05
9.01	2.3365020751953125e-05
9.02	2.3126602172851562e-05
9.03	2.3126602172851562e-05
9.04	2.288818359375e-05
9.05	2.193450927734375e-05
9.06	2.1696090698242188e-05
9.07	2.1457672119140625e-05
9.08	2.1219253540039062e-05
9.09	2.1219253540039062e-05
9.1	2.09808349609375e-05
9.11	2.0503997802734375e-05
9.12	2.0503997802734375e-05
9.13	2.0265579223632812e-05
9.14	1.9788742065429688e-05
9.15	1.9550323486328125e-05
9.16	1.9550323486328125e-05
9.17	1.9073486328125e-05
9.18	1.9073486328125e-05
9.19	1.8835067749023438e-05
9.2	1.811981201171875e-05
9.21	1.811981201171875e-05
9.22	1.7881393432617188e-05
9.23	1.7404556274414062e-05
9.24	1.7404556274414062e-05
9.25	1.6927719116210938e-05
9.26	1.6450881958007812e-05
9.27	1.6450881958007812e-05
9.28	1.621246337890625e-05
9.29	1.5735626220703125e-05
9.3	1.5735626220703125e-05
9.31	1.5735626220703125e-05
9.32	1.52587890625e-05
9.33	1.52587890625e-05
9.34	1.4781951904296875e-05
9.35	1.4543533325195312e-05
9.36	1.4543533325195312e-05
9.37	1.4543533325195312e-05
9.38	1.430511474609375e-05
9.39	1.430511474609375e-05
9.4	1.3828277587890625e-05
9.41	1.3589859008789062e-05
9.42	1.3589859008789062e-05
9.43	1.3589859008789062e-05
9.44	1.3113021850585938e-05
9.45	1.2874603271484375e-05
9.46	1.2636184692382812e-05
9.47	1.2636184692382812e-05
9.48	1.2636184692382812e-05
9.49	1.1920928955078125e-05
9.5	1.1920928955078125e-05
9.51	1.1920928955078125e-05
9.52	1.1920928955078125e-05
9.53	1.1682510375976562e-05
9.54	1.1444091796875e-05
9.55	1.1205673217773438e-05
9.56	1.1205673217773438e-05
9.57	1.0967254638671875e-05
9.58	1.0728836059570312e-05
9.59	1.0728836059570312e-05
9.6	1.049041748046875e-05
9.61	1.0251998901367188e-05
9.62	9.775161743164062e-06
9.63	9.5367431640625e-06
9.64	9.5367431640625e-06
9.65	9.298324584960938e-06
9.66	9.298324584960938e-06
9.67	9.298324584960938e-06
9.68	9.298324584960938e-06
9.69	9.059906005859375e-06
9.7	8.58306884765625e-06
9.71	8.58306884765625e-06
9.72	8.344650268554688e-06
9.73	8.344650268554688e-06
9.74	8.106231689453125e-06
9.75	8.106231689453125e-06
9.76	8.106231689453125e-06
9.77	8.106231689453125e-06
9.78	8.106231689453125e-06
9.79	7.867813110351562e-06
9.8	7.867813110351562e-06
9.81	7.62939453125e-06
9.82	7.62939453125e-06
9.83	7.152557373046875e-06
9.84	6.9141387939453125e-06
9.85	6.9141387939453125e-06
9.86	6.9141387939453125e-06
9.87	6.9141387939453125e-06
9.88	6.9141387939453125e-06
9.89	6.67572021484375e-06
9.9	6.4373016357421875e-06
9.91	6.4373016357421875e-06
9.92	6.198883056640625e-06
9.93	5.7220458984375e-06
9.94	5.7220458984375e-06
9.95	5.7220458984375e-06
9.96	5.7220458984375e-06
9.97	5.7220458984375e-06
9.98	5.245208740234375e-06
9.99	5.245208740234375e-06
10.0	5.245208740234375e-06
10.01	4.76837158203125e-06
10.02	4.76837158203125e-06
10.03	4.76837158203125e-06
10.04	4.76837158203125e-06
10.05	4.76837158203125e-06
10.06	4.5299530029296875e-06
10.07	4.5299530029296875e-06
10.08	4.5299530029296875e-06
10.09	4.5299530029296875e-06
10.1	4.291534423828125e-06
10.11	4.291534423828125e-06
10.12	4.291534423828125e-06
10.13	4.291534423828125e-06
10.14	4.291534423828125e-06
10.15	4.291534423828125e-06
10.16	4.291534423828125e-06
10.17	4.291534423828125e-06
10.18	4.0531158447265625e-06
10.19	4.0531158447265625e-06
10.2	4.0531158447265625e-06
10.21	4.0531158447265625e-06
10.22	4.0531158447265625e-06
10.23	4.0531158447265625e-06
10.24	4.0531158447265625e-06
10.25	4.0531158447265625e-06
10.26	4.0531158447265625e-06
10.27	3.814697265625e-06
10.28	3.814697265625e-06
10.29	3.814697265625e-06
10.3	3.814697265625e-06
10.31	3.814697265625e-06
10.32	3.5762786865234375e-06
10.33	3.5762786865234375e-06
10.34	3.5762786865234375e-06
10.35	3.5762786865234375e-06
10.36	3.337860107421875e-06
10.37	3.337860107421875e-06
10.38	3.0994415283203125e-06
10.39	3.0994415283203125e-06
10.4	3.0994415283203125e-06
10.41	2.86102294921875e-06
10.42	2.6226043701171875e-06
10.43	2.6226043701171875e-06
10.44	2.384185791015625e-06
10.45	2.384185791015625e-06
10.46	2.384185791015625e-06
10.47	2.1457672119140625e-06
10.48	2.1457672119140625e-06
10.49	2.1457672119140625e-06
10.5	1.9073486328125e-06
10.51	1.9073486328125e-06
10.52	1.9073486328125e-06
10.53	1.6689300537109375e-06
10.54	1.6689300537109375e-06
10.55	1.6689300537109375e-06
10.56	1.6689300537109375e-06
10.57	1.430511474609375e-06
10.58	1.430511474609375e-06
10.59	1.430511474609375e-06
10.6	1.430511474609375e-06
10.61	1.430511474609375e-06
10.62	1.1920928955078125e-06
10.63	1.1920928955078125e-06
10.64	1.1920928955078125e-06
10.65	9.5367431640625e-07
10.66	9.5367431640625e-07
10.67	9.5367431640625e-07
10.68	9.5367431640625e-07
10.69	9.5367431640625e-07
10.7	9.5367431640625e-07
10.71	9.5367431640625e-07
10.72	9.5367431640625e-07
10.73	9.5367431640625e-07
10.74	9.5367431640625e-07
10.75	9.5367431640625e-07
10.76	9.5367431640625e-07
10.77	9.5367431640625e-07
10.78	9.5367431640625e-07
10.79	9.5367431640625e-07
10.8	9.5367431640625e-07
10.81	9.5367431640625e-07
10.82	9.5367431640625e-07
10.83	9.5367431640625e-07
10.84	9.5367431640625e-07
10.85	9.5367431640625e-07
10.86	9.5367431640625e-07
10.87	9.5367431640625e-07
10.88	9.5367431640625e-07
10.89	9.5367431640625e-07
10.9	9.5367431640625e-07
10.91	9.5367431640625e-07
10.92	9.5367431640625e-07
10.93	9.5367431640625e-07
10.94	9.5367431640625e-07
10.95	9.5367431640625e-07
10.96	9.5367431640625e-07
10.97	9.5367431640625e-07
10.98	9.5367431640625e-07
10.99	9.5367431640625e-07
11.0	9.5367431640625e-07
11.01	9.5367431640625e-07
11.02	9.5367431640625e-07
11.03	9.5367431640625e-07
11.04	9.5367431640625e-07
11.05	9.5367431640625e-07
11.06	9.5367431640625e-07
11.07	9.5367431640625e-07
11.08	9.5367431640625e-07
11.09	9.5367431640625e-07
11.1	7.152557373046875e-07
11.11	7.152557373046875e-07
11.12	7.152557373046875e-07
11.13	7.152557373046875e-07
11.14	4.76837158203125e-07
11.15	4.76837158203125e-07
11.16	4.76837158203125e-07
11.17	4.76837158203125e-07
11.18	4.76837158203125e-07
11.19	2.384185791015625e-07
11.2	2.384185791015625e-07
11.21	2.384185791015625e-07
11.22	2.384185791015625e-07
