5.23	0.0005024892743676901
5.24	0.0004984355764463544
5.25	0.0004943949752487242
5.26	0.0004903801600448787
5.27	0.00048637320287525654
5.28	0.0004824261995963752
5.29	0.00047847937094047666
5.3	0.00047457392793148756
5.31	0.0004707036423496902
5.32	0.00046685198321938515
5.33	0.0004630215116776526
5.34	0.0004592297482304275
5.35	0.0004554574261419475
5.36	0.00045171414967626333
5.37	0.0004480208153836429
5.38	0.0004443256766535342
5.39	0.0004406667430885136
5.4	0.00043704977724701166
5.41	0.00043344293953850865
5.42	0.00042984989704564214
5.43	0.0004263182054273784
5.44	0.0004227497847750783
5.45	0.00041931000305339694
5.46	0.0004158494411967695
5.47	0.0004123923135921359
5.48	0.0004089297726750374
5.49	0.000405608385335654
5.5	0.00040222390089184046
5.51	0.00039887294406071305
5.52	0.00039556139381602407
5.53	0.00039226963417604566
5.54	0.000388988119084388
5.55	0.0003857677220366895
5.56	0.000382535916287452
5.57	0.00037934782449156046
5.58	0.000376183888874948
5.59	0.0003730346215888858
5.6	0.0003699075314216316
5.61	0.0003668364370241761
5.62	0.00036375969648361206
5.63	0.000360710546374321
5.64	0.0003577019087970257
5.65	0.00035469583235681057
5.66	0.0003517185105010867
5.67	0.0003487686044536531
5.68	0.00034583406522870064
5.69	0.0003428936470299959
5.7	0.0003400473506189883
5.71	0.0003371663042344153
5.72	0.0003343236166983843
5.73	0.00033147737849503756
5.74	0.00032870302675291896
5.75	0.00032592768548056483
5.76	0.0003231714363209903
5.77	0.0003204217064194381
5.78	0.0003177202888764441
5.79	0.000315032375510782
5.8	0.0003123444621451199
5.81	0.0003097123117186129
5.82	0.00030708382837474346
5.83	0.00030446844175457954
5.84	0.0003018744755536318
5.85	0.0002993062371388078
5.86	0.0002967429463751614
5.87	0.0002942352439276874
5.88	0.000291711650788784
5.89	0.0002892069751396775
5.9	0.00028674001805484295
5.91	0.0002842918038368225
5.92	0.0002818438224494457
5.93	0.00027944042813032866
5.94	0.0002770263236016035
5.95	0.00027465488528832793
5.96	0.0002723005600273609
5.97	0.00026995333610102534
5.98	0.00026759266620501876
5.99	0.00026532128686085343
6.0	0.00026303407503291965
6.01	0.00026074767811223865
6.02	0.0002584930625744164
6.03	0.0002562614972703159
6.04	0.0002540383138693869
6.05	0.0002518274704925716
6.06	0.0002496548113413155
6.07	0.00024746666895225644
6.08	0.00024532119277864695
6.09	0.00024318136274814606
6.1	0.0002410598681308329
6.11	0.00023896893253549933
6.12	0.00023688405053690076
6.13	0.00023480341769754887
6.14	0.00023275933926925063
6.15	0.0002307295217178762
6.16	0.00022870529210194945
6.17	0.0002267064992338419
6.18	0.00022471463307738304
6.19	0.00022271991474553943
6.2	0.00022079015616327524
6.21	0.00021883920999243855
6.22	0.0002168992068618536
6.23	0.00021497794659808278
6.24	0.0002130965585820377
6.25	0.0002112138899974525
6.26	0.0002093528164550662
6.27	0.00020750315161421895
6.28	0.00020565971499308944
6.29	0.0002038524835370481
6.3	0.00020204350585117936
6.31	0.00020025309640914202
6.32	0.00019848474767059088
6.33	0.00019672221969813108
6.34	0.00019497302128002048
6.35	0.00019325438188388944
6.36	0.00019153003813698888
6.37	0.0001898194313980639
6.38	0.00018813804490491748
6.39	0.0001864585210569203
6.4	0.00018478557467460632
6.41	0.00018314155749976635
6.42	0.00018149666721001267
6.43	0.00017987180035561323
6.44	0.00017826101975515485
6.45	0.0001766763161867857
6.46	0.00017509167082607746
6.47	0.0001735310652293265
6.48	0.00017196463886648417
6.49	0.00017042842227965593
6.5	0.00016891054110601544
6.51	0.00016738928388804197
6.52	0.0001658927067182958
6.53	0.000164397235494107
6.54	0.00016291101928800344
6.55	0.00016143545508384705
6.56	0.0001599925453774631
6.57	0.00015853910008445382
6.58	0.00015710137085989118
6.59	0.00015568977687507868
6.6	0.00015427963808178902
6.61	0.00015287846326828003
6.62	0.000151496147736907
6.63	0.00015012494986876845
6.64	0.0001487606787122786
6.65	0.00014741747872903943
6.66	0.00014607049524784088
6.67	0.00014474644558504224
6.68	0.00014342338545247912
6.69	0.00014210829976946115
6.7	0.00014081894187256694
6.71	0.00013954302994534373
6.72	0.00013825483620166779
6.73	0.00013699306873604655
6.74	0.00013573572505265474
6.75	0.00013448414392769337
6.76	0.00013325241161510348
6.77	0.00013203348498791456
6.78	0.0001308121718466282
6.79	0.00012960965977981687
6.8	0.00012842542491853237
6.81	0.0001272275112569332
6.82	0.00012605567462742329
6.83	0.00012490281369537115
6.84	0.00012373377103358507
6.85	0.00012259435607120395
6.86	0.00012145901564508677
6.87	0.00012032140512019396
6.88	0.00011921202531084418
6.89	0.00011810509022325277
6.9	0.00011699862079694867
6.91	0.00011590984649956226
6.92	0.00011483399430289865
6.93	0.00011375226313248277
6.94	0.00011269591050222516
6.95	0.00011164270108565688
6.96	0.00011059187818318605
6.97	0.00010955729521811008
6.98	0.00010853889398276806
6.99	0.0001075156033039093
7.0	0.00010650866897776723
7.01	0.00010550464503467083
7.02	0.00010450888657942414
7.03	0.00010353029938414693
7.04	0.00010256184032186866
7.05	0.00010159134399145842
7.06	0.00010062515502795577
7.07	9.967980440706015e-05
7.08	9.87364910542965e-05
7.09	9.780190885066986e-05
7.1	9.687046986073256e-05
7.11	9.594991570338607e-05
7.12	9.504851186648011e-05
7.13	9.41460020840168e-05
7.14	9.324436541646719e-05
7.15	9.237235644832253e-05
7.16	9.149132529273629e-05
7.17	9.062082972377539e-05
7.18	8.976220851764083e-05
7.19	8.890626486390829e-05
7.2	8.805457036942244e-05
7.21	8.722231723368168e-05
7.22	8.638715371489525e-05
7.23	8.555763633921742e-05
7.24	8.474552305415273e-05
7.25	8.392747258767486e-05
7.26	8.312292629852891e-05
7.27	8.233095286414027e-05
7.28	8.154497481882572e-05
7.29	8.07509059086442e-05
7.3	7.998815272003412e-05
7.31	7.921602809801698e-05
7.32	7.845606887713075e-05
7.33	7.770542288199067e-05
7.34	7.695378735661507e-05
7.35	7.620529504492879e-05
7.36	7.548258872702718e-05
7.37	7.475167512893677e-05
7.38	7.402530172839761e-05
7.39	7.330975495278835e-05
7.4	7.260125130414963e-05
7.41	7.189711323007941e-05
7.42	7.119984365999699e-05
7.43	7.05061829648912e-05
7.44	6.982142804190516e-05
7.45	6.915070116519928e-05
7.46	6.84722326695919e-05
7.47	6.780494004487991e-05
7.48	6.714643677696586e-05
7.49	6.649689748883247e-05
7.5	6.584555376321077e-05
7.51	6.520905299112201e-05
7.52	6.456801202148199e-05
7.53	6.39331410638988e-05
7.54	6.33107265457511e-05
7.55	6.268505239859223e-05
7.56	6.207020487636328e-05
7.57	6.14626333117485e-05
7.58	6.085372297093272e-05
7.59	6.025796756148338e-05
7.6	5.966617027297616e-05
7.61	5.907088052481413e-05
7.62	5.8487465139478445e-05
7.63	5.791272269561887e-05
7.64	5.733559373766184e-05
7.65	5.676894215866923e-05
7.66	5.621224408969283e-05
7.67	5.564437014982104e-05
7.68	5.509902257472277e-05
7.69	5.455722566694021e-05
7.7	5.4013042245060205e-05
7.71	5.3473981097340584e-05
7.72	5.2943185437470675e-05
7.73	5.2410701755434275e-05
7.74	5.1888462621718645e-05
7.75	5.137198604643345e-05
7.76	5.085073644295335e-05
7.77	5.034124478697777e-05
7.78	4.984484985470772e-05
7.79	4.9329944886267185e-05
7.8	4.883535439148545e-05
7.81	4.834710853174329e-05
7.82	4.785758210346103e-05
7.83	4.738016286864877e-05
7.84	4.690024070441723e-05
7.85	4.642549902200699e-05
7.86	4.5960245188325644e-05
7.87	4.5499822590500116e-05
7.88	4.503777017816901e-05
7.89	4.45795594714582e-05
7.9	4.412420094013214e-05
7.91	4.367867950350046e-05
7.92	4.323502071201801e-05
7.93	4.2800791561603546e-05
7.94	4.235934466123581e-05
7.95	4.1925348341464996e-05
7.96	4.149728920310736e-05
7.97	4.107301356270909e-05
7.98	4.0655897464603186e-05
7.99	4.023849032819271e-05
8.0	3.982766065746546e-05
8.01	3.942142939195037e-05
8.02	3.902008756995201e-05
8.03	3.862119046971202e-05
8.04	3.82273574359715e-05
8.05	3.78349213860929e-05
8.06	3.744743298739195e-05
8.07	3.706518327817321e-05
8.08	3.667944110929966e-05
8.09	3.629521233960986e-05
8.1	3.593153087422252e-05
8.11	3.55588854290545e-05
8.12	3.519223537296057e-05
8.13	3.482366446405649e-05
8.14	3.446737537160516e-05
8.15	3.410998033359647e-05
8.16	3.376201493665576e-05
8.17	3.3413292840123177e-05
8.18	3.306521102786064e-05
8.19	3.2723997719585896e-05
8.2	3.2384530641138554e-05
8.21	3.2039242796599865e-05
8.22	3.171520074829459e-05
8.23	3.138434840366244e-05
8.24	3.105110954493284e-05
8.25	3.073562402278185e-05
8.26	3.0413037165999413e-05
8.27	3.0091730877757072e-05
8.28	2.978043630719185e-05
8.29	2.9470829758793116e-05
8.3	2.91630276478827e-05
8.31	2.8858950827270746e-05
8.32	2.8554233722388744e-05
8.33	2.8253474738448858e-05
8.34	2.7962843887507915e-05
8.35	2.7669710107147694e-05
8.36	2.7379137463867664e-05
8.37	2.7093570679426193e-05
8.38	2.6804162189364433e-05
8.39	2.6525638531893492e-05
8.4	2.6244961190968752e-05
8.41	2.5965971872210503e-05
8.42	2.5690533220767975e-05
8.43	2.5418878067284822e-05
8.44	2.5149842258542776e-05
8.45	2.4877488613128662e-05
8.46	2.4612993001937866e-05
8.47	2.4353095795959234e-05
8.48	2.4094420950859785e-05
8.49	2.38381908275187e-05
8.5	2.3582077119499445e-05
8.51	2.3328117094933987e-05
8.52	2.308323746547103e-05
8.53	2.2837542928755283e-05
8.54	2.2595981135964394e-05
8.55	2.235319698229432e-05
8.56	2.2111169528216124e-05
8.57	2.187240170314908e-05
8.58	2.164259785786271e-05
8.59	2.1407497115433216e-05
8.6	2.1174957510083914e-05
8.61	2.0946550648659468e-05
8.62	2.071930794045329e-05
8.63	2.0490784663707018e-05
8.64	2.0274193957448006e-05
8.65	2.004782436415553e-05
8.66	1.983041875064373e-05
8.67	1.9618484657257795e-05
8.68	1.9399798475205898e-05
8.69	1.9188271835446358e-05
8.7	1.8984021153301e-05
8.71	1.8773716874420643e-05
8.72	1.8569582607597113e-05
8.73	1.836993033066392e-05
8.74	1.8163525965064764e-05
8.75	1.7965328879654408e-05
8.76	1.776998396962881e-05
8.77	1.7572019714862108e-05
8.78	1.7376907635480165e-05
8.79	1.718592830002308e-05
8.8	1.69923878274858e-05
8.81	1.6809673979878426e-05
8.82	1.6624690033495426e-05
8.83	1.6438832972198725e-05
8.84	1.6259029507637024e-05
8.85	1.607614103704691e-05
8.86	1.5899015124887228e-05
8.87	1.5721539966762066e-05
8.88	1.554988557472825e-05
8.89	1.5375087969005108e-05
8.9	1.5207973774522543e-05
8.91	1.5039928257465363e-05
8.92	1.487252302467823e-05
8.93	1.470564166083932e-05
8.94	1.4542427379637957e-05
8.95	1.4381890650838614e-05
8.96	1.4221819583326578e-05
8.97	1.406052615493536e-05
8.98	1.3903016224503517e-05
8.99	1.3751443475484848e-05
9.0	1.3598997611552477e-05
9.01	1.3444398064166307e-05
9.02	1.3296026736497879e-05
9.03	1.3147597201168537e-05
9.04	1.2998352758586407e-05
9.05	1.2857140973210335e-05
9.06	1.270999200642109e-05
9.07	1.2569187674671412e-05
9.08	1.2431060895323753e-05
9.09	1.2290372978895903e-05
9.1	1.2150441762059927e-05
9.11	1.2014701496809721e-05
9.12	1.1881114915013313e-05
9.13	1.1744850780814886e-05
9.14	1.1616211850196123e-05
9.15	1.148605952039361e-05
9.16	1.1353462468832731e-05
9.17	1.1227966751903296e-05
9.18	1.1101597920060158e-05
9.19	1.0977149941027164e-05
9.2	1.0854506399482489e-05
9.21	1.0729359928518534e-05
9.22	1.060508657246828e-05
9.23	1.0488205589354038e-05
9.24	1.0370975360274315e-05
9.25	1.0253861546516418e-05
9.26	1.013569999486208e-05
9.27	1.0019750334322453e-05
9.28	9.904149919748306e-06
9.29	9.790761396288872e-06
9.3	9.677896741777658e-06
9.31	9.565381333231926e-06
9.32	9.458803106099367e-06
9.33	9.348033927381039e-06
9.34	9.237963240593672e-06
9.35	9.130686521530151e-06
9.36	9.026494808495045e-06
9.37	8.9230015873909e-06
9.38	8.818984497338533e-06
9.39	8.71584052219987e-06
9.4	8.614733815193176e-06
9.41	8.514500223100185e-06
9.42	8.413975592702627e-06
9.43	8.316244930028915e-06
9.44	8.220027666538954e-06
9.45	8.120667189359665e-06
9.46	8.023518603295088e-06
9.47	7.93207436800003e-06
9.48	7.835507858544588e-06
9.49	7.743306923657656e-06
9.5	7.652328349649906e-06
9.51	7.56274675950408e-06
9.52	7.4713025242090225e-06
9.53	7.384689524769783e-06
9.54	7.295573595911264e-06
9.55	7.208611350506544e-06
9.56	7.123337127268314e-06
9.57	7.038703188300133e-06
9.58	6.9534871727228165e-06
9.59	6.872578524053097e-06
9.6	6.787595339119434e-06
9.61	6.705813575536013e-06
9.62	6.625894457101822e-06
9.63	6.543821655213833e-06
9.64	6.463786121457815e-06
9.65	6.388756446540356e-06
9.66	6.3104089349508286e-06
9.67	6.233516614884138e-06
9.68	6.159825716167688e-06
9.69	6.0853781178593636e-06
9.7	6.013375241309404e-06
9.71	5.9416634030640125e-06
9.72	5.870650056749582e-06
9.73	5.800859071314335e-06
9.74	5.731009878218174e-06
9.75	5.662150215357542e-06
9.76	5.594105459749699e-06
9.77	5.5273412726819515e-06
9.78	5.459762178361416e-06
9.79	5.396024789661169e-06
9.8	5.329551640897989e-06
9.81	5.265290383249521e-06
9.82	5.200912710279226e-06
9.83	5.140493158251047e-06
9.84	5.076988600194454e-06
9.85	5.017791409045458e-06
9.86	4.956789780408144e-06
9.87	4.897709004580975e-06
9.88	4.837638698518276e-06
9.89	4.781119059771299e-06
9.9	4.721747245639563e-06
9.91	4.666915629059076e-06
9.92	4.612491466104984e-06
9.93	4.5555061660707e-06
9.94	4.501198418438435e-06
9.95	4.44723991677165e-06
9.96	4.391302354633808e-06
9.97	4.33996319770813e-06
9.98	4.287168849259615e-06
9.99	4.233850631862879e-06
10.0	4.182220436632633e-06
10.01	4.132627509534359e-06
10.02	4.080997314304113e-06
10.03	4.033208824694157e-06
10.04	3.9833830669522285e-06
10.05	3.934197593480349e-06
10.06	3.886176273226738e-06
10.07	3.839842975139618e-06
10.08	3.790773916989565e-06
10.09	3.7457793951034546e-06
10.1	3.6994460970163345e-06
10.11	3.6521232686936855e-06
10.12	3.6079436540603638e-06
10.13	3.563764039427042e-06
10.14	3.517954610288143e-06
10.15	3.4751719795167446e-06
10.16	3.4315744414925575e-06
10.17	3.3871037885546684e-06
10.18	3.3453688956797123e-06
10.19	3.3011892810463905e-06
10.2	3.2591051422059536e-06
10.21	3.2183597795665264e-06
10.22	3.1761592254042625e-06
10.23	3.135239239782095e-06
10.24	3.0957162380218506e-06
10.25	3.0564842745661736e-06
10.26	3.0157389119267464e-06
10.27	2.9775546863675117e-06
10.28	2.938089892268181e-06
10.29	2.901128027588129e-06
10.3	2.8630602173507214e-06
10.31	2.826156560331583e-06
10.32	2.788146957755089e-06
10.33	2.7518835850059986e-06
10.34	2.715212758630514e-06
10.35	2.680579200387001e-06
10.36	2.645712811499834e-06
10.37	2.611079253256321e-06
10.38	2.5756889954209328e-06
10.39	2.5440240278840065e-06
10.4	2.5092740543186665e-06
10.41	2.4770270101726055e-06
10.42	2.4444889277219772e-06
10.43	2.4124165065586567e-06
10.44	2.379587385803461e-06
10.45	2.348562702536583e-06
10.46	2.317072357982397e-06
10.47	2.286280505359173e-06
10.48	2.257176674902439e-06
10.49	2.227374352514744e-06
10.5	2.1976884454488754e-06
10.51	2.1699233911931515e-06
10.52	2.139830030500889e-06
10.53	2.1127634681761265e-06
10.54	2.0855222828686237e-06
10.55	2.0579900592565536e-06
10.56	2.030865289270878e-06
10.57	2.0061852410435677e-06
10.58	1.98121415451169e-06
10.59	1.9540893845260143e-06
10.6	1.929409336298704e-06
10.61	1.9040890038013458e-06
10.62	1.878826878964901e-06
10.63	1.8551945686340332e-06
10.64	1.8303398974239826e-06
10.65	1.8067075870931149e-06
10.66	1.7837737686932087e-06
10.67	1.7608399502933025e-06
10.68	1.737847924232483e-06
10.69	1.7151469364762306e-06
10.7	1.69314444065094e-06
10.71	1.6714329831302166e-06
10.72	1.6505364328622818e-06
10.73	1.6281264834105968e-06
10.74	1.607346348464489e-06
10.75	1.58755574375391e-06
10.76	1.5668920241296291e-06
10.77	1.5476252883672714e-06
10.78	1.5274272300302982e-06
10.79	1.5070545487105846e-06
10.8	1.4872639440000057e-06
10.81	1.4676479622721672e-06
10.82	1.4482648111879826e-06
10.83	1.4298129826784134e-06
10.84	1.4102552086114883e-06
10.85	1.3907556422054768e-06
10.86	1.372594852000475e-06
10.87	1.3548415154218674e-06
10.88	1.3341777957975864e-06
10.89	1.317064743489027e-06
10.9	1.3006501831114292e-06
10.91	1.2827222235500813e-06
10.92	1.2654345482587814e-06
10.93	1.2468080967664719e-06
10.94	1.2299278751015663e-06
10.95	1.2142700143158436e-06
10.96	1.1980882845818996e-06
10.97	1.1803931556642056e-06
10.98	1.1635129339993e-06
10.99	1.1477968655526638e-06
11.0	1.1317897588014603e-06
11.01	1.1152587831020355e-06
11.02	1.100008375942707e-06
11.03	1.0835356079041958e-06
11.04	1.068110577762127e-06
11.05	1.052918378263712e-06
11.06	1.03760976344347e-06
11.07	1.0228832252323627e-06
11.08	1.0078656487166882e-06
11.09	9.93779394775629e-07
11.1	9.792856872081757e-07
11.11	9.648501873016357e-07
11.12	9.50181856751442e-07
11.13	9.365612640976906e-07
11.14	9.233481250703335e-07
11.15	9.097857400774956e-07
11.16	8.966890163719654e-07
11.17	8.828938007354736e-07
11.18	8.700881153345108e-07
11.19	8.5815554484725e-07
11.2	8.458155207335949e-07
11.21	8.321949280798435e-07
11.22	8.20669811218977e-07
11.23	8.087372407317162e-07
11.24	7.977359928190708e-07
11.25	7.862108759582043e-07
11.26	7.747439667582512e-07
11.27	7.631606422364712e-07
11.28	7.530907168984413e-07
11.29	7.409253157675266e-07
11.3	7.30506144464016e-07
11.31	7.20552634447813e-07
11.32	7.103080861270428e-07
11.33	6.99248630553484e-07
11.34	6.904592737555504e-07
11.35	6.799818947911263e-07
11.36	6.70610461384058e-07
11.37	6.615882739424706e-07
11.38	6.527407094836235e-07
11.39	6.435438990592957e-07
11.4	6.345799192786217e-07
11.41	6.256159394979477e-07
11.42	6.173504516482353e-07
11.43	6.093760021030903e-07
11.44	6.008194759488106e-07
11.45	5.916808731853962e-07
11.46	5.845213308930397e-07
11.47	5.757901817560196e-07
11.48	5.681067705154419e-07
11.49	5.595502443611622e-07
11.5	5.519832484424114e-07
11.51	5.441252142190933e-07
11.52	5.376641638576984e-07
11.53	5.294568836688995e-07
11.54	5.218898877501488e-07
11.55	5.153706297278404e-07
11.56	5.083857104182243e-07
11.57	5.00993337482214e-07
11.58	4.93892002850771e-07
11.59	4.862085916101933e-07
11.6	4.798639565706253e-07
11.61	4.7369394451379776e-07
11.62	4.672328941524029e-07
11.63	4.602479748427868e-07
11.64	4.5332126319408417e-07
11.65	4.46452759206295e-07
11.66	4.4045737013220787e-07
11.67	4.334142431616783e-07
11.68	4.2730243876576424e-07
11.69	4.1979365050792694e-07
11.7	4.1461316868662834e-07
11.71	4.080357030034065e-07
11.72	4.021567292511463e-07
11.73	3.9528822526335716e-07
11.74	3.897002898156643e-07
11.75	3.83937731385231e-07
11.76	3.782915882766247e-07
11.77	3.712484613060951e-07
11.78	3.6566052585840225e-07
11.79	3.6013079807162285e-07
11.8	3.5477569326758385e-07
11.81	3.4837285056710243e-07
11.82	3.432505764067173e-07
11.83	3.3655669540166855e-07
11.84	3.316090442240238e-07
11.85	3.263121470808983e-07
11.86	3.203749656677246e-07
11.87	3.1496165320277214e-07
11.88	3.096647560596466e-07
11.89	3.0425144359469414e-07
11.9	3.001769073307514e-07
11.91	2.948800101876259e-07
11.92	2.90165189653635e-07
11.93	2.852175384759903e-07
11.94	2.8137583285570145e-07
11.95	2.762535586953163e-07
11.96	2.715969458222389e-07
11.97	2.6728957891464233e-07
11.98	2.625747583806515e-07
11.99	2.584420144557953e-07
12.0	2.543092705309391e-07
12.01	2.496526576578617e-07
12.02	2.4598557502031326e-07
12.03	2.4173641577363014e-07
12.04	2.380693331360817e-07
12.05	2.3370375856757164e-07
12.06	2.2997846826910973e-07
12.07	2.257293090224266e-07
12.08	2.2310996428132057e-07
12.09	2.19675712287426e-07
12.1	2.1577579900622368e-07
12.11	2.125161699950695e-07
12.12	2.091401256620884e-07
12.13	2.059387043118477e-07
12.14	2.0320294424891472e-07
12.15	2.0005973055958748e-07
12.16	1.969747245311737e-07
12.17	1.942971721291542e-07
12.18	1.9115395843982697e-07
12.19	1.8818536773324013e-07
12.2	1.8562423065304756e-07
12.21	1.8248101696372032e-07
12.22	1.8015271052718163e-07
12.23	1.7747515812516212e-07
12.24	1.7462298274040222e-07
12.25	1.7171259969472885e-07
12.26	1.6979174688458443e-07
12.27	1.673470251262188e-07
12.28	1.6490230336785316e-07
12.29	1.623411662876606e-07
12.3	1.5989644452929497e-07
12.31	1.575099304318428e-07
12.32	1.5558907762169838e-07
12.33	1.5314435586333275e-07
12.34	1.5099067240953445e-07
12.35	1.484295353293419e-07
12.36	1.462758518755436e-07
12.37	1.4383113011717796e-07
12.38	1.4173565432429314e-07
12.39	1.3975659385323524e-07
12.4	1.3754470273852348e-07
12.41	1.3550743460655212e-07
12.42	1.332373358309269e-07
12.43	1.309090293943882e-07
12.44	1.2863893061876297e-07
12.45	1.2683449313044548e-07
12.46	1.2479722499847412e-07
12.47	1.225271262228489e-07
12.48	1.2043165042996407e-07
12.49	1.1816155165433884e-07
12.5	1.1664815247058868e-07
12.51	1.1461088433861732e-07
12.52	1.1239899322390556e-07
12.53	1.1024530977010727e-07
12.54	1.0814983397722244e-07
12.55	1.0599615052342415e-07
12.56	1.0424992069602013e-07
12.57	1.0244548320770264e-07
12.58	1.0069925338029861e-07
12.59	9.901123121380806e-08
12.6	9.71485860645771e-08
12.61	9.528594091534615e-08
12.62	9.383074939250946e-08
12.63	9.19681042432785e-08
12.64	9.004725143313408e-08
12.65	8.85920599102974e-08
12.66	8.649658411741257e-08
12.67	8.469214662909508e-08
12.68	8.294591680169106e-08
12.69	8.12578946352005e-08
12.7	7.980270311236382e-08
12.71	7.834751158952713e-08
12.72	7.648486644029617e-08
12.73	7.502967491745949e-08
12.74	7.363269105553627e-08
12.75	7.241033017635345e-08
12.76	7.08969309926033e-08
12.77	6.967457011342049e-08
12.78	6.845220923423767e-08
12.79	6.722984835505486e-08
12.8	6.600748747587204e-08
12.81	6.466871127486229e-08
12.82	6.362097337841988e-08
12.83	6.263144314289093e-08
12.84	6.123445928096771e-08
12.85	6.012851372361183e-08
12.86	5.8906152844429016e-08
12.87	5.797483026981354e-08
12.88	5.663605406880379e-08
12.89	5.593756213784218e-08
12.9	5.4889824241399765e-08
12.91	5.4016709327697754e-08
12.92	5.3085386753082275e-08
12.93	5.23286871612072e-08
12.94	5.1513779908418655e-08
12.95	5.058245733380318e-08
12.96	4.98257577419281e-08
12.97	4.918547347187996e-08
12.98	4.8370566219091415e-08
12.99	4.761386662721634e-08
13.0	4.6798959374427795e-08
13.01	4.6100467443466187e-08
13.02	4.540197551250458e-08
13.03	4.487810656428337e-08
13.04	4.417961463332176e-08
13.05	4.336470738053322e-08
13.06	4.260800778865814e-08
13.07	4.2084138840436935e-08
13.08	4.1211023926734924e-08
13.09	4.0745362639427185e-08
13.1	4.0046870708465576e-08
13.11	3.92901711165905e-08
13.12	3.864988684654236e-08
13.13	3.800960257649422e-08
13.14	3.742752596735954e-08
13.15	3.6961864680051804e-08
13.16	3.6263372749090195e-08
13.17	3.562308847904205e-08
13.18	3.5099219530820847e-08
13.19	3.4691765904426575e-08
13.2	3.3585820347070694e-08
13.21	3.329478204250336e-08
13.22	3.271270543336868e-08
13.23	3.1956005841493607e-08
13.24	3.1315721571445465e-08
13.25	3.079185262322426e-08
13.26	3.009336069226265e-08
13.27	2.9802322387695312e-08
13.28	2.9045622795820236e-08
13.29	2.852175384759903e-08
13.3	2.7939677238464355e-08
13.31	2.7299392968416214e-08
13.32	2.6542693376541138e-08
13.33	2.6193447411060333e-08
13.34	2.5553163141012192e-08
13.35	2.4796463549137115e-08
13.36	2.4156179279088974e-08
13.37	2.3748725652694702e-08
13.38	2.3224856704473495e-08
13.39	2.2759195417165756e-08
13.4	2.1944288164377213e-08
13.41	2.153683453798294e-08
13.42	2.112938091158867e-08
13.43	2.0605511963367462e-08
13.44	1.9907020032405853e-08
13.45	1.9615981727838516e-08
13.46	1.8975697457790375e-08
13.47	1.885928213596344e-08
13.48	1.8277205526828766e-08
13.49	1.7869751900434494e-08
13.5	1.7404090613126755e-08
13.51	1.6996636986732483e-08
13.52	1.6530975699424744e-08
13.53	1.6065314412117004e-08
13.54	1.5657860785722733e-08
13.55	1.5308614820241928e-08
13.56	1.4959368854761124e-08
13.57	1.4901161193847656e-08
13.58	1.4435499906539917e-08
13.59	1.4202669262886047e-08
13.6	1.367880031466484e-08
13.61	1.3504177331924438e-08
13.62	1.3271346688270569e-08
13.63	1.3154931366443634e-08
13.64	1.280568540096283e-08
13.65	1.2514647096395493e-08
13.66	1.2281816452741623e-08
13.67	1.210719347000122e-08
13.68	1.1757947504520416e-08
13.69	1.1641532182693481e-08
13.7	1.1408701539039612e-08
13.71	1.123407855629921e-08
13.72	1.0884832590818405e-08
13.73	1.0710209608078003e-08
13.74	1.0477378964424133e-08
13.75	1.0419171303510666e-08
13.76	1.0128132998943329e-08
13.77	1.0069925338029861e-08
13.78	9.837094694375992e-09
13.79	9.778887033462524e-09
13.8	9.604264050722122e-09
13.81	9.487848728895187e-09
13.82	9.313225746154785e-09
13.83	9.19681042432785e-09
13.84	9.138602763414383e-09
13.85	9.080395102500916e-09
13.86	8.847564458847046e-09
13.87	8.731149137020111e-09
13.88	8.614733815193176e-09
13.89	8.498318493366241e-09
13.9	8.265487849712372e-09
13.91	8.09086486697197e-09
13.92	7.8580342233181e-09
13.93	7.799826562404633e-09
13.94	7.62520357966423e-09
13.95	7.508788257837296e-09
13.96	7.334165275096893e-09
13.97	7.2177499532699585e-09
13.98	7.159542292356491e-09
13.99	7.043126970529556e-09
14.0	6.752088665962219e-09
14.01	6.6356733441352844e-09
14.02	6.51925802230835e-09
14.03	6.402842700481415e-09
14.04	6.2282197177410126e-09
14.05	5.995389074087143e-09
14.06	5.762558430433273e-09
14.07	5.704350769519806e-09
14.08	5.587935447692871e-09
14.09	5.413312464952469e-09
14.1	5.238689482212067e-09
14.11	5.005858838558197e-09
14.12	4.889443516731262e-09
14.13	4.889443516731262e-09
14.14	4.773028194904327e-09
14.15	4.598405212163925e-09
14.16	4.48198989033699e-09
14.17	4.423782229423523e-09
14.18	4.249159246683121e-09
14.19	4.132743924856186e-09
14.2	3.958120942115784e-09
14.21	3.7834979593753815e-09
14.22	3.725290298461914e-09
14.23	3.6088749766349792e-09
14.24	3.3178366720676422e-09
14.25	3.2014213502407074e-09
14.26	3.14321368932724e-09
14.27	3.026798367500305e-09
14.28	3.026798367500305e-09
14.29	2.9103830456733704e-09
14.3	2.735760062932968e-09
14.31	2.561137080192566e-09
14.32	2.561137080192566e-09
14.33	2.5029294192790985e-09
14.34	2.3865140974521637e-09
14.35	2.3283064365386963e-09
14.36	2.270098775625229e-09
14.37	2.270098775625229e-09
14.38	2.153683453798294e-09
14.39	2.0372681319713593e-09
14.4	1.979060471057892e-09
14.41	1.979060471057892e-09
14.42	1.979060471057892e-09
14.43	1.862645149230957e-09
14.44	1.8044374883174896e-09
14.45	1.8044374883174896e-09
14.46	1.8044374883174896e-09
14.47	1.8044374883174896e-09
14.48	1.7462298274040222e-09
14.49	1.7462298274040222e-09
14.5	1.6880221664905548e-09
14.51	1.6880221664905548e-09
14.52	1.6880221664905548e-09
14.53	1.6298145055770874e-09
14.54	1.57160684466362e-09
14.55	1.57160684466362e-09
14.56	1.5133991837501526e-09
14.57	1.5133991837501526e-09
14.58	1.5133991837501526e-09
14.59	1.4551915228366852e-09
14.6	1.3969838619232178e-09
14.61	1.3969838619232178e-09
14.62	1.3969838619232178e-09
14.63	1.3969838619232178e-09
14.64	1.3969838619232178e-09
14.65	1.3387762010097504e-09
14.66	1.3387762010097504e-09
14.67	1.280568540096283e-09
14.68	1.280568540096283e-09
14.69	1.280568540096283e-09
14.7	1.280568540096283e-09
14.71	1.1641532182693481e-09
14.72	1.1641532182693481e-09
14.73	1.1641532182693481e-09
14.74	1.1641532182693481e-09
14.75	1.1641532182693481e-09
14.76	1.1059455573558807e-09
14.77	1.0477378964424133e-09
14.78	1.0477378964424133e-09
14.79	1.0477378964424133e-09
14.8	9.89530235528946e-10
14.81	9.89530235528946e-10
14.82	9.89530235528946e-10
14.83	9.89530235528946e-10
14.84	9.89530235528946e-10
14.85	8.731149137020111e-10
14.86	8.731149137020111e-10
14.87	8.149072527885437e-10
14.88	8.149072527885437e-10
14.89	7.566995918750763e-10
14.9	6.402842700481415e-10
14.91	5.820766091346741e-10
14.92	5.820766091346741e-10
14.93	5.820766091346741e-10
14.94	5.820766091346741e-10
14.95	5.238689482212067e-10
14.96	5.238689482212067e-10
14.97	4.656612873077393e-10
14.98	4.656612873077393e-10
14.99	4.0745362639427185e-10
15.0	4.0745362639427185e-10
15.01	4.0745362639427185e-10
15.02	4.0745362639427185e-10
15.03	4.0745362639427185e-10
15.04	3.4924596548080444e-10
15.05	3.4924596548080444e-10
15.06	3.4924596548080444e-10
15.07	3.4924596548080444e-10
15.08	3.4924596548080444e-10
15.09	2.9103830456733704e-10
15.1	2.3283064365386963e-10
15.11	2.3283064365386963e-10
15.12	2.3283064365386963e-10
15.13	2.3283064365386963e-10
15.14	2.3283064365386963e-10
15.15	1.7462298274040222e-10
15.16	1.7462298274040222e-10
15.17	1.7462298274040222e-10
15.18	1.7462298274040222e-10
15.19	1.1641532182693481e-10
15.2	1.1641532182693481e-10
15.21	1.1641532182693481e-10
15.22	1.1641532182693481e-10
15.23	1.1641532182693481e-10
15.24	1.1641532182693481e-10
15.25	1.1641532182693481e-10
15.26	1.1641532182693481e-10
15.27	1.1641532182693481e-10
15.28	1.1641532182693481e-10
15.29	1.1641532182693481e-10
15.3	1.1641532182693481e-10
15.31	1.1641532182693481e-10
15.32	1.1641532182693481e-10
15.33	1.1641532182693481e-10
15.34	1.1641532182693481e-10
15.35	1.1641532182693481e-10
15.36	1.1641532182693481e-10
15.37	1.1641532182693481e-10
15.38	1.1641532182693481e-10
15.39	1.1641532182693481e-10
15.4	1.1641532182693481e-10
15.41	1.1641532182693481e-10
15.42	1.1641532182693481e-10
15.43	1.1641532182693481e-10
15.44	1.1641532182693481e-10
15.45	1.1641532182693481e-10
15.46	1.1641532182693481e-10
15.47	1.1641532182693481e-10
15.48	1.1641532182693481e-10
15.49	1.1641532182693481e-10
15.5	1.1641532182693481e-10
15.51	1.1641532182693481e-10
15.52	1.1641532182693481e-10
15.53	1.1641532182693481e-10
15.54	1.1641532182693481e-10
15.55	5.820766091346741e-11
15.56	5.820766091346741e-11
15.57	5.820766091346741e-11
15.58	5.820766091346741e-11
15.59	5.820766091346741e-11
15.6	5.820766091346741e-11
15.61	5.820766091346741e-11
15.62	5.820766091346741e-11
15.63	5.820766091346741e-11
15.64	5.820766091346741e-11
15.65	5.820766091346741e-11
15.66	5.820766091346741e-11
15.67	5.820766091346741e-11
15.68	5.820766091346741e-11
15.69	5.820766091346741e-11
15.7	5.820766091346741e-11
15.71	5.820766091346741e-11
15.72	5.820766091346741e-11
15.73	5.820766091346741e-11
15.74	5.820766091346741e-11
15.75	0.0
