5.35	0.0005066394805908203
5.36	0.0004923343658447266
5.37	0.0004901885986328125
5.38	0.0004858970642089844
5.39	0.00048422813415527344
5.4	0.00048279762268066406
5.41	0.00048041343688964844
5.42	0.00047779083251953125
5.43	0.000476837158203125
5.44	0.00047516822814941406
5.45	0.00046634674072265625
5.46	0.00045990943908691406
5.47	0.000457763671875
5.48	0.000453948974609375
5.49	0.00045108795166015625
5.5	0.00044918060302734375
5.51	0.0004487037658691406
5.52	0.00043964385986328125
5.53	0.00043201446533203125
5.54	0.0004303455352783203
5.55	0.0004267692565917969
5.56	0.0004253387451171875
5.57	0.00042510032653808594
5.58	0.0004222393035888672
5.59	0.00041985511779785156
5.6	0.0004177093505859375
5.61	0.0004153251647949219
5.62	0.0004131793975830078
5.63	0.0004124641418457031
5.64	0.00041103363037109375
5.65	0.0004069805145263672
5.66	0.0004055500030517578
5.67	0.00040531158447265625
5.68	0.0004029273986816406
5.69	0.00039696693420410156
5.7	0.00039458274841308594
5.71	0.00039386749267578125
5.72	0.0003924369812011719
5.73	0.00039196014404296875
5.74	0.00039005279541015625
5.75	0.00038552284240722656
5.76	0.0003795623779296875
5.77	0.00037741661071777344
5.78	0.0003752708435058594
5.79	0.00037360191345214844
5.8	0.00037217140197753906
5.81	0.00036978721618652344
5.82	0.00036597251892089844
5.83	0.0003657341003417969
5.84	0.00036406517028808594
5.85	0.0003561973571777344
5.86	0.0003533363342285156
5.87	0.00035071372985839844
5.88	0.0003497600555419922
5.89	0.0003478527069091797
5.9	0.0003478527069091797
5.91	0.0003445148468017578
5.92	0.0003368854522705078
5.93	0.0003345012664794922
5.94	0.0003330707550048828
5.95	0.00033164024353027344
5.96	0.00033020973205566406
5.97	0.0003292560577392578
5.98	0.00032448768615722656
5.99	0.0003230571746826172
6.0	0.0003209114074707031
6.01	0.0003161430358886719
6.02	0.00031375885009765625
6.03	0.0003135204315185547
6.04	0.0003113746643066406
6.05	0.00030684471130371094
6.06	0.0003058910369873047
6.07	0.00030422210693359375
6.08	0.00030112266540527344
6.09	0.00029921531677246094
6.1	0.0002982616424560547
6.11	0.0002970695495605469
6.12	0.0002951622009277344
6.13	0.000293731689453125
6.14	0.0002932548522949219
6.15	0.0002911090850830078
6.16	0.00029015541076660156
6.17	0.0002865791320800781
6.18	0.00028586387634277344
6.19	0.0002856254577636719
6.2	0.0002846717834472656
6.21	0.00028228759765625
6.22	0.0002799034118652344
6.23	0.0002791881561279297
6.24	0.0002777576446533203
6.25	0.00027561187744140625
6.26	0.0002753734588623047
6.27	0.00027489662170410156
6.28	0.00027251243591308594
6.29	0.0002713203430175781
6.3	0.0002703666687011719
6.31	0.0002682209014892578
6.32	0.00026607513427734375
6.33	0.0002658367156982422
6.34	0.00026488304138183594
6.35	0.0002639293670654297
6.36	0.00026345252990722656
6.37	0.00026154518127441406
6.38	0.0002562999725341797
6.39	0.0002548694610595703
6.4	0.00025463104248046875
6.41	0.00025200843811035156
6.42	0.00024962425231933594
6.43	0.0002486705780029297
6.44	0.0002467632293701172
6.45	0.00024175643920898438
6.46	0.0002410411834716797
6.47	0.00023937225341796875
6.48	0.00023674964904785156
6.49	0.00023484230041503906
6.5	0.0002338886260986328
6.51	0.000232696533203125
6.52	0.0002307891845703125
6.53	0.00023055076599121094
6.54	0.00022840499877929688
6.55	0.00022530555725097656
6.56	0.00022459030151367188
6.57	0.0002231597900390625
6.58	0.00022220611572265625
6.59	0.00022077560424804688
6.6	0.00021982192993164062
6.61	0.00021791458129882812
6.62	0.00021576881408691406
6.63	0.0002155303955078125
6.64	0.00021505355834960938
6.65	0.0002143383026123047
6.66	0.0002129077911376953
6.67	0.00021219253540039062
6.68	0.000209808349609375
6.69	0.00020933151245117188
6.7	0.00020885467529296875
6.71	0.0002079010009765625
6.72	0.0002067089080810547
6.73	0.00020575523376464844
6.74	0.00020575523376464844
6.75	0.00020360946655273438
6.76	0.0002033710479736328
6.77	0.00020122528076171875
6.78	0.00019860267639160156
6.79	0.00019788742065429688
6.8	0.00019741058349609375
6.81	0.00019741058349609375
6.82	0.00019311904907226562
6.83	0.00019288063049316406
6.84	0.00018978118896484375
6.85	0.0001881122589111328
6.86	0.00018787384033203125
6.87	0.000186920166015625
6.88	0.000186920166015625
6.89	0.00018310546875
6.9	0.00018310546875
6.91	0.0001811981201171875
6.92	0.00017952919006347656
6.93	0.00017762184143066406
6.94	0.00017380714416503906
6.95	0.0001735687255859375
6.96	0.0001728534698486328
6.97	0.0001728534698486328
6.98	0.0001690387725830078
6.99	0.00016760826110839844
7.0	0.0001659393310546875
7.01	0.00016307830810546875
7.02	0.0001628398895263672
7.03	0.00016260147094726562
7.04	0.00016260147094726562
7.05	0.00015926361083984375
7.06	0.0001583099365234375
7.07	0.0001583099365234375
7.08	0.000156402587890625
7.09	0.00015544891357421875
7.1	0.0001552104949951172
7.11	0.0001544952392578125
7.12	0.00015282630920410156
7.13	0.00015282630920410156
7.14	0.00015234947204589844
7.15	0.0001480579376220703
7.16	0.00014638900756835938
7.17	0.0001456737518310547
7.18	0.00014495849609375
7.19	0.0001442432403564453
7.2	0.0001442432403564453
7.21	0.0001437664031982422
7.22	0.0001404285430908203
7.23	0.00013971328735351562
7.24	0.00013780593872070312
7.25	0.0001373291015625
7.26	0.0001373291015625
7.27	0.0001373291015625
7.28	0.00013709068298339844
7.29	0.00013518333435058594
7.3	0.00013518333435058594
7.31	0.00013136863708496094
7.32	0.00012922286987304688
7.33	0.0001285076141357422
7.34	0.0001277923583984375
7.35	0.00012755393981933594
7.36	0.0001266002655029297
7.37	0.0001266002655029297
7.38	0.0001220703125
7.39	0.00011944770812988281
7.4	0.000118255615234375
7.41	0.00011706352233886719
7.42	0.00011658668518066406
7.43	0.00011658668518066406
7.44	0.0001163482666015625
7.45	0.00011277198791503906
7.46	0.00011181831359863281
7.47	0.00011110305786132812
7.48	0.00010967254638671875
7.49	0.00010776519775390625
7.5	0.00010776519775390625
7.51	0.00010752677917480469
7.52	0.00010538101196289062
7.53	0.00010538101196289062
7.54	0.00010347366333007812
7.55	0.00010204315185546875
7.56	0.00010013580322265625
7.57	0.00010013580322265625
7.58	9.965896606445312e-05
7.59	9.894371032714844e-05
7.6	9.870529174804688e-05
7.61	9.632110595703125e-05
7.62	9.489059448242188e-05
7.63	9.489059448242188e-05
7.64	9.393692016601562e-05
7.65	9.250640869140625e-05
7.66	9.250640869140625e-05
7.67	9.226799011230469e-05
7.68	9.083747863769531e-05
7.69	9.036064147949219e-05
7.7	8.940696716308594e-05
7.71	8.749961853027344e-05
7.72	8.654594421386719e-05
7.73	8.654594421386719e-05
7.74	8.654594421386719e-05
7.75	8.58306884765625e-05
7.76	8.58306884765625e-05
7.77	8.416175842285156e-05
7.78	8.273124694824219e-05
7.79	8.249282836914062e-05
7.8	8.20159912109375e-05
7.81	8.153915405273438e-05
7.82	8.058547973632812e-05
7.83	8.058547973632812e-05
7.84	7.843971252441406e-05
7.85	7.748603820800781e-05
7.86	7.724761962890625e-05
7.87	7.581710815429688e-05
7.88	7.486343383789062e-05
7.89	7.343292236328125e-05
7.9	7.343292236328125e-05
7.91	7.176399230957031e-05
7.92	7.128715515136719e-05
7.93	7.128715515136719e-05
7.94	7.009506225585938e-05
7.95	6.961822509765625e-05
7.96	6.914138793945312e-05
7.97	6.914138793945312e-05
7.98	6.890296936035156e-05
7.99	6.794929504394531e-05
8.0	6.747245788574219e-05
8.01	6.532669067382812e-05
8.02	6.508827209472656e-05
8.03	6.508827209472656e-05
8.04	6.461143493652344e-05
8.05	6.318092346191406e-05
8.06	6.222724914550781e-05
8.07	6.175041198730469e-05
8.08	5.984306335449219e-05
8.09	5.9604644775390625e-05
8.1	5.9604644775390625e-05
8.11	5.8650970458984375e-05
8.12	5.7220458984375e-05
8.13	5.7220458984375e-05
8.14	5.7220458984375e-05
8.15	5.7220458984375e-05
8.16	5.7220458984375e-05
8.17	5.7220458984375e-05
8.18	5.650520324707031e-05
8.19	5.650520324707031e-05
8.2	5.650520324707031e-05
8.21	5.650520324707031e-05
8.22	5.412101745605469e-05
8.23	5.3882598876953125e-05
8.24	5.364418029785156e-05
8.25	5.316734313964844e-05
8.26	5.316734313964844e-05
8.27	5.269050598144531e-05
8.28	5.269050598144531e-05
8.29	5.030632019042969e-05
8.3	5.0067901611328125e-05
8.31	4.935264587402344e-05
8.32	4.9114227294921875e-05
8.33	4.9114227294921875e-05
8.34	4.863739013671875e-05
8.35	4.863739013671875e-05
8.36	4.863739013671875e-05
8.37	4.863739013671875e-05
8.38	4.57763671875e-05
8.39	4.506111145019531e-05
8.4	4.4345855712890625e-05
8.41	4.410743713378906e-05
8.42	4.410743713378906e-05
8.43	4.410743713378906e-05
8.44	4.410743713378906e-05
8.45	4.029273986816406e-05
8.46	3.9577484130859375e-05
8.47	3.838539123535156e-05
8.48	3.814697265625e-05
8.49	3.814697265625e-05
8.5	3.814697265625e-05
8.51	3.814697265625e-05
8.52	3.647804260253906e-05
8.53	3.647804260253906e-05
8.54	3.552436828613281e-05
8.55	3.504753112792969e-05
8.56	3.457069396972656e-05
8.57	3.457069396972656e-05
8.58	3.457069396972656e-05
8.59	3.4332275390625e-05
8.6	3.4332275390625e-05
8.61	3.24249267578125e-05
8.62	3.147125244140625e-05
8.63	3.147125244140625e-05
8.64	3.147125244140625e-05
8.65	3.147125244140625e-05
8.66	3.147125244140625e-05
8.67	3.147125244140625e-05
8.68	2.9802322387695312e-05
8.69	2.9802322387695312e-05
8.7	2.9802322387695312e-05
8.71	2.9325485229492188e-05
8.72	2.8848648071289062e-05
8.73	2.8848648071289062e-05
8.74	2.8848648071289062e-05
8.75	2.86102294921875e-05
8.76	2.86102294921875e-05
8.77	2.8133392333984375e-05
8.78	2.5272369384765625e-05
8.79	2.47955322265625e-05
8.8	2.47955322265625e-05
8.81	2.47955322265625e-05
8.82	2.47955322265625e-05
8.83	2.47955322265625e-05
8.84	2.384185791015625e-05
8.85	2.1457672119140625e-05
8.86	2.1457672119140625e-05
8.87	2.09808349609375e-05
8.88	2.09808349609375e-05
8.89	2.09808349609375e-05
8.9	2.09808349609375e-05
8.91	2.0503997802734375e-05
8.92	2.002716064453125e-05
8.93	2.002716064453125e-05
8.94	1.811981201171875e-05
8.95	1.71661376953125e-05
8.96	1.71661376953125e-05
8.97	1.71661376953125e-05
8.98	1.6689300537109375e-05
8.99	1.6689300537109375e-05
9.0	1.6689300537109375e-05
9.01	1.52587890625e-05
9.02	1.430511474609375e-05
9.03	1.430511474609375e-05
9.04	1.430511474609375e-05
9.05	1.430511474609375e-05
9.06	1.430511474609375e-05
9.07	1.430511474609375e-05
9.08	1.3828277587890625e-05
9.09	1.3828277587890625e-05
9.1	1.3828277587890625e-05
9.11	1.33514404296875e-05
9.12	1.33514404296875e-05
9.13	1.33514404296875e-05
9.14	1.33514404296875e-05
9.15	1.2874603271484375e-05
9.16	1.2874603271484375e-05
9.17	1.239776611328125e-05
9.18	1.1444091796875e-05
9.19	1.1444091796875e-05
9.2	1.1444091796875e-05
9.21	1.1444091796875e-05
9.22	1.1444091796875e-05
9.23	1.1444091796875e-05
9.24	1.0967254638671875e-05
9.25	1.049041748046875e-05
9.26	1.049041748046875e-05
9.27	1.049041748046875e-05
9.28	1.049041748046875e-05
9.29	1.049041748046875e-05
9.3	1.049041748046875e-05
9.31	1.0251998901367188e-05
9.32	1.0251998901367188e-05
9.33	9.775161743164062e-06
9.34	9.298324584960938e-06
9.35	9.298324584960938e-06
9.36	9.298324584960938e-06
9.37	9.298324584960938e-06
9.38	9.059906005859375e-06
9.39	9.059906005859375e-06
9.4	8.58306884765625e-06
9.41	8.106231689453125e-06
9.42	8.106231689453125e-06
9.43	8.106231689453125e-06
9.44	8.106231689453125e-06
9.45	7.62939453125e-06
9.46	7.62939453125e-06
9.47	7.3909759521484375e-06
9.48	7.3909759521484375e-06
9.49	7.3909759521484375e-06
9.5	7.3909759521484375e-06
9.51	7.3909759521484375e-06
9.52	6.9141387939453125e-06
9.53	6.9141387939453125e-06
9.54	6.67572021484375e-06
9.55	6.67572021484375e-06
9.56	6.67572021484375e-06
9.57	6.67572021484375e-06
9.58	6.67572021484375e-06
9.59	6.67572021484375e-06
9.6	6.67572021484375e-06
9.61	6.198883056640625e-06
9.62	6.198883056640625e-06
9.63	6.198883056640625e-06
9.64	6.198883056640625e-06
9.65	6.198883056640625e-06
9.66	6.198883056640625e-06
9.67	6.198883056640625e-06
9.68	5.7220458984375e-06
9.69	5.7220458984375e-06
9.7	5.7220458984375e-06
9.71	5.7220458984375e-06
9.72	5.7220458984375e-06
9.73	5.7220458984375e-06
9.74	5.7220458984375e-06
9.75	5.7220458984375e-06
9.76	5.7220458984375e-06
9.77	5.7220458984375e-06
9.78	5.7220458984375e-06
9.79	5.7220458984375e-06
9.8	5.7220458984375e-06
9.81	5.7220458984375e-06
9.82	5.7220458984375e-06
9.83	5.7220458984375e-06
9.84	5.7220458984375e-06
9.85	4.76837158203125e-06
9.86	4.76837158203125e-06
9.87	4.76837158203125e-06
9.88	4.76837158203125e-06
9.89	4.76837158203125e-06
9.9	4.76837158203125e-06
9.91	4.76837158203125e-06
9.92	3.814697265625e-06
9.93	3.814697265625e-06
9.94	3.814697265625e-06
9.95	3.814697265625e-06
9.96	3.814697265625e-06
9.97	3.814697265625e-06
9.98	3.814697265625e-06
9.99	3.814697265625e-06
10.0	3.814697265625e-06
10.01	2.86102294921875e-06
10.02	2.86102294921875e-06
10.03	2.86102294921875e-06
10.04	2.86102294921875e-06
10.05	2.86102294921875e-06
10.06	2.86102294921875e-06
10.07	2.86102294921875e-06
10.08	1.9073486328125e-06
10.09	1.9073486328125e-06
10.1	1.9073486328125e-06
10.11	1.9073486328125e-06
10.12	1.9073486328125e-06
10.13	1.9073486328125e-06
10.14	1.9073486328125e-06
10.15	1.9073486328125e-06
10.16	1.9073486328125e-06
10.17	1.9073486328125e-06
10.18	1.9073486328125e-06
10.19	1.9073486328125e-06
10.2	1.9073486328125e-06
10.21	1.9073486328125e-06
10.22	1.9073486328125e-06
10.23	1.9073486328125e-06
10.24	1.430511474609375e-06
10.25	1.430511474609375e-06
10.26	1.430511474609375e-06
10.27	1.430511474609375e-06
10.28	1.430511474609375e-06
10.29	1.430511474609375e-06
10.3	1.430511474609375e-06
10.31	9.5367431640625e-07
10.32	9.5367431640625e-07
10.33	9.5367431640625e-07
10.34	9.5367431640625e-07
10.35	9.5367431640625e-07
10.36	9.5367431640625e-07
10.37	9.5367431640625e-07
10.38	9.5367431640625e-07
10.39	9.5367431640625e-07
10.4	4.76837158203125e-07
10.41	4.76837158203125e-07
10.42	4.76837158203125e-07
10.43	4.76837158203125e-07
10.44	4.76837158203125e-07
10.45	4.76837158203125e-07
10.46	4.76837158203125e-07
10.47	0.0
