5.25	0.0005034059286117554
5.26	0.0004991888999938965
5.27	0.0004956722259521484
5.28	0.0004913955926895142
5.29	0.0004878491163253784
5.3	0.00048401951789855957
5.31	0.00047989189624786377
5.32	0.0004755854606628418
5.33	0.00047160685062408447
5.34	0.0004678070545196533
5.35	0.0004640519618988037
5.36	0.0004601329565048218
5.37	0.0004564225673675537
5.38	0.0004529803991317749
5.39	0.0004496276378631592
5.4	0.00044642388820648193
5.41	0.0004429817199707031
5.42	0.00043967366218566895
5.43	0.0004362761974334717
5.44	0.0004328489303588867
5.45	0.00043007731437683105
5.46	0.00042706727981567383
5.47	0.0004240274429321289
5.48	0.00042060017585754395
5.49	0.00041721761226654053
5.5	0.00041379034519195557
5.51	0.0004101693630218506
5.52	0.0004069507122039795
5.53	0.0004036426544189453
5.54	0.00040012598037719727
5.55	0.0003970414400100708
5.56	0.0003940463066101074
5.57	0.0003909170627593994
5.58	0.00038792192935943604
5.59	0.00038479268550872803
5.6	0.0003813207149505615
5.61	0.00037823617458343506
5.62	0.0003751218318939209
5.63	0.00037257373332977295
5.64	0.0003689974546432495
5.65	0.00036500394344329834
5.66	0.00036175549030303955
5.67	0.0003586709499359131
5.68	0.00035569071769714355
5.69	0.0003525465726852417
5.7	0.00034922361373901367
5.71	0.0003462880849838257
5.72	0.0003432333469390869
5.73	0.0003405362367630005
5.74	0.0003381073474884033
5.75	0.0003350973129272461
5.76	0.00033214688301086426
5.77	0.0003298074007034302
5.78	0.00032739341259002686
5.79	0.000325128436088562
5.8	0.00032238662242889404
5.81	0.000319555401802063
5.82	0.0003167390823364258
5.83	0.0003144294023513794
5.84	0.00031231343746185303
5.85	0.0003097951412200928
5.86	0.0003069937229156494
5.87	0.0003045797348022461
5.88	0.0003023594617843628
5.89	0.00029994547367095947
5.9	0.0002978593111038208
5.91	0.00029508769512176514
5.92	0.0002924203872680664
5.93	0.0002900362014770508
5.94	0.0002875477075576782
5.95	0.00028540194034576416
5.96	0.0002833455801010132
5.97	0.0002810657024383545
5.98	0.00027817487716674805
5.99	0.0002758800983428955
6.0	0.000273779034614563
6.01	0.00027148425579071045
6.02	0.00026883184909820557
6.03	0.0002666562795639038
6.04	0.00026422739028930664
6.05	0.00026220083236694336
6.06	0.00025984644889831543
6.07	0.0002575516700744629
6.08	0.0002554357051849365
6.09	0.0002528578042984009
6.1	0.0002504587173461914
6.11	0.00024837255477905273
6.12	0.00024603307247161865
6.13	0.00024375319480895996
6.14	0.00024150311946868896
6.15	0.00023922324180603027
6.16	0.00023725628852844238
6.17	0.00023558735847473145
6.18	0.00023373961448669434
6.19	0.00023190677165985107
6.2	0.000229761004447937
6.21	0.00022830069065093994
6.22	0.00022646784782409668
6.23	0.00022464990615844727
6.24	0.00022289156913757324
6.25	0.00022055208683013916
6.26	0.00021854043006896973
6.27	0.00021688640117645264
6.28	0.00021520256996154785
6.29	0.00021345913410186768
6.3	0.00021159648895263672
6.31	0.00020998716354370117
6.32	0.00020819902420043945
6.33	0.00020645558834075928
6.34	0.00020518898963928223
6.35	0.00020363926887512207
6.36	0.00020162761211395264
6.37	0.00020007789134979248
6.38	0.0001983046531677246
6.39	0.00019668042659759521
6.4	0.0001948326826095581
6.41	0.00019271671772003174
6.42	0.00019054114818572998
6.43	0.00018873810768127441
6.44	0.0001871734857559204
6.45	0.00018556416034698486
6.46	0.00018374621868133545
6.47	0.00018204748630523682
6.48	0.00018055737018585205
6.49	0.00017906725406646729
6.5	0.0001777559518814087
6.51	0.00017596781253814697
6.52	0.00017438828945159912
6.53	0.00017303228378295898
6.54	0.00017158687114715576
6.55	0.00017051398754119873
6.56	0.00016914308071136475
6.57	0.00016754865646362305
6.58	0.00016598403453826904
6.59	0.0001647472381591797
6.6	0.0001634657382965088
6.61	0.00016216933727264404
6.62	0.0001605898141860962
6.63	0.00015901029109954834
6.64	0.00015781819820404053
6.65	0.00015664100646972656
6.66	0.00015555322170257568
6.67	0.0001542121171951294
6.68	0.00015291571617126465
6.69	0.0001516193151473999
6.7	0.00015021860599517822
6.71	0.00014922022819519043
6.72	0.00014778971672058105
6.73	0.00014631450176239014
6.74	0.00014476478099822998
6.75	0.00014322996139526367
6.76	0.00014200806617736816
6.77	0.0001404881477355957
6.78	0.00013913214206695557
6.79	0.00013783574104309082
6.8	0.00013665854930877686
6.81	0.00013554096221923828
6.82	0.00013433396816253662
6.83	0.0001329481601715088
6.84	0.00013174116611480713
6.85	0.00013025104999542236
6.86	0.00012895464897155762
6.87	0.00012791156768798828
6.88	0.00012677907943725586
6.89	0.00012569129467010498
6.9	0.00012430548667907715
6.91	0.00012308359146118164
6.92	0.0001217573881149292
6.93	0.00012065470218658447
6.94	0.00011965632438659668
6.95	0.00011844933032989502
6.96	0.00011740624904632568
6.97	0.0001163482666015625
6.98	0.00011542439460754395
6.99	0.00011418759822845459
7.0	0.00011317431926727295
7.01	0.0001119375228881836
7.02	0.00011081993579864502
7.03	0.00010991096496582031
7.04	0.00010904669761657715
7.05	0.00010813772678375244
7.06	0.00010702013969421387
7.07	0.00010599195957183838
7.08	0.00010505318641662598
7.09	0.00010429322719573975
7.1	0.00010341405868530273
7.11	0.00010251998901367188
7.12	0.0001014024019241333
7.13	0.00010062754154205322
7.14	9.976327419281006e-05
7.15	9.897351264953613e-05
7.16	9.82135534286499e-05
7.17	9.717047214508057e-05
7.18	9.627640247344971e-05
7.19	9.524822235107422e-05
7.2	9.450316429138184e-05
7.21	9.363889694213867e-05
7.22	9.261071681976318e-05
7.23	9.153783321380615e-05
7.24	9.071826934814453e-05
7.25	8.988380432128906e-05
7.26	8.910894393920898e-05
7.27	8.83638858795166e-05
7.28	8.761882781982422e-05
7.29	8.687376976013184e-05
7.3	8.618831634521484e-05
7.31	8.568167686462402e-05
7.32	8.501112461090088e-05
7.33	8.408725261688232e-05
7.34	8.32974910736084e-05
7.35	8.243322372436523e-05
7.36	8.165836334228516e-05
7.37	8.112192153930664e-05
7.38	8.036196231842041e-05
7.39	7.949769496917725e-05
7.4	7.867813110351562e-05
7.41	7.812678813934326e-05
7.42	7.750093936920166e-05
7.43	7.666647434234619e-05
7.44	7.583200931549072e-05
7.45	7.511675357818604e-05
7.46	7.432699203491211e-05
7.47	7.371604442596436e-05
7.48	7.289648056030273e-05
7.49	7.206201553344727e-05
7.5	7.127225399017334e-05
7.51	7.046759128570557e-05
7.52	6.958842277526855e-05
7.53	6.881356239318848e-05
7.54	6.805360317230225e-05
7.55	6.730854511260986e-05
7.56	6.650388240814209e-05
7.57	6.580352783203125e-05
7.58	6.51627779006958e-05
7.59	6.434321403503418e-05
7.6	6.365776062011719e-05
7.61	6.304681301116943e-05
7.62	6.239116191864014e-05
7.63	6.189942359924316e-05
7.64	6.133317947387695e-05
7.65	6.0811638832092285e-05
7.66	6.021559238433838e-05
7.67	5.9545040130615234e-05
7.68	5.91278076171875e-05
7.69	5.860626697540283e-05
7.7	5.8010220527648926e-05
7.71	5.7503581047058105e-05
7.72	5.695223808288574e-05
7.73	5.644559860229492e-05
7.74	5.586445331573486e-05
7.75	5.543231964111328e-05
7.76	5.498528480529785e-05
7.77	5.449354648590088e-05
7.78	5.395710468292236e-05
7.79	5.3569674491882324e-05
7.8	5.3122639656066895e-05
7.81	5.270540714263916e-05
7.82	5.2094459533691406e-05
7.83	5.137920379638672e-05
7.84	5.08725643157959e-05
7.85	5.033612251281738e-05
7.86	4.996359348297119e-05
7.87	4.9501657485961914e-05
7.88	4.89354133605957e-05
7.89	4.8607587814331055e-05
7.9	4.8160552978515625e-05
7.91	4.7847628593444824e-05
7.92	4.750490188598633e-05
7.93	4.686415195465088e-05
7.94	4.632771015167236e-05
7.95	4.585087299346924e-05
7.96	4.534423351287842e-05
7.97	4.489719867706299e-05
7.98	4.427134990692139e-05
7.99	4.366040229797363e-05
8.0	4.3064355850219727e-05
8.01	4.2632222175598145e-05
8.02	4.2185187339782715e-05
8.03	4.169344902038574e-05
8.04	4.118680953979492e-05
8.05	4.0784478187561035e-05
8.06	4.042685031890869e-05
8.07	4.0084123611450195e-05
8.08	3.966689109802246e-05
8.09	3.916025161743164e-05
8.1	3.8683414459228516e-05
8.11	3.8310885429382324e-05
8.12	3.789365291595459e-05
8.13	3.769993782043457e-05
8.14	3.725290298461914e-05
8.15	3.680586814880371e-05
8.16	3.628432750701904e-05
8.17	3.591179847717285e-05
8.18	3.559887409210205e-05
8.19	3.522634506225586e-05
8.2	3.485381603240967e-05
8.21	3.4555792808532715e-05
8.22	3.4227967262268066e-05
8.23	3.40193510055542e-05
8.24	3.3721327781677246e-05
8.25	3.3348798751831055e-05
8.26	3.3095479011535645e-05
8.27	3.272294998168945e-05
8.28	3.24249267578125e-05
8.29	3.215670585632324e-05
8.3	3.1694769859313965e-05
8.31	3.135204315185547e-05
8.32	3.100931644439697e-05
8.33	3.0606985092163086e-05
8.34	3.0249357223510742e-05
8.35	2.98917293548584e-05
8.36	2.9653310775756836e-05
8.37	2.937018871307373e-05
8.38	2.9161572456359863e-05
8.39	2.8967857360839844e-05
8.4	2.8684735298156738e-05
8.41	2.8431415557861328e-05
8.42	2.8192996978759766e-05
8.43	2.7939677238464355e-05
8.44	2.7731060981750488e-05
8.45	2.752244472503662e-05
8.46	2.7298927307128906e-05
8.47	2.6971101760864258e-05
8.48	2.6777386665344238e-05
8.49	2.6404857635498047e-05
8.5	2.6091933250427246e-05
8.51	2.5853514671325684e-05
8.52	2.5659799575805664e-05
8.53	2.536177635192871e-05
8.54	2.5063753128051758e-05
8.55	2.4810433387756348e-05
8.56	2.446770668029785e-05
8.57	2.415478229522705e-05
8.58	2.3886561393737793e-05
8.59	2.3499131202697754e-05
8.6	2.3171305656433105e-05
8.61	2.2977590560913086e-05
8.62	2.275407314300537e-05
8.63	2.251565456390381e-05
8.64	2.2202730178833008e-05
8.65	2.193450927734375e-05
8.66	2.1725893020629883e-05
8.67	2.1472573280334473e-05
8.68	2.1204352378845215e-05
8.69	2.078711986541748e-05
8.7	2.0429491996765137e-05
8.71	2.0116567611694336e-05
8.72	2.002716064453125e-05
8.73	1.9848346710205078e-05
8.74	1.9609928131103516e-05
8.75	1.9297003746032715e-05
8.76	1.9028782844543457e-05
8.77	1.8849968910217285e-05
8.78	1.874566078186035e-05
8.79	1.8522143363952637e-05
8.8	1.825392246246338e-05
8.81	1.8045306205749512e-05
8.82	1.7940998077392578e-05
8.83	1.7821788787841797e-05
8.84	1.7657876014709473e-05
8.85	1.7404556274414062e-05
8.86	1.7210841178894043e-05
8.87	1.7091631889343262e-05
8.88	1.7002224922180176e-05
8.89	1.6897916793823242e-05
8.9	1.6674399375915527e-05
8.91	1.6510486602783203e-05
8.92	1.6301870346069336e-05
8.93	1.6063451766967773e-05
8.94	1.5944242477416992e-05
8.95	1.5795230865478516e-05
8.96	1.5676021575927734e-05
8.97	1.551210880279541e-05
8.98	1.539289951324463e-05
8.99	1.5273690223693848e-05
9.0	1.5139579772949219e-05
9.01	1.4975666999816895e-05
9.02	1.4901161193847656e-05
9.03	1.4692544937133789e-05
9.04	1.455843448638916e-05
9.05	1.4394521713256836e-05
9.06	1.4200806617736816e-05
9.07	1.4007091522216797e-05
9.08	1.3813376426696777e-05
9.09	1.3530254364013672e-05
9.1	1.3336539268493652e-05
9.11	1.3172626495361328e-05
9.12	1.3068318367004395e-05
9.13	1.2889504432678223e-05
9.14	1.2695789337158203e-05
9.15	1.2576580047607422e-05
9.16	1.2487173080444336e-05
9.17	1.233816146850586e-05
9.18	1.2174248695373535e-05
9.19	1.1995434761047363e-05
9.2	1.1876225471496582e-05
9.21	1.1801719665527344e-05
9.22	1.1727213859558105e-05
9.23	1.1652708053588867e-05
9.24	1.1533498764038086e-05
9.25	1.1339783668518066e-05
9.26	1.119077205657959e-05
9.27	1.1071562767028809e-05
9.28	1.093745231628418e-05
9.29	1.0758638381958008e-05
9.3	1.0624527931213379e-05
9.31	1.0535120964050293e-05
9.32	1.043081283569336e-05
9.33	1.0371208190917969e-05
9.34	1.0311603546142578e-05
9.35	1.0147690773010254e-05
9.36	1.004338264465332e-05
9.37	9.968876838684082e-06
9.38	9.924173355102539e-06
9.39	9.775161743164062e-06
9.4	9.59634780883789e-06
9.41	9.432435035705566e-06
9.42	9.268522262573242e-06
9.43	9.074807167053223e-06
9.44	8.985400199890137e-06
9.45	8.851289749145508e-06
9.46	8.761882781982422e-06
9.47	8.672475814819336e-06
9.48	8.597970008850098e-06
9.49	8.538365364074707e-06
9.5	8.419156074523926e-06
9.51	8.285045623779297e-06
9.52	8.210539817810059e-06
9.53	8.121132850646973e-06
9.54	8.061528205871582e-06
9.55	8.031725883483887e-06
9.56	7.9423189163208e-06
9.57	7.793307304382324e-06
9.58	7.68899917602539e-06
9.59	7.599592208862305e-06
9.6	7.525086402893066e-06
9.61	7.405877113342285e-06
9.62	7.331371307373047e-06
9.63	7.271766662597656e-06
9.64	7.197260856628418e-06
9.65	7.12275505065918e-06
9.66	7.063150405883789e-06
9.67	6.9141387939453125e-06
9.68	6.8247318267822266e-06
9.69	6.720423698425293e-06
9.7	6.67572021484375e-06
9.71	6.631016731262207e-06
9.72	6.541609764099121e-06
9.73	6.452202796936035e-06
9.74	6.3925981521606445e-06
9.75	6.303191184997559e-06
9.76	6.198883056640625e-06
9.77	6.064772605895996e-06
9.78	6.020069122314453e-06
9.79	5.945563316345215e-06
9.8	5.900859832763672e-06
9.81	5.811452865600586e-06
9.82	5.736947059631348e-06
9.83	5.692243576049805e-06
9.84	5.617737770080566e-06
9.85	5.4836273193359375e-06
9.86	5.4389238357543945e-06
9.87	5.379319190979004e-06
9.88	5.319714546203613e-06
9.89	5.21540641784668e-06
9.9	5.0961971282958984e-06
9.91	5.02169132232666e-06
9.92	4.9620866775512695e-06
9.93	4.9173831939697266e-06
9.94	4.857778549194336e-06
9.95	4.827976226806641e-06
9.96	4.798173904418945e-06
9.97	4.783272743225098e-06
9.98	4.723668098449707e-06
9.99	4.693865776062012e-06
10.0	4.604458808898926e-06
10.01	4.4852495193481445e-06
10.02	4.425644874572754e-06
10.03	4.351139068603516e-06
10.04	4.306435585021973e-06
10.05	4.26173210144043e-06
10.06	4.246830940246582e-06
10.07	4.172325134277344e-06
10.08	4.1425228118896484e-06
10.09	4.127621650695801e-06
10.1	4.06801700592041e-06
10.11	3.993511199951172e-06
10.12	3.978610038757324e-06
10.13	3.948807716369629e-06
10.14	3.904104232788086e-06
10.15	3.874301910400391e-06
10.16	3.7997961044311523e-06
10.17	3.6954879760742188e-06
10.18	3.6209821701049805e-06
10.19	3.5762786865234375e-06
10.2	3.546476364135742e-06
10.21	3.4868717193603516e-06
10.22	3.4570693969726562e-06
10.23	3.4123659133911133e-06
10.24	3.382563591003418e-06
10.25	3.337860107421875e-06
10.26	3.293156623840332e-06
10.27	3.2335519790649414e-06
10.28	3.203749656677246e-06
10.29	3.1739473342895508e-06
10.3	3.159046173095703e-06
10.31	3.159046173095703e-06
10.32	3.129243850708008e-06
10.33	3.084540367126465e-06
10.34	3.0249357223510742e-06
10.35	3.0100345611572266e-06
10.36	2.995133399963379e-06
10.37	2.9653310775756836e-06
10.38	2.905726432800293e-06
10.39	2.8759241104125977e-06
10.4	2.8461217880249023e-06
10.41	2.816319465637207e-06
10.42	2.771615982055664e-06
10.43	2.726912498474121e-06
10.44	2.7120113372802734e-06
10.45	2.6971101760864258e-06
10.46	2.6971101760864258e-06
10.47	2.6673078536987305e-06
10.48	2.60770320892334e-06
10.49	2.5779008865356445e-06
10.5	2.518296241760254e-06
10.51	2.4437904357910156e-06
10.52	2.384185791015625e-06
10.53	2.339482307434082e-06
10.54	2.3096799850463867e-06
10.55	2.2649765014648438e-06
10.56	2.2649765014648438e-06
10.57	2.2351741790771484e-06
10.58	2.1904706954956055e-06
10.59	2.16066837310791e-06
10.6	2.115964889526367e-06
10.61	2.086162567138672e-06
10.62	2.0712614059448242e-06
10.63	2.0265579223632812e-06
10.64	1.9818544387817383e-06
10.65	1.952052116394043e-06
10.66	1.9222497940063477e-06
10.67	1.8775463104248047e-06
10.68	1.8477439880371094e-06
10.69	1.817941665649414e-06
10.7	1.8030405044555664e-06
10.71	1.7583370208740234e-06
10.72	1.7434358596801758e-06
10.73	1.7285346984863281e-06
10.74	1.6987323760986328e-06
10.75	1.6689300537109375e-06
10.76	1.6540288925170898e-06
10.77	1.5944242477416992e-06
10.78	1.5944242477416992e-06
10.79	1.5795230865478516e-06
10.8	1.5795230865478516e-06
10.81	1.5795230865478516e-06
10.82	1.5348196029663086e-06
10.83	1.5050172805786133e-06
10.84	1.4901161193847656e-06
10.85	1.475214958190918e-06
10.86	1.4454126358032227e-06
10.87	1.4156103134155273e-06
10.88	1.4156103134155273e-06
10.89	1.4156103134155273e-06
10.9	1.4156103134155273e-06
10.91	1.4156103134155273e-06
10.92	1.4007091522216797e-06
10.93	1.3709068298339844e-06
10.94	1.3709068298339844e-06
10.95	1.3560056686401367e-06
10.96	1.3560056686401367e-06
10.97	1.3262033462524414e-06
10.98	1.2814998626708984e-06
10.99	1.2218952178955078e-06
11.0	1.1920928955078125e-06
11.01	1.1771917343139648e-06
11.02	1.1622905731201172e-06
11.03	1.1473894119262695e-06
11.04	1.1473894119262695e-06
11.05	1.1324882507324219e-06
11.06	1.1324882507324219e-06
11.07	1.1175870895385742e-06
11.08	1.1026859283447266e-06
11.09	1.0728836059570312e-06
11.1	1.043081283569336e-06
11.11	1.0132789611816406e-06
11.12	1.0132789611816406e-06
11.13	9.834766387939453e-07
11.14	9.387731552124023e-07
11.15	9.238719940185547e-07
11.16	9.08970832824707e-07
11.17	8.940696716308594e-07
11.18	8.791685104370117e-07
11.19	8.642673492431641e-07
11.2	8.493661880493164e-07
11.21	8.344650268554688e-07
11.22	8.344650268554688e-07
11.23	8.195638656616211e-07
11.24	7.897615432739258e-07
11.25	7.748603820800781e-07
11.26	7.450580596923828e-07
11.27	7.152557373046875e-07
11.28	7.152557373046875e-07
11.29	7.003545761108398e-07
11.3	6.854534149169922e-07
11.31	6.705522537231445e-07
11.32	6.705522537231445e-07
11.33	6.407499313354492e-07
11.34	6.109476089477539e-07
11.35	5.960464477539062e-07
11.36	5.960464477539062e-07
11.37	5.960464477539062e-07
11.38	5.811452865600586e-07
11.39	5.811452865600586e-07
11.4	5.811452865600586e-07
11.41	5.811452865600586e-07
11.42	5.662441253662109e-07
11.43	5.662441253662109e-07
11.44	5.662441253662109e-07
11.45	5.513429641723633e-07
11.46	5.513429641723633e-07
11.47	5.513429641723633e-07
11.48	5.364418029785156e-07
11.49	5.21540641784668e-07
11.5	5.21540641784668e-07
11.51	5.21540641784668e-07
11.52	5.066394805908203e-07
11.53	5.066394805908203e-07
11.54	5.066394805908203e-07
11.55	5.066394805908203e-07
11.56	5.066394805908203e-07
11.57	4.917383193969727e-07
11.58	4.6193599700927734e-07
11.59	4.3213367462158203e-07
11.6	4.172325134277344e-07
11.61	4.023313522338867e-07
11.62	4.023313522338867e-07
11.63	4.023313522338867e-07
11.64	4.023313522338867e-07
11.65	4.023313522338867e-07
11.66	4.023313522338867e-07
11.67	4.023313522338867e-07
11.68	3.5762786865234375e-07
11.69	3.5762786865234375e-07
11.7	3.5762786865234375e-07
11.71	3.5762786865234375e-07
11.72	3.5762786865234375e-07
11.73	3.427267074584961e-07
11.74	2.980232238769531e-07
11.75	2.682209014892578e-07
11.76	2.682209014892578e-07
11.77	2.682209014892578e-07
11.78	2.5331974029541016e-07
11.79	2.5331974029541016e-07
11.8	2.5331974029541016e-07
11.81	2.5331974029541016e-07
11.82	2.5331974029541016e-07
11.83	2.5331974029541016e-07
11.84	2.384185791015625e-07
11.85	2.2351741790771484e-07
11.86	2.2351741790771484e-07
11.87	2.2351741790771484e-07
11.88	2.2351741790771484e-07
11.89	2.2351741790771484e-07
11.9	2.2351741790771484e-07
11.91	2.2351741790771484e-07
11.92	2.086162567138672e-07
11.93	2.086162567138672e-07
11.94	2.086162567138672e-07
11.95	2.086162567138672e-07
11.96	2.086162567138672e-07
11.97	2.086162567138672e-07
11.98	2.086162567138672e-07
11.99	2.086162567138672e-07
12.0	2.086162567138672e-07
12.01	2.086162567138672e-07
12.02	2.086162567138672e-07
12.03	2.086162567138672e-07
12.04	2.086162567138672e-07
12.05	2.086162567138672e-07
12.06	2.086162567138672e-07
12.07	2.086162567138672e-07
12.08	1.9371509552001953e-07
12.09	1.6391277313232422e-07
12.1	1.6391277313232422e-07
12.11	1.6391277313232422e-07
12.12	1.6391277313232422e-07
12.13	1.6391277313232422e-07
12.14	1.6391277313232422e-07
12.15	1.6391277313232422e-07
12.16	1.6391277313232422e-07
12.17	1.6391277313232422e-07
12.18	1.4901161193847656e-07
12.19	1.4901161193847656e-07
12.2	1.4901161193847656e-07
12.21	1.4901161193847656e-07
12.22	1.4901161193847656e-07
12.23	1.4901161193847656e-07
12.24	1.341104507446289e-07
12.25	1.1920928955078125e-07
12.26	1.1920928955078125e-07
12.27	1.1920928955078125e-07
12.28	1.043081283569336e-07
12.29	1.043081283569336e-07
12.3	1.043081283569336e-07
12.31	1.043081283569336e-07
12.32	1.043081283569336e-07
12.33	1.043081283569336e-07
12.34	7.450580596923828e-08
12.35	7.450580596923828e-08
12.36	7.450580596923828e-08
12.37	7.450580596923828e-08
12.38	7.450580596923828e-08
12.39	7.450580596923828e-08
12.4	7.450580596923828e-08
12.41	7.450580596923828e-08
12.42	7.450580596923828e-08
12.43	5.960464477539063e-08
12.44	4.470348358154297e-08
12.45	4.470348358154297e-08
12.46	4.470348358154297e-08
12.47	4.470348358154297e-08
12.48	4.470348358154297e-08
12.49	4.470348358154297e-08
12.5	4.470348358154297e-08
12.51	4.470348358154297e-08
12.52	4.470348358154297e-08
12.53	4.470348358154297e-08
12.54	4.470348358154297e-08
12.55	4.470348358154297e-08
12.56	4.470348358154297e-08
12.57	4.470348358154297e-08
12.58	4.470348358154297e-08
12.59	4.470348358154297e-08
12.6	4.470348358154297e-08
12.61	4.470348358154297e-08
12.62	4.470348358154297e-08
12.63	4.470348358154297e-08
12.64	4.470348358154297e-08
12.65	4.470348358154297e-08
12.66	4.470348358154297e-08
12.67	4.470348358154297e-08
12.68	2.9802322387695312e-08
12.69	2.9802322387695312e-08
12.7	2.9802322387695312e-08
12.71	2.9802322387695312e-08
12.72	2.9802322387695312e-08
12.73	2.9802322387695312e-08
12.74	2.9802322387695312e-08
12.75	2.9802322387695312e-08
12.76	2.9802322387695312e-08
12.77	2.9802322387695312e-08
12.78	2.9802322387695312e-08
12.79	2.9802322387695312e-08
12.8	2.9802322387695312e-08
12.81	2.9802322387695312e-08
12.82	2.9802322387695312e-08
12.83	1.4901161193847656e-08
12.84	0.0
