5.31	0.0005040352079959121
5.32	0.0004997236683266237
5.33	0.0004954528885718901
5.34	0.0004911847354378551
5.35	0.00048696729936636984
5.36	0.00048278475151164457
5.37	0.0004786478129972238
5.38	0.00047453954175580293
5.39	0.0004704712009697687
5.4	0.0004664128973672632
5.41	0.00046238978029577993
5.42	0.000458409333077725
5.43	0.00045443793715094216
5.44	0.000450467508926522
5.45	0.00044661210267804563
5.46	0.00044274010724620894
5.47	0.0004389127316244412
5.48	0.00043506875226739794
5.49	0.0004313260651542805
5.5	0.0004275961036910303
5.51	0.00042390418821014464
5.52	0.00042022031630040146
5.53	0.00041655190580058843
5.54	0.00041292548485216685
5.55	0.0004093237694178242
5.56	0.00040575286402599886
5.57	0.000402197601943044
5.58	0.0003986813171650283
5.59	0.0003952093065890949
5.6	0.00039177033977466635
5.61	0.00038832242717035115
5.62	0.00038491657687700354
5.63	0.00038155260699568316
5.64	0.00037822026206413284
5.65	0.00037489732494577765
5.66	0.0003715975399245508
5.67	0.00036831796023761854
5.68	0.00036508264747681096
5.69	0.00036183109841658734
5.7	0.0003586725470086094
5.71	0.0003555053408490494
5.72	0.0003523851482896134
5.73	0.0003492372634354979
5.74	0.0003461687192611862
5.75	0.00034310141927562654
5.76	0.0003400724926905241
5.77	0.00033705737587297335
5.78	0.00033408054150640965
5.79	0.000331105064105941
5.8	0.0003281645549577661
5.81	0.0003252515016356483
5.82	0.00032235865728580393
5.83	0.00031947790921549313
5.84	0.000316628604196012
5.85	0.0003138151550956536
5.86	0.0003110138641204685
5.87	0.0003082348921452649
5.88	0.0003054804874409456
5.89	0.00030273571974248625
5.9	0.00030004107611603104
5.91	0.0002973585760628339
5.92	0.0002946934328065254
5.93	0.00029205244936747476
5.94	0.00028939822368556634
5.95	0.0002868193078029435
5.96	0.0002842391586455051
5.97	0.000281677352177212
5.98	0.00027911796132684685
5.99	0.00027662861612043343
6.0	0.00027413589486968704
6.01	0.00027164773564436473
6.02	0.00026919509764411487
6.03	0.00026677884670789354
6.04	0.0002643579136929475
6.05	0.0002619678962219041
6.06	0.00025958402329706587
6.07	0.0002572298144514207
6.08	0.00025489543259027414
6.09	0.00025257754532503895
6.1	0.00025027795709320344
6.11	0.0002480009243299719
6.12	0.00024574077542638406
6.13	0.00024349967861780897
6.14	0.00024126845528371632
6.15	0.00023907748254714534
6.16	0.0002368836649111472
6.17	0.00023471828899346292
6.18	0.00023257278371602297
6.19	0.00023042780958348885
6.2	0.00022833168259239756
6.21	0.0002262295674881898
6.22	0.00022414121121983044
6.23	0.00022206153880688362
6.24	0.00022003325284458697
6.25	0.00021801052935188636
6.26	0.00021599113460979424
6.27	0.00021400290279416367
6.28	0.00021202235075179487
6.29	0.00021006666429457255
6.3	0.00020812749426113442
6.31	0.0002062028470390942
6.32	0.00020429335563676432
6.33	0.00020239222067175433
6.34	0.0002004997877520509
6.35	0.00019863601482938975
6.36	0.0001967857861018274
6.37	0.00019495576634653844
6.38	0.0001931459701154381
6.39	0.00019134530521114357
6.4	0.00018956030908157118
6.41	0.00018779212405206636
6.42	0.00018603904391056858
6.43	0.00018429721239954233
6.44	0.00018255786562804133
6.45	0.00018086275667883456
6.46	0.00017916097567649558
6.47	0.000177477555553196
6.48	0.00017579277118784375
6.49	0.00017414938702131622
6.5	0.0001725216097838711
6.51	0.00017090637265937403
6.52	0.00016929263802012429
6.53	0.0001676991378189996
6.54	0.00016612222316325642
6.55	0.00016455206423415802
6.56	0.00016299357230309397
6.57	0.0001614495849935338
6.58	0.00015992320186342113
6.59	0.0001584082310728263
6.6	0.00015690785221522674
6.61	0.00015540832828264683
6.62	0.0001539329023216851
6.63	0.00015248665295075625
6.64	0.000151042051584227
6.65	0.00014960189218982123
6.66	0.0001481772524130065
6.67	0.00014676464707008563
6.68	0.0001453656514058821
6.69	0.00014397426275536418
6.7	0.00014259742602007464
6.71	0.00014123360233497806
6.72	0.00013988816499477252
6.73	0.00013855149518349208
6.74	0.00013721564755542204
6.75	0.00013590347225544974
6.76	0.0001346071258012671
6.77	0.00013331354784895666
6.78	0.00013203269190853462
6.79	0.0001307599050051067
6.8	0.0001294945650442969
6.81	0.00012825001977034844
6.82	0.00012701323794317432
6.83	0.00012578741734614596
6.84	0.00012457429329515435
6.85	0.00012337590305833146
6.86	0.00012217796029290184
6.87	0.00012099276864319108
6.88	0.00011981228817603551
6.89	0.00011864793850691058
6.9	0.00011750725752790459
6.91	0.00011636920316959731
6.92	0.00011522993008838966
6.93	0.00011411080413381569
6.94	0.00011300070400466211
6.95	0.0001119037187891081
6.96	0.00011080793774453923
6.97	0.0001097245367418509
6.98	0.00010865196600207128
6.99	0.0001075915279216133
7.0	0.000106529379991116
7.01	0.00010548262798693031
7.02	0.00010445180669194087
7.03	0.000103435948403785
7.04	0.00010241937343380414
7.05	0.00010141457823920064
7.06	0.00010041455243481323
7.07	9.94286237983033e-05
7.08	9.844879605225287e-05
7.09	9.747375588631257e-05
7.1	9.650819265516475e-05
7.11	9.555900396662764e-05
7.12	9.461571607971564e-05
7.13	9.367455641040578e-05
7.14	9.274238254874945e-05
7.15	9.182806024909951e-05
7.16	9.092234540730715e-05
7.17	9.002267324831337e-05
7.18	8.913231067708693e-05
7.19	8.824183896649629e-05
7.2	8.736221207072958e-05
7.21	8.64925459609367e-05
7.22	8.563051233068109e-05
7.23	8.477406663587317e-05
7.24	8.392802556045353e-05
7.25	8.308858741656877e-05
7.26	8.225495548686013e-05
7.27	8.143015293171629e-05
7.28	8.061713378992863e-05
7.29	7.981099042808637e-05
7.3	7.901725984993391e-05
7.31	7.822153202141635e-05
7.32	7.743348032818176e-05
7.33	7.665187513339333e-05
7.34	7.588068547192961e-05
7.35	7.511471631005406e-05
7.36	7.435641600750387e-05
7.37	7.36019246687647e-05
7.38	7.286157415364869e-05
7.39	7.212398122646846e-05
7.4	7.139126319088973e-05
7.41	7.066621037665755e-05
7.42	6.995353032834828e-05
7.43	6.924516128492542e-05
7.44	6.854593084426597e-05
7.45	6.784549623262137e-05
7.46	6.715468771290034e-05
7.47	6.646996189374477e-05
7.48	6.578973261639476e-05
7.49	6.511437459266745e-05
7.5	6.445313556469046e-05
7.51	6.379840488079935e-05
7.52	6.314194979495369e-05
7.53	6.24935346422717e-05
7.54	6.185691017890349e-05
7.55	6.122151171439327e-05
7.56	6.059812585590407e-05
7.57	5.9976511693093926e-05
7.58	5.935834997217171e-05
7.59	5.874654743820429e-05
7.6	5.813813186250627e-05
7.61	5.753880395786837e-05
7.62	5.694345964002423e-05
7.63	5.636157584376633e-05
7.64	5.577963747782633e-05
7.65	5.519936894415878e-05
7.66	5.463123306981288e-05
7.67	5.4067095334175974e-05
7.68	5.3506351832766086e-05
7.69	5.2954466809751466e-05
7.7	5.2403520385269076e-05
7.71	5.186014459468424e-05
7.72	5.131895522936247e-05
7.73	5.0785354687832296e-05
7.74	5.025403152103536e-05
7.75	4.973349496140145e-05
7.76	4.9217778723686934e-05
7.77	4.8704008804634213e-05
7.78	4.8196354327956215e-05
7.79	4.7694327804492787e-05
7.8	4.719155913335271e-05
7.81	4.670138150686398e-05
7.82	4.620915569830686e-05
7.83	4.572505713440478e-05
7.84	4.5245680666994303e-05
7.85	4.477301990846172e-05
7.86	4.4299646106082946e-05
7.87	4.383260238682851e-05
7.88	4.337088466854766e-05
7.89	4.291699951863848e-05
7.9	4.246608295943588e-05
7.91	4.2017316445708275e-05
7.92	4.156691284151748e-05
7.93	4.1130228055408224e-05
7.94	4.0694125345908105e-05
7.95	4.026484748465009e-05
7.96	3.983833084930666e-05
7.97	3.9415954233845696e-05
7.98	3.900046067428775e-05
7.99	3.8583704736083746e-05
8.0	3.816893513430841e-05
8.01	3.7761637941002846e-05
8.02	3.735745121957734e-05
8.03	3.696426938404329e-05
8.04	3.656719854916446e-05
8.05	3.61744750989601e-05
8.06	3.578849646146409e-05
8.07	3.540667603374459e-05
8.08	3.502804975141771e-05
8.09	3.465183181106113e-05
8.1	3.4281056286999956e-05
8.11	3.391241989447735e-05
8.12	3.354500586283393e-05
8.13	3.317610389785841e-05
8.14	3.28203896060586e-05
8.15	3.2470816222485155e-05
8.16	3.212064621038735e-05
8.17	3.177436155965552e-05
8.18	3.14322896883823e-05
8.19	3.109102908638306e-05
8.2	3.075580389122479e-05
8.21	3.0419698305195197e-05
8.22	3.0090755899436772e-05
8.23	2.9764156352030113e-05
8.24	2.9442009690683335e-05
8.25	2.9118262318661436e-05
8.26	2.87996263068635e-05
8.27	2.8485334041761234e-05
8.28	2.8175138140795752e-05
8.29	2.787115954561159e-05
8.3	2.7569087251322344e-05
8.31	2.726643651840277e-05
8.32	2.696934825507924e-05
8.33	2.6673416869016364e-05
8.34	2.6380221243016422e-05
8.35	2.609112925711088e-05
8.36	2.5802979507716373e-05
8.37	2.5519322662148625e-05
8.38	2.5235058274120092e-05
8.39	2.495973603799939e-05
8.4	2.4681630748091266e-05
8.41	2.4410539481323212e-05
8.42	2.41452144109644e-05
8.43	2.388016218901612e-05
8.44	2.3614258680026978e-05
8.45	2.3351010895567015e-05
8.46	2.308882903889753e-05
8.47	2.2836953576188534e-05
8.48	2.258140011690557e-05
8.49	2.2330754291033372e-05
8.5	2.208225487265736e-05
8.51	2.183796459576115e-05
8.52	2.1592510165646672e-05
8.53	2.1349333110265434e-05
8.54	2.1111907699378207e-05
8.55	2.087898610625416e-05
8.56	2.0645085896831006e-05
8.57	2.0415060134837404e-05
8.58	2.0183404558338225e-05
8.59	1.9958042685175315e-05
8.6	1.9734678062377498e-05
8.61	1.9514132873155177e-05
8.62	1.929189238580875e-05
8.63	1.9074617739534006e-05
8.64	1.886148311314173e-05
8.65	1.8646951502887532e-05
8.66	1.843397694756277e-05
8.67	1.822874037316069e-05
8.68	1.802145561669022e-05
8.69	1.7821468645706773e-05
8.7	1.7619044228922576e-05
8.71	1.741774394758977e-05
8.72	1.7221922462340444e-05
8.73	1.7026646673912182e-05
8.74	1.6830537788337097e-05
8.75	1.6640919056953862e-05
8.76	1.6451416740892455e-05
8.77	1.626455195946619e-05
8.78	1.6078382031992078e-05
8.79	1.5895649994490668e-05
8.8	1.5711717423982918e-05
8.81	1.5535119018750265e-05
8.82	1.5358695236500353e-05
8.83	1.5183744835667312e-05
8.84	1.500920916441828e-05
8.85	1.4835819456493482e-05
8.86	1.466513640480116e-05
8.87	1.4497745723929256e-05
8.88	1.4329805708257481e-05
8.89	1.4167224435368553e-05
8.9	1.4003649994265288e-05
8.91	1.3842287444276735e-05
8.92	1.3681725249625742e-05
8.93	1.3523978850571439e-05
8.94	1.3369131920626387e-05
8.95	1.3215048966230825e-05
8.96	1.3061304343864322e-05
8.97	1.2911150406580418e-05
8.98	1.2761833204422146e-05
8.99	1.2613680155482143e-05
9.0	1.2467138731153682e-05
9.01	1.232236172654666e-05
9.02	1.217888348037377e-05
9.03	1.2038351997034624e-05
9.04	1.1897307558683679e-05
9.05	1.1755797459045425e-05
9.06	1.1620217264862731e-05
9.07	1.1484669812489301e-05
9.08	1.134983540396206e-05
9.09	1.1218508007004857e-05
9.1	1.1087569873780012e-05
9.11	1.0957352060358971e-05
9.12	1.0827792721102014e-05
9.13	1.0698513506213203e-05
9.14	1.0573450708761811e-05
9.15	1.0449457477079704e-05
9.16	1.032646105159074e-05
9.17	1.0204155842075124e-05
9.18	1.0082803783006966e-05
9.19	9.96358721749857e-06
9.2	9.84629150480032e-06
9.21	9.729166777106002e-06
9.22	9.61533805821091e-06
9.23	9.502487955614924e-06
9.24	9.388615580974147e-06
9.25	9.275336196878925e-06
9.26	9.163275535684079e-06
9.27	9.054328984348103e-06
9.28	8.946062735049054e-06
9.29	8.840193913783878e-06
9.3	8.734117727726698e-06
9.31	8.629758667666465e-06
9.32	8.526505553163588e-06
9.33	8.424445695709437e-06
9.34	8.323841029778123e-06
9.35	8.224480552598834e-06
9.36	8.12445068731904e-06
9.37	8.026974683161825e-06
9.38	7.927905244287103e-06
9.39	7.832684786990285e-06
9.4	7.736791303614154e-06
9.41	7.644353900104761e-06
9.42	7.553484465461224e-06
9.43	7.462407666025683e-06
9.44	7.370184903265908e-06
9.45	7.281792932190001e-06
9.46	7.192433258751407e-06
9.47	7.106234988896176e-06
9.48	7.019014446996152e-06
9.49	6.9340894697234035e-06
9.5	6.8484114308375865e-06
9.51	6.76556010148488e-06
9.52	6.681446393486112e-06
9.53	6.599195330636576e-06
9.54	6.51931986794807e-06
9.55	6.44160172669217e-06
9.56	6.3618936110287905e-06
9.57	6.283848051680252e-06
9.58	6.205584213603288e-06
9.59	6.1298815126065165e-06
9.6	6.054153345758095e-06
9.61	5.979913112241775e-06
9.62	5.905658326810226e-06
9.63	5.83302607992664e-06
9.64	5.761747161159292e-06
9.65	5.6891403801273555e-06
9.66	5.618068826152012e-06
9.67	5.549500201595947e-06
9.68	5.480476829688996e-06
9.69	5.412883183453232e-06
9.7	5.345485988073051e-06
9.71	5.277423042571172e-06
9.72	5.212539690546691e-06
9.73	5.148347554495558e-06
9.74	5.084792064735666e-06
9.75	5.021371180191636e-06
9.76	4.958586941938847e-06
9.77	4.896068276138976e-06
9.78	4.834146238863468e-06
9.79	4.772464308189228e-06
9.8	4.712361260317266e-06
9.81	4.654888471122831e-06
9.82	4.596924554789439e-06
9.83	4.538655048236251e-06
9.84	4.4811240513809025e-06
9.85	4.424575308803469e-06
9.86	4.370238457340747e-06
9.87	4.314741090638563e-06
9.88	4.259116394678131e-06
9.89	4.205932782497257e-06
9.9	4.152654582867399e-06
9.91	4.0996055759023875e-06
9.92	4.047262336825952e-06
9.93	3.995468432549387e-06
9.94	3.945544449379668e-06
9.95	3.896577254636213e-06
9.96	3.846296749543399e-06
9.97	3.797482349909842e-06
9.98	3.7496538425330073e-06
9.99	3.701363311847672e-06
10.0	3.6546152841765434e-06
10.01	3.6080127756576985e-06
10.02	3.561744961189106e-06
10.03	3.5166594898328185e-06
10.04	3.4706790756899863e-06
10.05	3.4252225304953754e-06
10.06	3.3819087548181415e-06
10.07	3.3389078453183174e-06
10.08	3.296529030194506e-06
10.09	3.254557668697089e-06
10.1	3.2121351978275925e-06
10.11	3.170342097291723e-06
10.12	3.129734977846965e-06
10.13	3.089382516918704e-06
10.14	3.0494666134472936e-06
10.15	3.0101837182883173e-06
10.16	2.9709226510021836e-06
10.17	2.9319780878722668e-06
10.18	2.8935210139025003e-06
10.19	2.856191713362932e-06
10.2	2.8190806915517896e-06
10.21	2.7822206902783364e-06
10.22	2.746575773926452e-06
10.23	2.711120032472536e-06
10.24	2.674547431524843e-06
10.25	2.640030288603157e-06
10.26	2.6053530746139586e-06
10.27	2.571254299255088e-06
10.28	2.5371664378326386e-06
10.29	2.503933501429856e-06
10.3	2.4705186660867184e-06
10.31	2.4374385247938335e-06
10.32	2.4048313207458705e-06
10.33	2.3735447030048817e-06
10.34	2.3423963284585625e-06
10.35	2.3120446712709963e-06
10.36	2.280969056300819e-06
10.37	2.2508029360324144e-06
10.38	2.2202148102223873e-06
10.39	2.1905216271989048e-06
10.4	2.1609594114124775e-06
10.41	2.132255758624524e-06
10.42	2.104017767123878e-06
10.43	2.07561970455572e-06
10.44	2.047054294962436e-06
10.45	2.0203297026455402e-06
10.46	1.99299756786786e-06
10.47	1.966884155990556e-06
10.48	1.9405379134695977e-06
10.49	1.914249878609553e-06
10.5	1.8881728465203196e-06
10.51	1.8622704374138266e-06
10.52	1.836899173213169e-06
10.53	1.8120590539183468e-06
10.54	1.7878373910207301e-06
10.55	1.763950422173366e-06
10.56	1.7396123439539224e-06
10.57	1.7160236893687397e-06
10.58	1.6928534023463726e-06
10.59	1.6700432752259076e-06
10.6	1.6474259609822184e-06
10.61	1.6250232874881476e-06
10.62	1.602940756129101e-06
10.63	1.5807927411515266e-06
10.64	1.5594450815115124e-06
10.65	1.5376062947325408e-06
10.66	1.5164841897785664e-06
10.67	1.496438926551491e-06
10.68	1.4760153135284781e-06
10.69	1.4554971130564809e-06
10.7	1.435426383977756e-06
10.71	1.4150209608487785e-06
10.72	1.3961871445644647e-06
10.73	1.3769349607173353e-06
10.74	1.3585085980594158e-06
10.75	1.3394892448559403e-06
10.76	1.321110175922513e-06
10.77	1.302782038692385e-06
10.78	1.284533936996013e-06
10.79	1.2663222150877118e-06
10.8	1.2491764209698886e-06
10.81	1.2320742825977504e-06
10.82	1.2149030226282775e-06
10.83	1.1975316738244146e-06
10.84	1.1809315765276551e-06
10.85	1.1643933248706162e-06
10.86	1.1484480637591332e-06
10.87	1.132495526690036e-06
10.88	1.1165648174937814e-06
10.89	1.1014271876774728e-06
10.9	1.0855364962480962e-06
10.91	1.069976860890165e-06
10.92	1.0546500561758876e-06
10.93	1.039672497427091e-06
10.94	1.025509845931083e-06
10.95	1.0110197763424367e-06
10.96	9.960858733393252e-07
10.97	9.822579158935696e-07
10.98	9.687610145192593e-07
10.99	9.551658877171576e-07
11.0	9.416980901733041e-07
11.01	9.284667612519115e-07
11.02	9.150753612630069e-07
11.03	9.022769518196583e-07
11.04	8.887327567208558e-07
11.05	8.758288458921015e-07
11.06	8.634779078420252e-07
11.07	8.511851774528623e-07
11.08	8.391034498345107e-07
11.09	8.272036211565137e-07
11.1	8.150600478984416e-07
11.11	8.037459338083863e-07
11.12	7.922390068415552e-07
11.13	7.807757356204093e-07
11.14	7.69581674830988e-07
11.15	7.585185812786222e-07
11.16	7.474154699593782e-07
11.17	7.363814802374691e-07
11.18	7.252965588122606e-07
11.19	7.149210432544351e-07
11.2	7.049457053653896e-07
11.21	6.945956556592137e-07
11.22	6.845475581940264e-07
11.23	6.746704457327724e-07
11.24	6.644113454967737e-07
11.25	6.549562385771424e-07
11.26	6.456466508097947e-07
11.27	6.360060069710016e-07
11.28	6.266964192036539e-07
11.29	6.173286237753928e-07
11.3	6.080335879232734e-07
11.31	5.989968485664576e-07
11.32	5.898837116546929e-07
11.33	5.814763426315039e-07
11.34	5.730107659474015e-07
11.35	5.643742042593658e-07
11.36	5.558031261898577e-07
11.37	5.47483068658039e-07
11.38	5.39272150490433e-07
11.39	5.315159796737134e-07
11.4	5.235742719378322e-07
11.41	5.156434781383723e-07
11.42	5.080473783891648e-07
11.43	5.001638783141971e-07
11.44	4.923276719637215e-07
11.45	4.84888005303219e-07
11.46	4.776848072651774e-07
11.47	4.705070750787854e-07
11.48	4.638350219465792e-07
11.49	4.565190465655178e-07
11.5	4.4963235268369317e-07
11.51	4.428475222084671e-07
11.52	4.363610059954226e-07
11.53	4.2941246647387743e-07
11.54	4.2303145164623857e-07
11.55	4.1675230022519827e-07
11.56	4.1016755858436227e-07
11.57	4.035609890706837e-07
11.58	3.975874278694391e-07
11.59	3.915811248589307e-07
11.6	3.857785486616194e-07
11.61	3.7988866097293794e-07
11.62	3.74100636690855e-07
11.63	3.6824712879024446e-07
11.64	3.6268102121539414e-07
11.65	3.569366526789963e-07
11.66	3.51687049260363e-07
11.67	3.4634649637155235e-07
11.68	3.4093682188540697e-07
11.69	3.3558899303898215e-07
11.7	3.304339770693332e-07
11.71	3.251261659897864e-07
11.72	3.203022060915828e-07
11.73	3.1536183087155223e-07
11.74	3.1070521799847484e-07
11.75	3.0569935915991664e-07
11.76	3.010209184139967e-07
11.77	2.963643055409193e-07
11.78	2.9177681426517665e-07
11.79	2.8725480660796165e-07
11.8	2.8308204491622746e-07
11.81	2.7847272576764226e-07
11.82	2.74099875241518e-07
11.83	2.6982525014318526e-07
11.84	2.6552152121439576e-07
11.85	2.6144334697164595e-07
11.86	2.5753979571163654e-07
11.87	2.533379301894456e-07
11.88	2.4950350052677095e-07
11.89	2.4560358724556863e-07
11.9	2.416272764094174e-07
11.91	2.3788379621692002e-07
11.92	2.342021616641432e-07
11.93	2.3041866370476782e-07
11.94	2.2702806745655835e-07
11.95	2.2326639737002552e-07
11.96	2.1943560568615794e-07
11.97	2.1605956135317683e-07
11.98	2.1268715499900281e-07
11.99	2.092201611958444e-07
12.0	2.0609513740055263e-07
12.01	2.0288280211389065e-07
12.02	1.9959406927227974e-07
12.03	1.9639264792203903e-07
12.04	1.931184669956565e-07
12.05	1.8997161532752216e-07
12.06	1.8700302462093532e-07
12.07	1.8395076040178537e-07
12.08	1.8093851394951344e-07
12.09	1.778316800482571e-07
12.1	1.7492857296019793e-07
12.11	1.722182787489146e-07
12.12	1.69457052834332e-07
12.13	1.66681275004521e-07
12.14	1.6417106962762773e-07
12.15	1.613334461580962e-07
12.16	1.5866680769249797e-07
12.17	1.5586192603223026e-07
12.18	1.5322802937589586e-07
12.19	1.507505658082664e-07
12.2	1.4836768968962133e-07
12.21	1.4571560313925147e-07
12.22	1.434200385119766e-07
12.23	1.4092802302911878e-07
12.24	1.3857788871973753e-07
12.25	1.3638418749906123e-07
12.26	1.3417229638434947e-07
12.27	1.317457645200193e-07
12.28	1.2965756468474865e-07
12.29	1.273547240998596e-07
12.3	1.252046786248684e-07
12.31	1.230037014465779e-07
12.32	1.2092641554772854e-07
12.33	1.1889278539456427e-07
12.34	1.1702286428771913e-07
12.35	1.1480733519420028e-07
12.36	1.1287193046882749e-07
12.37	1.1092197382822633e-07
12.38	1.0909934644587338e-07
12.39	1.0722942533902824e-07
12.4	1.0551957529969513e-07
12.41	1.0357325663790107e-07
12.42	1.0190706234425306e-07
12.43	9.997529559768736e-08
12.44	9.828363545238972e-08
12.45	9.65374056249857e-08
12.46	9.497671271674335e-08
12.47	9.333598427474499e-08
12.48	9.173891157843173e-08
12.49	9.001450962387025e-08
12.5	8.85011104401201e-08
12.51	8.699498721398413e-08
12.52	8.5601641330868e-08
12.53	8.403731044381857e-08
12.54	8.263305062428117e-08
12.55	8.117785910144448e-08
12.56	7.967173587530851e-08
12.57	7.81401467975229e-08
12.58	7.689232006669044e-08
12.59	7.548442226834595e-08
12.6	7.420021574944258e-08
12.61	7.28723534848541e-08
12.62	7.160633685998619e-08
12.63	7.019843906164169e-08
12.64	6.908157956786454e-08
12.65	6.793925422243774e-08
12.66	6.679692887701094e-08
12.67	6.550908437930048e-08
12.68	6.435220711864531e-08
12.69	6.32135197520256e-08
12.7	6.207847036421299e-08
12.71	6.087793735787272e-08
12.72	5.986294127069414e-08
12.73	5.8797013480216265e-08
12.74	5.7774741435423493e-08
12.75	5.6676071835681796e-08
12.76	5.567198968492448e-08
12.77	5.475158104673028e-08
12.78	5.3743860917165875e-08
12.79	5.2830728236585855e-08
12.8	5.194669938646257e-08
12.81	5.0920789362862706e-08
12.82	4.999674274586141e-08
12.83	4.91236278321594e-08
12.84	4.812682163901627e-08
12.85	4.729736247099936e-08
12.86	4.659159458242357e-08
12.87	4.5671185944229364e-08
12.88	4.480534698814154e-08
12.89	4.402318154461682e-08
12.9	4.319372237659991e-08
12.91	4.245885065756738e-08
12.92	4.177854862064123e-08
12.93	4.0938175516203046e-08
12.94	4.028333933092654e-08
12.95	3.945388016290963e-08
12.96	3.8660800782963634e-08
12.97	3.80168785341084e-08
12.98	3.7325662560760975e-08
12.99	3.665991243906319e-08
13.0	3.6026904126629233e-08
13.01	3.534296411089599e-08
13.02	3.465538611635566e-08
13.03	3.402965376153588e-08
13.04	3.3440301194787025e-08
13.05	3.2821844797581434e-08
13.06	3.223976818844676e-08
13.07	3.161767381243408e-08
13.08	3.105014911852777e-08
13.09	3.03771230392158e-08
13.1	2.979868440888822e-08
13.11	2.9274815460667014e-08
13.12	2.869273885153234e-08
13.13	2.8150680009275675e-08
13.14	2.769593265838921e-08
13.15	2.7092028176411986e-08
13.16	2.6626366889104247e-08
13.17	2.6091584004461765e-08
13.18	2.5582266971468925e-08
13.19	2.5076587917283177e-08
13.2	2.4600012693554163e-08
13.21	2.4072505766525865e-08
13.22	2.3610482458025217e-08
13.23	2.3032043827697635e-08
13.24	2.2628228180110455e-08
13.25	2.2242602426558733e-08
13.26	2.181332092732191e-08
13.27	2.134765964001417e-08
13.28	2.0936568034812808e-08
13.29	2.049273462034762e-08
13.3	2.0085280993953347e-08
13.31	1.9652361515909433e-08
13.32	1.9299477571621537e-08
13.33	1.890293788164854e-08
13.34	1.849912223406136e-08
13.35	1.8069840734824538e-08
13.36	1.7746060620993376e-08
13.37	1.7385900719091296e-08
13.38	1.7047568690031767e-08
13.39	1.666921889409423e-08
13.4	1.6359990695491433e-08
13.41	1.601074473001063e-08
13.42	1.5686964616179466e-08
13.43	1.5348632587119937e-08
13.44	1.5053956303745508e-08
13.45	1.4715624274685979e-08
13.46	1.4475517673417926e-08
13.47	1.416628947481513e-08
13.48	1.3827957445755601e-08
13.49	1.3540557119995356e-08
13.5	1.3311364455148578e-08
13.51	1.3031240087002516e-08
13.52	1.278385752812028e-08
13.53	1.2518285075202584e-08
13.54	1.2289092410355806e-08
13.55	1.2012606021016836e-08
13.56	1.174339558929205e-08
13.57	1.1481461115181446e-08
13.58	1.1288648238405585e-08
13.59	1.1041265679523349e-08
13.6	1.0822986951097846e-08
13.61	1.0582880349829793e-08
13.62	1.0350049706175923e-08
13.63	1.0106305126100779e-08
13.64	9.946234058588743e-09
13.65	9.757059160619974e-09
13.66	9.542418411001563e-09
13.67	9.342329576611519e-09
13.68	9.164068615064025e-09
13.69	8.960341801866889e-09
13.7	8.752977009862661e-09
13.71	8.567440090700984e-09
13.72	8.425558917224407e-09
13.73	8.21819412522018e-09
13.74	8.010829333215952e-09
13.75	7.825292414054275e-09
13.76	7.650669431313872e-09
13.77	7.483322406187654e-09
13.78	7.341441232711077e-09
13.79	7.1922841016203165e-09
13.8	7.043126970529556e-09
13.81	6.861228030174971e-09
13.82	6.741174729540944e-09
13.83	6.566551746800542e-09
13.84	6.395566742867231e-09
13.85	6.26459950581193e-09
13.86	6.13727024756372e-09
13.87	5.948095349594951e-09
13.88	5.8244040701538324e-09
13.89	5.707988748326898e-09
13.9	5.580659490078688e-09
13.91	5.4424162954092026e-09
13.92	5.358742782846093e-09
13.93	5.213223630562425e-09
13.94	5.11863618157804e-09
13.95	4.980392986908555e-09
13.96	4.856701707467437e-09
13.97	4.740286385640502e-09
13.98	4.649336915463209e-09
13.99	4.525645636022091e-09
14.0	4.4419721234589815e-09
14.01	4.307366907596588e-09
14.02	4.2273313738405704e-09
14.03	4.121829988434911e-09
14.04	4.045432433485985e-09
14.05	3.943569026887417e-09
14.06	3.874447429552674e-09
14.07	3.772584022954106e-09
14.08	3.688910510390997e-09
14.09	3.5579432733356953e-09
14.1	3.5070115700364113e-09
14.11	3.423338057473302e-09
14.12	3.3287506084889174e-09
14.13	3.2523530535399914e-09
14.14	3.1905074138194323e-09
14.15	3.0631781555712223e-09
14.16	3.01588443107903e-09
14.17	2.9467628337442875e-09
14.18	2.877641236409545e-09
14.19	2.8085196390748024e-09
14.2	2.7321220841258764e-09
14.21	2.648448571562767e-09
14.22	2.5902409106492996e-09
14.23	2.4920154828578234e-09
14.24	2.444721758365631e-09
14.25	2.3756001610308886e-09
14.26	2.2992026060819626e-09
14.27	2.2373569663614035e-09
14.28	2.190063241869211e-09
14.29	2.1136656869202852e-09
14.3	2.077285898849368e-09
14.31	2.0118022803217173e-09
14.32	1.9681465346366167e-09
14.33	1.902662916108966e-09
14.34	1.8517312128096819e-09
14.35	1.7935235518962145e-09
14.36	1.7535057850182056e-09
14.37	1.6880221664905548e-09
14.38	1.6443664208054543e-09
14.39	1.6079866327345371e-09
14.4	1.5606929082423449e-09
14.41	1.5061232261359692e-09
14.42	1.469743438065052e-09
14.43	1.4297256711870432e-09
14.44	1.3969838619232178e-09
14.45	1.356966095045209e-09
14.46	1.3278622645884752e-09
14.47	1.2842065189033747e-09
14.48	1.2332748156040907e-09
14.49	1.2078089639544487e-09
14.5	1.1823431123048067e-09
14.51	1.1423253454267979e-09
14.52	1.1241354513913393e-09
14.53	1.0950316209346056e-09
14.54	1.0659277904778719e-09
14.55	1.0295480024069548e-09
14.56	1.000444171950221e-09
14.57	9.786162991076708e-10
14.58	9.64064383879304e-10
14.59	9.349605534225702e-10
14.6	9.058567229658365e-10
14.61	8.803908713161945e-10
14.62	8.585629984736443e-10
14.63	8.36735125631094e-10
14.64	8.185452315956354e-10
14.65	7.967173587530851e-10
14.66	7.712515071034431e-10
14.67	7.530616130679846e-10
14.68	7.385096978396177e-10
14.69	7.09405867382884e-10
14.7	6.948539521545172e-10
14.71	6.803020369261503e-10
14.72	6.657501216977835e-10
14.73	6.439222488552332e-10
14.74	6.257323548197746e-10
14.75	6.075424607843161e-10
14.76	5.893525667488575e-10
14.77	5.675246939063072e-10
14.78	5.529727786779404e-10
14.79	5.384208634495735e-10
14.8	5.275069270282984e-10
14.81	5.056790541857481e-10
14.82	5.020410753786564e-10
14.83	4.802132025361061e-10
14.84	4.6202330850064754e-10
14.85	4.511093720793724e-10
14.86	4.3655745685100555e-10
14.87	4.147295840084553e-10
14.88	4.001776687800884e-10
14.89	3.8562575355172157e-10
14.9	3.710738383233547e-10
14.91	3.637978807091713e-10
14.92	3.601599019020796e-10
14.93	3.41970007866621e-10
14.94	3.310560714453459e-10
14.95	3.2014213502407074e-10
14.96	3.055902197957039e-10
14.97	2.9467628337442875e-10
14.98	2.874003257602453e-10
14.99	2.7284841053187847e-10
15.0	2.6193447411060333e-10
15.01	2.510205376893282e-10
15.02	2.4374458007514477e-10
15.03	2.3646862246096134e-10
15.04	2.2919266484677792e-10
15.05	2.1827872842550278e-10
15.06	2.1100277081131935e-10
15.07	2.000888343900442e-10
15.08	1.9281287677586079e-10
15.09	1.8189894035458565e-10
15.1	1.8189894035458565e-10
15.11	1.709850039333105e-10
15.12	1.6007106751203537e-10
15.13	1.5643308870494366e-10
15.14	1.4915713109076023e-10
15.15	1.382431946694851e-10
15.16	1.382431946694851e-10
15.17	1.3096723705530167e-10
15.18	1.2005330063402653e-10
15.19	1.2005330063402653e-10
15.2	1.127773430198431e-10
15.21	1.0550138540565968e-10
15.22	1.0550138540565968e-10
15.23	9.458744898438454e-11
15.24	9.094947017729282e-11
15.25	8.731149137020111e-11
15.26	8.003553375601768e-11
15.27	7.639755494892597e-11
15.28	7.275957614183426e-11
15.29	6.548361852765083e-11
15.3	6.548361852765083e-11
15.31	6.184563972055912e-11
15.32	5.820766091346741e-11
15.33	5.093170329928398e-11
15.34	4.729372449219227e-11
15.35	4.3655745685100555e-11
15.36	4.001776687800884e-11
15.37	3.637978807091713e-11
15.38	3.637978807091713e-11
15.39	3.2741809263825417e-11
15.4	2.546585164964199e-11
15.41	2.546585164964199e-11
15.42	2.1827872842550278e-11
15.43	1.8189894035458565e-11
15.44	1.8189894035458565e-11
15.45	1.4551915228366852e-11
15.46	1.0913936421275139e-11
15.47	1.0913936421275139e-11
15.48	7.275957614183426e-12
15.49	7.275957614183426e-12
15.5	7.275957614183426e-12
15.51	3.637978807091713e-12
15.52	3.637978807091713e-12
15.53	3.637978807091713e-12
15.54	0.0
