5.28	0.0005016326904296875
5.29	0.0004901885986328125
5.3	0.00048065185546875
5.31	0.00048065185546875
5.32	0.0004673004150390625
5.33	0.000461578369140625
5.34	0.0004558563232421875
5.35	0.0004444122314453125
5.36	0.00043582916259765625
5.37	0.0004329681396484375
5.38	0.0004329681396484375
5.39	0.00042629241943359375
5.4	0.00041103363037109375
5.41	0.00041103363037109375
5.42	0.0004100799560546875
5.43	0.00040340423583984375
5.44	0.00039386749267578125
5.45	0.0003814697265625
5.46	0.0003814697265625
5.47	0.00037384033203125
5.48	0.0003681182861328125
5.49	0.00035953521728515625
5.5	0.00035190582275390625
5.51	0.00034809112548828125
5.52	0.00034618377685546875
5.53	0.0003452301025390625
5.54	0.00034332275390625
5.55	0.00032711029052734375
5.56	0.00032711029052734375
5.57	0.00032520294189453125
5.58	0.00031948089599609375
5.59	0.0003032684326171875
5.6	0.00029659271240234375
5.61	0.0002956390380859375
5.62	0.00028896331787109375
5.63	0.00027942657470703125
5.64	0.00027942657470703125
5.65	0.00027179718017578125
5.66	0.000270843505859375
5.67	0.00026416778564453125
5.68	0.0002593994140625
5.69	0.000255584716796875
5.7	0.0002422332763671875
5.71	0.0002422332763671875
5.72	0.0002422332763671875
5.73	0.0002269744873046875
5.74	0.0002231597900390625
5.75	0.00022125244140625
5.76	0.00022125244140625
5.77	0.00022029876708984375
5.78	0.00021266937255859375
5.79	0.00021266937255859375
5.8	0.00020885467529296875
5.81	0.0002079010009765625
5.82	0.00020599365234375
5.83	0.0002040863037109375
5.84	0.00020122528076171875
5.85	0.0001964569091796875
5.86	0.0001964569091796875
5.87	0.0001964569091796875
5.88	0.00018405914306640625
5.89	0.00018405914306640625
5.9	0.00018310546875
5.91	0.00018310546875
5.92	0.0001811981201171875
5.93	0.0001697540283203125
5.94	0.0001697540283203125
5.95	0.00016498565673828125
5.96	0.00016021728515625
5.97	0.0001544952392578125
5.98	0.0001468658447265625
5.99	0.0001430511474609375
6.0	0.0001430511474609375
6.01	0.0001430511474609375
6.02	0.000141143798828125
6.03	0.00013637542724609375
6.04	0.00013637542724609375
6.05	0.00013637542724609375
6.06	0.00013256072998046875
6.07	0.00013065338134765625
6.08	0.00012302398681640625
6.09	0.00012302398681640625
6.1	0.00012111663818359375
6.11	0.00011444091796875
6.12	0.00011444091796875
6.13	0.000110626220703125
6.14	0.000110626220703125
6.15	0.0001087188720703125
6.16	0.0001087188720703125
6.17	0.0001049041748046875
6.18	0.00010013580322265625
6.19	0.00010013580322265625
6.2	0.00010013580322265625
6.21	9.72747802734375e-05
6.22	9.5367431640625e-05
6.23	8.96453857421875e-05
6.24	8.96453857421875e-05
6.25	8.869171142578125e-05
6.26	8.487701416015625e-05
6.27	8.487701416015625e-05
6.28	8.487701416015625e-05
6.29	8.296966552734375e-05
6.3	8.0108642578125e-05
6.31	8.0108642578125e-05
6.32	7.62939453125e-05
6.33	7.343292236328125e-05
6.34	7.343292236328125e-05
6.35	7.343292236328125e-05
6.36	6.67572021484375e-05
6.37	6.4849853515625e-05
6.38	6.4849853515625e-05
6.39	6.4849853515625e-05
6.4	5.91278076171875e-05
6.41	5.91278076171875e-05
6.42	5.817413330078125e-05
6.43	5.817413330078125e-05
6.44	5.7220458984375e-05
6.45	5.53131103515625e-05
6.46	5.53131103515625e-05
6.47	5.14984130859375e-05
6.48	5.054473876953125e-05
6.49	5.054473876953125e-05
6.5	5.054473876953125e-05
6.51	4.863739013671875e-05
6.52	4.863739013671875e-05
6.53	4.863739013671875e-05
6.54	4.863739013671875e-05
6.55	4.482269287109375e-05
6.56	4.291534423828125e-05
6.57	4.291534423828125e-05
6.58	4.291534423828125e-05
6.59	4.00543212890625e-05
6.6	3.719329833984375e-05
6.61	3.719329833984375e-05
6.62	3.528594970703125e-05
6.63	3.528594970703125e-05
6.64	3.528594970703125e-05
6.65	3.528594970703125e-05
6.66	3.4332275390625e-05
6.67	3.4332275390625e-05
6.68	3.4332275390625e-05
6.69	3.4332275390625e-05
6.7	2.765655517578125e-05
6.71	2.765655517578125e-05
6.72	2.6702880859375e-05
6.73	2.6702880859375e-05
6.74	2.47955322265625e-05
6.75	2.47955322265625e-05
6.76	2.47955322265625e-05
6.77	2.47955322265625e-05
6.78	2.193450927734375e-05
6.79	2.193450927734375e-05
6.8	2.002716064453125e-05
6.81	2.002716064453125e-05
6.82	2.002716064453125e-05
6.83	2.002716064453125e-05
6.84	2.002716064453125e-05
6.85	1.621246337890625e-05
6.86	1.621246337890625e-05
6.87	1.621246337890625e-05
6.88	1.621246337890625e-05
6.89	1.621246337890625e-05
6.9	1.621246337890625e-05
6.91	1.621246337890625e-05
6.92	1.621246337890625e-05
6.93	1.52587890625e-05
6.94	1.52587890625e-05
6.95	1.52587890625e-05
6.96	1.430511474609375e-05
6.97	1.430511474609375e-05
6.98	1.430511474609375e-05
6.99	1.430511474609375e-05
7.0	1.33514404296875e-05
7.01	1.33514404296875e-05
7.02	1.33514404296875e-05
7.03	1.1444091796875e-05
7.04	1.1444091796875e-05
7.05	1.1444091796875e-05
7.06	1.1444091796875e-05
7.07	1.1444091796875e-05
7.08	8.58306884765625e-06
7.09	8.58306884765625e-06
7.1	6.67572021484375e-06
7.11	6.67572021484375e-06
7.12	6.67572021484375e-06
7.13	6.67572021484375e-06
7.14	6.67572021484375e-06
7.15	6.67572021484375e-06
7.16	6.67572021484375e-06
7.17	6.67572021484375e-06
7.18	5.7220458984375e-06
7.19	5.7220458984375e-06
7.2	5.7220458984375e-06
7.21	5.7220458984375e-06
7.22	5.7220458984375e-06
7.23	4.76837158203125e-06
7.24	4.76837158203125e-06
7.25	4.76837158203125e-06
7.26	4.76837158203125e-06
7.27	4.76837158203125e-06
7.28	4.76837158203125e-06
7.29	4.76837158203125e-06
7.3	4.76837158203125e-06
7.31	4.76837158203125e-06
7.32	4.76837158203125e-06
7.33	2.86102294921875e-06
7.34	2.86102294921875e-06
7.35	2.86102294921875e-06
7.36	2.86102294921875e-06
7.37	2.86102294921875e-06
7.38	2.86102294921875e-06
7.39	2.86102294921875e-06
7.4	2.86102294921875e-06
7.41	1.9073486328125e-06
7.42	1.9073486328125e-06
7.43	1.9073486328125e-06
7.44	1.9073486328125e-06
7.45	1.9073486328125e-06
7.46	1.9073486328125e-06
7.47	1.9073486328125e-06
7.48	9.5367431640625e-07
7.49	9.5367431640625e-07
7.5	9.5367431640625e-07
7.51	9.5367431640625e-07
7.52	9.5367431640625e-07
7.53	9.5367431640625e-07
7.54	9.5367431640625e-07
7.55	9.5367431640625e-07
7.56	9.5367431640625e-07
7.57	9.5367431640625e-07
7.58	9.5367431640625e-07
7.59	9.5367431640625e-07
7.6	9.5367431640625e-07
7.61	9.5367431640625e-07
7.62	9.5367431640625e-07
7.63	9.5367431640625e-07
7.64	9.5367431640625e-07
7.65	9.5367431640625e-07
7.66	9.5367431640625e-07
7.67	9.5367431640625e-07
7.68	9.5367431640625e-07
7.69	9.5367431640625e-07
7.7	9.5367431640625e-07
7.71	0.0
