5.31	0.0005009174346923828
5.32	0.0004968643188476562
5.33	0.0004935264587402344
5.34	0.0004894733428955078
5.35	0.0004849433898925781
5.36	0.00048065185546875
5.37	0.0004775524139404297
5.38	0.0004734992980957031
5.39	0.0004703998565673828
5.4	0.0004673004150390625
5.41	0.00046253204345703125
5.42	0.00045800209045410156
5.43	0.0004565715789794922
5.44	0.00045299530029296875
5.45	0.0004508495330810547
5.46	0.00044608116149902344
5.47	0.0004420280456542969
5.48	0.0004394054412841797
5.49	0.0004355907440185547
5.5	0.0004334449768066406
5.51	0.0004286766052246094
5.52	0.00042629241943359375
5.53	0.00042176246643066406
5.54	0.0004189014434814453
5.55	0.0004162788391113281
5.56	0.0004143714904785156
5.57	0.0004105567932128906
5.58	0.0004055500030517578
5.59	0.0004029273986816406
5.6	0.0003991127014160156
5.61	0.00039505958557128906
5.62	0.00039267539978027344
5.63	0.0003910064697265625
5.64	0.0003886222839355469
5.65	0.00038361549377441406
5.66	0.0003819465637207031
5.67	0.00037789344787597656
5.68	0.00037550926208496094
5.69	0.0003731250762939453
5.7	0.00036978721618652344
5.71	0.00036644935607910156
5.72	0.00036263465881347656
5.73	0.00036072731018066406
5.74	0.00035762786865234375
5.75	0.0003554821014404297
5.76	0.0003516674041748047
5.77	0.00034809112548828125
5.78	0.0003457069396972656
5.79	0.0003428459167480469
5.8	0.0003418922424316406
5.81	0.00033855438232421875
5.82	0.0003361701965332031
5.83	0.0003323554992675781
5.84	0.0003294944763183594
5.85	0.00032782554626464844
5.86	0.0003249645233154297
5.87	0.00032329559326171875
5.88	0.00031876564025878906
5.89	0.00031638145446777344
5.9	0.0003147125244140625
5.91	0.00031256675720214844
5.92	0.00031065940856933594
5.93	0.0003070831298828125
5.94	0.00030612945556640625
5.95	0.0003018379211425781
5.96	0.00029969215393066406
5.97	0.00029778480529785156
5.98	0.0002961158752441406
5.99	0.00029349327087402344
6.0	0.00029158592224121094
6.01	0.0002892017364501953
6.02	0.0002856254577636719
6.03	0.0002849102020263672
6.04	0.00028228759765625
6.05	0.00028014183044433594
6.06	0.0002779960632324219
6.07	0.0002741813659667969
6.08	0.0002722740173339844
6.09	0.0002696514129638672
6.1	0.0002682209014892578
6.11	0.00026726722717285156
6.12	0.0002639293670654297
6.13	0.00026154518127441406
6.14	0.0002598762512207031
6.15	0.0002582073211669922
6.16	0.000255584716796875
6.17	0.0002541542053222656
6.18	0.0002510547637939453
6.19	0.00024890899658203125
6.2	0.0002467632293701172
6.21	0.0002453327178955078
6.22	0.000244140625
6.23	0.00024199485778808594
6.24	0.00023984909057617188
6.25	0.00023818016052246094
6.26	0.00023627281188964844
6.27	0.00023484230041503906
6.28	0.000232696533203125
6.29	0.00023102760314941406
6.3	0.00022840499877929688
6.31	0.00022673606872558594
6.32	0.00022482872009277344
6.33	0.00022363662719726562
6.34	0.0002224445343017578
6.35	0.0002205371856689453
6.36	0.00021886825561523438
6.37	0.0002162456512451172
6.38	0.00021529197692871094
6.39	0.00021386146545410156
6.4	0.00021314620971679688
6.41	0.00021123886108398438
6.42	0.00020933151245117188
6.43	0.0002067089080810547
6.44	0.00020456314086914062
6.45	0.00020384788513183594
6.46	0.00020170211791992188
6.47	0.0002002716064453125
6.48	0.00019812583923339844
6.49	0.00019693374633789062
6.5	0.0001952648162841797
6.51	0.0001933574676513672
6.52	0.0001926422119140625
6.53	0.00019025802612304688
6.54	0.0001881122589111328
6.55	0.00018596649169921875
6.56	0.00018525123596191406
6.57	0.00018453598022460938
6.58	0.00018358230590820312
6.59	0.00018143653869628906
6.6	0.000179290771484375
6.61	0.00017762184143066406
6.62	0.0001761913299560547
6.63	0.00017523765563964844
6.64	0.00017333030700683594
6.65	0.0001709461212158203
6.66	0.0001704692840576172
6.67	0.00016832351684570312
6.68	0.0001666545867919922
6.69	0.00016570091247558594
6.7	0.00016498565673828125
6.71	0.0001628398895263672
6.72	0.00016164779663085938
6.73	0.00016045570373535156
6.74	0.0001590251922607422
6.75	0.00015878677368164062
6.76	0.0001575946807861328
6.77	0.00015592575073242188
6.78	0.0001537799835205078
6.79	0.000152587890625
6.8	0.00015091896057128906
6.81	0.00015020370483398438
6.82	0.0001494884490966797
6.83	0.00014781951904296875
6.84	0.00014638900756835938
6.85	0.00014495849609375
6.86	0.0001437664031982422
6.87	0.0001423358917236328
6.88	0.00014090538024902344
6.89	0.0001392364501953125
6.9	0.00013780593872070312
6.91	0.0001373291015625
6.92	0.0001361370086669922
6.93	0.00013518333435058594
6.94	0.00013375282287597656
6.95	0.0001327991485595703
6.96	0.0001308917999267578
6.97	0.00012946128845214844
6.98	0.0001285076141357422
6.99	0.00012826919555664062
7.0	0.0001270771026611328
7.01	0.0001251697540283203
7.02	0.00012421607971191406
7.03	0.00012230873107910156
7.04	0.00012159347534179688
7.05	0.00012063980102539062
7.06	0.00011968612670898438
7.07	0.00011897087097167969
7.08	0.00011754035949707031
7.09	0.00011563301086425781
7.1	0.00011467933654785156
7.11	0.00011348724365234375
7.12	0.00011301040649414062
7.13	0.00011110305786132812
7.14	0.00011014938354492188
7.15	0.00010895729064941406
7.16	0.00010824203491210938
7.17	0.00010800361633300781
7.18	0.0001068115234375
7.19	0.00010585784912109375
7.2	0.00010418891906738281
7.21	0.00010371208190917969
7.22	0.00010251998901367188
7.23	0.00010204315185546875
7.24	0.00010132789611816406
7.25	0.00010013580322265625
7.26	9.894371032714844e-05
7.27	9.846687316894531e-05
7.28	9.751319885253906e-05
7.29	9.608268737792969e-05
7.3	9.5367431640625e-05
7.31	9.34600830078125e-05
7.32	9.322166442871094e-05
7.33	9.250640869140625e-05
7.34	9.1552734375e-05
7.35	9.107589721679688e-05
7.36	8.988380432128906e-05
7.37	8.869171142578125e-05
7.38	8.797645568847656e-05
7.39	8.726119995117188e-05
7.4	8.654594421386719e-05
7.41	8.606910705566406e-05
7.42	8.535385131835938e-05
7.43	8.416175842285156e-05
7.44	8.320808410644531e-05
7.45	8.249282836914062e-05
7.46	8.225440979003906e-05
7.47	8.106231689453125e-05
7.48	8.082389831542969e-05
7.49	8.0108642578125e-05
7.5	7.915496826171875e-05
7.51	7.843971252441406e-05
7.52	7.772445678710938e-05
7.53	7.677078247070312e-05
7.54	7.581710815429688e-05
7.55	7.43865966796875e-05
7.56	7.367134094238281e-05
7.57	7.343292236328125e-05
7.58	7.343292236328125e-05
7.59	7.271766662597656e-05
7.6	7.200241088867188e-05
7.61	7.128715515136719e-05
7.62	7.05718994140625e-05
7.63	7.05718994140625e-05
7.64	6.961822509765625e-05
7.65	6.937980651855469e-05
7.66	6.866455078125e-05
7.67	6.818771362304688e-05
7.68	6.723403930664062e-05
7.69	6.699562072753906e-05
7.7	6.67572021484375e-05
7.71	6.580352783203125e-05
7.72	6.437301635742188e-05
7.73	6.341934204101562e-05
7.74	6.341934204101562e-05
7.75	6.270408630371094e-05
7.76	6.270408630371094e-05
7.77	6.198883056640625e-05
7.78	6.127357482910156e-05
7.79	6.103515625e-05
7.8	5.9604644775390625e-05
7.81	5.888938903808594e-05
7.82	5.888938903808594e-05
7.83	5.888938903808594e-05
7.84	5.8650970458984375e-05
7.85	5.7697296142578125e-05
7.86	5.745887756347656e-05
7.87	5.698204040527344e-05
7.88	5.6743621826171875e-05
7.89	5.5789947509765625e-05
7.9	5.53131103515625e-05
7.91	5.412101745605469e-05
7.92	5.3882598876953125e-05
7.93	5.340576171875e-05
7.94	5.2928924560546875e-05
7.95	5.269050598144531e-05
7.96	5.173683166503906e-05
7.97	5.078315734863281e-05
7.98	5.054473876953125e-05
7.99	5.054473876953125e-05
8.0	5.054473876953125e-05
8.01	4.935264587402344e-05
8.02	4.9114227294921875e-05
8.03	4.863739013671875e-05
8.04	4.863739013671875e-05
8.05	4.839897155761719e-05
8.06	4.792213439941406e-05
8.07	4.792213439941406e-05
8.08	4.696846008300781e-05
8.09	4.673004150390625e-05
8.1	4.57763671875e-05
8.11	4.57763671875e-05
8.12	4.553794860839844e-05
8.13	4.482269287109375e-05
8.14	4.4345855712890625e-05
8.15	4.410743713378906e-05
8.16	4.363059997558594e-05
8.17	4.291534423828125e-05
8.18	4.291534423828125e-05
8.19	4.267692565917969e-05
8.2	4.2438507080078125e-05
8.21	4.220008850097656e-05
8.22	4.1484832763671875e-05
8.23	4.124641418457031e-05
8.24	4.0531158447265625e-05
8.25	4.0531158447265625e-05
8.26	3.9577484130859375e-05
8.27	3.910064697265625e-05
8.28	3.886222839355469e-05
8.29	3.838539123535156e-05
8.3	3.814697265625e-05
8.31	3.7670135498046875e-05
8.32	3.695487976074219e-05
8.33	3.647804260253906e-05
8.34	3.647804260253906e-05
8.35	3.5762786865234375e-05
8.36	3.528594970703125e-05
8.37	3.528594970703125e-05
8.38	3.4332275390625e-05
8.39	3.4332275390625e-05
8.4	3.409385681152344e-05
8.41	3.3855438232421875e-05
8.42	3.361701965332031e-05
8.43	3.314018249511719e-05
8.44	3.2901763916015625e-05
8.45	3.24249267578125e-05
8.46	3.24249267578125e-05
8.47	3.170967102050781e-05
8.48	3.147125244140625e-05
8.49	3.123283386230469e-05
8.5	3.075599670410156e-05
8.51	3.0517578125e-05
8.52	3.0040740966796875e-05
8.53	3.0040740966796875e-05
8.54	2.9802322387695312e-05
8.55	2.956390380859375e-05
8.56	2.9325485229492188e-05
8.57	2.9325485229492188e-05
8.58	2.86102294921875e-05
8.59	2.8371810913085938e-05
8.6	2.8133392333984375e-05
8.61	2.7894973754882812e-05
8.62	2.7894973754882812e-05
8.63	2.7418136596679688e-05
8.64	2.7179718017578125e-05
8.65	2.6941299438476562e-05
8.66	2.5987625122070312e-05
8.67	2.574920654296875e-05
8.68	2.5033950805664062e-05
8.69	2.4557113647460938e-05
8.7	2.4557113647460938e-05
8.71	2.4318695068359375e-05
8.72	2.4080276489257812e-05
8.73	2.3365020751953125e-05
8.74	2.288818359375e-05
8.75	2.288818359375e-05
8.76	2.288818359375e-05
8.77	2.288818359375e-05
8.78	2.2649765014648438e-05
8.79	2.2649765014648438e-05
8.8	2.2172927856445312e-05
8.81	2.193450927734375e-05
8.82	2.1696090698242188e-05
8.83	2.1457672119140625e-05
8.84	2.09808349609375e-05
8.85	2.002716064453125e-05
8.86	2.002716064453125e-05
8.87	2.002716064453125e-05
8.88	2.002716064453125e-05
8.89	1.9550323486328125e-05
8.9	1.9550323486328125e-05
8.91	1.9311904907226562e-05
8.92	1.9073486328125e-05
8.93	1.8835067749023438e-05
8.94	1.8835067749023438e-05
8.95	1.8835067749023438e-05
8.96	1.8596649169921875e-05
8.97	1.8596649169921875e-05
8.98	1.8358230590820312e-05
8.99	1.7881393432617188e-05
9.0	1.7642974853515625e-05
9.01	1.7404556274414062e-05
9.02	1.6927719116210938e-05
9.03	1.6927719116210938e-05
9.04	1.6450881958007812e-05
9.05	1.6450881958007812e-05
9.06	1.6450881958007812e-05
9.07	1.621246337890625e-05
9.08	1.5974044799804688e-05
9.09	1.5497207641601562e-05
9.1	1.52587890625e-05
9.11	1.52587890625e-05
9.12	1.52587890625e-05
9.13	1.5020370483398438e-05
9.14	1.4781951904296875e-05
9.15	1.4781951904296875e-05
9.16	1.430511474609375e-05
9.17	1.430511474609375e-05
9.18	1.430511474609375e-05
9.19	1.430511474609375e-05
9.2	1.4066696166992188e-05
9.21	1.4066696166992188e-05
9.22	1.4066696166992188e-05
9.23	1.33514404296875e-05
9.24	1.3113021850585938e-05
9.25	1.3113021850585938e-05
9.26	1.2874603271484375e-05
9.27	1.239776611328125e-05
9.28	1.239776611328125e-05
9.29	1.239776611328125e-05
9.3	1.239776611328125e-05
9.31	1.239776611328125e-05
9.32	1.239776611328125e-05
9.33	1.2159347534179688e-05
9.34	1.2159347534179688e-05
9.35	1.1920928955078125e-05
9.36	1.1920928955078125e-05
9.37	1.1920928955078125e-05
9.38	1.1920928955078125e-05
9.39	1.1444091796875e-05
9.4	1.1205673217773438e-05
9.41	1.1205673217773438e-05
9.42	1.0967254638671875e-05
9.43	1.0967254638671875e-05
9.44	1.0728836059570312e-05
9.45	1.0728836059570312e-05
9.46	1.049041748046875e-05
9.47	1.049041748046875e-05
9.48	1.049041748046875e-05
9.49	1.049041748046875e-05
9.5	1.049041748046875e-05
9.51	1.0013580322265625e-05
9.52	1.0013580322265625e-05
9.53	9.775161743164062e-06
9.54	9.775161743164062e-06
9.55	9.775161743164062e-06
9.56	9.5367431640625e-06
9.57	9.5367431640625e-06
9.58	9.059906005859375e-06
9.59	9.059906005859375e-06
9.6	8.821487426757812e-06
9.61	8.821487426757812e-06
9.62	8.58306884765625e-06
9.63	8.58306884765625e-06
9.64	8.344650268554688e-06
9.65	8.106231689453125e-06
9.66	8.106231689453125e-06
9.67	8.106231689453125e-06
9.68	7.867813110351562e-06
9.69	7.867813110351562e-06
9.7	7.867813110351562e-06
9.71	7.867813110351562e-06
9.72	7.867813110351562e-06
9.73	7.867813110351562e-06
9.74	7.3909759521484375e-06
9.75	7.3909759521484375e-06
9.76	7.3909759521484375e-06
9.77	7.3909759521484375e-06
9.78	7.3909759521484375e-06
9.79	7.152557373046875e-06
9.8	7.152557373046875e-06
9.81	6.9141387939453125e-06
9.82	6.9141387939453125e-06
9.83	6.9141387939453125e-06
9.84	6.67572021484375e-06
9.85	6.67572021484375e-06
9.86	6.67572021484375e-06
9.87	6.4373016357421875e-06
9.88	6.4373016357421875e-06
9.89	6.4373016357421875e-06
9.9	6.4373016357421875e-06
9.91	6.4373016357421875e-06
9.92	6.4373016357421875e-06
9.93	6.198883056640625e-06
9.94	6.198883056640625e-06
9.95	5.7220458984375e-06
9.96	5.7220458984375e-06
9.97	5.4836273193359375e-06
9.98	5.245208740234375e-06
9.99	5.0067901611328125e-06
10.0	5.0067901611328125e-06
10.01	5.0067901611328125e-06
10.02	4.76837158203125e-06
10.03	4.76837158203125e-06
10.04	4.76837158203125e-06
10.05	4.5299530029296875e-06
10.06	4.5299530029296875e-06
10.07	4.5299530029296875e-06
10.08	4.5299530029296875e-06
10.09	4.5299530029296875e-06
10.1	4.5299530029296875e-06
10.11	4.291534423828125e-06
10.12	4.0531158447265625e-06
10.13	4.0531158447265625e-06
10.14	3.814697265625e-06
10.15	3.814697265625e-06
10.16	3.5762786865234375e-06
10.17	3.5762786865234375e-06
10.18	3.5762786865234375e-06
10.19	3.5762786865234375e-06
10.2	3.5762786865234375e-06
10.21	3.337860107421875e-06
10.22	3.337860107421875e-06
10.23	3.337860107421875e-06
10.24	3.337860107421875e-06
10.25	3.337860107421875e-06
10.26	3.337860107421875e-06
10.27	3.337860107421875e-06
10.28	3.337860107421875e-06
10.29	3.0994415283203125e-06
10.3	3.0994415283203125e-06
10.31	3.0994415283203125e-06
10.32	3.0994415283203125e-06
10.33	3.0994415283203125e-06
10.34	3.0994415283203125e-06
10.35	3.0994415283203125e-06
10.36	2.86102294921875e-06
10.37	2.6226043701171875e-06
10.38	2.6226043701171875e-06
10.39	2.384185791015625e-06
10.4	2.1457672119140625e-06
10.41	2.1457672119140625e-06
10.42	2.1457672119140625e-06
10.43	2.1457672119140625e-06
10.44	2.1457672119140625e-06
10.45	2.1457672119140625e-06
10.46	2.1457672119140625e-06
10.47	2.1457672119140625e-06
10.48	2.1457672119140625e-06
10.49	2.1457672119140625e-06
10.5	2.1457672119140625e-06
10.51	2.1457672119140625e-06
10.52	1.9073486328125e-06
10.53	1.6689300537109375e-06
10.54	1.6689300537109375e-06
10.55	1.6689300537109375e-06
10.56	1.430511474609375e-06
10.57	1.430511474609375e-06
10.58	1.430511474609375e-06
10.59	1.430511474609375e-06
10.6	1.430511474609375e-06
10.61	1.430511474609375e-06
10.62	1.430511474609375e-06
10.63	1.430511474609375e-06
10.64	1.430511474609375e-06
10.65	1.430511474609375e-06
10.66	1.430511474609375e-06
10.67	1.430511474609375e-06
10.68	1.430511474609375e-06
10.69	1.430511474609375e-06
10.7	1.430511474609375e-06
10.71	1.430511474609375e-06
10.72	1.430511474609375e-06
10.73	1.430511474609375e-06
10.74	1.430511474609375e-06
10.75	1.430511474609375e-06
10.76	1.430511474609375e-06
10.77	1.430511474609375e-06
10.78	1.1920928955078125e-06
10.79	1.1920928955078125e-06
10.8	1.1920928955078125e-06
10.81	1.1920928955078125e-06
10.82	1.1920928955078125e-06
10.83	1.1920928955078125e-06
10.84	1.1920928955078125e-06
10.85	1.1920928955078125e-06
10.86	1.1920928955078125e-06
10.87	9.5367431640625e-07
10.88	9.5367431640625e-07
10.89	9.5367431640625e-07
10.9	9.5367431640625e-07
10.91	9.5367431640625e-07
10.92	9.5367431640625e-07
10.93	9.5367431640625e-07
10.94	7.152557373046875e-07
10.95	7.152557373046875e-07
10.96	7.152557373046875e-07
10.97	7.152557373046875e-07
10.98	7.152557373046875e-07
10.99	7.152557373046875e-07
11.0	7.152557373046875e-07
11.01	7.152557373046875e-07
11.02	7.152557373046875e-07
11.03	7.152557373046875e-07
11.04	7.152557373046875e-07
11.05	7.152557373046875e-07
11.06	7.152557373046875e-07
11.07	7.152557373046875e-07
11.08	7.152557373046875e-07
11.09	7.152557373046875e-07
11.1	7.152557373046875e-07
11.11	7.152557373046875e-07
11.12	7.152557373046875e-07
11.13	7.152557373046875e-07
11.14	7.152557373046875e-07
11.15	7.152557373046875e-07
11.16	7.152557373046875e-07
11.17	7.152557373046875e-07
11.18	7.152557373046875e-07
11.19	7.152557373046875e-07
11.2	7.152557373046875e-07
11.21	7.152557373046875e-07
11.22	7.152557373046875e-07
11.23	7.152557373046875e-07
11.24	4.76837158203125e-07
11.25	4.76837158203125e-07
11.26	4.76837158203125e-07
11.27	4.76837158203125e-07
11.28	2.384185791015625e-07
11.29	2.384185791015625e-07
11.3	2.384185791015625e-07
11.31	2.384185791015625e-07
11.32	2.384185791015625e-07
11.33	2.384185791015625e-07
11.34	2.384185791015625e-07
11.35	2.384185791015625e-07
11.36	2.384185791015625e-07
11.37	2.384185791015625e-07
11.38	2.384185791015625e-07
11.39	2.384185791015625e-07
11.4	2.384185791015625e-07
11.41	2.384185791015625e-07
11.42	2.384185791015625e-07
11.43	2.384185791015625e-07
11.44	2.384185791015625e-07
11.45	2.384185791015625e-07
11.46	2.384185791015625e-07
11.47	2.384185791015625e-07
11.48	2.384185791015625e-07
11.49	2.384185791015625e-07
11.5	2.384185791015625e-07
11.51	2.384185791015625e-07
11.52	2.384185791015625e-07
11.53	2.384185791015625e-07
11.54	2.384185791015625e-07
11.55	2.384185791015625e-07
11.56	2.384185791015625e-07
11.57	2.384185791015625e-07
11.58	2.384185791015625e-07
11.59	2.384185791015625e-07
11.6	2.384185791015625e-07
11.61	2.384185791015625e-07
11.62	2.384185791015625e-07
11.63	2.384185791015625e-07
11.64	2.384185791015625e-07
11.65	2.384185791015625e-07
11.66	0.0
