5.35	0.0006103515625
5.36	0.00048828125
5.37	0.00048828125
5.38	0.00048828125
5.39	0.00048828125
5.4	0.00048828125
5.41	0.00048828125
5.42	0.00048828125
5.43	0.00048828125
5.44	0.00048828125
5.45	0.00048828125
5.46	0.00048828125
5.47	0.0003662109375
5.48	0.0003662109375
5.49	0.0003662109375
5.5	0.0003662109375
5.51	0.0003662109375
5.52	0.0003662109375
5.53	0.0003662109375
5.54	0.0003662109375
5.55	0.0003662109375
5.56	0.0003662109375
5.57	0.0003662109375
5.58	0.0003662109375
5.59	0.000244140625
5.6	0.000244140625
5.61	0.000244140625
5.62	0.000244140625
5.63	0.000244140625
5.64	0.000244140625
5.65	0.000244140625
5.66	0.000244140625
5.67	0.000244140625
5.68	0.000244140625
5.69	0.000244140625
5.7	0.000244140625
5.71	0.000244140625
5.72	0.000244140625
5.73	0.000244140625
5.74	0.000244140625
5.75	0.000244140625
5.76	0.000244140625
5.77	0.000244140625
5.78	0.000244140625
5.79	0.000244140625
5.8	0.000244140625
5.81	0.000244140625
5.82	0.000244140625
5.83	0.000244140625
5.84	0.000244140625
5.85	0.000244140625
5.86	0.000244140625
5.87	0.000244140625
5.88	0.000244140625
5.89	0.000244140625
5.9	0.000244140625
5.91	0.000244140625
5.92	0.000244140625
5.93	0.000244140625
5.94	0.000244140625
5.95	0.000244140625
5.96	0.000244140625
5.97	0.000244140625
5.98	0.000244140625
5.99	0.000244140625
6.0	0.000244140625
6.01	0.000244140625
6.02	0.000244140625
6.03	0.000244140625
6.04	0.000244140625
6.05	0.000244140625
6.06	0.000244140625
6.07	0.000244140625
6.08	0.000244140625
6.09	0.000244140625
6.1	0.000244140625
6.11	0.000244140625
6.12	0.000244140625
6.13	0.000244140625
6.14	0.000244140625
6.15	0.000244140625
6.16	0.000244140625
6.17	0.000244140625
6.18	0.000244140625
6.19	0.000244140625
6.2	0.000244140625
6.21	0.000244140625
6.22	0.000244140625
6.23	0.000244140625
6.24	0.000244140625
6.25	0.00018310546875
6.26	0.00018310546875
6.27	0.00018310546875
6.28	0.00018310546875
6.29	0.00018310546875
6.3	0.00018310546875
6.31	0.00018310546875
6.32	0.00018310546875
6.33	0.00018310546875
6.34	0.00018310546875
6.35	0.00018310546875
6.36	0.00018310546875
6.37	0.00018310546875
6.38	0.00018310546875
6.39	0.00018310546875
6.4	0.00018310546875
6.41	0.00018310546875
6.42	0.00018310546875
6.43	0.00018310546875
6.44	0.00018310546875
6.45	0.00018310546875
6.46	0.00018310546875
6.47	0.0001220703125
6.48	0.0001220703125
6.49	0.0001220703125
6.5	0.0001220703125
6.51	0.0001220703125
6.52	0.0001220703125
6.53	0.0001220703125
6.54	0.0001220703125
6.55	0.0001220703125
6.56	0.0001220703125
6.57	0.0001220703125
6.58	0.0001220703125
6.59	0.0001220703125
6.6	0.0001220703125
6.61	0.0001220703125
6.62	0.0001220703125
6.63	0.0001220703125
6.64	0.0001220703125
6.65	0.0001220703125
6.66	0.0001220703125
6.67	0.0001220703125
6.68	0.0001220703125
6.69	0.0001220703125
6.7	0.0001220703125
6.71	0.0001220703125
6.72	0.0001220703125
6.73	0.0001220703125
6.74	0.0001220703125
6.75	0.0001220703125
6.76	0.0001220703125
6.77	0.0001220703125
6.78	0.0001220703125
6.79	0.0001220703125
6.8	0.0001220703125
6.81	0.0001220703125
6.82	0.0001220703125
6.83	0.0001220703125
6.84	0.0001220703125
6.85	0.0001220703125
6.86	0.0001220703125
6.87	0.0001220703125
6.88	0.0001220703125
6.89	0.0001220703125
6.9	0.0001220703125
6.91	0.0001220703125
6.92	0.0001220703125
6.93	0.0001220703125
6.94	0.0001220703125
6.95	0.0001220703125
6.96	0.0001220703125
6.97	0.0001220703125
6.98	0.0001220703125
6.99	0.0001220703125
7.0	0.0001220703125
7.01	0.0001220703125
7.02	0.0001220703125
7.03	0.0001220703125
7.04	0.0001220703125
7.05	0.0001220703125
7.06	0.0001220703125
7.07	0.0001220703125
7.08	0.0001220703125
7.09	0.0001220703125
7.1	0.0001220703125
7.11	0.0001220703125
7.12	0.0001220703125
7.13	0.0001220703125
7.14	0.0001220703125
7.15	0.0001220703125
7.16	0.0001220703125
7.17	0.0001220703125
7.18	0.0001220703125
7.19	0.0001220703125
7.2	0.0001220703125
7.21	0.0001220703125
7.22	0.0001220703125
7.23	0.0001220703125
7.24	0.0001220703125
7.25	0.0001220703125
7.26	0.0001220703125
7.27	0.0001220703125
7.28	0.0001220703125
7.29	0.0001220703125
7.3	0.0001220703125
7.31	0.0001220703125
7.32	0.0001220703125
7.33	0.0001220703125
7.34	0.0001220703125
7.35	0.0001220703125
7.36	0.0001220703125
7.37	0.0001220703125
7.38	0.0001220703125
7.39	0.0001220703125
7.4	0.0001220703125
7.41	0.0001220703125
7.42	0.0001220703125
7.43	0.0001220703125
7.44	0.0001220703125
7.45	0.0001220703125
7.46	6.103515625e-05
7.47	6.103515625e-05
7.48	6.103515625e-05
7.49	6.103515625e-05
7.5	6.103515625e-05
7.51	6.103515625e-05
7.52	6.103515625e-05
7.53	6.103515625e-05
7.54	6.103515625e-05
7.55	6.103515625e-05
7.56	6.103515625e-05
7.57	6.103515625e-05
7.58	6.103515625e-05
7.59	6.103515625e-05
7.6	6.103515625e-05
7.61	6.103515625e-05
7.62	6.103515625e-05
7.63	6.103515625e-05
7.64	6.103515625e-05
7.65	6.103515625e-05
7.66	6.103515625e-05
7.67	6.103515625e-05
7.68	0.0
