5.74	0.0005035400390625
5.75	0.00049591064453125
5.76	0.000492095947265625
5.77	0.00048065185546875
5.78	0.00048065185546875
5.79	0.000476837158203125
5.8	0.000461578369140625
5.81	0.000461578369140625
5.82	0.000453948974609375
5.83	0.00045013427734375
5.84	0.00045013427734375
5.85	0.00045013427734375
5.86	0.00045013427734375
5.87	0.00045013427734375
5.88	0.000446319580078125
5.89	0.0004425048828125
5.9	0.00043487548828125
5.91	0.000431060791015625
5.92	0.000415802001953125
5.93	0.00040435791015625
5.94	0.000400543212890625
5.95	0.000400543212890625
5.96	0.000392913818359375
5.97	0.000385284423828125
5.98	0.000377655029296875
5.99	0.000370025634765625
6.0	0.0003662109375
6.01	0.000362396240234375
6.02	0.000362396240234375
6.03	0.000362396240234375
6.04	0.000362396240234375
6.05	0.00035858154296875
6.06	0.00035858154296875
6.07	0.00035858154296875
6.08	0.0003509521484375
6.09	0.000347137451171875
6.1	0.000339508056640625
6.11	0.000339508056640625
6.12	0.000339508056640625
6.13	0.000331878662109375
6.14	0.000331878662109375
6.15	0.000331878662109375
6.16	0.000331878662109375
6.17	0.000331878662109375
6.18	0.000331878662109375
6.19	0.00032806396484375
6.2	0.00032806396484375
6.21	0.000324249267578125
6.22	0.0003204345703125
6.23	0.000316619873046875
6.24	0.00030517578125
6.25	0.00029754638671875
6.26	0.0002899169921875
6.27	0.0002899169921875
6.28	0.0002899169921875
6.29	0.000286102294921875
6.3	0.000286102294921875
6.31	0.00028228759765625
6.32	0.000278472900390625
6.33	0.000278472900390625
6.34	0.000278472900390625
6.35	0.000274658203125
6.36	0.000274658203125
6.37	0.000274658203125
6.38	0.000274658203125
6.39	0.000274658203125
6.4	0.000274658203125
6.41	0.000263214111328125
6.42	0.000263214111328125
6.43	0.000263214111328125
6.44	0.000263214111328125
6.45	0.000263214111328125
6.46	0.000263214111328125
6.47	0.0002593994140625
6.48	0.0002593994140625
6.49	0.0002593994140625
6.5	0.0002593994140625
6.51	0.000255584716796875
6.52	0.00025177001953125
6.53	0.000247955322265625
6.54	0.000247955322265625
6.55	0.000247955322265625
6.56	0.000244140625
6.57	0.0002288818359375
6.58	0.000225067138671875
6.59	0.00022125244140625
6.6	0.00022125244140625
6.61	0.000217437744140625
6.62	0.000217437744140625
6.63	0.000217437744140625
6.64	0.000213623046875
6.65	0.000213623046875
6.66	0.000209808349609375
6.67	0.000209808349609375
6.68	0.000209808349609375
6.69	0.000209808349609375
6.7	0.00020599365234375
6.71	0.00020599365234375
6.72	0.000202178955078125
6.73	0.000194549560546875
6.74	0.000194549560546875
6.75	0.00019073486328125
6.76	0.00019073486328125
6.77	0.000186920166015625
6.78	0.000186920166015625
6.79	0.000186920166015625
6.8	0.00018310546875
6.81	0.00018310546875
6.82	0.000179290771484375
6.83	0.000179290771484375
6.84	0.000179290771484375
6.85	0.00017547607421875
6.86	0.000171661376953125
6.87	0.000171661376953125
6.88	0.0001678466796875
6.89	0.0001678466796875
6.9	0.00016021728515625
6.91	0.000152587890625
6.92	0.000148773193359375
6.93	0.000148773193359375
6.94	0.00014495849609375
6.95	0.00014495849609375
6.96	0.00014495849609375
6.97	0.00014495849609375
6.98	0.00014495849609375
6.99	0.00014495849609375
7.0	0.00014495849609375
7.01	0.000141143798828125
7.02	0.0001373291015625
7.03	0.0001373291015625
7.04	0.0001373291015625
7.05	0.000133514404296875
7.06	0.000125885009765625
7.07	0.0001220703125
7.08	0.000118255615234375
7.09	0.00011444091796875
7.1	0.00011444091796875
7.11	0.00011444091796875
7.12	0.00011444091796875
7.13	0.00011444091796875
7.14	0.00011444091796875
7.15	0.00011444091796875
7.16	0.00011444091796875
7.17	0.000110626220703125
7.18	0.000110626220703125
7.19	0.000110626220703125
7.2	0.000110626220703125
7.21	0.000110626220703125
7.22	0.000110626220703125
7.23	0.0001068115234375
7.24	0.000102996826171875
7.25	9.918212890625e-05
7.26	9.918212890625e-05
7.27	9.918212890625e-05
7.28	9.918212890625e-05
7.29	9.918212890625e-05
7.3	9.918212890625e-05
7.31	9.918212890625e-05
7.32	9.918212890625e-05
7.33	9.5367431640625e-05
7.34	9.5367431640625e-05
7.35	9.5367431640625e-05
7.36	9.5367431640625e-05
7.37	9.5367431640625e-05
7.38	9.5367431640625e-05
7.39	9.1552734375e-05
7.4	8.7738037109375e-05
7.41	8.392333984375e-05
7.42	8.0108642578125e-05
7.43	8.0108642578125e-05
7.44	8.0108642578125e-05
7.45	8.0108642578125e-05
7.46	8.0108642578125e-05
7.47	8.0108642578125e-05
7.48	8.0108642578125e-05
7.49	8.0108642578125e-05
7.5	8.0108642578125e-05
7.51	8.0108642578125e-05
7.52	8.0108642578125e-05
7.53	8.0108642578125e-05
7.54	8.0108642578125e-05
7.55	8.0108642578125e-05
7.56	7.62939453125e-05
7.57	7.62939453125e-05
7.58	7.2479248046875e-05
7.59	7.2479248046875e-05
7.6	7.2479248046875e-05
7.61	7.2479248046875e-05
7.62	7.2479248046875e-05
7.63	7.2479248046875e-05
7.64	7.2479248046875e-05
7.65	7.2479248046875e-05
7.66	7.2479248046875e-05
7.67	7.2479248046875e-05
7.68	7.2479248046875e-05
7.69	6.866455078125e-05
7.7	6.866455078125e-05
7.71	6.866455078125e-05
7.72	6.866455078125e-05
7.73	6.103515625e-05
7.74	6.103515625e-05
7.75	5.7220458984375e-05
7.76	5.7220458984375e-05
7.77	5.7220458984375e-05
7.78	5.7220458984375e-05
7.79	5.7220458984375e-05
7.8	5.7220458984375e-05
7.81	5.7220458984375e-05
7.82	5.7220458984375e-05
7.83	5.7220458984375e-05
7.84	5.7220458984375e-05
7.85	5.7220458984375e-05
7.86	5.7220458984375e-05
7.87	5.7220458984375e-05
7.88	5.7220458984375e-05
7.89	5.7220458984375e-05
7.9	5.340576171875e-05
7.91	4.9591064453125e-05
7.92	4.9591064453125e-05
7.93	4.9591064453125e-05
7.94	4.9591064453125e-05
7.95	4.9591064453125e-05
7.96	4.9591064453125e-05
7.97	4.9591064453125e-05
7.98	4.9591064453125e-05
7.99	4.9591064453125e-05
8.0	4.9591064453125e-05
8.01	4.57763671875e-05
8.02	4.1961669921875e-05
8.03	4.1961669921875e-05
8.04	4.1961669921875e-05
8.05	4.1961669921875e-05
8.06	3.814697265625e-05
8.07	3.814697265625e-05
8.08	3.814697265625e-05
8.09	3.814697265625e-05
8.1	3.814697265625e-05
8.11	3.814697265625e-05
8.12	3.814697265625e-05
8.13	3.814697265625e-05
8.14	3.814697265625e-05
8.15	3.814697265625e-05
8.16	3.814697265625e-05
8.17	3.814697265625e-05
8.18	3.814697265625e-05
8.19	3.814697265625e-05
8.2	3.814697265625e-05
8.21	3.814697265625e-05
8.22	3.4332275390625e-05
8.23	3.4332275390625e-05
8.24	3.4332275390625e-05
8.25	3.4332275390625e-05
8.26	3.4332275390625e-05
8.27	3.4332275390625e-05
8.28	3.4332275390625e-05
8.29	3.4332275390625e-05
8.3	3.4332275390625e-05
8.31	3.4332275390625e-05
8.32	3.4332275390625e-05
8.33	3.0517578125e-05
8.34	3.0517578125e-05
8.35	2.6702880859375e-05
8.36	2.6702880859375e-05
8.37	2.6702880859375e-05
8.38	2.6702880859375e-05
8.39	2.6702880859375e-05
8.4	2.6702880859375e-05
8.41	2.6702880859375e-05
8.42	2.6702880859375e-05
8.43	2.6702880859375e-05
8.44	2.6702880859375e-05
8.45	2.6702880859375e-05
8.46	2.6702880859375e-05
8.47	2.6702880859375e-05
8.48	2.6702880859375e-05
8.49	2.6702880859375e-05
8.5	2.6702880859375e-05
8.51	2.288818359375e-05
8.52	2.288818359375e-05
8.53	2.288818359375e-05
8.54	2.288818359375e-05
8.55	2.288818359375e-05
8.56	2.288818359375e-05
8.57	2.288818359375e-05
8.58	2.288818359375e-05
8.59	2.288818359375e-05
8.6	2.288818359375e-05
8.61	2.288818359375e-05
8.62	2.288818359375e-05
8.63	2.288818359375e-05
8.64	2.288818359375e-05
8.65	2.288818359375e-05
8.66	1.9073486328125e-05
8.67	1.52587890625e-05
8.68	1.52587890625e-05
8.69	1.52587890625e-05
8.7	1.52587890625e-05
8.71	1.52587890625e-05
8.72	1.52587890625e-05
8.73	1.52587890625e-05
8.74	1.52587890625e-05
8.75	1.52587890625e-05
8.76	1.52587890625e-05
8.77	1.52587890625e-05
8.78	1.52587890625e-05
8.79	1.52587890625e-05
8.8	1.52587890625e-05
8.81	1.52587890625e-05
8.82	1.1444091796875e-05
8.83	1.1444091796875e-05
8.84	7.62939453125e-06
8.85	7.62939453125e-06
8.86	7.62939453125e-06
8.87	7.62939453125e-06
8.88	7.62939453125e-06
8.89	7.62939453125e-06
8.9	7.62939453125e-06
8.91	7.62939453125e-06
8.92	7.62939453125e-06
8.93	7.62939453125e-06
8.94	7.62939453125e-06
8.95	7.62939453125e-06
8.96	7.62939453125e-06
8.97	7.62939453125e-06
8.98	7.62939453125e-06
8.99	3.814697265625e-06
9.0	3.814697265625e-06
9.01	3.814697265625e-06
9.02	3.814697265625e-06
9.03	3.814697265625e-06
9.04	3.814697265625e-06
9.05	3.814697265625e-06
9.06	3.814697265625e-06
9.07	3.814697265625e-06
9.08	3.814697265625e-06
9.09	3.814697265625e-06
9.1	3.814697265625e-06
9.11	3.814697265625e-06
9.12	3.814697265625e-06
9.13	3.814697265625e-06
9.14	3.814697265625e-06
9.15	0.0
