5.41	0.000501677393913269
5.42	0.000497281551361084
5.43	0.0004929304122924805
5.44	0.0004881322383880615
5.45	0.00048422813415527344
5.46	0.00047944486141204834
5.47	0.0004747360944747925
5.48	0.0004698634147644043
5.49	0.00046539306640625
5.5	0.0004620403051376343
5.51	0.0004578530788421631
5.52	0.0004540979862213135
5.53	0.0004509538412094116
5.54	0.000447690486907959
5.55	0.00044371187686920166
5.56	0.0004396885633468628
5.57	0.0004361271858215332
5.58	0.0004328042268753052
5.59	0.00042928755283355713
5.6	0.00042541325092315674
5.61	0.0004219859838485718
5.62	0.0004189014434814453
5.63	0.00041519105434417725
5.64	0.00041162967681884766
5.65	0.00040812790393829346
5.66	0.00040477514266967773
5.67	0.0004018545150756836
5.68	0.00039865076541900635
5.69	0.0003950148820877075
5.7	0.0003919154405593872
5.71	0.00038871169090270996
5.72	0.0003854334354400635
5.73	0.0003816932439804077
5.74	0.00037810206413269043
5.75	0.0003750026226043701
5.76	0.0003715306520462036
5.77	0.00036866962909698486
5.78	0.0003650486469268799
5.79	0.00036197900772094727
5.8	0.00035865604877471924
5.81	0.00035506486892700195
5.82	0.0003520846366882324
5.83	0.00034897029399871826
5.84	0.00034581124782562256
5.85	0.00034259259700775146
5.86	0.00033952295780181885
5.87	0.00033655762672424316
5.88	0.00033365190029144287
5.89	0.00033080577850341797
5.9	0.00032770633697509766
5.91	0.0003250986337661743
5.92	0.0003221482038497925
5.93	0.00031936168670654297
5.94	0.0003159642219543457
5.95	0.0003130584955215454
5.96	0.00031019747257232666
5.97	0.0003078281879425049
5.98	0.0003050267696380615
5.99	0.00030234456062316895
6.0	0.00029975175857543945
6.01	0.00029733777046203613
6.02	0.0002951622009277344
6.03	0.00029200315475463867
6.04	0.0002902597188949585
6.05	0.0002881735563278198
6.06	0.0002862513065338135
6.07	0.00028352439403533936
6.08	0.00028102099895477295
6.09	0.000278472900390625
6.1	0.00027586519718170166
6.11	0.000272899866104126
6.12	0.0002705901861190796
6.13	0.0002681463956832886
6.14	0.00026595592498779297
6.15	0.0002629011869430542
6.16	0.00026091933250427246
6.17	0.000258713960647583
6.18	0.0002565830945968628
6.19	0.00025406479835510254
6.2	0.00025175511837005615
6.21	0.000249326229095459
6.22	0.0002472400665283203
6.23	0.00024490058422088623
6.24	0.0002424865961074829
6.25	0.00024011731147766113
6.26	0.0002380460500717163
6.27	0.00023576617240905762
6.28	0.00023342669010162354
6.29	0.00023132562637329102
6.3	0.00022897124290466309
6.31	0.00022712349891662598
6.32	0.00022491812705993652
6.33	0.00022302567958831787
6.34	0.00022126734256744385
6.35	0.0002190619707107544
6.36	0.00021693110466003418
6.37	0.00021503865718841553
6.38	0.00021308660507202148
6.39	0.00021144747734069824
6.4	0.00020962953567504883
6.41	0.00020740926265716553
6.42	0.00020590424537658691
6.43	0.00020369887351989746
6.44	0.00020174682140350342
6.45	0.00019913911819458008
6.46	0.00019712746143341064
6.47	0.00019496679306030273
6.48	0.00019310414791107178
6.49	0.00019127130508422852
6.5	0.0001895129680633545
6.51	0.000188484787940979
6.52	0.00018714368343353271
6.53	0.00018540024757385254
6.54	0.00018374621868133545
6.55	0.00018204748630523682
6.56	0.00018042325973510742
6.57	0.00017859041690826416
6.58	0.00017684698104858398
6.59	0.00017523765563964844
6.6	0.00017368793487548828
6.61	0.00017221271991729736
6.62	0.0001700073480606079
6.63	0.00016891956329345703
6.64	0.00016738474369049072
6.65	0.0001656860113143921
6.66	0.00016398727893829346
6.67	0.00016261637210845947
6.68	0.00016133487224578857
6.69	0.00015982985496520996
6.7	0.0001580566167831421
6.71	0.00015662610530853271
6.72	0.00015513598918914795
6.73	0.0001535862684249878
6.74	0.00015181303024291992
6.75	0.00015024840831756592
6.76	0.0001491457223892212
6.77	0.00014775991439819336
6.78	0.00014613568782806396
6.79	0.00014449656009674072
6.8	0.00014322996139526367
6.81	0.00014163553714752197
6.82	0.00013990700244903564
6.83	0.00013856589794158936
6.84	0.0001370459794998169
6.85	0.00013616681098937988
6.86	0.0001351088285446167
6.87	0.00013355910778045654
6.88	0.000132635235786438
6.89	0.0001316368579864502
6.9	0.00013025104999542236
6.91	0.0001287311315536499
6.92	0.00012706220149993896
6.93	0.00012584030628204346
6.94	0.0001246035099029541
6.95	0.0001233220100402832
6.96	0.00012190639972686768
6.97	0.0001207590103149414
6.98	0.00011990964412689209
6.99	0.00011894106864929199
7.0	0.00011764466762542725
7.01	0.00011695921421051025
7.02	0.00011591613292694092
7.03	0.00011500716209411621
7.04	0.00011375546455383301
7.05	0.00011266767978668213
7.06	0.00011152029037475586
7.07	0.00011046230792999268
7.08	0.00010944902896881104
7.09	0.00010834634304046631
7.1	0.00010766088962554932
7.11	0.0001064985990524292
7.12	0.00010527670383453369
7.13	0.00010411441326141357
7.14	0.0001030266284942627
7.15	0.00010199844837188721
7.16	0.00010083615779876709
7.17	9.98079776763916e-05
7.18	9.88394021987915e-05
7.19	9.770691394805908e-05
7.2	9.679794311523438e-05
7.21	9.548664093017578e-05
7.22	9.466707706451416e-05
7.23	9.413063526153564e-05
7.24	9.310245513916016e-05
7.25	9.179115295410156e-05
7.26	9.088218212127686e-05
7.27	8.986890316009521e-05
7.28	8.903443813323975e-05
7.29	8.785724639892578e-05
7.3	8.691847324371338e-05
7.31	8.612871170043945e-05
7.32	8.553266525268555e-05
7.33	8.474290370941162e-05
7.34	8.398294448852539e-05
7.35	8.334219455718994e-05
7.36	8.26716423034668e-05
7.37	8.197128772735596e-05
7.38	8.116662502288818e-05
7.39	8.037686347961426e-05
7.4	7.975101470947266e-05
7.41	7.900595664978027e-05
7.42	7.800757884979248e-05
7.43	7.720291614532471e-05
7.44	7.638335227966309e-05
7.45	7.560849189758301e-05
7.46	7.462501525878906e-05
7.47	7.399916648864746e-05
7.48	7.334351539611816e-05
7.49	7.271766662597656e-05
7.5	7.201731204986572e-05
7.51	7.11977481842041e-05
7.52	7.05420970916748e-05
7.53	6.979703903198242e-05
7.54	6.885826587677002e-05
7.55	6.814301013946533e-05
7.56	6.754696369171143e-05
7.57	6.711483001708984e-05
7.58	6.638467311859131e-05
7.59	6.537139415740967e-05
7.6	6.476044654846191e-05
7.61	6.394088268280029e-05
7.62	6.312131881713867e-05
7.63	6.213784217834473e-05
7.64	6.155669689178467e-05
7.65	6.084144115447998e-05
7.66	6.0230493545532227e-05
7.67	5.9798359870910645e-05
7.68	5.9157609939575195e-05
7.69	5.868077278137207e-05
7.7	5.812942981719971e-05
7.71	5.7220458984375e-05
7.72	5.665421485900879e-05
7.73	5.6177377700805664e-05
7.74	5.5730342864990234e-05
7.75	5.5283308029174805e-05
7.76	5.467236042022705e-05
7.77	5.409121513366699e-05
7.78	5.352497100830078e-05
7.79	5.289912223815918e-05
7.8	5.218386650085449e-05
7.81	5.1647424697875977e-05
7.82	5.128979682922363e-05
7.83	5.0827860832214355e-05
7.84	5.033612251281738e-05
7.85	4.9874186515808105e-05
7.86	4.945695400238037e-05
7.87	4.8995018005371094e-05
7.88	4.836916923522949e-05
7.89	4.775822162628174e-05
7.9	4.725158214569092e-05
7.91	4.67449426651001e-05
7.92	4.5999884605407715e-05
7.93	4.526972770690918e-05
7.94	4.4971704483032227e-05
7.95	4.4539570808410645e-05
7.96	4.410743713378906e-05
7.97	4.3392181396484375e-05
7.98	4.303455352783203e-05
7.99	4.26173210144043e-05
8.0	4.214048385620117e-05
8.01	4.166364669799805e-05
8.02	4.118680953979492e-05
8.03	4.0918588638305664e-05
8.04	4.0590763092041016e-05
8.05	4.012882709503174e-05
8.06	3.9517879486083984e-05
8.07	3.9249658584594727e-05
8.08	3.8743019104003906e-05
8.09	3.832578659057617e-05
8.1	3.781914710998535e-05
8.11	3.7357211112976074e-05
8.12	3.7029385566711426e-05
8.13	3.650784492492676e-05
8.14	3.62396240234375e-05
8.15	3.5762786865234375e-05
8.16	3.5390257835388184e-05
8.17	3.491342067718506e-05
8.18	3.445148468017578e-05
8.19	3.407895565032959e-05
8.2	3.387033939361572e-05
8.21	3.358721733093262e-05
8.22	3.333389759063721e-05
8.23	3.299117088317871e-05
8.24	3.255903720855713e-05
8.25	3.215670585632324e-05
8.26	3.166496753692627e-05
8.27	3.11434268951416e-05
8.28	3.08305025100708e-05
8.29	3.057718276977539e-05
8.3	3.0234456062316895e-05
8.31	2.9847025871276855e-05
8.32	2.9608607292175293e-05
8.33	2.9325485229492188e-05
8.34	2.9101967811584473e-05
8.35	2.8699636459350586e-05
8.36	2.8401613235473633e-05
8.37	2.8073787689208984e-05
8.38	2.779066562652588e-05
8.39	2.7477741241455078e-05
8.4	2.7105212211608887e-05
8.41	2.695620059967041e-05
8.42	2.6658177375793457e-05
8.43	2.633035182952881e-05
8.44	2.5928020477294922e-05
8.45	2.574920654296875e-05
8.46	2.5451183319091797e-05
8.47	2.516806125640869e-05
8.48	2.4825334548950195e-05
8.49	2.454221248626709e-05
8.5	2.4303793907165527e-05
8.51	2.390146255493164e-05
8.52	2.3603439331054688e-05
8.53	2.3320317268371582e-05
8.54	2.3096799850463867e-05
8.55	2.2917985916137695e-05
8.56	2.2724270820617676e-05
8.57	2.2470951080322266e-05
8.58	2.2232532501220703e-05
8.59	2.193450927734375e-05
8.6	2.1457672119140625e-05
8.61	2.12937593460083e-05
8.62	2.1010637283325195e-05
8.63	2.0802021026611328e-05
8.64	2.0459294319152832e-05
8.65	2.022087574005127e-05
8.66	2.0012259483337402e-05
8.67	1.983344554901123e-05
8.68	1.96993350982666e-05
8.69	1.9475817680358887e-05
8.7	1.9282102584838867e-05
8.71	1.9118189811706543e-05
8.72	1.8864870071411133e-05
8.73	1.8641352653503418e-05
8.74	1.837313175201416e-05
8.75	1.8164515495300293e-05
8.76	1.7955899238586426e-05
8.77	1.773238182067871e-05
8.78	1.74790620803833e-05
8.79	1.7374753952026367e-05
8.8	1.71661376953125e-05
8.81	1.7002224922180176e-05
8.82	1.683831214904785e-05
8.83	1.665949821472168e-05
8.84	1.6510486602783203e-05
8.85	1.6361474990844727e-05
8.86	1.6167759895324707e-05
8.87	1.5988945960998535e-05
8.88	1.5780329704284668e-05
8.89	1.5497207641601562e-05
8.9	1.537799835205078e-05
8.91	1.5169382095336914e-05
8.92	1.506507396697998e-05
8.93	1.4930963516235352e-05
8.94	1.4588236808776855e-05
8.95	1.4290213584899902e-05
8.96	1.4081597328186035e-05
8.97	1.3828277587890625e-05
8.98	1.3515353202819824e-05
8.99	1.3366341590881348e-05
9.0	1.3202428817749023e-05
9.01	1.3127923011779785e-05
9.02	1.30385160446167e-05
9.03	1.2859702110290527e-05
9.04	1.2725591659545898e-05
9.05	1.2636184692382812e-05
9.06	1.2427568435668945e-05
9.07	1.2233853340148926e-05
9.08	1.2114644050598145e-05
9.09	1.2010335922241211e-05
9.1	1.189112663269043e-05
9.11	1.1727213859558105e-05
9.12	1.1593103408813477e-05
9.13	1.1533498764038086e-05
9.14	1.1399388313293457e-05
9.15	1.125037670135498e-05
9.16	1.1086463928222656e-05
9.17	1.0967254638671875e-05
9.18	1.0922551155090332e-05
9.19	1.0833144187927246e-05
9.2	1.0699033737182617e-05
9.21	1.0564923286437988e-05
9.22	1.043081283569336e-05
9.23	1.029670238494873e-05
9.24	1.0102987289428711e-05
9.25	9.939074516296387e-06
9.26	9.864568710327148e-06
9.27	9.760260581970215e-06
9.28	9.685754776000977e-06
9.29	9.506940841674805e-06
9.3	9.357929229736328e-06
9.31	9.238719940185547e-06
9.32	9.059906005859375e-06
9.33	8.925795555114746e-06
9.34	8.866190910339355e-06
9.35	8.672475814819336e-06
9.36	8.597970008850098e-06
9.37	8.493661880493164e-06
9.38	8.38935375213623e-06
9.39	8.32974910736084e-06
9.4	8.240342140197754e-06
9.41	8.001923561096191e-06
9.42	7.897615432739258e-06
9.43	7.778406143188477e-06
9.44	7.68899917602539e-06
9.45	7.554888725280762e-06
9.46	7.4356794357299805e-06
9.47	7.316470146179199e-06
9.48	7.241964340209961e-06
9.49	7.18235969543457e-06
9.5	7.078051567077637e-06
9.51	7.048249244689941e-06
9.52	7.033348083496094e-06
9.53	6.988644599914551e-06
9.54	6.839632987976074e-06
9.55	6.780028343200684e-06
9.56	6.705522537231445e-06
9.57	6.660819053649902e-06
9.58	6.571412086486816e-06
9.59	6.511807441711426e-06
9.6	6.452202796936035e-06
9.61	6.318092346191406e-06
9.62	6.139278411865234e-06
9.63	6.079673767089844e-06
9.64	5.990266799926758e-06
9.65	5.9604644775390625e-06
9.66	5.856156349182129e-06
9.67	5.811452865600586e-06
9.68	5.766749382019043e-06
9.69	5.677342414855957e-06
9.7	5.5283308029174805e-06
9.71	5.4389238357543945e-06
9.72	5.379319190979004e-06
9.73	5.349516868591309e-06
9.74	5.304813385009766e-06
9.75	5.200505256652832e-06
9.76	5.081295967102051e-06
9.77	4.991888999938965e-06
9.78	4.902482032775879e-06
9.79	4.798173904418945e-06
9.8	4.783272743225098e-06
9.81	4.723668098449707e-06
9.82	4.664063453674316e-06
9.83	4.634261131286621e-06
9.84	4.559755325317383e-06
9.85	4.51505184173584e-06
9.86	4.4852495193481445e-06
9.87	4.380941390991211e-06
9.88	4.291534423828125e-06
9.89	4.276633262634277e-06
9.9	4.26173210144043e-06
9.91	4.246830940246582e-06
9.92	4.127621650695801e-06
9.93	4.06801700592041e-06
9.94	3.933906555175781e-06
9.95	3.859400749206543e-06
9.96	3.769993782043457e-06
9.97	3.6954879760742188e-06
9.98	3.6954879760742188e-06
9.99	3.680586814880371e-06
10.0	3.6507844924926758e-06
10.01	3.56137752532959e-06
10.02	3.56137752532959e-06
10.03	3.516674041748047e-06
10.04	3.471970558166504e-06
10.05	3.3974647521972656e-06
10.06	3.3527612686157227e-06
10.07	3.3080577850341797e-06
10.08	3.248453140258789e-06
10.09	3.1739473342895508e-06
10.1	3.1441450119018555e-06
10.11	3.11434268951416e-06
10.12	3.069639205932617e-06
10.13	2.950429916381836e-06
10.14	2.9355287551879883e-06
10.15	2.9206275939941406e-06
10.16	2.86102294921875e-06
10.17	2.816319465637207e-06
10.18	2.8014183044433594e-06
10.19	2.7865171432495117e-06
10.2	2.771615982055664e-06
10.21	2.682209014892578e-06
10.22	2.60770320892334e-06
10.23	2.592802047729492e-06
10.24	2.562999725341797e-06
10.25	2.5331974029541016e-06
10.26	2.4884939193725586e-06
10.27	2.473592758178711e-06
10.28	2.428889274597168e-06
10.29	2.3543834686279297e-06
10.3	2.294778823852539e-06
10.31	2.2649765014648438e-06
10.32	2.250075340270996e-06
10.33	2.2202730178833008e-06
10.34	2.1904706954956055e-06
10.35	2.130866050720215e-06
10.36	2.130866050720215e-06
10.37	2.130866050720215e-06
10.38	2.115964889526367e-06
10.39	2.0563602447509766e-06
10.4	2.0265579223632812e-06
10.41	1.9818544387817383e-06
10.42	1.9222497940063477e-06
10.43	1.8030405044555664e-06
10.44	1.773238182067871e-06
10.45	1.773238182067871e-06
10.46	1.773238182067871e-06
10.47	1.7285346984863281e-06
10.48	1.7285346984863281e-06
10.49	1.7136335372924805e-06
10.5	1.7136335372924805e-06
10.51	1.6540288925170898e-06
10.52	1.6391277313232422e-06
10.53	1.5944242477416992e-06
10.54	1.5944242477416992e-06
10.55	1.564621925354004e-06
10.56	1.5497207641601562e-06
10.57	1.5497207641601562e-06
10.58	1.519918441772461e-06
10.59	1.4901161193847656e-06
10.6	1.430511474609375e-06
10.61	1.430511474609375e-06
10.62	1.4156103134155273e-06
10.63	1.385807991027832e-06
10.64	1.3709068298339844e-06
10.65	1.3560056686401367e-06
10.66	1.341104507446289e-06
10.67	1.296401023864746e-06
10.68	1.2218952178955078e-06
10.69	1.2218952178955078e-06
10.7	1.2218952178955078e-06
10.71	1.2218952178955078e-06
10.72	1.1920928955078125e-06
10.73	1.1622905731201172e-06
10.74	1.1622905731201172e-06
10.75	1.1324882507324219e-06
10.76	1.0728836059570312e-06
10.77	1.043081283569336e-06
10.78	1.0281801223754883e-06
10.79	1.0281801223754883e-06
10.8	9.98377799987793e-07
10.81	9.834766387939453e-07
10.82	9.5367431640625e-07
10.83	9.5367431640625e-07
10.84	9.5367431640625e-07
10.85	9.5367431640625e-07
10.86	9.5367431640625e-07
10.87	9.5367431640625e-07
10.88	9.5367431640625e-07
10.89	9.238719940185547e-07
10.9	8.940696716308594e-07
10.91	8.791685104370117e-07
10.92	8.791685104370117e-07
10.93	8.493661880493164e-07
10.94	8.344650268554688e-07
10.95	8.344650268554688e-07
10.96	8.344650268554688e-07
10.97	8.195638656616211e-07
10.98	8.046627044677734e-07
10.99	7.897615432739258e-07
11.0	7.748603820800781e-07
11.01	7.748603820800781e-07
11.02	7.301568984985352e-07
11.03	7.301568984985352e-07
11.04	7.301568984985352e-07
11.05	7.003545761108398e-07
11.06	7.003545761108398e-07
11.07	6.854534149169922e-07
11.08	6.854534149169922e-07
11.09	6.854534149169922e-07
11.1	6.109476089477539e-07
11.11	5.960464477539062e-07
11.12	5.662441253662109e-07
11.13	5.513429641723633e-07
11.14	5.364418029785156e-07
11.15	5.364418029785156e-07
11.16	5.364418029785156e-07
11.17	5.364418029785156e-07
11.18	5.21540641784668e-07
11.19	4.917383193969727e-07
11.2	4.917383193969727e-07
11.21	4.917383193969727e-07
11.22	4.76837158203125e-07
11.23	4.6193599700927734e-07
11.24	4.6193599700927734e-07
11.25	4.6193599700927734e-07
11.26	4.6193599700927734e-07
11.27	4.3213367462158203e-07
11.28	4.172325134277344e-07
11.29	4.172325134277344e-07
11.3	4.172325134277344e-07
11.31	4.172325134277344e-07
11.32	4.023313522338867e-07
11.33	4.023313522338867e-07
11.34	4.023313522338867e-07
11.35	4.023313522338867e-07
11.36	4.023313522338867e-07
11.37	4.023313522338867e-07
11.38	4.023313522338867e-07
11.39	3.725290298461914e-07
11.4	3.427267074584961e-07
11.41	3.427267074584961e-07
11.42	3.427267074584961e-07
11.43	3.427267074584961e-07
11.44	3.2782554626464844e-07
11.45	3.2782554626464844e-07
11.46	3.129243850708008e-07
11.47	3.129243850708008e-07
11.48	2.8312206268310547e-07
11.49	2.682209014892578e-07
11.5	2.682209014892578e-07
11.51	2.682209014892578e-07
11.52	2.682209014892578e-07
11.53	2.682209014892578e-07
11.54	2.682209014892578e-07
11.55	2.682209014892578e-07
11.56	2.682209014892578e-07
11.57	2.2351741790771484e-07
11.58	2.2351741790771484e-07
11.59	2.086162567138672e-07
11.6	2.086162567138672e-07
11.61	2.086162567138672e-07
11.62	2.086162567138672e-07
11.63	2.086162567138672e-07
11.64	1.7881393432617188e-07
11.65	1.7881393432617188e-07
11.66	1.7881393432617188e-07
11.67	1.7881393432617188e-07
11.68	1.7881393432617188e-07
11.69	1.7881393432617188e-07
11.7	1.7881393432617188e-07
11.71	1.7881393432617188e-07
11.72	1.7881393432617188e-07
11.73	1.7881393432617188e-07
11.74	1.6391277313232422e-07
11.75	1.6391277313232422e-07
11.76	1.6391277313232422e-07
11.77	1.6391277313232422e-07
11.78	1.341104507446289e-07
11.79	1.341104507446289e-07
11.8	1.341104507446289e-07
11.81	1.341104507446289e-07
11.82	1.341104507446289e-07
11.83	1.341104507446289e-07
11.84	1.341104507446289e-07
11.85	1.341104507446289e-07
11.86	1.043081283569336e-07
11.87	1.043081283569336e-07
11.88	1.043081283569336e-07
11.89	1.043081283569336e-07
11.9	1.043081283569336e-07
11.91	1.043081283569336e-07
11.92	1.043081283569336e-07
11.93	1.043081283569336e-07
11.94	1.043081283569336e-07
11.95	8.940696716308594e-08
11.96	8.940696716308594e-08
11.97	8.940696716308594e-08
11.98	7.450580596923828e-08
11.99	7.450580596923828e-08
12.0	7.450580596923828e-08
12.01	7.450580596923828e-08
12.02	7.450580596923828e-08
12.03	7.450580596923828e-08
12.04	7.450580596923828e-08
12.05	7.450580596923828e-08
12.06	7.450580596923828e-08
12.07	7.450580596923828e-08
12.08	7.450580596923828e-08
12.09	7.450580596923828e-08
12.1	7.450580596923828e-08
12.11	5.960464477539063e-08
12.12	5.960464477539063e-08
12.13	5.960464477539063e-08
12.14	5.960464477539063e-08
12.15	5.960464477539063e-08
12.16	5.960464477539063e-08
12.17	5.960464477539063e-08
12.18	5.960464477539063e-08
12.19	5.960464477539063e-08
12.2	5.960464477539063e-08
12.21	5.960464477539063e-08
12.22	5.960464477539063e-08
12.23	5.960464477539063e-08
12.24	5.960464477539063e-08
12.25	4.470348358154297e-08
12.26	4.470348358154297e-08
12.27	4.470348358154297e-08
12.28	4.470348358154297e-08
12.29	4.470348358154297e-08
12.3	4.470348358154297e-08
12.31	4.470348358154297e-08
12.32	4.470348358154297e-08
12.33	4.470348358154297e-08
12.34	4.470348358154297e-08
12.35	4.470348358154297e-08
12.36	4.470348358154297e-08
12.37	4.470348358154297e-08
12.38	4.470348358154297e-08
12.39	4.470348358154297e-08
12.4	4.470348358154297e-08
12.41	4.470348358154297e-08
12.42	4.470348358154297e-08
12.43	4.470348358154297e-08
12.44	4.470348358154297e-08
12.45	1.4901161193847656e-08
12.46	1.4901161193847656e-08
12.47	1.4901161193847656e-08
12.48	1.4901161193847656e-08
12.49	1.4901161193847656e-08
12.5	1.4901161193847656e-08
12.51	1.4901161193847656e-08
12.52	1.4901161193847656e-08
12.53	1.4901161193847656e-08
12.54	1.4901161193847656e-08
12.55	1.4901161193847656e-08
12.56	1.4901161193847656e-08
12.57	1.4901161193847656e-08
12.58	1.4901161193847656e-08
12.59	1.4901161193847656e-08
12.6	1.4901161193847656e-08
12.61	1.4901161193847656e-08
12.62	1.4901161193847656e-08
12.63	1.4901161193847656e-08
12.64	1.4901161193847656e-08
12.65	1.4901161193847656e-08
12.66	1.4901161193847656e-08
12.67	1.4901161193847656e-08
12.68	1.4901161193847656e-08
12.69	1.4901161193847656e-08
12.7	1.4901161193847656e-08
12.71	1.4901161193847656e-08
12.72	1.4901161193847656e-08
12.73	1.4901161193847656e-08
12.74	1.4901161193847656e-08
12.75	1.4901161193847656e-08
12.76	1.4901161193847656e-08
12.77	1.4901161193847656e-08
12.78	1.4901161193847656e-08
12.79	1.4901161193847656e-08
12.8	1.4901161193847656e-08
12.81	1.4901161193847656e-08
12.82	1.4901161193847656e-08
12.83	1.4901161193847656e-08
12.84	1.4901161193847656e-08
12.85	1.4901161193847656e-08
12.86	1.4901161193847656e-08
12.87	1.4901161193847656e-08
12.88	1.4901161193847656e-08
12.89	1.4901161193847656e-08
12.9	1.4901161193847656e-08
12.91	1.4901161193847656e-08
12.92	0.0
