5.75	0.0005035400390625
5.76	0.000274658203125
5.77	0.000274658203125
5.78	0.000274658203125
5.79	0.000274658203125
5.8	0.000274658203125
5.81	0.000274658203125
5.82	0.000274658203125
5.83	0.0002593994140625
5.84	0.0002593994140625
5.85	0.0002593994140625
5.86	0.0002593994140625
5.87	0.0002593994140625
5.88	0.0002593994140625
5.89	0.0002593994140625
5.9	0.0002593994140625
5.91	0.0002593994140625
5.92	0.0002593994140625
5.93	0.0002593994140625
5.94	0.0002593994140625
5.95	0.0002593994140625
5.96	0.0002593994140625
5.97	0.0002593994140625
5.98	0.0002593994140625
5.99	0.0002288818359375
6.0	0.0001983642578125
6.01	0.0001983642578125
6.02	0.0001983642578125
6.03	0.0001983642578125
6.04	0.0001983642578125
6.05	0.0001983642578125
6.06	0.0001983642578125
6.07	0.0001983642578125
6.08	0.0001983642578125
6.09	0.0001983642578125
6.1	0.0001983642578125
6.11	0.0001983642578125
6.12	0.0001983642578125
6.13	0.0001983642578125
6.14	0.0001983642578125
6.15	0.0001983642578125
6.16	0.0001983642578125
6.17	0.0001983642578125
6.18	0.0001983642578125
6.19	0.0001983642578125
6.2	0.0001983642578125
6.21	0.000152587890625
6.22	0.000152587890625
6.23	0.000152587890625
6.24	0.000152587890625
6.25	0.000152587890625
6.26	0.000152587890625
6.27	0.000152587890625
6.28	0.000152587890625
6.29	0.000152587890625
6.3	0.000152587890625
6.31	0.000152587890625
6.32	0.000152587890625
6.33	0.000152587890625
6.34	0.000152587890625
6.35	0.000152587890625
6.36	0.000152587890625
6.37	0.000152587890625
6.38	0.0001220703125
6.39	0.0001220703125
6.4	0.0001220703125
6.41	0.0001220703125
6.42	0.0001220703125
6.43	0.0001220703125
6.44	0.0001220703125
6.45	0.0001220703125
6.46	0.0001220703125
6.47	0.0001220703125
6.48	0.0001220703125
6.49	0.0001220703125
6.5	0.0001220703125
6.51	0.0001220703125
6.52	0.0001220703125
6.53	0.0001220703125
6.54	0.0001220703125
6.55	0.0001220703125
6.56	0.0001220703125
6.57	0.0001220703125
6.58	0.0001220703125
6.59	0.0001220703125
6.6	0.0001220703125
6.61	0.0001220703125
6.62	0.0001220703125
6.63	0.0001220703125
6.64	0.0001220703125
6.65	0.0001220703125
6.66	0.0001220703125
6.67	0.0001220703125
6.68	0.0001220703125
6.69	0.0001220703125
6.7	0.0001220703125
6.71	0.0001220703125
6.72	0.0001220703125
6.73	0.0001220703125
6.74	0.0001220703125
6.75	0.0001220703125
6.76	0.0001220703125
6.77	0.0001220703125
6.78	0.0001220703125
6.79	0.0001220703125
6.8	0.0001220703125
6.81	0.0001220703125
6.82	0.0001220703125
6.83	0.0001220703125
6.84	0.0001220703125
6.85	0.0001220703125
6.86	0.0001220703125
6.87	0.0001220703125
6.88	0.0001220703125
6.89	0.0001220703125
6.9	0.0001220703125
6.91	0.0001220703125
6.92	0.0001068115234375
6.93	0.0001068115234375
6.94	0.0001068115234375
6.95	0.0001068115234375
6.96	0.0001068115234375
6.97	0.0001068115234375
6.98	0.0001068115234375
6.99	0.0001068115234375
7.0	0.0001068115234375
7.01	0.0001068115234375
7.02	0.0001068115234375
7.03	0.0001068115234375
7.04	0.0001068115234375
7.05	0.0001068115234375
7.06	7.62939453125e-05
7.07	7.62939453125e-05
7.08	7.62939453125e-05
7.09	7.62939453125e-05
7.1	7.62939453125e-05
7.11	7.62939453125e-05
7.12	7.62939453125e-05
7.13	7.62939453125e-05
7.14	7.62939453125e-05
7.15	7.62939453125e-05
7.16	7.62939453125e-05
7.17	7.62939453125e-05
7.18	7.62939453125e-05
7.19	7.62939453125e-05
7.2	7.62939453125e-05
7.21	7.62939453125e-05
7.22	7.62939453125e-05
7.23	7.62939453125e-05
7.24	7.62939453125e-05
7.25	7.62939453125e-05
7.26	7.62939453125e-05
7.27	7.62939453125e-05
7.28	7.62939453125e-05
7.29	6.103515625e-05
7.3	6.103515625e-05
7.31	6.103515625e-05
7.32	6.103515625e-05
7.33	6.103515625e-05
7.34	6.103515625e-05
7.35	6.103515625e-05
7.36	6.103515625e-05
7.37	6.103515625e-05
7.38	6.103515625e-05
7.39	6.103515625e-05
7.4	6.103515625e-05
7.41	6.103515625e-05
7.42	6.103515625e-05
7.43	6.103515625e-05
7.44	3.0517578125e-05
7.45	3.0517578125e-05
7.46	3.0517578125e-05
7.47	3.0517578125e-05
7.48	3.0517578125e-05
7.49	3.0517578125e-05
7.5	3.0517578125e-05
7.51	3.0517578125e-05
7.52	3.0517578125e-05
7.53	3.0517578125e-05
7.54	3.0517578125e-05
7.55	3.0517578125e-05
7.56	3.0517578125e-05
7.57	3.0517578125e-05
7.58	3.0517578125e-05
7.59	3.0517578125e-05
7.6	3.0517578125e-05
7.61	3.0517578125e-05
7.62	3.0517578125e-05
7.63	3.0517578125e-05
7.64	3.0517578125e-05
7.65	3.0517578125e-05
7.66	3.0517578125e-05
7.67	3.0517578125e-05
7.68	3.0517578125e-05
7.69	3.0517578125e-05
7.7	3.0517578125e-05
7.71	3.0517578125e-05
7.72	3.0517578125e-05
7.73	3.0517578125e-05
7.74	3.0517578125e-05
7.75	3.0517578125e-05
7.76	3.0517578125e-05
7.77	3.0517578125e-05
7.78	3.0517578125e-05
7.79	3.0517578125e-05
7.8	3.0517578125e-05
7.81	3.0517578125e-05
7.82	3.0517578125e-05
7.83	3.0517578125e-05
7.84	3.0517578125e-05
7.85	3.0517578125e-05
7.86	3.0517578125e-05
7.87	3.0517578125e-05
7.88	3.0517578125e-05
7.89	3.0517578125e-05
7.9	3.0517578125e-05
7.91	3.0517578125e-05
7.92	3.0517578125e-05
7.93	3.0517578125e-05
7.94	3.0517578125e-05
7.95	3.0517578125e-05
7.96	3.0517578125e-05
7.97	3.0517578125e-05
7.98	1.52587890625e-05
7.99	1.52587890625e-05
8.0	1.52587890625e-05
8.01	1.52587890625e-05
8.02	1.52587890625e-05
8.03	1.52587890625e-05
8.04	1.52587890625e-05
8.05	1.52587890625e-05
8.06	1.52587890625e-05
8.07	1.52587890625e-05
8.08	1.52587890625e-05
8.09	1.52587890625e-05
8.1	1.52587890625e-05
8.11	1.52587890625e-05
8.12	1.52587890625e-05
8.13	1.52587890625e-05
8.14	1.52587890625e-05
8.15	1.52587890625e-05
8.16	1.52587890625e-05
8.17	1.52587890625e-05
8.18	1.52587890625e-05
8.19	1.52587890625e-05
8.2	1.52587890625e-05
8.21	1.52587890625e-05
8.22	1.52587890625e-05
8.23	1.52587890625e-05
8.24	1.52587890625e-05
8.25	1.52587890625e-05
8.26	1.52587890625e-05
8.27	1.52587890625e-05
8.28	1.52587890625e-05
8.29	1.52587890625e-05
8.3	1.52587890625e-05
8.31	1.52587890625e-05
8.32	1.52587890625e-05
8.33	1.52587890625e-05
8.34	1.52587890625e-05
8.35	1.52587890625e-05
8.36	0.0
