5.89	0.00054931640625
5.9	0.00048828125
5.91	0.00048828125
5.92	0.00048828125
5.93	0.00048828125
5.94	0.00048828125
5.95	0.00048828125
5.96	0.00048828125
5.97	0.00048828125
5.98	0.00048828125
5.99	0.00048828125
6.0	0.00048828125
6.01	0.00048828125
6.02	0.00048828125
6.03	0.00048828125
6.04	0.00048828125
6.05	0.00048828125
6.06	0.00048828125
6.07	0.00048828125
6.08	0.00048828125
6.09	0.00048828125
6.1	0.00048828125
6.11	0.00048828125
6.12	0.00042724609375
6.13	0.00042724609375
6.14	0.00042724609375
6.15	0.0003662109375
6.16	0.0003662109375
6.17	0.0003662109375
6.18	0.000244140625
6.19	0.000244140625
6.2	0.00018310546875
6.21	0.00018310546875
6.22	0.00018310546875
6.23	0.00018310546875
6.24	0.00018310546875
6.25	0.00018310546875
6.26	0.00018310546875
6.27	0.00018310546875
6.28	0.00018310546875
6.29	0.00018310546875
6.3	0.00018310546875
6.31	0.00018310546875
6.32	0.00018310546875
6.33	0.00018310546875
6.34	0.00018310546875
6.35	0.00018310546875
6.36	0.00018310546875
6.37	0.00018310546875
6.38	0.00018310546875
6.39	0.00018310546875
6.4	0.00018310546875
6.41	0.00018310546875
6.42	0.00018310546875
6.43	0.0001220703125
6.44	0.0001220703125
6.45	0.0001220703125
6.46	0.0001220703125
6.47	0.0001220703125
6.48	0.0001220703125
6.49	0.0001220703125
6.5	0.0001220703125
6.51	0.0001220703125
6.52	0.0001220703125
6.53	0.0001220703125
6.54	0.0001220703125
6.55	0.0001220703125
6.56	0.0001220703125
6.57	0.0001220703125
6.58	0.0001220703125
6.59	0.0001220703125
6.6	0.0001220703125
6.61	0.0001220703125
6.62	0.0001220703125
6.63	0.0001220703125
6.64	0.0001220703125
6.65	0.0001220703125
6.66	0.0001220703125
6.67	6.103515625e-05
6.68	6.103515625e-05
6.69	6.103515625e-05
6.7	6.103515625e-05
6.71	6.103515625e-05
6.72	6.103515625e-05
6.73	0.0
