5.55	0.0005033016204833984
5.56	0.0004973411560058594
5.57	0.0004906654357910156
5.58	0.0004820823669433594
5.59	0.00047588348388671875
5.6	0.000469207763671875
5.61	0.00046133995056152344
5.62	0.0004572868347167969
5.63	0.00045490264892578125
5.64	0.0004515647888183594
5.65	0.0004458427429199219
5.66	0.0004401206970214844
5.67	0.0004305839538574219
5.68	0.00042700767517089844
5.69	0.0004241466522216797
5.7	0.0004177093505859375
5.71	0.0004153251647949219
5.72	0.0004105567932128906
5.73	0.0004050731658935547
5.74	0.0003998279571533203
5.75	0.0003910064697265625
5.76	0.0003864765167236328
5.77	0.0003845691680908203
5.78	0.0003802776336669922
5.79	0.00037550926208496094
5.8	0.00037097930908203125
5.81	0.0003650188446044922
5.82	0.00036215782165527344
5.83	0.00035572052001953125
5.84	0.0003466606140136719
5.85	0.00034332275390625
5.86	0.0003409385681152344
5.87	0.0003380775451660156
5.88	0.0003337860107421875
5.89	0.0003285408020019531
5.9	0.0003223419189453125
5.91	0.0003185272216796875
5.92	0.0003159046173095703
5.93	0.00031113624572753906
5.94	0.0003082752227783203
5.95	0.0003077983856201172
5.96	0.0003044605255126953
5.97	0.0003018379211425781
5.98	0.0002987384796142578
5.99	0.0002942085266113281
6.0	0.0002906322479248047
6.01	0.000286102294921875
6.02	0.00028133392333984375
6.03	0.00028061866760253906
6.04	0.0002779960632324219
6.05	0.00027370452880859375
6.06	0.00026607513427734375
6.07	0.0002608299255371094
6.08	0.0002589225769042969
6.09	0.0002570152282714844
6.1	0.0002551078796386719
6.11	0.0002543926239013672
6.12	0.0002529621124267578
6.13	0.0002510547637939453
6.14	0.00024700164794921875
6.15	0.00024127960205078125
6.16	0.00023794174194335938
6.17	0.0002353191375732422
6.18	0.00023365020751953125
6.19	0.00023031234741210938
6.2	0.00022459030151367188
6.21	0.00022172927856445312
6.22	0.00021982192993164062
6.23	0.00021600723266601562
6.24	0.000213623046875
6.25	0.00021123886108398438
6.26	0.00020933151245117188
6.27	0.00020837783813476562
6.28	0.00020575523376464844
6.29	0.0002028942108154297
6.3	0.00019741058349609375
6.31	0.00019168853759765625
6.32	0.0001888275146484375
6.33	0.00018668174743652344
6.34	0.00018477439880371094
6.35	0.00018477439880371094
6.36	0.0001838207244873047
6.37	0.00018286705017089844
6.38	0.0001804828643798828
6.39	0.00017905235290527344
6.4	0.00017714500427246094
6.41	0.0001742839813232422
6.42	0.0001704692840576172
6.43	0.00016951560974121094
6.44	0.00016760826110839844
6.45	0.00016355514526367188
6.46	0.00015926361083984375
6.47	0.00015544891357421875
6.48	0.0001544952392578125
6.49	0.00015282630920410156
6.5	0.00015234947204589844
6.51	0.00015163421630859375
6.52	0.0001494884490966797
6.53	0.0001475811004638672
6.54	0.0001442432403564453
6.55	0.0001423358917236328
6.56	0.0001399517059326172
6.57	0.0001392364501953125
6.58	0.00013756752014160156
6.59	0.00013494491577148438
6.6	0.0001323223114013672
6.61	0.0001308917999267578
6.62	0.00013017654418945312
6.63	0.00012683868408203125
6.64	0.00012540817260742188
6.65	0.00012302398681640625
6.66	0.00012254714965820312
6.67	0.00012230873107910156
6.68	0.00012135505676269531
6.69	0.00011873245239257812
6.7	0.00011444091796875
6.71	0.00011205673217773438
6.72	0.00011014938354492188
6.73	0.00010895729064941406
6.74	0.00010752677917480469
6.75	0.00010752677917480469
6.76	0.00010633468627929688
6.77	0.00010514259338378906
6.78	0.00010275840759277344
6.79	0.00010013580322265625
6.8	0.00010013580322265625
6.81	9.72747802734375e-05
6.82	9.584426879882812e-05
6.83	9.584426879882812e-05
6.84	9.465217590332031e-05
6.85	9.298324584960938e-05
6.86	9.036064147949219e-05
6.87	8.797645568847656e-05
6.88	8.702278137207031e-05
6.89	8.606910705566406e-05
6.9	8.535385131835938e-05
6.91	8.296966552734375e-05
6.92	8.058547973632812e-05
6.93	7.963180541992188e-05
6.94	7.915496826171875e-05
6.95	7.843971252441406e-05
6.96	7.843971252441406e-05
6.97	7.700920104980469e-05
6.98	7.677078247070312e-05
6.99	7.557868957519531e-05
7.0	7.390975952148438e-05
7.01	7.343292236328125e-05
7.02	7.081031799316406e-05
7.03	6.842613220214844e-05
7.04	6.747245788574219e-05
7.05	6.580352783203125e-05
7.06	6.532669067382812e-05
7.07	6.532669067382812e-05
7.08	6.4849853515625e-05
7.09	6.389617919921875e-05
7.1	6.270408630371094e-05
7.11	6.198883056640625e-05
7.12	6.198883056640625e-05
7.13	6.0558319091796875e-05
7.14	6.008148193359375e-05
7.15	5.9604644775390625e-05
7.16	5.841255187988281e-05
7.17	5.7697296142578125e-05
7.18	5.435943603515625e-05
7.19	5.245208740234375e-05
7.2	5.1975250244140625e-05
7.21	5.14984130859375e-05
7.22	5.125999450683594e-05
7.23	5.125999450683594e-05
7.24	5.078315734863281e-05
7.25	5.078315734863281e-05
7.26	4.9591064453125e-05
7.27	4.887580871582031e-05
7.28	4.696846008300781e-05
7.29	4.5299530029296875e-05
7.3	4.482269287109375e-05
7.31	4.291534423828125e-05
7.32	4.1961669921875e-05
7.33	4.1961669921875e-05
7.34	4.172325134277344e-05
7.35	4.172325134277344e-05
7.36	4.172325134277344e-05
7.37	4.1484832763671875e-05
7.38	4.1484832763671875e-05
7.39	4.076957702636719e-05
7.4	3.981590270996094e-05
7.41	3.981590270996094e-05
7.42	3.814697265625e-05
7.43	3.695487976074219e-05
7.44	3.5762786865234375e-05
7.45	3.4332275390625e-05
7.46	3.4332275390625e-05
7.47	3.4332275390625e-05
7.48	3.4332275390625e-05
7.49	3.4332275390625e-05
7.5	3.3855438232421875e-05
7.51	3.337860107421875e-05
7.52	3.2901763916015625e-05
7.53	3.24249267578125e-05
7.54	3.24249267578125e-05
7.55	3.24249267578125e-05
7.56	3.1948089599609375e-05
7.57	3.0994415283203125e-05
7.58	3.0279159545898438e-05
7.59	2.9087066650390625e-05
7.6	2.9087066650390625e-05
7.61	2.8371810913085938e-05
7.62	2.8371810913085938e-05
7.63	2.8133392333984375e-05
7.64	2.765655517578125e-05
7.65	2.765655517578125e-05
7.66	2.765655517578125e-05
7.67	2.6702880859375e-05
7.68	2.5272369384765625e-05
7.69	2.4557113647460938e-05
7.7	2.4318695068359375e-05
7.71	2.384185791015625e-05
7.72	2.3603439331054688e-05
7.73	2.3603439331054688e-05
7.74	2.3126602172851562e-05
7.75	2.2649765014648438e-05
7.76	2.2649765014648438e-05
7.77	2.2172927856445312e-05
7.78	2.2172927856445312e-05
7.79	2.2172927856445312e-05
7.8	2.1696090698242188e-05
7.81	2.1696090698242188e-05
7.82	2.1219253540039062e-05
7.83	2.0503997802734375e-05
7.84	1.9550323486328125e-05
7.85	1.9073486328125e-05
7.86	1.9073486328125e-05
7.87	1.9073486328125e-05
7.88	1.9073486328125e-05
7.89	1.8596649169921875e-05
7.9	1.7642974853515625e-05
7.91	1.6689300537109375e-05
7.92	1.6689300537109375e-05
7.93	1.6689300537109375e-05
7.94	1.6689300537109375e-05
7.95	1.6689300537109375e-05
7.96	1.6689300537109375e-05
7.97	1.6450881958007812e-05
7.98	1.621246337890625e-05
7.99	1.5974044799804688e-05
8.0	1.5497207641601562e-05
8.01	1.5020370483398438e-05
8.02	1.4781951904296875e-05
8.03	1.4066696166992188e-05
8.04	1.3589859008789062e-05
8.05	1.3589859008789062e-05
8.06	1.3589859008789062e-05
8.07	1.3113021850585938e-05
8.08	1.2874603271484375e-05
8.09	1.2874603271484375e-05
8.1	1.2874603271484375e-05
8.11	1.2636184692382812e-05
8.12	1.2636184692382812e-05
8.13	1.239776611328125e-05
8.14	1.1444091796875e-05
8.15	1.0967254638671875e-05
8.16	1.049041748046875e-05
8.17	1.0013580322265625e-05
8.18	1.0013580322265625e-05
8.19	1.0013580322265625e-05
8.2	1.0013580322265625e-05
8.21	1.0013580322265625e-05
8.22	9.775161743164062e-06
8.23	9.775161743164062e-06
8.24	9.298324584960938e-06
8.25	9.059906005859375e-06
8.26	9.059906005859375e-06
8.27	9.059906005859375e-06
8.28	9.059906005859375e-06
8.29	8.344650268554688e-06
8.3	7.3909759521484375e-06
8.31	6.9141387939453125e-06
8.32	6.9141387939453125e-06
8.33	6.9141387939453125e-06
8.34	6.9141387939453125e-06
8.35	6.9141387939453125e-06
8.36	6.9141387939453125e-06
8.37	6.9141387939453125e-06
8.38	6.67572021484375e-06
8.39	6.67572021484375e-06
8.4	6.198883056640625e-06
8.41	5.9604644775390625e-06
8.42	5.7220458984375e-06
8.43	5.245208740234375e-06
8.44	5.245208740234375e-06
8.45	5.245208740234375e-06
8.46	5.245208740234375e-06
8.47	5.245208740234375e-06
8.48	5.245208740234375e-06
8.49	5.245208740234375e-06
8.5	5.245208740234375e-06
8.51	5.245208740234375e-06
8.52	5.245208740234375e-06
8.53	5.0067901611328125e-06
8.54	4.5299530029296875e-06
8.55	4.5299530029296875e-06
8.56	4.0531158447265625e-06
8.57	4.0531158447265625e-06
8.58	4.0531158447265625e-06
8.59	4.0531158447265625e-06
8.6	4.0531158447265625e-06
8.61	3.814697265625e-06
8.62	3.814697265625e-06
8.63	3.814697265625e-06
8.64	3.814697265625e-06
8.65	3.5762786865234375e-06
8.66	3.5762786865234375e-06
8.67	3.5762786865234375e-06
8.68	3.5762786865234375e-06
8.69	3.337860107421875e-06
8.7	2.86102294921875e-06
8.71	2.86102294921875e-06
8.72	2.86102294921875e-06
8.73	2.6226043701171875e-06
8.74	2.6226043701171875e-06
8.75	2.6226043701171875e-06
8.76	2.6226043701171875e-06
8.77	2.6226043701171875e-06
8.78	2.6226043701171875e-06
8.79	2.6226043701171875e-06
8.8	2.6226043701171875e-06
8.81	2.384185791015625e-06
8.82	2.384185791015625e-06
8.83	2.384185791015625e-06
8.84	2.384185791015625e-06
8.85	2.384185791015625e-06
8.86	2.384185791015625e-06
8.87	2.384185791015625e-06
8.88	2.384185791015625e-06
8.89	2.1457672119140625e-06
8.9	2.1457672119140625e-06
8.91	2.1457672119140625e-06
8.92	2.1457672119140625e-06
8.93	2.1457672119140625e-06
8.94	2.1457672119140625e-06
8.95	2.1457672119140625e-06
8.96	2.1457672119140625e-06
8.97	2.1457672119140625e-06
8.98	2.1457672119140625e-06
8.99	2.1457672119140625e-06
9.0	2.1457672119140625e-06
9.01	1.9073486328125e-06
9.02	1.6689300537109375e-06
9.03	1.6689300537109375e-06
9.04	1.6689300537109375e-06
9.05	1.6689300537109375e-06
9.06	1.6689300537109375e-06
9.07	1.6689300537109375e-06
9.08	1.6689300537109375e-06
9.09	1.6689300537109375e-06
9.1	1.6689300537109375e-06
9.11	1.6689300537109375e-06
9.12	1.430511474609375e-06
9.13	1.1920928955078125e-06
9.14	1.1920928955078125e-06
9.15	1.1920928955078125e-06
9.16	1.1920928955078125e-06
9.17	1.1920928955078125e-06
9.18	1.1920928955078125e-06
9.19	1.1920928955078125e-06
9.2	1.1920928955078125e-06
9.21	1.1920928955078125e-06
9.22	1.1920928955078125e-06
9.23	1.1920928955078125e-06
9.24	1.1920928955078125e-06
9.25	1.1920928955078125e-06
9.26	1.1920928955078125e-06
9.27	1.1920928955078125e-06
9.28	9.5367431640625e-07
9.29	7.152557373046875e-07
9.3	7.152557373046875e-07
9.31	7.152557373046875e-07
9.32	7.152557373046875e-07
9.33	7.152557373046875e-07
9.34	7.152557373046875e-07
9.35	7.152557373046875e-07
9.36	7.152557373046875e-07
9.37	7.152557373046875e-07
9.38	7.152557373046875e-07
9.39	7.152557373046875e-07
9.4	7.152557373046875e-07
9.41	4.76837158203125e-07
9.42	4.76837158203125e-07
9.43	4.76837158203125e-07
9.44	4.76837158203125e-07
9.45	4.76837158203125e-07
9.46	4.76837158203125e-07
9.47	4.76837158203125e-07
9.48	4.76837158203125e-07
9.49	4.76837158203125e-07
9.5	4.76837158203125e-07
9.51	4.76837158203125e-07
9.52	2.384185791015625e-07
9.53	2.384185791015625e-07
9.54	2.384185791015625e-07
9.55	2.384185791015625e-07
9.56	2.384185791015625e-07
9.57	2.384185791015625e-07
9.58	2.384185791015625e-07
9.59	2.384185791015625e-07
9.6	2.384185791015625e-07
9.61	2.384185791015625e-07
9.62	2.384185791015625e-07
9.63	2.384185791015625e-07
9.64	2.384185791015625e-07
9.65	2.384185791015625e-07
9.66	2.384185791015625e-07
9.67	2.384185791015625e-07
9.68	0.0
