5.58	0.0005004815757274628
5.59	0.0004954524338245392
5.6	0.0004907362163066864
5.61	0.00048603489995002747
5.62	0.0004812777042388916
5.63	0.0004768744111061096
5.64	0.00047244876623153687
5.65	0.00046761706471443176
5.66	0.00046311691403388977
5.67	0.0004586651921272278
5.68	0.00045419856905937195
5.69	0.00045002996921539307
5.7	0.00044574961066246033
5.71	0.0004412904381752014
5.72	0.00043715909123420715
5.73	0.0004328824579715729
5.74	0.000428810715675354
5.75	0.0004247911274433136
5.76	0.00042068585753440857
5.77	0.000416584312915802
5.78	0.0004124641418457031
5.79	0.0004084967076778412
5.8	0.0004046298563480377
5.81	0.0004006139934062958
5.82	0.00039674341678619385
5.83	0.00039275363087654114
5.84	0.0003887861967086792
5.85	0.0003853030502796173
5.86	0.0003815554082393646
5.87	0.00037784501910209656
5.88	0.00037410110235214233
5.89	0.00037035346031188965
5.9	0.0003665164113044739
5.91	0.00036331266164779663
5.92	0.0003597773611545563
5.93	0.0003561452031135559
5.94	0.00035290420055389404
5.95	0.00034938380122184753
5.96	0.0003457590937614441
5.97	0.0003424696624279022
5.98	0.0003389492630958557
5.99	0.00033547356724739075
6.0	0.00033229216933250427
6.01	0.0003288537263870239
6.02	0.00032563135027885437
6.03	0.0003224797546863556
6.04	0.00031928718090057373
6.05	0.00031602010130882263
6.06	0.0003129616379737854
6.07	0.0003096088767051697
6.08	0.00030656158924102783
6.09	0.0003035888075828552
6.1	0.00030066072940826416
6.11	0.00029775872826576233
6.12	0.0002947971224784851
6.13	0.0002918951213359833
6.14	0.0002890340983867645
6.15	0.0002860166132450104
6.16	0.0002831295132637024
6.17	0.00028024986386299133
6.18	0.00027737393975257874
6.19	0.00027470663189888
6.2	0.00027192384004592896
6.21	0.0002691708505153656
6.22	0.0002664811909198761
6.23	0.00026363879442214966
6.24	0.00026099011301994324
6.25	0.0002582743763923645
6.26	0.00025564804673194885
6.27	0.0002529919147491455
6.28	0.0002504885196685791
6.29	0.0002478174865245819
6.3	0.00024534761905670166
6.31	0.0002429671585559845
6.32	0.00024033710360527039
6.33	0.000237930566072464
6.34	0.00023546069860458374
6.35	0.00023306533694267273
6.36	0.00023066624999046326
6.37	0.0002282261848449707
6.38	0.00022570788860321045
6.39	0.000223502516746521
6.4	0.0002210773527622223
6.41	0.00021887198090553284
6.42	0.0002166442573070526
6.43	0.00021430477499961853
6.44	0.00021183490753173828
6.45	0.00020991265773773193
6.46	0.00020771846175193787
6.47	0.00020559504628181458
6.48	0.0002034790813922882
6.49	0.00020124390721321106
6.5	0.00019931048154830933
6.51	0.00019738823175430298
6.52	0.00019527971744537354
6.53	0.00019317492842674255
6.54	0.00019112229347229004
6.55	0.00018891319632530212
6.56	0.00018710270524024963
6.57	0.00018518045544624329
6.58	0.00018331781029701233
6.59	0.0001812577247619629
6.6	0.0001793690025806427
6.61	0.0001773051917552948
6.62	0.00017554312944412231
6.63	0.00017360970377922058
6.64	0.00017165765166282654
6.65	0.00016985833644866943
6.66	0.00016801059246063232
6.67	0.00016644224524497986
6.68	0.00016475096344947815
6.69	0.00016295164823532104
6.7	0.0001611560583114624
6.71	0.0001593083143234253
6.72	0.0001575946807861328
6.73	0.00015595555305480957
6.74	0.00015427544713020325
6.75	0.00015271082520484924
6.76	0.00015099719166755676
6.77	0.00014932453632354736
6.78	0.00014771148562431335
6.79	0.0001461915671825409
6.8	0.00014451146125793457
6.81	0.0001429133117198944
6.82	0.00014147162437438965
6.83	0.00013982877135276794
6.84	0.0001385807991027832
6.85	0.00013707950711250305
6.86	0.0001355782151222229
6.87	0.0001341700553894043
6.88	0.0001326054334640503
6.89	0.00013108178973197937
6.9	0.00012978911399841309
6.91	0.00012832507491111755
6.92	0.00012686476111412048
6.93	0.00012563914060592651
6.94	0.00012414902448654175
6.95	0.00012282654643058777
6.96	0.00012153759598731995
6.97	0.00012012571096420288
6.98	0.00011871755123138428
6.99	0.00011746585369110107
7.0	0.00011604279279708862
7.01	0.00011483579874038696
7.02	0.00011357665061950684
7.03	0.00011226534843444824
7.04	0.00011113658547401428
7.05	0.0001098737120628357
7.06	0.00010861456394195557
7.07	0.00010739266872406006
7.08	0.00010620430111885071
7.09	0.00010500103235244751
7.1	0.00010372698307037354
7.11	0.00010253489017486572
7.12	0.00010135024785995483
7.13	0.00010021775960922241
7.14	9.912624955177307e-05
7.15	9.800121188163757e-05
7.16	9.690225124359131e-05
7.17	9.579584002494812e-05
7.18	9.480491280555725e-05
7.19	9.368360042572021e-05
7.2	9.26777720451355e-05
7.21	9.161978960037231e-05
7.22	9.05357301235199e-05
7.23	8.967146277427673e-05
7.24	8.870288729667664e-05
7.25	8.758530020713806e-05
7.26	8.65831971168518e-05
7.27	8.557364344596863e-05
7.28	8.450821042060852e-05
7.29	8.364394307136536e-05
7.3	8.266791701316833e-05
7.31	8.161365985870361e-05
7.32	8.07829201221466e-05
7.33	7.982924580574036e-05
7.34	7.881596684455872e-05
7.35	7.792562246322632e-05
7.36	7.696077227592468e-05
7.37	7.597357034683228e-05
7.38	7.510557770729065e-05
7.39	7.430464029312134e-05
7.4	7.348135113716125e-05
7.41	7.271766662597656e-05
7.42	7.181987166404724e-05
7.43	7.099658250808716e-05
7.44	7.018446922302246e-05
7.45	6.9446861743927e-05
7.46	6.856769323348999e-05
7.47	6.771460175514221e-05
7.48	6.690993905067444e-05
7.49	6.611272692680359e-05
7.5	6.540864706039429e-05
7.51	6.464868783950806e-05
7.52	6.381049752235413e-05
7.53	6.307661533355713e-05
7.54	6.228312849998474e-05
7.55	6.15827739238739e-05
7.56	6.089732050895691e-05
7.57	6.0226768255233765e-05
7.58	5.949661135673523e-05
7.59	5.8706849813461304e-05
7.6	5.814060568809509e-05
7.61	5.742907524108887e-05
7.62	5.671754479408264e-05
7.63	5.608797073364258e-05
7.64	5.53913414478302e-05
7.65	5.46872615814209e-05
7.66	5.413219332695007e-05
7.67	5.3454190492630005e-05
7.68	5.276873707771301e-05
7.69	5.21242618560791e-05
7.7	5.143508315086365e-05
7.71	5.080178380012512e-05
7.72	5.019456148147583e-05
7.73	4.955008625984192e-05
7.74	4.892423748970032e-05
7.75	4.8357993364334106e-05
7.76	4.772096872329712e-05
7.77	4.722177982330322e-05
7.78	4.668533802032471e-05
7.79	4.60892915725708e-05
7.8	4.556402564048767e-05
7.81	4.4990330934524536e-05
7.82	4.44166362285614e-05
7.83	4.388764500617981e-05
7.84	4.3313950300216675e-05
7.85	4.274025559425354e-05
7.86	4.223361611366272e-05
7.87	4.170835018157959e-05
7.88	4.120916128158569e-05
7.89	4.072114825248718e-05
7.9	4.022568464279175e-05
7.91	3.968924283981323e-05
7.92	3.92422080039978e-05
7.93	3.869086503982544e-05
7.94	3.824010491371155e-05
7.95	3.781169652938843e-05
7.96	3.734976053237915e-05
7.97	3.696605563163757e-05
7.98	3.647059202194214e-05
7.99	3.598630428314209e-05
8.0	3.548711538314819e-05
8.01	3.505498170852661e-05
8.02	3.462284803390503e-05
8.03	3.4164637327194214e-05
8.04	3.3661723136901855e-05
8.05	3.322586417198181e-05
8.06	3.279745578765869e-05
8.07	3.240630030632019e-05
8.08	3.1966716051101685e-05
8.09	3.1497329473495483e-05
8.1	3.1035393476486206e-05
8.11	3.069639205932617e-05
8.12	3.0353665351867676e-05
8.13	2.99699604511261e-05
8.14	2.9671937227249146e-05
8.15	2.923235297203064e-05
8.16	2.8893351554870605e-05
8.17	2.857297658920288e-05
8.18	2.8133392333984375e-05
8.19	2.777576446533203e-05
8.2	2.7388334274291992e-05
8.21	2.7026981115341187e-05
8.22	2.6710331439971924e-05
8.23	2.63117253780365e-05
8.24	2.594664692878723e-05
8.25	2.5644898414611816e-05
8.26	2.5309622287750244e-05
8.27	2.4966895580291748e-05
8.28	2.4665147066116333e-05
8.29	2.4355947971343994e-05
8.3	2.4005770683288574e-05
8.31	2.3737549781799316e-05
8.32	2.34358012676239e-05
8.33	2.310425043106079e-05
8.34	2.2780150175094604e-05
8.35	2.2452324628829956e-05
8.36	2.2184103727340698e-05
8.37	2.191588282585144e-05
8.38	2.1647661924362183e-05
8.39	2.1338462829589844e-05
8.4	2.1025538444519043e-05
8.41	2.0679086446762085e-05
8.42	2.041831612586975e-05
8.43	2.014264464378357e-05
8.44	1.9859522581100464e-05
8.45	1.9572675228118896e-05
8.46	1.934543251991272e-05
8.47	1.9073486328125e-05
8.48	1.8846243619918823e-05
8.49	1.858547329902649e-05
8.5	1.833215355873108e-05
8.51	1.808255910873413e-05
8.52	1.782923936843872e-05
8.53	1.763179898262024e-05
8.54	1.741945743560791e-05
8.55	1.7162412405014038e-05
8.56	1.6920268535614014e-05
8.57	1.6648322343826294e-05
8.58	1.6413629055023193e-05
8.59	1.623481512069702e-05
8.6	1.5988945960998535e-05
8.61	1.5780329704284668e-05
8.62	1.5564262866973877e-05
8.63	1.5322118997573853e-05
8.64	1.5124678611755371e-05
8.65	1.4942139387130737e-05
8.66	1.4726072549819946e-05
8.67	1.4510005712509155e-05
8.68	1.4320015907287598e-05
8.69	1.4089047908782959e-05
8.7	1.3940036296844482e-05
8.71	1.3772398233413696e-05
8.72	1.3533979654312134e-05
8.73	1.337006688117981e-05
8.74	1.3172626495361328e-05
8.75	1.2945383787155151e-05
8.76	1.2800097465515137e-05
8.77	1.2621283531188965e-05
8.78	1.2420117855072021e-05
8.79	1.2230128049850464e-05
8.8	1.2062489986419678e-05
8.81	1.185387372970581e-05
8.82	1.1675059795379639e-05
8.83	1.1533498764038086e-05
8.84	1.1354684829711914e-05
8.85	1.1201947927474976e-05
8.86	1.1023133993148804e-05
8.87	1.0896474123001099e-05
8.88	1.0751187801361084e-05
8.89	1.0579824447631836e-05
8.9	1.0441988706588745e-05
8.91	1.0266900062561035e-05
8.92	1.014024019241333e-05
8.93	9.994953870773315e-06
8.94	9.838491678237915e-06
8.95	9.741634130477905e-06
8.96	9.570270776748657e-06
8.97	9.39890742301941e-06
8.98	9.268522262573242e-06
8.99	9.115785360336304e-06
9.0	8.989125490188599e-06
9.01	8.87364149093628e-06
9.02	8.746981620788574e-06
9.03	8.612871170043945e-06
9.04	8.48621129989624e-06
9.05	8.340924978256226e-06
9.06	8.199363946914673e-06
9.07	8.102506399154663e-06
9.08	7.964670658111572e-06
9.09	7.834285497665405e-06
9.1	7.74487853050232e-06
9.11	7.636845111846924e-06
9.12	7.517635822296143e-06
9.13	7.398426532745361e-06
9.14	7.245689630508423e-06
9.15	7.111579179763794e-06
9.16	6.9998204708099365e-06
9.17	6.884336471557617e-06
9.18	6.780028343200684e-06
9.19	6.6980719566345215e-06
9.2	6.601214408874512e-06
9.21	6.508082151412964e-06
9.22	6.411224603652954e-06
9.23	6.299465894699097e-06
9.24	6.22868537902832e-06
9.25	6.120651960372925e-06
9.26	6.031244993209839e-06
9.27	5.941838026046753e-06
9.28	5.837529897689819e-06
9.29	5.751848220825195e-06
9.3	5.651265382766724e-06
9.31	5.584210157394409e-06
9.32	5.479902029037476e-06
9.33	5.375593900680542e-06
9.34	5.27501106262207e-06
9.35	5.200505256652832e-06
9.36	5.144625902175903e-06
9.37	5.077570676803589e-06
9.38	4.991888999938965e-06
9.39	4.909932613372803e-06
9.4	4.824250936508179e-06
9.41	4.757195711135864e-06
9.42	4.686415195465088e-06
9.43	4.6193599700927734e-06
9.44	4.548579454421997e-06
9.45	4.451721906661987e-06
9.46	4.380941390991211e-06
9.47	4.328787326812744e-06
9.48	4.258006811141968e-06
9.49	4.190951585769653e-06
9.5	4.116445779800415e-06
9.51	4.015862941741943e-06
9.52	3.982335329055786e-06
9.53	3.896653652191162e-06
9.54	3.825873136520386e-06
9.55	3.7550926208496094e-06
9.56	3.691762685775757e-06
9.57	3.647059202194214e-06
9.58	3.6284327507019043e-06
9.59	3.5762786865234375e-06
9.6	3.5278499126434326e-06
9.61	3.4794211387634277e-06
9.62	3.3713877201080322e-06
9.63	3.3266842365264893e-06
9.64	3.2633543014526367e-06
9.65	3.203749656677246e-06
9.66	3.1515955924987793e-06
9.67	3.11434268951416e-06
9.68	3.0659139156341553e-06
9.69	3.0100345611572266e-06
9.7	2.93925404548645e-06
9.71	2.905726432800293e-06
9.72	2.8423964977264404e-06
9.73	2.7865171432495117e-06
9.74	2.734363079071045e-06
9.75	2.7045607566833496e-06
9.76	2.6710331439971924e-06
9.77	2.6300549507141113e-06
9.78	2.5741755962371826e-06
9.79	2.51084566116333e-06
9.8	2.4847686290740967e-06
9.81	2.4400651454925537e-06
9.82	2.4028122425079346e-06
9.83	2.3730099201202393e-06
9.84	2.3245811462402344e-06
9.85	2.2798776626586914e-06
9.86	2.2351741790771484e-06
9.87	2.168118953704834e-06
9.88	2.123415470123291e-06
9.89	2.0712614059448242e-06
9.9	2.034008502960205e-06
9.91	1.996755599975586e-06
9.92	1.9632279872894287e-06
9.93	1.955777406692505e-06
9.94	1.9334256649017334e-06
9.95	1.8961727619171143e-06
9.96	1.866370439529419e-06
9.97	1.8440186977386475e-06
9.98	1.8067657947540283e-06
9.99	1.7620623111724854e-06
10.0	1.7508864402770996e-06
10.01	1.7024576663970947e-06
10.02	1.6689300537109375e-06
10.03	1.650303602218628e-06
10.04	1.6093254089355469e-06
10.05	1.5869736671447754e-06
10.06	1.55717134475708e-06
10.07	1.5087425708770752e-06
10.08	1.4901161193847656e-06
10.09	1.4640390872955322e-06
10.1	1.426786184310913e-06
10.11	1.3932585716247559e-06
10.12	1.3634562492370605e-06
10.13	1.3262033462524414e-06
10.14	1.3113021850585938e-06
10.15	1.2889504432678223e-06
10.16	1.2665987014770508e-06
10.17	1.2442469596862793e-06
10.18	1.2256205081939697e-06
10.19	1.2069940567016602e-06
10.2	1.1846423149108887e-06
10.21	1.166015863418579e-06
10.22	1.1362135410308838e-06
10.23	1.1138617992401123e-06
10.24	1.0989606380462646e-06
10.25	1.0617077350616455e-06
10.26	1.0281801223754883e-06
10.27	1.0058283805847168e-06
10.28	9.797513484954834e-07
10.29	9.723007678985596e-07
10.3	9.611248970031738e-07
10.31	9.499490261077881e-07
10.32	9.350478649139404e-07
10.33	9.238719940185547e-07
10.34	9.08970832824707e-07
10.35	8.828938007354736e-07
10.36	8.605420589447021e-07
10.37	8.381903171539307e-07
10.38	8.046627044677734e-07
10.39	8.009374141693115e-07
10.4	7.934868335723877e-07
10.41	7.860362529754639e-07
10.42	7.860362529754639e-07
10.43	7.636845111846924e-07
10.44	7.338821887969971e-07
10.45	7.189810276031494e-07
10.46	7.003545761108398e-07
10.47	6.780028343200684e-07
10.48	6.705522537231445e-07
10.49	6.48200511932373e-07
10.5	6.370246410369873e-07
10.51	6.295740604400635e-07
10.52	6.183981895446777e-07
10.53	6.109476089477539e-07
10.54	6.07222318649292e-07
10.55	5.848705768585205e-07
10.56	5.774199962615967e-07
10.57	5.587935447692871e-07
10.58	5.550682544708252e-07
10.59	5.327165126800537e-07
10.6	5.21540641784668e-07
10.61	4.954636096954346e-07
10.62	4.842877388000488e-07
10.63	4.76837158203125e-07
10.64	4.6566128730773926e-07
10.65	4.5821070671081543e-07
10.66	4.5821070671081543e-07
10.67	4.544854164123535e-07
10.68	4.470348358154297e-07
10.69	4.3585896492004395e-07
10.7	4.3213367462158203e-07
10.71	4.209578037261963e-07
10.72	4.0605664253234863e-07
10.73	4.023313522338867e-07
10.74	3.8370490074157715e-07
10.75	3.762543201446533e-07
10.76	3.725290298461914e-07
10.77	3.6135315895080566e-07
10.78	3.5390257835388184e-07
10.79	3.5390257835388184e-07
10.8	3.390014171600342e-07
10.81	3.3155083656311035e-07
10.82	3.166496753692627e-07
10.83	3.0919909477233887e-07
10.84	2.980232238769531e-07
10.85	2.868473529815674e-07
10.86	2.8312206268310547e-07
10.87	2.7939677238464355e-07
10.88	2.7567148208618164e-07
10.89	2.7194619178771973e-07
10.9	2.7194619178771973e-07
10.91	2.7194619178771973e-07
10.92	2.644956111907959e-07
10.93	2.5704503059387207e-07
10.94	2.421438694000244e-07
10.95	2.3469328880310059e-07
10.96	2.2351741790771484e-07
10.97	2.2351741790771484e-07
10.98	2.086162567138672e-07
10.99	2.086162567138672e-07
11.0	1.9744038581848145e-07
11.01	1.8998980522155762e-07
11.02	1.8998980522155762e-07
11.03	1.8998980522155762e-07
11.04	1.8998980522155762e-07
11.05	1.825392246246338e-07
11.06	1.825392246246338e-07
11.07	1.7136335372924805e-07
11.08	1.6763806343078613e-07
11.09	1.601874828338623e-07
11.1	1.564621925354004e-07
11.11	1.5273690223693848e-07
11.12	1.4901161193847656e-07
11.13	1.4901161193847656e-07
11.14	1.4528632164001465e-07
11.15	1.4528632164001465e-07
11.16	1.3783574104309082e-07
11.17	1.2665987014770508e-07
11.18	1.2665987014770508e-07
11.19	1.1548399925231934e-07
11.2	1.0803341865539551e-07
11.21	1.043081283569336e-07
11.22	1.043081283569336e-07
11.23	1.0058283805847168e-07
11.24	1.0058283805847168e-07
11.25	9.685754776000977e-08
11.26	9.685754776000977e-08
11.27	9.685754776000977e-08
11.28	9.685754776000977e-08
11.29	9.685754776000977e-08
11.3	8.940696716308594e-08
11.31	8.568167686462402e-08
11.32	8.195638656616211e-08
11.33	7.82310962677002e-08
11.34	7.82310962677002e-08
11.35	7.450580596923828e-08
11.36	7.450580596923828e-08
11.37	7.078051567077637e-08
11.38	7.078051567077637e-08
11.39	7.078051567077637e-08
11.4	7.078051567077637e-08
11.41	7.078051567077637e-08
11.42	6.332993507385254e-08
11.43	6.332993507385254e-08
11.44	6.332993507385254e-08
11.45	5.960464477539063e-08
11.46	5.960464477539063e-08
11.47	5.587935447692871e-08
11.48	5.21540641784668e-08
11.49	5.21540641784668e-08
11.5	5.21540641784668e-08
11.51	5.21540641784668e-08
11.52	5.21540641784668e-08
11.53	5.21540641784668e-08
11.54	4.470348358154297e-08
11.55	4.470348358154297e-08
11.56	4.0978193283081055e-08
11.57	3.725290298461914e-08
11.58	3.3527612686157227e-08
11.59	3.3527612686157227e-08
11.6	3.3527612686157227e-08
11.61	3.3527612686157227e-08
11.62	3.3527612686157227e-08
11.63	3.3527612686157227e-08
11.64	3.3527612686157227e-08
11.65	3.3527612686157227e-08
11.66	3.3527612686157227e-08
11.67	2.60770320892334e-08
11.68	2.60770320892334e-08
11.69	2.60770320892334e-08
11.7	2.2351741790771484e-08
11.71	2.2351741790771484e-08
11.72	2.2351741790771484e-08
11.73	2.2351741790771484e-08
11.74	2.2351741790771484e-08
11.75	2.2351741790771484e-08
11.76	2.2351741790771484e-08
11.77	2.2351741790771484e-08
11.78	2.2351741790771484e-08
11.79	2.2351741790771484e-08
11.8	2.2351741790771484e-08
11.81	1.862645149230957e-08
11.82	1.862645149230957e-08
11.83	1.862645149230957e-08
11.84	1.862645149230957e-08
11.85	1.862645149230957e-08
11.86	1.862645149230957e-08
11.87	1.862645149230957e-08
11.88	1.862645149230957e-08
11.89	1.862645149230957e-08
11.9	1.862645149230957e-08
11.91	1.1175870895385742e-08
11.92	1.1175870895385742e-08
11.93	7.450580596923828e-09
11.94	7.450580596923828e-09
11.95	7.450580596923828e-09
11.96	7.450580596923828e-09
11.97	7.450580596923828e-09
11.98	7.450580596923828e-09
11.99	7.450580596923828e-09
12.0	7.450580596923828e-09
12.01	7.450580596923828e-09
12.02	7.450580596923828e-09
12.03	7.450580596923828e-09
12.04	7.450580596923828e-09
12.05	7.450580596923828e-09
12.06	3.725290298461914e-09
12.07	3.725290298461914e-09
12.08	3.725290298461914e-09
12.09	3.725290298461914e-09
12.1	3.725290298461914e-09
12.11	3.725290298461914e-09
12.12	3.725290298461914e-09
12.13	3.725290298461914e-09
12.14	3.725290298461914e-09
12.15	3.725290298461914e-09
12.16	3.725290298461914e-09
12.17	3.725290298461914e-09
12.18	3.725290298461914e-09
12.19	3.725290298461914e-09
12.2	3.725290298461914e-09
12.21	3.725290298461914e-09
12.22	3.725290298461914e-09
12.23	3.725290298461914e-09
12.24	3.725290298461914e-09
12.25	3.725290298461914e-09
12.26	3.725290298461914e-09
12.27	3.725290298461914e-09
12.28	3.725290298461914e-09
12.29	3.725290298461914e-09
12.3	0.0
