5.67	0.0005028247833251953
5.68	0.0004987716674804688
5.69	0.0004925727844238281
5.7	0.0004863739013671875
5.71	0.0004818439483642578
5.72	0.0004780292510986328
5.73	0.0004744529724121094
5.74	0.0004706382751464844
5.75	0.0004658699035644531
5.76	0.00046181678771972656
5.77	0.0004563331604003906
5.78	0.0004525184631347656
5.79	0.0004508495330810547
5.8	0.0004477500915527344
5.81	0.00044274330139160156
5.82	0.00043845176696777344
5.83	0.0004315376281738281
5.84	0.0004291534423828125
5.85	0.0004277229309082031
5.86	0.0004208087921142578
5.87	0.0004172325134277344
5.88	0.00041484832763671875
5.89	0.0004096031188964844
5.9	0.00040411949157714844
5.91	0.0004000663757324219
5.92	0.00039696693420410156
5.93	0.00038814544677734375
5.94	0.000385284423828125
5.95	0.00038242340087890625
5.96	0.00038051605224609375
5.97	0.00037360191345214844
5.98	0.00037026405334472656
5.99	0.0003662109375
6.0	0.0003638267517089844
6.01	0.00036144256591796875
6.02	0.0003523826599121094
6.03	0.00034809112548828125
6.04	0.00034427642822265625
6.05	0.0003387928009033203
6.06	0.000335693359375
6.07	0.0003323554992675781
6.08	0.00032806396484375
6.09	0.0003261566162109375
6.1	0.0003211498260498047
6.11	0.000316619873046875
6.12	0.00031375885009765625
6.13	0.00030922889709472656
6.14	0.00030422210693359375
6.15	0.0003025531768798828
6.16	0.00030112266540527344
6.17	0.0002968311309814453
6.18	0.0002949237823486328
6.19	0.00028896331787109375
6.2	0.0002868175506591797
6.21	0.00028443336486816406
6.22	0.0002834796905517578
6.23	0.0002796649932861328
6.24	0.0002760887145996094
6.25	0.000270843505859375
6.26	0.00026869773864746094
6.27	0.00026607513427734375
6.28	0.0002639293670654297
6.29	0.00026106834411621094
6.3	0.0002589225769042969
6.31	0.00025725364685058594
6.32	0.0002543926239013672
6.33	0.00024962425231933594
6.34	0.0002472400665283203
6.35	0.00024437904357910156
6.36	0.00024318695068359375
6.37	0.00024080276489257812
6.38	0.00023984909057617188
6.39	0.0002372264862060547
6.4	0.00023317337036132812
6.41	0.00022935867309570312
6.42	0.0002269744873046875
6.43	0.0002262592315673828
6.44	0.00022220611572265625
6.45	0.00022029876708984375
6.46	0.00021839141845703125
6.47	0.00021719932556152344
6.48	0.0002155303955078125
6.49	0.0002129077911376953
6.5	0.0002117156982421875
6.51	0.0002079010009765625
6.52	0.0002079010009765625
6.53	0.00020456314086914062
6.54	0.00020122528076171875
6.55	0.00019931793212890625
6.56	0.00019669532775878906
6.57	0.00019502639770507812
6.58	0.00019240379333496094
6.59	0.00019168853759765625
6.6	0.00018978118896484375
6.61	0.00018405914306640625
6.62	0.00018286705017089844
6.63	0.00018095970153808594
6.64	0.00017952919006347656
6.65	0.00017714500427246094
6.66	0.00017547607421875
6.67	0.00017309188842773438
6.68	0.00017213821411132812
6.69	0.00016760826110839844
6.7	0.00016617774963378906
6.71	0.000164031982421875
6.72	0.0001628398895263672
6.73	0.0001614093780517578
6.74	0.00015878677368164062
6.75	0.0001571178436279297
6.76	0.00015497207641601562
6.77	0.00015354156494140625
6.78	0.00015044212341308594
6.79	0.00014972686767578125
6.8	0.00014901161193847656
6.81	0.00014781951904296875
6.82	0.00014591217041015625
6.83	0.00014352798461914062
6.84	0.00014209747314453125
6.85	0.00014019012451171875
6.86	0.0001385211944580078
6.87	0.0001373291015625
6.88	0.0001361370086669922
6.89	0.00013494491577148438
6.9	0.00013399124145507812
6.91	0.00013136863708496094
6.92	0.00013017654418945312
6.93	0.0001277923583984375
6.94	0.00012540817260742188
6.95	0.00012350082397460938
6.96	0.00012159347534179688
6.97	0.00012040138244628906
6.98	0.0001201629638671875
6.99	0.000118255615234375
7.0	0.00011682510375976562
7.01	0.0001163482666015625
7.02	0.00011491775512695312
7.03	0.00011396408081054688
7.04	0.00011205673217773438
7.05	0.00011134147644042969
7.06	0.00011038780212402344
7.07	0.00010919570922851562
7.08	0.00010609626770019531
7.09	0.00010561943054199219
7.1	0.00010466575622558594
7.11	0.00010442733764648438
7.12	0.00010180473327636719
7.13	0.00010013580322265625
7.14	9.965896606445312e-05
7.15	9.799003601074219e-05
7.16	9.775161743164062e-05
7.17	9.655952453613281e-05
7.18	9.584426879882812e-05
7.19	9.489059448242188e-05
7.2	9.202957153320312e-05
7.21	9.131431579589844e-05
7.22	9.012222290039062e-05
7.23	8.96453857421875e-05
7.24	8.7738037109375e-05
7.25	8.58306884765625e-05
7.26	8.559226989746094e-05
7.27	8.440017700195312e-05
7.28	8.392333984375e-05
7.29	8.130073547363281e-05
7.3	8.082389831542969e-05
7.31	7.963180541992188e-05
7.32	7.915496826171875e-05
7.33	7.748603820800781e-05
7.34	7.700920104980469e-05
7.35	7.605552673339844e-05
7.36	7.367134094238281e-05
7.37	7.295608520507812e-05
7.38	7.224082946777344e-05
7.39	7.104873657226562e-05
7.4	6.937980651855469e-05
7.41	6.914138793945312e-05
7.42	6.771087646484375e-05
7.43	6.723403930664062e-05
7.44	6.628036499023438e-05
7.45	6.556510925292969e-05
7.46	6.4849853515625e-05
7.47	6.413459777832031e-05
7.48	6.318092346191406e-05
7.49	6.175041198730469e-05
7.5	6.008148193359375e-05
7.51	5.984306335449219e-05
7.52	5.984306335449219e-05
7.53	5.91278076171875e-05
7.54	5.888938903808594e-05
7.55	5.8650970458984375e-05
7.56	5.7220458984375e-05
7.57	5.6743621826171875e-05
7.58	5.5789947509765625e-05
7.59	5.53131103515625e-05
7.6	5.4836273193359375e-05
7.61	5.435943603515625e-05
7.62	5.316734313964844e-05
7.63	5.316734313964844e-05
7.64	5.1975250244140625e-05
7.65	5.1021575927734375e-05
7.66	4.982948303222656e-05
7.67	4.887580871582031e-05
7.68	4.887580871582031e-05
7.69	4.863739013671875e-05
7.7	4.792213439941406e-05
7.71	4.649162292480469e-05
7.72	4.57763671875e-05
7.73	4.5299530029296875e-05
7.74	4.458427429199219e-05
7.75	4.4345855712890625e-05
7.76	4.315376281738281e-05
7.77	4.315376281738281e-05
7.78	4.220008850097656e-05
7.79	4.100799560546875e-05
7.8	4.0531158447265625e-05
7.81	4.0531158447265625e-05
7.82	4.029273986816406e-05
7.83	3.933906555175781e-05
7.84	3.910064697265625e-05
7.85	3.910064697265625e-05
7.86	3.910064697265625e-05
7.87	3.790855407714844e-05
7.88	3.743171691894531e-05
7.89	3.719329833984375e-05
7.9	3.719329833984375e-05
7.91	3.600120544433594e-05
7.92	3.5762786865234375e-05
7.93	3.4809112548828125e-05
7.94	3.4809112548828125e-05
7.95	3.3855438232421875e-05
7.96	3.337860107421875e-05
7.97	3.314018249511719e-05
7.98	3.2901763916015625e-05
7.99	3.2901763916015625e-05
8.0	3.123283386230469e-05
8.01	3.0994415283203125e-05
8.02	3.075599670410156e-05
8.03	2.86102294921875e-05
8.04	2.86102294921875e-05
8.05	2.86102294921875e-05
8.06	2.8371810913085938e-05
8.07	2.7894973754882812e-05
8.08	2.765655517578125e-05
8.09	2.6941299438476562e-05
8.1	2.5987625122070312e-05
8.11	2.5987625122070312e-05
8.12	2.47955322265625e-05
8.13	2.47955322265625e-05
8.14	2.384185791015625e-05
8.15	2.384185791015625e-05
8.16	2.3603439331054688e-05
8.17	2.3126602172851562e-05
8.18	2.2172927856445312e-05
8.19	2.1457672119140625e-05
8.2	2.0742416381835938e-05
8.21	2.0742416381835938e-05
8.22	2.0742416381835938e-05
8.23	2.0503997802734375e-05
8.24	2.0265579223632812e-05
8.25	2.002716064453125e-05
8.26	2.002716064453125e-05
8.27	2.002716064453125e-05
8.28	2.002716064453125e-05
8.29	1.9073486328125e-05
8.3	1.9073486328125e-05
8.31	1.8835067749023438e-05
8.32	1.8596649169921875e-05
8.33	1.7642974853515625e-05
8.34	1.7642974853515625e-05
8.35	1.7404556274414062e-05
8.36	1.7404556274414062e-05
8.37	1.71661376953125e-05
8.38	1.6927719116210938e-05
8.39	1.6927719116210938e-05
8.4	1.6689300537109375e-05
8.41	1.6689300537109375e-05
8.42	1.5735626220703125e-05
8.43	1.5497207641601562e-05
8.44	1.5497207641601562e-05
8.45	1.4543533325195312e-05
8.46	1.430511474609375e-05
8.47	1.3589859008789062e-05
8.48	1.3589859008789062e-05
8.49	1.3589859008789062e-05
8.5	1.33514404296875e-05
8.51	1.2636184692382812e-05
8.52	1.2636184692382812e-05
8.53	1.2636184692382812e-05
8.54	1.1682510375976562e-05
8.55	1.1682510375976562e-05
8.56	1.1682510375976562e-05
8.57	1.1682510375976562e-05
8.58	1.1682510375976562e-05
8.59	1.1444091796875e-05
8.6	1.1205673217773438e-05
8.61	1.049041748046875e-05
8.62	1.0251998901367188e-05
8.63	1.0251998901367188e-05
8.64	1.0251998901367188e-05
8.65	1.0251998901367188e-05
8.66	1.0251998901367188e-05
8.67	9.775161743164062e-06
8.68	9.775161743164062e-06
8.69	9.775161743164062e-06
8.7	9.059906005859375e-06
8.71	8.58306884765625e-06
8.72	8.58306884765625e-06
8.73	8.58306884765625e-06
8.74	7.867813110351562e-06
8.75	7.867813110351562e-06
8.76	7.62939453125e-06
8.77	7.62939453125e-06
8.78	7.3909759521484375e-06
8.79	7.3909759521484375e-06
8.8	7.152557373046875e-06
8.81	7.152557373046875e-06
8.82	6.9141387939453125e-06
8.83	6.198883056640625e-06
8.84	6.198883056640625e-06
8.85	5.9604644775390625e-06
8.86	5.9604644775390625e-06
8.87	5.7220458984375e-06
8.88	5.4836273193359375e-06
8.89	5.4836273193359375e-06
8.9	5.4836273193359375e-06
8.91	5.4836273193359375e-06
8.92	5.4836273193359375e-06
8.93	5.4836273193359375e-06
8.94	5.4836273193359375e-06
8.95	5.4836273193359375e-06
8.96	5.245208740234375e-06
8.97	5.245208740234375e-06
8.98	4.5299530029296875e-06
8.99	4.5299530029296875e-06
9.0	4.5299530029296875e-06
9.01	4.291534423828125e-06
9.02	4.291534423828125e-06
9.03	4.291534423828125e-06
9.04	4.291534423828125e-06
9.05	4.291534423828125e-06
9.06	4.291534423828125e-06
9.07	4.291534423828125e-06
9.08	4.291534423828125e-06
9.09	4.0531158447265625e-06
9.1	4.0531158447265625e-06
9.11	4.0531158447265625e-06
9.12	4.0531158447265625e-06
9.13	3.814697265625e-06
9.14	3.5762786865234375e-06
9.15	3.5762786865234375e-06
9.16	3.5762786865234375e-06
9.17	3.5762786865234375e-06
9.18	3.337860107421875e-06
9.19	3.337860107421875e-06
9.2	3.337860107421875e-06
9.21	3.0994415283203125e-06
9.22	3.0994415283203125e-06
9.23	3.0994415283203125e-06
9.24	3.0994415283203125e-06
9.25	2.384185791015625e-06
9.26	2.384185791015625e-06
9.27	2.384185791015625e-06
9.28	2.1457672119140625e-06
9.29	2.1457672119140625e-06
9.3	2.1457672119140625e-06
9.31	2.1457672119140625e-06
9.32	2.1457672119140625e-06
9.33	2.1457672119140625e-06
9.34	1.430511474609375e-06
9.35	1.430511474609375e-06
9.36	1.430511474609375e-06
9.37	1.1920928955078125e-06
9.38	1.1920928955078125e-06
9.39	1.1920928955078125e-06
9.4	1.1920928955078125e-06
9.41	1.1920928955078125e-06
9.42	9.5367431640625e-07
9.43	9.5367431640625e-07
9.44	9.5367431640625e-07
9.45	9.5367431640625e-07
9.46	9.5367431640625e-07
9.47	9.5367431640625e-07
9.48	9.5367431640625e-07
9.49	9.5367431640625e-07
9.5	9.5367431640625e-07
9.51	7.152557373046875e-07
9.52	7.152557373046875e-07
9.53	7.152557373046875e-07
9.54	7.152557373046875e-07
9.55	7.152557373046875e-07
9.56	7.152557373046875e-07
9.57	7.152557373046875e-07
9.58	7.152557373046875e-07
9.59	7.152557373046875e-07
9.6	7.152557373046875e-07
9.61	7.152557373046875e-07
9.62	7.152557373046875e-07
9.63	7.152557373046875e-07
9.64	7.152557373046875e-07
9.65	4.76837158203125e-07
9.66	4.76837158203125e-07
9.67	4.76837158203125e-07
9.68	4.76837158203125e-07
9.69	4.76837158203125e-07
9.7	4.76837158203125e-07
9.71	4.76837158203125e-07
9.72	4.76837158203125e-07
9.73	4.76837158203125e-07
9.74	4.76837158203125e-07
9.75	4.76837158203125e-07
9.76	4.76837158203125e-07
9.77	4.76837158203125e-07
9.78	4.76837158203125e-07
9.79	4.76837158203125e-07
9.8	4.76837158203125e-07
9.81	4.76837158203125e-07
9.82	4.76837158203125e-07
9.83	4.76837158203125e-07
9.84	4.76837158203125e-07
9.85	4.76837158203125e-07
9.86	4.76837158203125e-07
9.87	4.76837158203125e-07
9.88	4.76837158203125e-07
9.89	4.76837158203125e-07
9.9	4.76837158203125e-07
9.91	4.76837158203125e-07
9.92	2.384185791015625e-07
9.93	2.384185791015625e-07
9.94	2.384185791015625e-07
9.95	2.384185791015625e-07
9.96	2.384185791015625e-07
9.97	2.384185791015625e-07
9.98	2.384185791015625e-07
9.99	2.384185791015625e-07
10.0	2.384185791015625e-07
10.01	0.0
