5.52	0.0005064010620117188
5.53	0.0004968643188476562
5.54	0.00048732757568359375
5.55	0.00047779083251953125
5.56	0.000469207763671875
5.57	0.00046539306640625
5.58	0.0004634857177734375
5.59	0.00045680999755859375
5.6	0.000453948974609375
5.61	0.000446319580078125
5.62	0.00043964385986328125
5.63	0.0004329681396484375
5.64	0.00042819976806640625
5.65	0.00041866302490234375
5.66	0.0004119873046875
5.67	0.000408172607421875
5.68	0.00040531158447265625
5.69	0.00039958953857421875
5.7	0.00039386749267578125
5.71	0.00038909912109375
5.72	0.000385284423828125
5.73	0.00037670135498046875
5.74	0.00037479400634765625
5.75	0.0003681182861328125
5.76	0.0003604888916015625
5.77	0.000354766845703125
5.78	0.00035190582275390625
5.79	0.0003452301025390625
5.8	0.00033855438232421875
5.81	0.0003376007080078125
5.82	0.00033283233642578125
5.83	0.00032711029052734375
5.84	0.0003223419189453125
5.85	0.000316619873046875
5.86	0.00031566619873046875
5.87	0.000308990478515625
5.88	0.00030803680419921875
5.89	0.000301361083984375
5.9	0.00029850006103515625
5.91	0.00029277801513671875
5.92	0.00029087066650390625
5.93	0.00028705596923828125
5.94	0.00028228759765625
5.95	0.000278472900390625
5.96	0.00027179718017578125
5.97	0.0002651214599609375
5.98	0.0002593994140625
5.99	0.00025653839111328125
6.0	0.00025272369384765625
6.01	0.0002498626708984375
6.02	0.00024890899658203125
6.03	0.0002460479736328125
6.04	0.000244140625
6.05	0.000240325927734375
6.06	0.00023937225341796875
6.07	0.00023365020751953125
6.08	0.0002307891845703125
6.09	0.0002269744873046875
6.1	0.00022602081298828125
6.11	0.00022220611572265625
6.12	0.000217437744140625
6.13	0.00021648406982421875
6.14	0.00021266937255859375
6.15	0.0002117156982421875
6.16	0.00020885467529296875
6.17	0.000202178955078125
6.18	0.0002002716064453125
6.19	0.000194549560546875
6.2	0.0001926422119140625
6.21	0.0001888275146484375
6.22	0.00018787384033203125
6.23	0.00018310546875
6.24	0.00018215179443359375
6.25	0.00018024444580078125
6.26	0.000179290771484375
6.27	0.0001773834228515625
6.28	0.00017452239990234375
6.29	0.00017261505126953125
6.3	0.0001678466796875
6.31	0.00016307830810546875
6.32	0.0001621246337890625
6.33	0.0001583099365234375
6.34	0.00015735626220703125
6.35	0.000156402587890625
6.36	0.00015544891357421875
6.37	0.00015354156494140625
6.38	0.000152587890625
6.39	0.00014972686767578125
6.4	0.00014591217041015625
6.41	0.00014209747314453125
6.42	0.0001392364501953125
6.43	0.00013828277587890625
6.44	0.0001373291015625
6.45	0.00013637542724609375
6.46	0.00013637542724609375
6.47	0.00013256072998046875
6.48	0.00013065338134765625
6.49	0.00012969970703125
6.5	0.00012683868408203125
6.51	0.00012493133544921875
6.52	0.00012493133544921875
6.53	0.0001239776611328125
6.54	0.0001201629638671875
6.55	0.0001163482666015625
6.56	0.00011348724365234375
6.57	0.00010967254638671875
6.58	0.00010967254638671875
6.59	0.00010967254638671875
6.6	0.00010967254638671875
6.61	0.0001087188720703125
6.62	0.00010585784912109375
6.63	0.00010395050048828125
6.64	0.00010204315185546875
6.65	9.918212890625e-05
6.66	9.822845458984375e-05
6.67	9.632110595703125e-05
6.68	9.632110595703125e-05
6.69	9.632110595703125e-05
6.7	9.441375732421875e-05
6.71	9.1552734375e-05
6.72	8.96453857421875e-05
6.73	8.869171142578125e-05
6.74	8.678436279296875e-05
6.75	8.487701416015625e-05
6.76	8.392333984375e-05
6.77	8.20159912109375e-05
6.78	8.106231689453125e-05
6.79	8.0108642578125e-05
6.8	7.82012939453125e-05
6.81	7.724761962890625e-05
6.82	7.62939453125e-05
6.83	7.534027099609375e-05
6.84	7.43865966796875e-05
6.85	7.343292236328125e-05
6.86	7.152557373046875e-05
6.87	7.152557373046875e-05
6.88	6.866455078125e-05
6.89	6.771087646484375e-05
6.9	6.67572021484375e-05
6.91	6.389617919921875e-05
6.92	6.29425048828125e-05
6.93	6.198883056640625e-05
6.94	6.198883056640625e-05
6.95	6.008148193359375e-05
6.96	6.008148193359375e-05
6.97	5.7220458984375e-05
6.98	5.626678466796875e-05
6.99	5.626678466796875e-05
7.0	5.53131103515625e-05
7.01	5.53131103515625e-05
7.02	5.53131103515625e-05
7.03	5.53131103515625e-05
7.04	5.435943603515625e-05
7.05	5.245208740234375e-05
7.06	5.054473876953125e-05
7.07	4.9591064453125e-05
7.08	4.863739013671875e-05
7.09	4.76837158203125e-05
7.1	4.76837158203125e-05
7.11	4.76837158203125e-05
7.12	4.57763671875e-05
7.13	4.38690185546875e-05
7.14	4.1961669921875e-05
7.15	4.100799560546875e-05
7.16	4.100799560546875e-05
7.17	4.100799560546875e-05
7.18	4.00543212890625e-05
7.19	4.00543212890625e-05
7.2	3.814697265625e-05
7.21	3.814697265625e-05
7.22	3.719329833984375e-05
7.23	3.719329833984375e-05
7.24	3.719329833984375e-05
7.25	3.62396240234375e-05
7.26	3.62396240234375e-05
7.27	3.528594970703125e-05
7.28	3.4332275390625e-05
7.29	3.24249267578125e-05
7.3	3.147125244140625e-05
7.31	3.0517578125e-05
7.32	3.0517578125e-05
7.33	3.0517578125e-05
7.34	2.956390380859375e-05
7.35	2.956390380859375e-05
7.36	2.956390380859375e-05
7.37	2.86102294921875e-05
7.38	2.86102294921875e-05
7.39	2.86102294921875e-05
7.4	2.765655517578125e-05
7.41	2.574920654296875e-05
7.42	2.574920654296875e-05
7.43	2.47955322265625e-05
7.44	2.47955322265625e-05
7.45	2.47955322265625e-05
7.46	2.384185791015625e-05
7.47	2.384185791015625e-05
7.48	2.193450927734375e-05
7.49	2.09808349609375e-05
7.5	2.09808349609375e-05
7.51	2.002716064453125e-05
7.52	2.002716064453125e-05
7.53	2.002716064453125e-05
7.54	2.002716064453125e-05
7.55	2.002716064453125e-05
7.56	2.002716064453125e-05
7.57	2.002716064453125e-05
7.58	1.9073486328125e-05
7.59	1.9073486328125e-05
7.6	1.9073486328125e-05
7.61	1.9073486328125e-05
7.62	1.811981201171875e-05
7.63	1.71661376953125e-05
7.64	1.71661376953125e-05
7.65	1.621246337890625e-05
7.66	1.621246337890625e-05
7.67	1.621246337890625e-05
7.68	1.52587890625e-05
7.69	1.52587890625e-05
7.7	1.52587890625e-05
7.71	1.430511474609375e-05
7.72	1.33514404296875e-05
7.73	1.33514404296875e-05
7.74	1.33514404296875e-05
7.75	1.239776611328125e-05
7.76	1.239776611328125e-05
7.77	1.239776611328125e-05
7.78	1.239776611328125e-05
7.79	1.239776611328125e-05
7.8	1.239776611328125e-05
7.81	1.239776611328125e-05
7.82	1.239776611328125e-05
7.83	1.1444091796875e-05
7.84	1.1444091796875e-05
7.85	1.049041748046875e-05
7.86	1.049041748046875e-05
7.87	1.049041748046875e-05
7.88	1.049041748046875e-05
7.89	1.049041748046875e-05
7.9	1.049041748046875e-05
7.91	1.049041748046875e-05
7.92	8.58306884765625e-06
7.93	8.58306884765625e-06
7.94	8.58306884765625e-06
7.95	8.58306884765625e-06
7.96	8.58306884765625e-06
7.97	8.58306884765625e-06
7.98	8.58306884765625e-06
7.99	7.62939453125e-06
8.0	7.62939453125e-06
8.01	7.62939453125e-06
8.02	7.62939453125e-06
8.03	7.62939453125e-06
8.04	7.62939453125e-06
8.05	7.62939453125e-06
8.06	5.7220458984375e-06
8.07	5.7220458984375e-06
8.08	5.7220458984375e-06
8.09	5.7220458984375e-06
8.1	5.7220458984375e-06
8.11	5.7220458984375e-06
8.12	5.7220458984375e-06
8.13	5.7220458984375e-06
8.14	5.7220458984375e-06
8.15	4.76837158203125e-06
8.16	4.76837158203125e-06
8.17	4.76837158203125e-06
8.18	4.76837158203125e-06
8.19	4.76837158203125e-06
8.2	4.76837158203125e-06
8.21	4.76837158203125e-06
8.22	4.76837158203125e-06
8.23	4.76837158203125e-06
8.24	4.76837158203125e-06
8.25	4.76837158203125e-06
8.26	3.814697265625e-06
8.27	3.814697265625e-06
8.28	3.814697265625e-06
8.29	3.814697265625e-06
8.3	2.86102294921875e-06
8.31	2.86102294921875e-06
8.32	2.86102294921875e-06
8.33	2.86102294921875e-06
8.34	2.86102294921875e-06
8.35	2.86102294921875e-06
8.36	2.86102294921875e-06
8.37	2.86102294921875e-06
8.38	2.86102294921875e-06
8.39	2.86102294921875e-06
8.4	2.86102294921875e-06
8.41	1.9073486328125e-06
8.42	1.9073486328125e-06
8.43	1.9073486328125e-06
8.44	1.9073486328125e-06
8.45	1.9073486328125e-06
8.46	1.9073486328125e-06
8.47	1.9073486328125e-06
8.48	1.9073486328125e-06
8.49	1.9073486328125e-06
8.5	9.5367431640625e-07
8.51	9.5367431640625e-07
8.52	9.5367431640625e-07
8.53	9.5367431640625e-07
8.54	9.5367431640625e-07
8.55	9.5367431640625e-07
8.56	9.5367431640625e-07
8.57	9.5367431640625e-07
8.58	9.5367431640625e-07
8.59	9.5367431640625e-07
8.6	9.5367431640625e-07
8.61	9.5367431640625e-07
8.62	9.5367431640625e-07
8.63	9.5367431640625e-07
8.64	0.0
