5.2	0.0005002357065677643
5.21	0.0004960894584655762
5.22	0.000492241233587265
5.23	0.0004883334040641785
5.24	0.0004846900701522827
5.25	0.0004808753728866577
5.26	0.0004767775535583496
5.27	0.0004729814827442169
5.28	0.00046930834650993347
5.29	0.0004656091332435608
5.3	0.00046185776591300964
5.31	0.0004583410918712616
5.32	0.000454731285572052
5.33	0.00045088306069374084
5.34	0.0004472024738788605
5.35	0.0004435442388057709
5.36	0.000440012663602829
5.37	0.0004363730549812317
5.38	0.00043296441435813904
5.39	0.0004295147955417633
5.4	0.00042610615491867065
5.41	0.00042279064655303955
5.42	0.0004194416105747223
5.43	0.000415608286857605
5.44	0.00041212141513824463
5.45	0.00040888041257858276
5.46	0.00040544942021369934
5.47	0.0004020892083644867
5.48	0.0003987811505794525
5.49	0.000395704060792923
5.5	0.00039262697100639343
5.51	0.00038948655128479004
5.52	0.00038629770278930664
5.53	0.0003830753266811371
5.54	0.00037987902760505676
5.55	0.00037686899304389954
5.56	0.00037379562854766846
5.57	0.00037068501114845276
5.58	0.00036785006523132324
5.59	0.00036493316292762756
5.6	0.00036189332604408264
5.61	0.0003588832914829254
5.62	0.0003560557961463928
5.63	0.0003530457615852356
5.64	0.00034996122121810913
5.65	0.0003470480442047119
5.66	0.0003443285822868347
5.67	0.00034158676862716675
5.68	0.000338725745677948
5.69	0.00033603981137275696
5.7	0.0003331378102302551
5.71	0.0003303922712802887
5.72	0.0003275945782661438
5.73	0.00032480061054229736
5.74	0.0003218352794647217
5.75	0.0003192387521266937
5.76	0.000316571444272995
5.77	0.00031396374106407166
5.78	0.0003112219274044037
5.79	0.0003085024654865265
5.8	0.0003058239817619324
5.81	0.00030300766229629517
5.82	0.0003003329038619995
5.83	0.0002978183329105377
5.84	0.000295296311378479
5.85	0.00029258430004119873
5.86	0.00029025226831436157
5.87	0.0002876259386539459
5.88	0.0002853386104106903
5.89	0.00028292834758758545
5.9	0.00028046220541000366
5.91	0.0002777688205242157
5.92	0.00027543678879737854
5.93	0.0002731606364250183
5.94	0.0002708733081817627
5.95	0.0002685077488422394
5.96	0.0002662837505340576
5.97	0.0002641603350639343
5.98	0.0002619139850139618
5.99	0.00025972723960876465
6.0	0.00025735795497894287
6.01	0.0002551265060901642
6.02	0.00025286898016929626
6.03	0.0002508014440536499
6.04	0.0002486109733581543
6.05	0.00024653226137161255
6.06	0.0002446211874485016
6.07	0.00024242326617240906
6.08	0.000240325927734375
6.09	0.00023815780878067017
6.1	0.0002362467348575592
6.11	0.00023405253887176514
6.12	0.00023192912340164185
6.13	0.00022995099425315857
6.14	0.00022808462381362915
6.15	0.00022612884640693665
6.16	0.00022422894835472107
6.17	0.00022227689623832703
6.18	0.00022035464644432068
6.19	0.00021849572658538818
6.2	0.00021662935614585876
6.21	0.0002146586775779724
6.22	0.00021275877952575684
6.23	0.00021108239889144897
6.24	0.0002092905342578888
6.25	0.00020754337310791016
6.26	0.00020581111311912537
6.27	0.00020409002900123596
6.28	0.00020230188965797424
6.29	0.00020050257444381714
6.3	0.00019885599613189697
6.31	0.00019702687859535217
6.32	0.00019541382789611816
6.33	0.0001937970519065857
6.34	0.00019212812185287476
6.35	0.00019046291708946228
6.36	0.00018894299864768982
6.37	0.0001873597502708435
6.38	0.00018563494086265564
6.39	0.00018396228551864624
6.4	0.00018241256475448608
6.41	0.00018090009689331055
6.42	0.0001791827380657196
6.43	0.00017772242426872253
6.44	0.00017613545060157776
6.45	0.00017471984028816223
6.46	0.00017305463552474976
6.47	0.00017151609063148499
6.48	0.00016980990767478943
6.49	0.00016831979155540466
6.5	0.00016683712601661682
6.51	0.0001653321087360382
6.52	0.00016392767429351807
6.53	0.00016257166862487793
6.54	0.0001612156629562378
6.55	0.00015978142619132996
6.56	0.00015842169523239136
6.57	0.0001570470631122589
6.58	0.0001556389033794403
6.59	0.00015411525964736938
6.6	0.00015285611152648926
6.61	0.00015152990818023682
6.62	0.00015033408999443054
6.63	0.00014908239245414734
6.64	0.00014784932136535645
6.65	0.0001464560627937317
6.66	0.00014526024460792542
6.67	0.0001440010964870453
6.68	0.00014266371726989746
6.69	0.00014144554734230042
6.7	0.00014032796025276184
6.71	0.00013911351561546326
6.72	0.000137966126203537
6.73	0.0001368001103401184
6.74	0.0001355782151222229
6.75	0.0001343563199043274
6.76	0.00013314560055732727
6.77	0.00013199076056480408
6.78	0.00013070553541183472
6.79	0.00012953206896781921
6.8	0.00012842193245887756
6.81	0.00012730807065963745
6.82	0.00012615695595741272
6.83	0.00012510642409324646
6.84	0.00012403354048728943
6.85	0.0001227855682373047
6.86	0.00012160465121269226
6.87	0.000120505690574646
6.88	0.00011948123574256897
6.89	0.00011839717626571655
6.9	0.00011726096272468567
6.91	0.00011622533202171326
6.92	0.00011511147022247314
6.93	0.00011416152119636536
6.94	0.00011314451694488525
6.95	0.00011194869875907898
6.96	0.00011089444160461426
6.97	0.00010998547077178955
6.98	0.00010888651013374329
6.99	0.0001079365611076355
7.0	0.0001069679856300354
7.01	0.00010603293776512146
7.02	0.00010496005415916443
7.03	0.00010393932461738586
7.04	0.00010300055146217346
7.05	0.00010199472308158875
7.06	0.00010100379586219788
7.07	0.00010005384683609009
7.08	9.90740954875946e-05
7.09	9.812042117118835e-05
7.1	9.72747802734375e-05
7.11	9.637698531150818e-05
7.12	9.535998106002808e-05
7.13	9.434297680854797e-05
7.14	9.345635771751404e-05
7.15	9.249523282051086e-05
7.16	9.148195385932922e-05
7.17	9.056553244590759e-05
7.18	8.970871567726135e-05
7.19	8.88928771018982e-05
7.2	8.80993902683258e-05
7.21	8.732080459594727e-05
7.22	8.638203144073486e-05
7.23	8.553639054298401e-05
7.24	8.471310138702393e-05
7.25	8.386000990867615e-05
7.26	8.302181959152222e-05
7.27	8.231028914451599e-05
7.28	8.152425289154053e-05
7.29	8.077174425125122e-05
7.3	7.997825741767883e-05
7.31	7.923692464828491e-05
7.32	7.850304245948792e-05
7.33	7.764995098114014e-05
7.34	7.696077227592468e-05
7.35	7.616356015205383e-05
7.36	7.552653551101685e-05
7.37	7.4826180934906e-05
7.38	7.420405745506287e-05
7.39	7.34962522983551e-05
7.4	7.287412881851196e-05
7.41	7.217377424240112e-05
7.42	7.139518857002258e-05
7.43	7.068365812301636e-05
7.44	7.002800703048706e-05
7.45	6.937235593795776e-05
7.46	6.870552897453308e-05
7.47	6.802752614021301e-05
7.48	6.742030382156372e-05
7.49	6.679818034172058e-05
7.5	6.610900163650513e-05
7.51	6.545707583427429e-05
7.52	6.473064422607422e-05
7.53	6.410107016563416e-05
7.54	6.350129842758179e-05
7.55	6.284937262535095e-05
7.56	6.227195262908936e-05
7.57	6.170198321342468e-05
7.58	6.112828850746155e-05
7.59	6.047636270523071e-05
7.6	5.982443690299988e-05
7.61	5.9235841035842896e-05
7.62	5.863606929779053e-05
7.63	5.805864930152893e-05
7.64	5.743280053138733e-05
7.65	5.6955963373184204e-05
7.66	5.644187331199646e-05
7.67	5.593523383140564e-05
7.68	5.5361539125442505e-05
7.69	5.4799020290374756e-05
7.7	5.4210424423217773e-05
7.71	5.377456545829773e-05
7.72	5.316734313964844e-05
7.73	5.266070365905762e-05
7.74	5.2127987146377563e-05
7.75	5.166977643966675e-05
7.76	5.1155686378479004e-05
7.77	5.058571696281433e-05
7.78	5.014240741729736e-05
7.79	4.9579888582229614e-05
7.8	4.906952381134033e-05
7.81	4.8473477363586426e-05
7.82	4.801154136657715e-05
7.83	4.75272536277771e-05
7.84	4.709884524345398e-05
7.85	4.6662986278533936e-05
7.86	4.620477557182312e-05
7.87	4.575774073600769e-05
7.88	4.5340508222579956e-05
7.89	4.489719867706299e-05
7.9	4.437193274497986e-05
7.91	4.3917447328567505e-05
7.92	4.3507665395736694e-05
7.93	4.30867075920105e-05
7.94	4.2635947465896606e-05
7.95	4.2263418436050415e-05
7.96	4.1835010051727295e-05
7.97	4.145503044128418e-05
7.98	4.1078776121139526e-05
7.99	4.0628015995025635e-05
8.0	4.0259212255477905e-05
8.01	3.9849430322647095e-05
8.02	3.949180245399475e-05
8.03	3.908202052116394e-05
8.04	3.8743019104003906e-05
8.05	3.8392841815948486e-05
8.06	3.8057565689086914e-05
8.07	3.7651509046554565e-05
8.08	3.7278980016708374e-05
8.09	3.6947429180145264e-05
8.1	3.663450479507446e-05
8.11	3.6250799894332886e-05
8.12	3.5919249057769775e-05
8.13	3.558024764060974e-05
8.14	3.52710485458374e-05
8.15	3.49879264831543e-05
8.16	3.458186984062195e-05
8.17	3.422051668167114e-05
8.18	3.382936120033264e-05
8.19	3.35201621055603e-05
8.2	3.3155083656311035e-05
8.21	3.2823532819747925e-05
8.22	3.2551586627960205e-05
8.23	3.2238662242889404e-05
8.24	3.191456198692322e-05
8.25	3.162771463394165e-05
8.26	3.1266361474990845e-05
8.27	3.0953437089920044e-05
8.28	3.061816096305847e-05
8.29	3.02828848361969e-05
8.3	2.995133399963379e-05
8.31	2.9686838388442993e-05
8.32	2.942979335784912e-05
8.33	2.915412187576294e-05
8.34	2.8867274522781372e-05
8.35	2.8621405363082886e-05
8.36	2.8330832719802856e-05
8.37	2.802908420562744e-05
8.38	2.771243453025818e-05
8.39	2.745911478996277e-05
8.4	2.7213245630264282e-05
8.41	2.6941299438476562e-05
8.42	2.6695430278778076e-05
8.43	2.640858292579651e-05
8.44	2.6110559701919556e-05
8.45	2.5872141122817993e-05
8.46	2.5544315576553345e-05
8.47	2.5231391191482544e-05
8.48	2.497062087059021e-05
8.49	2.4732202291488647e-05
8.5	2.4497509002685547e-05
8.51	2.421066164970398e-05
8.52	2.4005770683288574e-05
8.53	2.378597855567932e-05
8.54	2.3521482944488525e-05
8.55	2.323836088180542e-05
8.56	2.300366759300232e-05
8.57	2.273544669151306e-05
8.58	2.248212695121765e-05
8.59	2.2269785404205322e-05
8.6	2.205371856689453e-05
8.61	2.1785497665405273e-05
8.62	2.1591782569885254e-05
8.63	2.1342188119888306e-05
8.64	2.103671431541443e-05
8.65	2.08243727684021e-05
8.66	2.064928412437439e-05
8.67	2.0429491996765137e-05
8.68	2.0168721675872803e-05
8.69	1.9963830709457397e-05
8.7	1.9777566194534302e-05
8.71	1.9565224647521973e-05
8.72	1.9375234842300415e-05
8.73	1.9155442714691162e-05
8.74	1.893937587738037e-05
8.75	1.870095729827881e-05
8.76	1.8518418073654175e-05
8.77	1.829490065574646e-05
8.78	1.8104910850524902e-05
8.79	1.7955899238586426e-05
8.8	1.7762184143066406e-05
8.81	1.7542392015457153e-05
8.82	1.731887459754944e-05
8.83	1.7117708921432495e-05
8.84	1.6946345567703247e-05
8.85	1.6689300537109375e-05
8.86	1.648813486099243e-05
8.87	1.6298145055770874e-05
8.88	1.6100704669952393e-05
8.89	1.5947967767715454e-05
8.9	1.5757977962493896e-05
8.91	1.5579164028167725e-05
8.92	1.5407800674438477e-05
8.93	1.5232712030410767e-05
8.94	1.5009194612503052e-05
8.95	1.4808028936386108e-05
8.96	1.4632940292358398e-05
8.97	1.4487653970718384e-05
8.98	1.430511474609375e-05
8.99	1.4174729585647583e-05
9.0	1.4029443264007568e-05
9.01	1.387670636177063e-05
9.02	1.372024416923523e-05
9.03	1.3548880815505981e-05
9.04	1.33514404296875e-05
9.05	1.321360468864441e-05
9.06	1.3086944818496704e-05
9.07	1.2882053852081299e-05
9.08	1.2777745723724365e-05
9.09	1.2662261724472046e-05
9.1	1.253560185432434e-05
9.11	1.237913966178894e-05
9.12	1.2189149856567383e-05
9.13	1.204758882522583e-05
9.14	1.1887401342391968e-05
9.15	1.173466444015503e-05
9.16	1.161918044090271e-05
9.17	1.1514872312545776e-05
9.18	1.1377036571502686e-05
9.19	1.1265277862548828e-05
9.2	1.1123716831207275e-05
9.21	1.0967254638671875e-05
9.22	1.0844320058822632e-05
9.23	1.0732561349868774e-05
9.24	1.0602176189422607e-05
9.25	1.0456889867782593e-05
9.26	1.0363757610321045e-05
9.27	1.0233372449874878e-05
9.28	1.0132789611816406e-05
9.29	9.991228580474854e-06
9.3	9.883195161819458e-06
9.31	9.745359420776367e-06
9.32	9.629875421524048e-06
9.33	9.514391422271729e-06
9.34	9.417533874511719e-06
9.35	9.324401617050171e-06
9.36	9.261071681976318e-06
9.37	9.156763553619385e-06
9.38	9.045004844665527e-06
9.39	8.959323167800903e-06
9.4	8.858740329742432e-06
9.41	8.761882781982422e-06
9.42	8.620321750640869e-06
9.43	8.538365364074707e-06
9.44	8.475035429000854e-06
9.45	8.381903171539307e-06
9.46	8.281320333480835e-06
9.47	8.206814527511597e-06
9.48	8.128583431243896e-06
9.49	8.024275302886963e-06
9.5	7.91996717453003e-06
9.51	7.811933755874634e-06
9.52	7.718801498413086e-06
9.53	7.651746273040771e-06
9.54	7.5660645961761475e-06
9.55	7.495284080505371e-06
9.56	7.409602403640747e-06
9.57	7.3499977588653564e-06
9.58	7.264316082000732e-06
9.59	7.178634405136108e-06
9.6	7.0855021476745605e-06
9.61	7.018446922302246e-06
9.62	6.925314664840698e-06
9.63	6.861984729766846e-06
9.64	6.77257776260376e-06
9.65	6.712973117828369e-06
9.66	6.664544343948364e-06
9.67	6.593763828277588e-06
9.68	6.51925802230835e-06
9.69	6.444752216339111e-06
9.7	6.377696990966797e-06
9.71	6.3069164752960205e-06
9.72	6.251037120819092e-06
9.73	6.187707185745239e-06
9.74	6.120651960372925e-06
9.75	6.061047315597534e-06
9.76	6.016343832015991e-06
9.77	5.941838026046753e-06
9.78	5.8710575103759766e-06
9.79	5.804002285003662e-06
9.8	5.748122930526733e-06
9.81	5.688518285751343e-06
9.82	5.62518835067749e-06
9.83	5.595386028289795e-06
9.84	5.532056093215942e-06
9.85	5.46872615814209e-06
9.86	5.3942203521728516e-06
9.87	5.3532421588897705e-06
9.88	5.271285772323608e-06
9.89	5.200505256652832e-06
9.9	5.144625902175903e-06
9.91	5.088746547698975e-06
9.92	5.017966032028198e-06
9.93	4.973262548446655e-06
9.94	4.92483377456665e-06
9.95	4.842877388000488e-06
9.96	4.7907233238220215e-06
9.97	4.731118679046631e-06
9.98	4.641711711883545e-06
9.99	4.5709311962127686e-06
10.0	4.533678293228149e-06
10.01	4.470348358154297e-06
10.02	4.421919584274292e-06
10.03	4.377216100692749e-06
10.04	4.347413778305054e-06
10.05	4.284083843231201e-06
10.06	4.231929779052734e-06
10.07	4.172325134277344e-06
10.08	4.116445779800415e-06
10.09	4.060566425323486e-06
10.1	4.015862941741943e-06
10.11	3.978610038757324e-06
10.12	3.926455974578857e-06
10.13	3.874301910400391e-06
10.14	3.829598426818848e-06
10.15	3.773719072341919e-06
10.16	3.688037395477295e-06
10.17	3.643333911895752e-06
10.18	3.598630428314209e-06
10.19	3.550201654434204e-06
10.2	3.4905970096588135e-06
10.21	3.468245267868042e-06
10.22	3.423541784286499e-06
10.23	3.382563591003418e-06
10.24	3.341585397720337e-06
10.25	3.28943133354187e-06
10.26	3.2223761081695557e-06
10.27	3.1851232051849365e-06
10.28	3.118067979812622e-06
10.29	3.077089786529541e-06
10.3	3.028661012649536e-06
10.31	3.0063092708587646e-06
10.32	2.9616057872772217e-06
10.33	2.913177013397217e-06
10.34	2.8759241104125977e-06
10.35	2.8386712074279785e-06
10.36	2.808868885040283e-06
10.37	2.7529895305633545e-06
10.38	2.7157366275787354e-06
10.39	2.689659595489502e-06
10.4	2.652406692504883e-06
10.41	2.6226043701171875e-06
10.42	2.5779008865356445e-06
10.43	2.5294721126556396e-06
10.44	2.5033950805664062e-06
10.45	2.469867467880249e-06
10.46	2.4512410163879395e-06
10.47	2.3990869522094727e-06
10.48	2.3953616619110107e-06
10.49	2.3730099201202393e-06
10.5	2.343207597732544e-06
10.51	2.3134052753448486e-06
10.52	2.2873282432556152e-06
10.53	2.261251211166382e-06
10.54	2.216547727584839e-06
10.55	2.175569534301758e-06
10.56	2.1457672119140625e-06
10.57	2.115964889526367e-06
10.58	2.0973384380340576e-06
10.59	2.0563602447509766e-06
10.6	2.0265579223632812e-06
10.61	2.0191073417663574e-06
10.62	1.989305019378662e-06
10.63	1.948326826095581e-06
10.64	1.9073486328125e-06
10.65	1.8812716007232666e-06
10.66	1.8514692783355713e-06
10.67	1.8253922462463379e-06
10.68	1.8067657947540283e-06
10.69	1.7918646335601807e-06
10.7	1.773238182067871e-06
10.71	1.7546117305755615e-06
10.72	1.73225998878479e-06
10.73	1.6987323760986328e-06
10.74	1.687556505203247e-06
10.75	1.6689300537109375e-06
10.76	1.6279518604278564e-06
10.77	1.601874828338623e-06
10.78	1.5906989574432373e-06
10.79	1.564621925354004e-06
10.8	1.5534460544586182e-06
10.81	1.5236437320709229e-06
10.82	1.5124678611755371e-06
10.83	1.4789402484893799e-06
10.84	1.4491379261016846e-06
10.85	1.434236764907837e-06
10.86	1.4044344425201416e-06
10.87	1.3969838619232178e-06
10.88	1.385807991027832e-06
10.89	1.3746321201324463e-06
10.9	1.3373792171478271e-06
10.91	1.3262033462524414e-06
10.92	1.3150274753570557e-06
10.93	1.2926757335662842e-06
10.94	1.255422830581665e-06
10.95	1.2516975402832031e-06
10.96	1.2367963790893555e-06
10.97	1.210719347000122e-06
10.98	1.1995434761047363e-06
10.99	1.1920928955078125e-06
11.0	1.169741153717041e-06
11.01	1.1511147022247314e-06
11.02	1.1324882507324219e-06
11.03	1.1064112186431885e-06
11.04	1.0989606380462646e-06
11.05	1.0952353477478027e-06
11.06	1.0766088962554932e-06
11.07	1.0691583156585693e-06
11.08	1.0542571544647217e-06
11.09	1.0468065738677979e-06
11.1	1.0281801223754883e-06
11.11	1.0095536708831787e-06
11.12	1.0021030902862549e-06
11.13	9.94652509689331e-07
11.14	9.834766387939453e-07
11.15	9.685754776000977e-07
11.16	9.611248970031738e-07
11.17	9.57399606704712e-07
11.18	9.462237358093262e-07
11.19	9.313225746154785e-07
11.2	9.275972843170166e-07
11.21	9.08970832824707e-07
11.22	9.015202522277832e-07
11.23	8.828938007354736e-07
11.24	8.791685104370117e-07
11.25	8.717179298400879e-07
11.26	8.642673492431641e-07
11.27	8.568167686462402e-07
11.28	8.419156074523926e-07
11.29	8.270144462585449e-07
11.3	8.158385753631592e-07
11.31	8.046627044677734e-07
11.32	7.972121238708496e-07
11.33	7.748603820800781e-07
11.34	7.748603820800781e-07
11.35	7.711350917816162e-07
11.36	7.636845111846924e-07
11.37	7.599592208862305e-07
11.38	7.525086402893066e-07
11.39	7.413327693939209e-07
11.4	7.338821887969971e-07
11.41	7.189810276031494e-07
11.42	7.115304470062256e-07
11.43	6.966292858123779e-07
11.44	6.891787052154541e-07
11.45	6.817281246185303e-07
11.46	6.668269634246826e-07
11.47	6.593763828277588e-07
11.48	6.593763828277588e-07
11.49	6.51925802230835e-07
11.5	6.407499313354492e-07
11.51	6.295740604400635e-07
11.52	6.258487701416016e-07
11.53	6.146728992462158e-07
11.54	6.034970283508301e-07
11.55	5.997717380523682e-07
11.56	5.960464477539062e-07
11.57	5.848705768585205e-07
11.58	5.662441253662109e-07
11.59	5.62518835067749e-07
11.6	5.438923835754395e-07
11.61	5.438923835754395e-07
11.62	5.438923835754395e-07
11.63	5.364418029785156e-07
11.64	5.252659320831299e-07
11.65	5.178153514862061e-07
11.66	5.103647708892822e-07
11.67	4.917383193969727e-07
11.68	4.842877388000488e-07
11.69	4.805624485015869e-07
11.7	4.6566128730773926e-07
11.71	4.544854164123535e-07
11.72	4.507601261138916e-07
11.73	4.4330954551696777e-07
11.74	4.3958425521850586e-07
11.75	4.3585896492004395e-07
11.76	4.284083843231201e-07
11.77	4.172325134277344e-07
11.78	4.0605664253234863e-07
11.79	4.023313522338867e-07
11.8	3.948807716369629e-07
11.81	3.91155481338501e-07
11.82	3.8370490074157715e-07
11.83	3.7997961044311523e-07
11.84	3.762543201446533e-07
11.85	3.6135315895080566e-07
11.86	3.6135315895080566e-07
11.87	3.5390257835388184e-07
11.88	3.427267074584961e-07
11.89	3.3527612686157227e-07
11.9	3.3155083656311035e-07
11.91	3.2782554626464844e-07
11.92	3.2782554626464844e-07
11.93	3.241002559661865e-07
11.94	3.129243850708008e-07
11.95	3.0919909477233887e-07
11.96	3.0547380447387695e-07
11.97	2.905726432800293e-07
11.98	2.7939677238464355e-07
11.99	2.7567148208618164e-07
12.0	2.7194619178771973e-07
12.01	2.682209014892578e-07
12.02	2.60770320892334e-07
12.03	2.5704503059387207e-07
12.04	2.5331974029541016e-07
12.05	2.5331974029541016e-07
12.06	2.4959444999694824e-07
12.07	2.384185791015625e-07
12.08	2.384185791015625e-07
12.09	2.3469328880310059e-07
12.1	2.2724270820617676e-07
12.11	2.2351741790771484e-07
12.12	2.1606683731079102e-07
12.13	2.1606683731079102e-07
12.14	2.123415470123291e-07
12.15	2.0489096641540527e-07
12.16	1.9371509552001953e-07
12.17	1.9371509552001953e-07
12.18	1.9371509552001953e-07
12.19	1.9371509552001953e-07
12.2	1.9371509552001953e-07
12.21	1.862645149230957e-07
12.22	1.825392246246338e-07
12.23	1.7881393432617188e-07
12.24	1.7508864402770996e-07
12.25	1.6763806343078613e-07
12.26	1.6391277313232422e-07
12.27	1.601874828338623e-07
12.28	1.5273690223693848e-07
12.29	1.4901161193847656e-07
12.3	1.4901161193847656e-07
12.31	1.4528632164001465e-07
12.32	1.4156103134155273e-07
12.33	1.4156103134155273e-07
12.34	1.341104507446289e-07
12.35	1.30385160446167e-07
12.36	1.30385160446167e-07
12.37	1.2293457984924316e-07
12.38	1.1920928955078125e-07
12.39	1.1920928955078125e-07
12.4	1.1920928955078125e-07
12.41	1.1920928955078125e-07
12.42	1.1548399925231934e-07
12.43	1.1548399925231934e-07
12.44	1.1548399925231934e-07
12.45	1.0803341865539551e-07
12.46	1.0803341865539551e-07
12.47	1.0803341865539551e-07
12.48	1.0803341865539551e-07
12.49	1.043081283569336e-07
12.5	1.043081283569336e-07
12.51	1.043081283569336e-07
12.52	1.0058283805847168e-07
12.53	9.685754776000977e-08
12.54	9.685754776000977e-08
12.55	9.313225746154785e-08
12.56	9.313225746154785e-08
12.57	9.313225746154785e-08
12.58	9.313225746154785e-08
12.59	8.940696716308594e-08
12.6	8.940696716308594e-08
12.61	8.940696716308594e-08
12.62	8.568167686462402e-08
12.63	8.568167686462402e-08
12.64	8.568167686462402e-08
12.65	8.568167686462402e-08
12.66	7.82310962677002e-08
12.67	7.82310962677002e-08
12.68	7.82310962677002e-08
12.69	7.82310962677002e-08
12.7	7.82310962677002e-08
12.71	7.82310962677002e-08
12.72	7.450580596923828e-08
12.73	7.450580596923828e-08
12.74	7.450580596923828e-08
12.75	7.450580596923828e-08
12.76	7.450580596923828e-08
12.77	7.450580596923828e-08
12.78	7.450580596923828e-08
12.79	7.450580596923828e-08
12.8	6.705522537231445e-08
12.81	6.705522537231445e-08
12.82	6.705522537231445e-08
12.83	6.705522537231445e-08
12.84	6.705522537231445e-08
12.85	6.705522537231445e-08
12.86	6.705522537231445e-08
12.87	6.705522537231445e-08
12.88	6.705522537231445e-08
12.89	6.705522537231445e-08
12.9	6.705522537231445e-08
12.91	6.705522537231445e-08
12.92	6.705522537231445e-08
12.93	5.960464477539063e-08
12.94	5.960464477539063e-08
12.95	5.960464477539063e-08
12.96	5.960464477539063e-08
12.97	5.960464477539063e-08
12.98	5.587935447692871e-08
12.99	5.587935447692871e-08
13.0	5.587935447692871e-08
13.01	5.587935447692871e-08
13.02	5.21540641784668e-08
13.03	5.21540641784668e-08
13.04	5.21540641784668e-08
13.05	5.21540641784668e-08
13.06	5.21540641784668e-08
13.07	5.21540641784668e-08
13.08	5.21540641784668e-08
13.09	5.21540641784668e-08
13.1	4.842877388000488e-08
13.11	4.842877388000488e-08
13.12	4.470348358154297e-08
13.13	4.470348358154297e-08
13.14	4.470348358154297e-08
13.15	4.0978193283081055e-08
13.16	4.0978193283081055e-08
13.17	4.0978193283081055e-08
13.18	4.0978193283081055e-08
13.19	4.0978193283081055e-08
13.2	4.0978193283081055e-08
13.21	4.0978193283081055e-08
13.22	4.0978193283081055e-08
13.23	3.725290298461914e-08
13.24	3.725290298461914e-08
13.25	3.725290298461914e-08
13.26	3.3527612686157227e-08
13.27	3.3527612686157227e-08
13.28	3.3527612686157227e-08
13.29	2.9802322387695312e-08
13.3	2.9802322387695312e-08
13.31	2.9802322387695312e-08
13.32	2.9802322387695312e-08
13.33	2.9802322387695312e-08
13.34	2.9802322387695312e-08
13.35	2.9802322387695312e-08
13.36	2.9802322387695312e-08
13.37	2.60770320892334e-08
13.38	2.60770320892334e-08
13.39	2.2351741790771484e-08
13.4	2.2351741790771484e-08
13.41	2.2351741790771484e-08
13.42	1.862645149230957e-08
13.43	1.862645149230957e-08
13.44	1.862645149230957e-08
13.45	1.862645149230957e-08
13.46	1.862645149230957e-08
13.47	1.862645149230957e-08
13.48	1.862645149230957e-08
13.49	1.862645149230957e-08
13.5	1.4901161193847656e-08
13.51	1.4901161193847656e-08
13.52	1.4901161193847656e-08
13.53	1.4901161193847656e-08
13.54	1.4901161193847656e-08
13.55	1.4901161193847656e-08
13.56	1.4901161193847656e-08
13.57	1.4901161193847656e-08
13.58	1.4901161193847656e-08
13.59	1.4901161193847656e-08
13.6	1.4901161193847656e-08
13.61	1.4901161193847656e-08
13.62	1.4901161193847656e-08
13.63	1.4901161193847656e-08
13.64	1.4901161193847656e-08
13.65	1.4901161193847656e-08
13.66	1.1175870895385742e-08
13.67	1.1175870895385742e-08
13.68	1.1175870895385742e-08
13.69	1.1175870895385742e-08
13.7	1.1175870895385742e-08
13.71	1.1175870895385742e-08
13.72	1.1175870895385742e-08
13.73	1.1175870895385742e-08
13.74	1.1175870895385742e-08
13.75	1.1175870895385742e-08
13.76	1.1175870895385742e-08
13.77	1.1175870895385742e-08
13.78	1.1175870895385742e-08
13.79	7.450580596923828e-09
13.8	7.450580596923828e-09
13.81	7.450580596923828e-09
13.82	7.450580596923828e-09
13.83	7.450580596923828e-09
13.84	7.450580596923828e-09
13.85	7.450580596923828e-09
13.86	7.450580596923828e-09
13.87	7.450580596923828e-09
13.88	7.450580596923828e-09
13.89	7.450580596923828e-09
13.9	7.450580596923828e-09
13.91	7.450580596923828e-09
13.92	7.450580596923828e-09
13.93	3.725290298461914e-09
13.94	3.725290298461914e-09
13.95	3.725290298461914e-09
13.96	3.725290298461914e-09
13.97	3.725290298461914e-09
13.98	3.725290298461914e-09
13.99	3.725290298461914e-09
14.0	3.725290298461914e-09
14.01	3.725290298461914e-09
14.02	3.725290298461914e-09
14.03	3.725290298461914e-09
14.04	3.725290298461914e-09
14.05	3.725290298461914e-09
14.06	0.0
