2.1	0.0005027088227507193
2.11	0.0004980271041858941
2.12	0.0004966134765709285
2.13	0.0004942029263474979
2.14	0.0004908373521175236
2.15	0.0004864297152380459
2.16	0.00048494693692191504
2.17	0.0004817231456399895
2.18	0.0004762836506415624
2.19	0.0004729766078526154
2.2	0.0004719593962363433
2.21	0.0004692757247539703
2.22	0.00046623084563179873
2.23	0.0004623546847142279
2.24	0.00046038569053052925
2.25	0.0004594705023919232
2.26	0.0004539975125226192
2.27	0.000452144489827333
2.28	0.00044984883061260916
2.29	0.0004471195388759952
2.3	0.00044330004311632365
2.31	0.00044227502803551033
2.32	0.00044054313912056386
2.33	0.0004377678669698071
2.34	0.00043588375046965666
2.35	0.0004337389109423384
2.36	0.0004311808770580683
2.37	0.0004281040310161188
2.38	0.0004270111858204473
2.39	0.00042356301491963677
2.4	0.0004205329896649346
2.41	0.00041907614286174066
2.42	0.0004172782246314455
2.43	0.00041441219218540937
2.44	0.0004124795741518028
2.45	0.0004108356843062211
2.46	0.0004087611632712651
2.47	0.00040602165609016083
2.48	0.0004033186560263857
2.49	0.0004019909756607376
2.5	0.0004006646267953329
2.51	0.0003971408004872501
2.52	0.00039408664451912045
2.53	0.0003918625479855109
2.54	0.00039075553650036454
2.55	0.0003884436700900551
2.56	0.0003870289619953837
2.57	0.00038464650424430147
2.58	0.0003824667837761808
2.59	0.00038074377880548127
2.6	0.0003787063542404212
2.61	0.0003765947367355693
2.62	0.0003741228392755147
2.63	0.000373435588699067
2.64	0.0003700198431033641
2.65	0.00036893252035952173
2.66	0.00036710479253088124
2.67	0.0003660521579149645
2.68	0.0003635800203483086
2.69	0.0003618336049839854
2.7	0.0003599906667659525
2.71	0.0003569595610315446
2.72	0.0003539684330462478
2.73	0.00035155103978468105
2.74	0.00034947003587149084
2.75	0.0003471106283541303
2.76	0.00034473535197321326
2.77	0.0003424088499741629
2.78	0.00034079665419994853
2.79	0.0003371691236679908
2.8	0.000335576813085936
2.81	0.000332980060193222
2.82	0.000331854353134986
2.83	0.00033007804449880496
2.84	0.0003276140705565922
2.85	0.0003261428173573222
2.86	0.000324536144034937
2.87	0.00032291146271745674
2.88	0.00032039754660218023
2.89	0.0003183368098689243
2.9	0.00031681754626333714
2.91	0.0003150426782667637
2.92	0.0003125756156805437
2.93	0.00030984868135419674
2.94	0.00030689909181091934
2.95	0.000306065190670779
2.96	0.0003037702517758589
2.97	0.0003013024361280259
2.98	0.0002999212229042314
2.99	0.00029817652102792636
3.0	0.00029545383222284727
3.01	0.00029368688774411567
3.02	0.0002920676088251639
3.03	0.00029006223849137314
3.04	0.00028803156965295784
3.05	0.0002867590810637921
3.06	0.00028481009212555364
3.07	0.0002834077131410595
3.08	0.0002826146410370711
3.09	0.00028117175315856
3.1	0.0002796273874992039
3.11	0.00027827126541524194
3.12	0.00027752753521781415
3.13	0.00027607032825471833
3.14	0.0002748695551417768
3.15	0.0002728560211835429
3.16	0.0002722815661400091
3.17	0.00027052758741774596
3.18	0.00026877823620452546
3.19	0.00026709628946264274
3.2	0.00026647460981621407
3.21	0.0002654848576639779
3.22	0.00026256575802108273
3.23	0.000261896046140464
3.24	0.000261075754679041
3.25	0.00025869233650155365
3.26	0.0002572131597844418
3.27	0.0002552560508775059
3.28	0.0002538956068747211
3.29	0.0002515415799280163
3.3	0.00025081572675844654
3.31	0.0002503053801774513
3.32	0.0002478083915775642
3.33	0.00024653416767250746
3.34	0.00024521485829609446
3.35	0.0002444991987431422
3.36	0.00024184806170524098
3.37	0.00024060738724074326
3.38	0.00023967995366547257
3.39	0.00023848125420045108
3.4	0.0002362867999181617
3.41	0.00023536262960988097
3.42	0.0002342079569643829
3.43	0.00023315412909141742
3.44	0.00023144420993048698
3.45	0.00023066410358296707
3.46	0.0002298393374076113
3.47	0.0002268075113533996
3.48	0.0002260666478832718
3.49	0.0002247499032819178
3.5	0.00022261944832280278
3.51	0.0002199399059463758
3.52	0.00021944744730717503
3.53	0.0002188012658734806
3.54	0.0002170202751585748
3.55	0.00021544781702687033
3.56	0.00021441884018713608
3.57	0.00021288347852532752
3.58	0.0002109693487000186
3.59	0.00021010579439462163
3.6	0.00020853117530350573
3.61	0.00020747647431562655
3.62	0.0002054485994449351
3.63	0.00020456300990190357
3.64	0.00020337652313173749
3.65	0.0002020132524194196
3.66	0.00020099751418456435
3.67	0.00019988601707154885
3.68	0.000198827387066558
3.69	0.0001978225409402512
3.7	0.00019693398280651309
3.71	0.0001958437787834555
3.72	0.0001950934347405564
3.73	0.00019346359113114886
3.74	0.00019310991410748102
3.75	0.00019160112788085826
3.76	0.00019066483218921348
3.77	0.00018973548867506906
3.78	0.0001894463894132059
3.79	0.00018828443717211485
3.8	0.00018668166740098968
3.81	0.00018513985560275614
3.82	0.0001845580482040532
3.83	0.00018299591465620324
3.84	0.00018207342509413138
3.85	0.00017967365783988498
3.86	0.00017920256868819706
3.87	0.00017831069271778688
3.88	0.00017777251559891738
3.89	0.0001761834901117254
3.9	0.00017525234579807147
3.91	0.0001748242684698198
3.92	0.00017294642748311162
3.93	0.0001722424349281937
3.94	0.0001715330727165565
3.95	0.00017086807565647177
3.96	0.00016946669347817078
3.97	0.00016928686454775743
3.98	0.0001679707202129066
3.99	0.00016735016470192932
4.0	0.00016597690773778595
4.01	0.00016548873827559873
4.02	0.00016365480405511335
4.03	0.00016246478116954677
4.04	0.00016125307229231112
4.05	0.00016005265933927149
4.06	0.00015950345186865889
4.07	0.00015843949586269446
4.08	0.00015735265333205462
4.09	0.00015625591186108068
4.1	0.00015529692609561607
4.11	0.0001536304371256847
4.12	0.00015292704483726993
4.13	0.00015154931315919384
4.14	0.00015006294415798038
4.15	0.00014932461635908112
4.16	0.00014846559133729897
4.17	0.000147557719174074
4.18	0.00014617722627008334
4.19	0.0001454664125049021
4.2	0.00014443682812270708
4.21	0.00014350492347148247
4.22	0.00014290076069300994
4.23	0.00014223387552192435
4.24	0.0001414705766364932
4.25	0.00014004278273205273
4.26	0.00013901200509280898
4.27	0.0001382207337883301
4.28	0.00013762526214122772
4.29	0.00013720001152250916
4.3	0.0001364027375529986
4.31	0.00013577065692516044
4.32	0.00013522492736228742
4.33	0.0001335490778728854
4.34	0.00013283559019328095
4.35	0.00013178614972275682
4.36	0.0001310010557062924
4.37	0.0001300339681620244
4.38	0.0001292160122829955
4.39	0.00012821908967453055
4.4	0.00012768005035468377
4.41	0.00012730836533592083
4.42	0.00012676757978624664
4.43	0.00012537547445390373
4.44	0.00012495600822148845
4.45	0.0001245256935362704
4.46	0.00012390664778649807
4.47	0.00012275948392925784
4.48	0.0001222967439389322
4.49	0.0001219962396135088
4.5	0.00012099940067855641
4.51	0.00012064399925293401
4.52	0.00012023967428831384
4.53	0.00011973101936746389
4.54	0.00011894767158082686
4.55	0.00011837789861601777
4.56	0.00011812962839030661
4.57	0.00011766790339606814
4.58	0.00011679082672344521
4.59	0.0001158367631433066
4.6	0.00011464859562693164
4.61	0.00011428983270889148
4.62	0.00011346599058015272
4.63	0.00011315266237943433
4.64	0.0001123760812333785
4.65	0.00011161910515511408
4.66	0.00011104152872576378
4.67	0.00011043628546758555
4.68	0.00010867149467230774
4.69	0.00010806410136865452
4.7	0.00010779609874589369
4.71	0.00010677288446458988
4.72	0.00010571353413979523
4.73	0.00010514632595004514
4.74	0.00010491404464119114
4.75	0.00010364544141339138
4.76	0.00010294951425748877
4.77	0.00010237565948045813
4.78	0.0001018789698719047
4.79	0.00010091185322380625
4.8	0.00010048826152342372
4.81	9.988787496695295e-05
4.82	9.945484271156602e-05
4.83	9.833689546212554e-05
4.84	9.78887255769223e-05
4.85	9.737276923260652e-05
4.86	9.691544255474582e-05
4.87	9.631741340854205e-05
4.88	9.535900608170778e-05
4.89	9.509509618510492e-05
4.9	9.431003491044976e-05
4.91	9.336667790194042e-05
4.92	9.281662642024457e-05
4.93	9.214606325258501e-05
4.94	9.126378427026793e-05
4.95	9.089304876397364e-05
4.96	8.9669647422852e-05
4.97	8.918871390051208e-05
4.98	8.869493467500433e-05
4.99	8.84720720932819e-05
5.0	8.769836131250486e-05
5.01	8.701200567884371e-05
5.02	8.669056842336431e-05
5.03	8.609936048742384e-05
5.04	8.579800487495959e-05
5.05	8.518262256984599e-05
5.06	8.468877786071971e-05
5.07	8.406350389122963e-05
5.08	8.379819701076485e-05
5.09	8.338444968103431e-05
5.1	8.285777585115284e-05
5.11	8.263515337603167e-05
5.12	8.234330380219035e-05
5.13	8.1149089965038e-05
5.14	8.095011799014173e-05
5.15	8.049953612498939e-05
5.16	8.021271787583828e-05
5.17	7.927258047857322e-05
5.18	7.862525308155455e-05
5.19	7.842929699108936e-05
5.2	7.815242497599684e-05
5.21	7.740784349152818e-05
5.22	7.6828586315969e-05
5.23	7.632430788362399e-05
5.24	7.599566743010655e-05
5.25	7.529720096499659e-05
5.26	7.496009129681624e-05
5.27	7.469621414202265e-05
5.28	7.420467227348126e-05
5.29	7.372457912424579e-05
5.3	7.314715549000539e-05
5.31	7.291706788237207e-05
5.32	7.220239785965532e-05
5.33	7.18865376256872e-05
5.34	7.135450869100168e-05
5.35	7.094455213518813e-05
5.36	7.0179103204282e-05
5.37	6.987023880355991e-05
5.38	6.960456084925681e-05
5.39	6.892025703564286e-05
5.4	6.874461905681528e-05
5.41	6.835116073489189e-05
5.42	6.775103975087404e-05
5.43	6.717529686284252e-05
5.44	6.675029726466164e-05
5.45	6.613790537812747e-05
5.46	6.528529775096104e-05
5.47	6.470275911851786e-05
5.48	6.454755930462852e-05
5.49	6.41692677163519e-05
5.5	6.374041549861431e-05
5.51	6.320189640973695e-05
5.52	6.28952584520448e-05
5.53	6.279038643697277e-05
5.54	6.176136594149284e-05
5.55	6.151897832751274e-05
5.56	6.124837818788365e-05
5.57	6.085717905079946e-05
5.58	6.0124843002995476e-05
5.59	6.002738155075349e-05
5.6	5.9756577684311196e-05
5.61	5.9354653785703704e-05
5.62	5.9081641666125506e-05
5.63	5.876957584405318e-05
5.64	5.841390884597786e-05
5.65	5.792642696178518e-05
5.66	5.7737524912226945e-05
5.67	5.727768802898936e-05
5.68	5.691365367965773e-05
5.69	5.669839811162092e-05
5.7	5.6385975767625496e-05
5.71	5.593248351942748e-05
5.72	5.567537300521508e-05
5.73	5.547268665395677e-05
5.74	5.5260192311834544e-05
5.75	5.47005474800244e-05
5.76	5.427862561191432e-05
5.77	5.4096592066343874e-05
5.78	5.392231105361134e-05
5.79	5.3212654165690765e-05
5.8	5.2801231504417956e-05
5.81	5.2433366363402456e-05
5.82	5.230018723523244e-05
5.83	5.193745164433494e-05
5.84	5.1751881983364e-05
5.85	5.132160003995523e-05
5.86	5.087757745059207e-05
5.87	5.064656215836294e-05
5.88	5.029878957429901e-05
5.89	5.012747351429425e-05
5.9	4.957314013154246e-05
5.91	4.94971354783047e-05
5.92	4.891380012850277e-05
5.93	4.8756006435723975e-05
5.94	4.850817276746966e-05
5.95	4.83842050016392e-05
5.96	4.799451198778115e-05
5.97	4.778521542903036e-05
5.98	4.751176675199531e-05
5.99	4.697167969425209e-05
6.0	4.641725172405131e-05
6.01	4.6001485316082835e-05
6.02	4.5699343900196254e-05
6.03	4.5326098188525066e-05
6.04	4.496852488955483e-05
6.05	4.456490569282323e-05
6.06	4.434141010278836e-05
6.07	4.3686792196240276e-05
6.08	4.3469925003591925e-05
6.09	4.3107364035677165e-05
6.1	4.296828410588205e-05
6.11	4.274028106010519e-05
6.12	4.2331703298259526e-05
6.13	4.2122515878872946e-05
6.14	4.1882594814524055e-05
6.15	4.1642182623036206e-05
6.16	4.122326208744198e-05
6.17	4.105287371203303e-05
6.18	4.06376420869492e-05
6.19	4.038020415464416e-05
6.2	4.0010334487305954e-05
6.21	3.9642407500650734e-05
6.22	3.921316601918079e-05
6.23	3.9119306165957823e-05
6.24	3.8728008803445846e-05
6.25	3.8434598536696285e-05
6.26	3.826254032901488e-05
6.27	3.796571400016546e-05
6.28	3.752734846784733e-05
6.29	3.7300818803487346e-05
6.3	3.7080411857459694e-05
6.31	3.6815432395087555e-05
6.32	3.659510184661485e-05
6.33	3.6332949093775824e-05
6.34	3.603847653721459e-05
6.35	3.590692358557135e-05
6.36	3.58170218532905e-05
6.37	3.561443736543879e-05
6.38	3.5417288017924875e-05
6.39	3.5217592085246e-05
6.4	3.5140637919539586e-05
6.41	3.497183206491172e-05
6.42	3.4837383282138035e-05
6.43	3.448329516686499e-05
6.44	3.442441447987221e-05
6.45	3.4141143260058016e-05
6.46	3.3852822525659576e-05
6.47	3.3658772736089304e-05
6.48	3.3545213227625936e-05
6.49	3.342832860653289e-05
6.5	3.300509706605226e-05
6.51	3.2919226214289665e-05
6.52	3.282892794231884e-05
6.53	3.243288665544242e-05
6.54	3.228459900128655e-05
6.55	3.193434895365499e-05
6.56	3.171317439409904e-05
6.57	3.130924960714765e-05
6.58	3.1225819839164615e-05
6.59	3.117405503871851e-05
6.6	3.080338501604274e-05
6.61	3.063220719923265e-05
6.62	3.0471641366602853e-05
6.63	3.0353563488461077e-05
6.64	2.9904651455581188e-05
6.65	2.9721588362008333e-05
6.66	2.9591330530820414e-05
6.67	2.9443948733387515e-05
6.68	2.9079958039801568e-05
6.69	2.8952155844308436e-05
6.7	2.8801194275729358e-05
6.71	2.8661408578045666e-05
6.72	2.8412880055839196e-05
6.73	2.832450991263613e-05
6.74	2.8201182431075722e-05
6.75	2.7735906769521534e-05
6.76	2.7611138648353517e-05
6.77	2.742055949056521e-05
6.78	2.7101737941848114e-05
6.79	2.672701157280244e-05
6.8	2.6674893888412043e-05
6.81	2.6597776013659313e-05
6.82	2.6390684070065618e-05
6.83	2.6189245545538142e-05
6.84	2.6042289391625673e-05
6.85	2.5814897526288405e-05
6.86	2.5530844141030684e-05
6.87	2.5412806280655786e-05
6.88	2.5192726752720773e-05
6.89	2.5046683731488883e-05
6.9	2.4782115360721946e-05
6.91	2.4644155928399414e-05
6.92	2.4514036340406165e-05
6.93	2.438518640701659e-05
6.94	2.42294991039671e-05
6.95	2.410685920040123e-05
6.96	2.3940658138599247e-05
6.97	2.379457509960048e-05
6.98	2.3696469725109637e-05
6.99	2.3569245968246832e-05
7.0	2.347551708226092e-05
7.01	2.3245524062076584e-05
7.02	2.3211625375552103e-05
7.03	2.295947342645377e-05
7.04	2.2837000869913027e-05
7.05	2.274219150422141e-05
7.06	2.2706550225848332e-05
7.07	2.2560019715456292e-05
7.08	2.2365424229064956e-05
7.09	2.2136013285489753e-05
7.1	2.204471456934698e-05
7.11	2.1772571926703677e-05
7.12	2.168673017877154e-05
7.13	2.1250936697470024e-05
7.14	2.120238059433177e-05
7.15	2.1094612748129293e-05
7.16	2.104315353790298e-05
7.17	2.0804498490178958e-05
7.18	2.06840195460245e-05
7.19	2.0630530343623832e-05
7.2	2.037095691775903e-05
7.21	2.032680276897736e-05
7.22	2.0210438378853723e-05
7.23	2.0130468328716233e-05
7.24	1.997517392737791e-05
7.25	1.9949624402215704e-05
7.26	1.971342135220766e-05
7.27	1.964245893759653e-05
7.28	1.9415136193856597e-05
7.29	1.93438318092376e-05
7.3	1.916315159178339e-05
7.31	1.8943599570775405e-05
7.32	1.875164161901921e-05
7.33	1.8571954569779336e-05
7.34	1.8507711502024904e-05
7.35	1.8381502741249278e-05
7.36	1.823200727812946e-05
7.37	1.809995956136845e-05
7.38	1.796567448764108e-05
7.39	1.767485446180217e-05
7.4	1.759937367751263e-05
7.41	1.7399022908648476e-05
7.42	1.719957435852848e-05
7.43	1.7103073332691565e-05
7.44	1.6982157831080258e-05
7.45	1.688556221779436e-05
7.46	1.6688762116245925e-05
7.47	1.6605543351033702e-05
7.48	1.645291195018217e-05
7.49	1.6334346582880244e-05
7.5	1.627370875212364e-05
7.51	1.6202098777284846e-05
7.52	1.6097965271910653e-05
7.53	1.5955261915223673e-05
7.54	1.5818139218026772e-05
7.55	1.5707068087067455e-05
7.56	1.563826299388893e-05
7.57	1.5601028280798346e-05
7.58	1.5511024685110897e-05
7.59	1.5457000699825585e-05
7.6	1.535295814392157e-05
7.61	1.510524089098908e-05
7.62	1.5030294889584184e-05
7.63	1.490783688495867e-05
7.64	1.4826167898718268e-05
7.65	1.4714158169226721e-05
7.66	1.4576813555322587e-05
7.67	1.443279325030744e-05
7.68	1.4380999346030876e-05
7.69	1.4341807400342077e-05
7.7	1.4277629816206172e-05
7.71	1.4079028915148228e-05
7.72	1.4031153114046901e-05
7.73	1.3977514754515141e-05
7.74	1.3901131751481444e-05
7.75	1.3759639841737226e-05
7.76	1.3718512491323054e-05
7.77	1.3670905900653452e-05
7.78	1.3554064935306087e-05
7.79	1.3513679732568562e-05
7.8	1.3473862054524943e-05
7.81	1.342282848781906e-05
7.82	1.332722240476869e-05
7.83	1.3271517673274502e-05
7.84	1.3240387488622218e-05
7.85	1.3194407074479386e-05
7.86	1.3039585610385984e-05
7.87	1.2913627870148048e-05
7.88	1.2730448361253366e-05
7.89	1.2704193068202585e-05
7.9	1.2565866200020537e-05
7.91	1.2536969734355807e-05
7.92	1.244283703272231e-05
7.93	1.234771843883209e-05
7.94	1.228116889251396e-05
7.95	1.2201835488667712e-05
7.96	1.187863017548807e-05
7.97	1.1819756764452904e-05
7.98	1.1797426850534976e-05
7.99	1.1643638572422788e-05
8.0	1.1500978871481493e-05
8.01	1.1423537216614932e-05
8.02	1.139984669862315e-05
8.03	1.1226966307731345e-05
8.04	1.1147349141538143e-05
8.05	1.1076441296609119e-05
8.06	1.101679663406685e-05
8.07	1.0893261787714437e-05
8.08	1.0851024853764102e-05
8.09	1.0815478162840009e-05
8.1	1.0742471204139292e-05
8.11	1.0592688340693712e-05
8.12	1.0543782991589978e-05
8.13	1.0475076123839244e-05
8.14	1.0419706086395308e-05
8.15	1.0344290785724297e-05
8.16	1.0236752132186666e-05
8.17	1.0221468983218074e-05
8.18	1.0114723409060389e-05
8.19	9.983006748370826e-06
8.2	9.921124728862196e-06
8.21	9.849871275946498e-06
8.22	9.76027877186425e-06
8.23	9.711897291708738e-06
8.24	9.500006854068488e-06
8.25	9.453760867472738e-06
8.26	9.40747486311011e-06
8.27	9.387887985212728e-06
8.28	9.283878171117976e-06
8.29	9.207222319673747e-06
8.3	9.175419108942151e-06
8.31	9.090937965083867e-06
8.32	9.060608135769144e-06
8.33	9.0047724370379e-06
8.34	8.934614015743136e-06
8.35	8.863837138051167e-06
8.36	8.83910252014175e-06
8.37	8.80012521520257e-06
8.38	8.754435839364305e-06
8.39	8.733350114198402e-06
8.4	8.70643270900473e-06
8.41	8.552604413125664e-06
8.42	8.52966695674695e-06
8.43	8.466955478070304e-06
8.44	8.43328598421067e-06
8.45	8.313709258800372e-06
8.46	8.2345686678309e-06
8.47	8.23015216155909e-06
8.48	8.190538210328668e-06
8.49	8.061404514592141e-06
8.5	7.991497113835067e-06
8.51	7.923666998976842e-06
8.52	7.890597771620378e-06
8.53	7.789971277816221e-06
8.54	7.759957952657714e-06
8.55	7.749342330498621e-06
8.56	7.710241334279999e-06
8.57	7.61678529670462e-06
8.58	7.535945769632235e-06
8.59	7.513939635828137e-06
8.6	7.416332664433867e-06
8.61	7.384758646367118e-06
8.62	7.317263225559145e-06
8.63	7.273254595929757e-06
8.64	7.188311428762972e-06
8.65	7.1499998739454895e-06
8.66	7.125145202735439e-06
8.67	7.054703019093722e-06
8.68	7.0394489739555866e-06
8.69	6.993508577579632e-06
8.7	6.911021046107635e-06
8.71	6.837883120169863e-06
8.72	6.803595169913024e-06
8.73	6.6958491515833884e-06
8.74	6.6019601945299655e-06
8.75	6.52807648293674e-06
8.76	6.512116669910029e-06
8.77	6.475511327153072e-06
8.78	6.434540409827605e-06
8.79	6.3837142079137266e-06
8.8	6.35178730590269e-06
8.81	6.343700079014525e-06
8.82	6.197104085003957e-06
8.83	6.174141162773594e-06
8.84	6.147671228973195e-06
8.85	6.102396582718939e-06
8.86	6.015903636580333e-06
8.87	6.009882781654596e-06
8.88	5.981972208246589e-06
8.89	5.941968993283808e-06
8.9	5.914742359891534e-06
8.91	5.883401172468439e-06
8.92	5.846828571520746e-06
8.93	5.794056050945073e-06
8.94	5.770663847215474e-06
8.95	5.738551408285275e-06
8.96	5.704012437490746e-06
8.97	5.678499292116612e-06
8.98	5.638321454171091e-06
8.99	5.5820819397922605e-06
9.0	5.57103703613393e-06
9.01	5.535202944884077e-06
9.02	5.514226359082386e-06
9.03	5.450674507301301e-06
9.04	5.416321073425934e-06
9.05	5.388479621615261e-06
9.06	5.372730811359361e-06
9.07	5.249148671282455e-06
9.08	5.211732059251517e-06
9.09	5.158253770787269e-06
9.1	5.1504212024156e-06
9.11	5.1021088438574225e-06
9.12	5.090234481031075e-06
9.13	5.033292836742476e-06
9.14	4.965095286024734e-06
9.15	4.942645318806171e-06
9.16	4.900135536445305e-06
9.17	4.8882648115977645e-06
9.18	4.81644383398816e-06
9.19	4.810841346625239e-06
9.2	4.738947609439492e-06
9.21	4.723427991848439e-06
9.22	4.699941200669855e-06
9.23	4.690493369707838e-06
9.24	4.6626410039607435e-06
9.25	4.629964678315446e-06
9.26	4.6000823203939945e-06
9.27	4.528516001300886e-06
9.28	4.4516527850646526e-06
9.29	4.3969121179543436e-06
9.3	4.371977411210537e-06
9.31	4.323970642872155e-06
9.32	4.286303010303527e-06
9.33	4.2357823986094445e-06
9.34	4.213354259263724e-06
9.35	4.134701157454401e-06
9.36	4.107441782252863e-06
9.37	4.073273885296658e-06
9.38	4.06139952247031e-06
9.39	4.039822670165449e-06
9.4	3.990182449342683e-06
9.41	3.9670012483838946e-06
9.42	3.941648174077272e-06
9.43	3.917550202459097e-06
9.44	3.864053724100813e-06
9.45	3.846467734547332e-06
9.46	3.793680662056431e-06
9.47	3.768083843169734e-06
9.48	3.7300378608051687e-06
9.49	3.696892235893756e-06
9.5	3.679433575598523e-06
9.51	3.647455741884187e-06
9.52	3.597160684876144e-06
9.53	3.5740158637054265e-06
9.54	3.557779564289376e-06
9.55	3.551343979779631e-06
9.56	3.469271177891642e-06
9.57	3.4487966331653297e-06
9.58	3.4388722269795835e-06
9.59	3.406759788049385e-06
9.6	3.381144779268652e-06
9.61	3.354674845468253e-06
9.62	3.325199941173196e-06
9.63	3.315322828711942e-06
9.64	3.3081596484407783e-06
9.65	3.296128852525726e-06
9.66	3.2760799513198435e-06
9.67	3.266693965997547e-06
9.68	3.251068847021088e-06
9.69	3.2381612982135266e-06
9.7	3.22786218021065e-06
9.71	3.1798881536815315e-06
9.72	3.1765994208399206e-06
9.73	3.1422314350493252e-06
9.74	3.1070667318999767e-06
9.75	3.088553057750687e-06
9.76	3.0789815355092287e-06
9.77	3.069944796152413e-06
9.78	3.0282863008324057e-06
9.79	3.020602889591828e-06
9.8	3.0142437026370317e-06
9.81	2.97149017569609e-06
9.82	2.955275704152882e-06
9.83	2.9407383408397436e-06
9.84	2.8806352929677814e-06
9.85	2.8283939172979444e-06
9.86	2.8213253244757652e-06
9.87	2.8182803362142295e-06
9.88	2.7806818252429366e-06
9.89	2.764638338703662e-06
9.9	2.7489804779179394e-06
9.91	2.7387395675759763e-06
9.92	2.6761154003906995e-06
9.93	2.662647602846846e-06
9.94	2.648004738148302e-06
9.95	2.6354464353062212e-06
9.96	2.5881636247504503e-06
9.97	2.5766748876776546e-06
9.98	2.5736117095220834e-06
9.99	2.54967380897142e-06
10.0	2.5247936719097197e-06
10.01	2.516229869797826e-06
10.02	2.5049157557077706e-06
10.03	2.4474793463014066e-06
10.04	2.4357250367756933e-06
10.05	2.417513314867392e-06
10.06	2.3855973267927766e-06
10.07	2.349363057874143e-06
10.08	2.346019755350426e-06
10.09	2.3433785827364773e-06
10.1	2.3220854927785695e-06
10.11	2.305641828570515e-06
10.12	2.2916974558029324e-06
10.13	2.2899221221450716e-06
10.14	2.235996362287551e-06
10.15	2.224322088295594e-06
10.16	2.203298208769411e-06
10.17	2.1894047677051276e-06
10.18	2.1640444174408913e-06
10.19	2.151420630980283e-06
10.2	2.141587174264714e-06
10.21	2.1329506125766784e-06
10.22	2.1195519366301596e-06
10.23	2.110991772497073e-06
10.24	2.089458575937897e-06
10.25	2.0755105651915073e-06
10.26	2.068150934064761e-06
10.27	2.0580228010658175e-06
10.28	2.0490988390520215e-06
10.29	2.027623850153759e-06
10.3	2.0252118702046573e-06
10.31	1.993903424590826e-06
10.32	1.983000402105972e-06
10.33	1.9762737792916596e-06
10.34	1.9740909920074046e-06
10.35	1.961772795766592e-06
10.36	1.9461258489172906e-06
10.37	1.9169674487784505e-06
10.38	1.911190338432789e-06
10.39	1.873871951829642e-06
10.4	1.8676073523238301e-06
10.41	1.819007593439892e-06
10.42	1.806514774216339e-06
10.43	1.797110599000007e-06
10.44	1.7947786545846611e-06
10.45	1.7696984286885709e-06
10.46	1.7589700291864574e-06
10.47	1.7541642591822892e-06
10.48	1.7298043530900031e-06
10.49	1.7270322132389992e-06
10.5	1.717220584396273e-06
10.51	1.7115453374572098e-06
10.52	1.698939740890637e-06
10.53	1.697469997452572e-06
10.54	1.6626727301627398e-06
10.55	1.6577469068579376e-06
10.56	1.6290105122607201e-06
10.57	1.625234290258959e-06
10.58	1.6047524695750326e-06
10.59	1.5885925677139312e-06
10.6	1.5647492546122521e-06
10.61	1.5464065654668957e-06
10.62	1.541066012578085e-06
10.63	1.5313526091631502e-06
10.64	1.517262717243284e-06
10.65	1.505995896877721e-06
10.66	1.4934557839296758e-06
10.67	1.4535908121615648e-06
10.68	1.4484685380011797e-06
10.69	1.4282595657277852e-06
10.7	1.4096549421083182e-06
10.71	1.4005818229634315e-06
10.72	1.3886783563066274e-06
10.73	1.3795470295008272e-06
10.74	1.3630597095470876e-06
10.75	1.354783307760954e-06
10.76	1.3483368093147874e-06
10.77	1.3306016626302153e-06
10.78	1.3270000636111945e-06
10.79	1.3222816050983965e-06
10.8	1.3126445992384106e-06
10.81	1.3030912668909878e-06
10.82	1.2901182344648987e-06
10.83	1.2808159226551652e-06
10.84	1.2749842426273972e-06
10.85	1.2726886780001223e-06
10.86	1.2653836165554821e-06
10.87	1.2606869859155267e-06
10.88	1.2510026863310486e-06
10.89	1.2260170478839427e-06
10.9	1.2212185538373888e-06
10.91	1.2121236068196595e-06
10.92	1.2066484487149864e-06
10.93	1.1981464922428131e-06
10.94	1.1795491445809603e-06
10.95	1.1604934115894139e-06
10.96	1.1577467375900596e-06
10.97	1.1557676771190017e-06
10.98	1.1501142580527812e-06
10.99	1.130745658883825e-06
11.0	1.1266347428318113e-06
11.01	1.1218726285733283e-06
11.02	1.1155025276821107e-06
11.03	1.1035663192160428e-06
11.04	1.100957888411358e-06
11.05	1.096512278309092e-06
11.06	1.0883159120567143e-06
11.07	1.0843577911145985e-06
11.08	1.0819749149959534e-06
11.09	1.078860805137083e-06
11.1	1.070729922503233e-06
11.11	1.065774995367974e-06
11.12	1.0632647899910808e-06
11.13	1.0600888344924897e-06
11.14	1.0398180165793747e-06
11.15	1.0273652151226997e-06
11.16	1.0088697308674455e-06
11.17	1.0072362783830613e-06
11.18	9.93179128272459e-07
11.19	9.916257113218307e-07
11.2	9.843279258348048e-07
11.21	9.747891454026103e-07
11.22	9.70612745732069e-07
11.23	9.634131856728345e-07
11.24	9.509567462373525e-07
11.25	9.150644473265857e-07
11.26	9.139439498540014e-07
11.27	8.980896382126957e-07
11.28	8.851602615322918e-07
11.29	8.767929102759808e-07
11.3	8.75294063007459e-07
11.31	8.59585270518437e-07
11.32	8.530623745173216e-07
11.33	8.49508069222793e-07
11.34	8.424322004429996e-07
11.35	8.320530469063669e-07
11.36	8.29240889288485e-07
11.37	8.27178155304864e-07
11.38	8.218921720981598e-07
11.39	8.187380444724113e-07
11.4	8.043352863751352e-07
11.41	7.977869245223701e-07
11.42	7.929593266453594e-07
11.43	7.859780453145504e-07
11.44	7.784547051414847e-07
11.45	7.775961421430111e-07
11.46	7.690978236496449e-07
11.47	7.563830877188593e-07
11.48	7.516573532484472e-07
11.49	7.473172445315868e-07
11.5	7.438648026436567e-07
11.51	7.371018000412732e-07
11.52	7.090820872690529e-07
11.53	7.066482794471085e-07
11.54	7.043599907774478e-07
11.55	7.029557309579104e-07
11.56	6.934424163773656e-07
11.57	6.872251105960459e-07
11.58	6.853042577859014e-07
11.59	6.769259925931692e-07
11.6	6.750378815922886e-07
11.61	6.715854397043586e-07
11.62	6.656009645666927e-07
11.63	6.603804649785161e-07
11.64	6.589871190954e-07
11.65	6.571135600097477e-07
11.66	6.546906661242247e-07
11.67	6.531699909828603e-07
11.68	6.516456778626889e-07
11.69	6.366462912410498e-07
11.7	6.355985533446074e-07
11.71	6.293666956480592e-07
11.72	6.266491254791617e-07
11.73	6.161026249174029e-07
11.74	6.09525159234181e-07
11.75	6.092814146541059e-07
11.76	6.068985385354608e-07
11.77	5.888796295039356e-07
11.78	5.832916940562427e-07
11.79	5.76717866351828e-07
11.8	5.748188414145261e-07
11.81	5.645633791573346e-07
11.82	5.629408406093717e-07
11.83	5.626898200716823e-07
11.84	5.602742021437734e-07
11.85	5.512993084266782e-07
11.86	5.432557372841984e-07
11.87	5.41931512998417e-07
11.88	5.326983227860183e-07
11.89	5.307665560394526e-07
11.9	5.249312380328774e-07
11.91	5.2170071285218e-07
11.92	5.147412593942136e-07
11.93	5.12340193381533e-07
11.94	5.114161467645317e-07
11.95	5.061083356849849e-07
11.96	5.052825144957751e-07
11.97	5.016663635615259e-07
11.98	4.93575498694554e-07
11.99	4.868415999226272e-07
12.0	4.831963451579213e-07
12.01	4.7325738705694675e-07
12.02	4.6662898967042565e-07
12.03	4.60335286334157e-07
12.04	4.593312041833997e-07
12.05	4.571775207296014e-07
12.06	4.5476917875930667e-07
12.07	4.5183332986198366e-07
12.08	4.498942871578038e-07
12.09	4.495232133194804e-07
12.1	4.34432877227664e-07
12.11	4.3340696720406413e-07
12.12	4.315843398217112e-07
12.13	4.2799365473911166e-07
12.14	4.2107058106921613e-07
12.15	4.209141479805112e-07
12.16	4.191424523014575e-07
12.17	4.1693783714435995e-07
12.18	4.150278982706368e-07
12.19	4.131034074816853e-07
12.2	4.1084058466367424e-07
12.21	4.0693339542485774e-07
12.22	4.047869879286736e-07
12.23	4.0310987969860435e-07
12.24	4.013672878500074e-07
12.25	3.9986116462387145e-07
12.26	3.958957677241415e-07
12.27	3.910645318683237e-07
12.28	3.906243364326656e-07
12.29	3.876702976413071e-07
12.3	3.863679012283683e-07
12.31	3.815803211182356e-07
12.32	3.7936479202471673e-07
12.33	3.776731318794191e-07
12.34	3.7680729292333126e-07
12.35	3.5921766539104283e-07
12.36	3.571767592802644e-07
12.37	3.516252036206424e-07
12.38	3.51330527337268e-07
12.39	3.469394869171083e-07
12.4	3.4652475733309984e-07
12.41	3.413988451939076e-07
12.42	3.3410105970688164e-07
12.43	3.327222657389939e-07
12.44	3.2921889214776456e-07
12.45	3.2869138522073627e-07
12.46	3.226232365705073e-07
12.47	3.223431122023612e-07
12.48	3.16304067382589e-07
12.49	3.153763827867806e-07
12.5	3.140157787129283e-07
12.51	3.1360468710772693e-07
12.52	3.120039764326066e-07
12.53	3.094392013736069e-07
12.54	3.0682713259011507e-07
12.55	3.0074079404585063e-07
12.56	2.929918991867453e-07
12.57	2.880151441786438e-07
12.58	2.864799171220511e-07
12.59	2.828055585268885e-07
12.6	2.8036811272613704e-07
12.61	2.7641726774163544e-07
12.62	2.7443456929177046e-07
12.63	2.6724228519015014e-07
12.64	2.655979187693447e-07
12.65	2.6364796212874353e-07
12.66	2.6303314371034503e-07
12.67	2.6179259293712676e-07
12.68	2.5735425879247487e-07
12.69	2.552333171479404e-07
12.7	2.537053660489619e-07
12.71	2.52122845267877e-07
12.72	2.473716449458152e-07
12.73	2.4625114747323096e-07
12.74	2.4151086108759046e-07
12.75	2.399538061581552e-07
12.76	2.3756365408189595e-07
12.77	2.3577376850880682e-07
12.78	2.3488246370106936e-07
12.79	2.3291431716643274e-07
12.8	2.283195499330759e-07
12.81	2.2724270820617676e-07
12.82	2.2630047169514e-07
12.83	2.2611493477597833e-07
12.84	2.186607162002474e-07
12.85	2.1753658074885607e-07
12.86	2.1704909158870578e-07
12.87	2.1503728930838406e-07
12.88	2.1354571799747646e-07
12.89	2.11901351576671e-07
12.9	2.1009691408835351e-07
12.91	2.0967490854673088e-07
12.92	2.0933293853886425e-07
12.93	2.0884181139990687e-07
12.94	2.0785228116437793e-07
12.95	2.0730658434331417e-07
12.96	2.0644802134484053e-07
12.97	2.0599327399395406e-07
12.98	2.0538209355436265e-07
12.99	2.0086736185476184e-07
13.0	2.0077277440577745e-07
13.01	1.9784783944487572e-07
13.02	1.9489016267471015e-07
13.03	1.9380968296900392e-07
13.04	1.9332583178766072e-07
13.05	1.9292565411888063e-07
13.06	1.9090293790213764e-07
13.07	1.900007191579789e-07
13.08	1.8977152649313211e-07
13.09	1.8572609405964613e-07
13.1	1.849875843618065e-07
13.11	1.8415084923617542e-07
13.12	1.780172169674188e-07
13.13	1.7330603441223502e-07
13.14	1.7290949472226202e-07
13.15	1.7282218323089182e-07
13.16	1.7123238649219275e-07
13.17	1.6957710613496602e-07
13.18	1.688858901616186e-07
13.19	1.6819831216707826e-07
13.2	1.6193371266126633e-07
13.21	1.612024789210409e-07
13.22	1.6037301975302398e-07
13.23	1.5974001144059002e-07
13.24	1.560219970997423e-07
13.25	1.5473051462322474e-07
13.26	1.5462137525901198e-07
13.27	1.531225279904902e-07
13.28	1.5160185284912586e-07
13.29	1.5107434592209756e-07
13.3	1.5041587175801396e-07
13.31	1.4540637494064867e-07
13.32	1.4472607290372252e-07
13.33	1.436783350072801e-07
13.34	1.4164470485411584e-07
13.35	1.4005127013660967e-07
13.36	1.3949465937912464e-07
13.37	1.3939643395133317e-07
13.38	1.382431946694851e-07
13.39	1.3743192539550364e-07
13.4	1.366206561215222e-07
13.41	1.365770003758371e-07
13.42	1.3246972230263054e-07
13.43	1.3173485058359802e-07
13.44	1.3051976566202939e-07
13.45	1.2970122043043375e-07
13.46	1.2821692507714033e-07
13.47	1.2751115718856454e-07
13.48	1.270891516469419e-07
13.49	1.2670716387219727e-07
13.5	1.261723809875548e-07
13.51	1.2579039321281016e-07
13.52	1.2394593795761466e-07
13.53	1.2290183803997934e-07
13.54	1.225635060109198e-07
13.55	1.2207237887196243e-07
13.56	1.2202508514747024e-07
13.57	1.2049349606968462e-07
13.58	1.2018790584988892e-07
13.59	1.1749943951144814e-07
13.6	1.1688825907185674e-07
13.61	1.1662632459774613e-07
13.62	1.1656447895802557e-07
13.63	1.1593147064559162e-07
13.64	1.1521115084178746e-07
13.65	1.1262454790994525e-07
13.66	1.1232623364776373e-07
13.67	1.0858275345526636e-07
13.68	1.0841540643014014e-07
13.69	1.0380608728155494e-07
13.7	1.0304574971087277e-07
13.71	1.0251460480503738e-07
13.72	1.0245275916531682e-07
13.73	1.0139046935364604e-07
13.74	1.0032817954197526e-07
13.75	1.0005533113144338e-07
13.76	9.866562322713435e-08
13.77	9.858558769337833e-08
13.78	9.809446055442095e-08
13.79	9.786526788957417e-08
13.8	9.72358975559473e-08
13.81	9.719951776787639e-08
13.82	9.353243513032794e-08
13.83	9.333962225355208e-08
13.84	9.077120921574533e-08
13.85	9.053110261447728e-08
13.86	8.932693162932992e-08
13.87	8.831921149976552e-08
13.88	8.698771125636995e-08
13.89	8.592178346589208e-08
13.9	8.55179678183049e-08
13.91	8.511051419191062e-08
13.92	8.428105502389371e-08
13.93	8.368806447833776e-08
13.94	8.292045095004141e-08
13.95	7.89732439443469e-08
13.96	7.882772479206324e-08
13.97	7.75689841248095e-08
13.98	7.650669431313872e-08
13.99	7.597554940730333e-08
14.0	7.521884981542826e-08
14.01	7.468406693078578e-08
14.02	7.387643563561141e-08
14.03	7.335256668739021e-08
14.04	7.30942701920867e-08
14.05	7.20829120837152e-08
14.06	7.194103091023862e-08
14.07	7.179914973676205e-08
14.08	7.12498149368912e-08
14.09	7.091148290783167e-08
14.1	7.014023140072823e-08
14.11	7.008202373981476e-08
14.12	6.930349627509713e-08
14.13	6.924528861418366e-08
14.14	6.889968062750995e-08
14.15	6.863410817459226e-08
14.16	6.808113539591432e-08
14.17	6.654227036051452e-08
14.18	6.64222170598805e-08
14.19	6.614209269173443e-08
14.2	6.590562406927347e-08
14.21	6.546179065480828e-08
14.22	6.359550752677023e-08
14.23	6.171467248350382e-08
14.24	6.164918886497617e-08
14.25	6.159825716167688e-08
14.26	6.130358087830245e-08
14.27	6.013578968122602e-08
14.28	5.989204510115087e-08
14.29	5.962283466942608e-08
14.3	5.930269253440201e-08
14.31	5.8691512094810605e-08
14.32	5.861147656105459e-08
14.33	5.8349542086943984e-08
14.34	5.797483026981354e-08
14.35	5.7796569308266044e-08
14.36	5.775291356258094e-08
14.37	5.765832611359656e-08
14.38	5.721085472032428e-08
14.39	5.693436833098531e-08
14.4	5.6799763115122914e-08
14.41	5.6650605984032154e-08
14.42	5.4675183491781354e-08
14.43	5.3911207942292094e-08
14.44	5.2765244618058205e-08
14.45	5.271795089356601e-08
14.46	5.1833922043442726e-08
14.47	5.179390427656472e-08
14.48	5.1473762141540647e-08
14.49	5.091351340524852e-08
14.5	5.077890818938613e-08
14.51	5.0367816584184766e-08
14.52	4.961111699230969e-08
14.53	4.591493052430451e-08
14.54	4.591129254549742e-08
14.55	4.4889020500704646e-08
14.56	4.411049303598702e-08
14.57	4.360117600299418e-08
14.58	4.355752025730908e-08
14.59	4.269168130122125e-08
14.6	4.236790118739009e-08
14.61	4.219691618345678e-08
14.62	4.185494617559016e-08
14.63	4.1298335418105125e-08
14.64	4.121829988434911e-08
14.65	4.115645424462855e-08
14.66	4.0938175516203046e-08
14.67	4.0850864024832845e-08
14.68	3.997047315351665e-08
14.69	3.993409336544573e-08
14.7	3.930472303181887e-08
14.71	3.8900907384231687e-08
14.72	3.8620783016085625e-08
14.73	3.859167918562889e-08
14.74	3.820605343207717e-08
14.75	3.7431163946166635e-08
14.76	3.723107511177659e-08
14.77	3.710374585352838e-08
14.78	3.7005520425736904e-08
14.79	3.667810233309865e-08
14.8	3.413151716813445e-08
14.81	3.4073309507220984e-08
14.82	3.4015101846307516e-08
14.83	3.39787220582366e-08
14.84	3.343302523717284e-08
14.85	3.3120159059762955e-08
14.86	3.306922735646367e-08
14.87	3.255627234466374e-08
14.88	3.2501702662557364e-08
14.89	3.240347723476589e-08
14.9	3.209424903616309e-08
14.91	3.187597030773759e-08
14.92	3.183959051966667e-08
14.93	3.179957275278866e-08
14.94	3.173045115545392e-08
14.95	3.1694071367383e-08
14.96	3.1654053600504994e-08
14.97	3.074819687753916e-08
14.98	3.072636900469661e-08
14.99	3.060631570406258e-08
15.0	3.022432792931795e-08
15.01	2.9634975362569094e-08
15.02	2.9300281312316656e-08
15.03	2.9293005354702473e-08
15.04	2.9227521736174822e-08
15.05	2.7379428502172232e-08
15.06	2.7084752218797803e-08
15.07	2.669912646524608e-08
15.08	2.6644556783139706e-08
15.09	2.6011548470705748e-08
15.1	2.5982444640249014e-08
15.11	2.597153070382774e-08
15.12	2.5906047085300088e-08
15.13	2.5374902179464698e-08
15.14	2.487286110408604e-08
15.15	2.4836481316015124e-08
15.16	2.4538167053833604e-08
15.17	2.4243490770459175e-08
15.18	2.393790055066347e-08
15.19	2.3796019377186894e-08
15.2	2.344677341170609e-08
15.21	2.3377651814371347e-08
15.22	2.3355823941528797e-08
15.23	2.3137545213103294e-08
15.24	2.3122993297874928e-08
15.25	2.295564627274871e-08
15.26	2.244996721856296e-08
15.27	2.206797944381833e-08
15.28	2.1816958906129003e-08
15.29	2.125671016983688e-08
15.3	2.0998413674533367e-08
15.31	2.0692823454737663e-08
15.32	2.0649167709052563e-08
15.33	2.0590960048139095e-08
15.34	2.0525476429611444e-08
15.35	2.0445440895855427e-08
15.36	2.0398147171363235e-08
15.37	2.0383595256134868e-08
15.38	1.9415892893448472e-08
15.39	1.939042704179883e-08
15.4	1.9339495338499546e-08
15.41	1.9168510334566236e-08
15.42	1.8833816284313798e-08
15.43	1.8833816284313798e-08
15.44	1.8782884581014514e-08
15.45	1.8721038941293955e-08
15.46	1.867010723799467e-08
15.47	1.8611899577081203e-08
15.48	1.8546415958553553e-08
15.49	1.837179297581315e-08
15.5	1.824446371756494e-08
15.51	1.820444595068693e-08
15.52	1.816079020500183e-08
15.53	1.8124410416930914e-08
15.54	1.7877027858048677e-08
15.55	1.760781742632389e-08
15.56	1.7600541468709707e-08
15.57	1.7447746358811855e-08
15.58	1.7411366570740938e-08
15.59	1.720400177873671e-08
15.6	1.713851816020906e-08
15.61	1.7102138372138143e-08
15.62	1.7069396562874317e-08
15.63	1.5235855244100094e-08
15.64	1.518492354080081e-08
15.65	1.482476363889873e-08
15.66	1.4821125660091639e-08
15.67	1.4566467143595219e-08
15.68	1.4559191185981035e-08
15.69	1.4275428839027882e-08
15.7	1.3795215636491776e-08
15.71	1.3755197869613767e-08
15.72	1.3584212865680456e-08
15.73	1.356966095045209e-08
15.74	1.327498466707766e-08
15.75	1.3256794773042202e-08
15.76	1.2947566574439406e-08
15.77	1.2922100722789764e-08
15.78	1.2885720934718847e-08
15.79	1.2878444977104664e-08
15.8	1.2834789231419563e-08
15.81	1.270018401555717e-08
15.82	1.2580130714923143e-08
15.83	1.2245436664670706e-08
15.84	1.1754309525713325e-08
15.85	1.1474185157567263e-08
15.86	1.1430529411882162e-08
15.87	1.1259544407948852e-08
15.88	1.1186784831807017e-08
15.89	1.0939402272924781e-08
15.9	1.0899384506046772e-08
15.91	1.0488292900845408e-08
15.92	1.0430085239931941e-08
15.93	1.0379153536632657e-08
15.94	1.036460162140429e-08
15.95	1.0331859812140465e-08
15.96	1.0073563316836953e-08
15.97	9.946234058588743e-09
15.98	9.902578312903643e-09
15.99	9.85528458841145e-09
16.0	9.586074156686664e-09
16.01	9.553332347422838e-09
16.02	9.284121915698051e-09
16.03	9.240466170012951e-09
16.04	9.171344572678208e-09
16.05	9.127688826993108e-09
16.06	9.105860954150558e-09
16.07	9.051291272044182e-09
16.08	8.785718819126487e-09
16.09	8.763890946283937e-09
16.1	8.738425094634295e-09
16.11	8.738425094634295e-09
16.12	8.320057531818748e-09
16.13	8.298229658976197e-09
16.14	8.280039764940739e-09
16.15	8.221832104027271e-09
16.16	8.181814337149262e-09
16.17	8.13452061265707e-09
16.18	8.09086486697197e-09
16.19	8.076312951743603e-09
16.2	8.06903699412942e-09
16.21	8.061761036515236e-09
16.22	8.039933163672686e-09
16.23	8.025381248444319e-09
16.24	8.003553375601768e-09
16.25	7.996277417987585e-09
16.26	7.981725502759218e-09
16.27	7.716153049841523e-09
16.28	7.716153049841523e-09
16.29	7.563357939943671e-09
16.3	7.410562830045819e-09
16.31	7.3814589995890856e-09
16.32	7.3705450631678104e-09
16.33	7.363269105553627e-09
16.34	7.308699423447251e-09
16.35	7.283233571797609e-09
16.36	7.279595592990518e-09
16.37	7.032213034108281e-09
16.38	7.017661118879914e-09
16.39	6.995833246037364e-09
16.4	6.613845471292734e-09
16.41	6.344635039567947e-09
16.42	6.333721103146672e-09
16.43	6.333721103146672e-09
16.44	6.290065357461572e-09
16.45	6.2427716329693794e-09
16.46	6.2282197177410126e-09
16.47	6.206391844898462e-09
16.48	5.8244040701538324e-09
16.49	5.806214176118374e-09
16.5	5.784386303275824e-09
16.51	5.769834388047457e-09
16.52	5.529727786779404e-09
16.53	5.4933479987084866e-09
16.54	5.4933479987084866e-09
16.55	5.449692253023386e-09
16.56	5.4060365073382854e-09
16.57	5.391484592109919e-09
16.58	5.37329469807446e-09
16.59	5.09680830873549e-09
16.6	5.078618414700031e-09
16.61	5.0495145842432976e-09
16.62	4.99130692332983e-09
16.63	4.954927135258913e-09
16.64	4.9367372412234545e-09
16.65	4.9367372412234545e-09
16.66	4.907633410766721e-09
16.67	4.889443516731262e-09
16.68	4.867615643888712e-09
16.69	4.867615643888712e-09
16.7	4.6820787247270346e-09
16.71	4.660250851884484e-09
16.72	4.634785000234842e-09
16.73	4.6202330850064754e-09
16.74	4.5656634029001e-09
16.75	4.547473508864641e-09
16.76	4.540197551250458e-09
16.77	4.532921593636274e-09
16.78	4.522007657214999e-09
16.79	4.5183696784079075e-09
16.8	4.398316377773881e-09
16.81	4.369212547317147e-09
16.82	4.361936589702964e-09
16.83	4.351022653281689e-09
16.84	4.351022653281689e-09
16.85	4.307366907596588e-09
16.86	4.300090949982405e-09
16.87	4.158209776505828e-09
16.88	4.140019882470369e-09
16.89	4.136381903663278e-09
16.9	4.136381903663278e-09
16.91	4.121829988434911e-09
16.92	4.107278073206544e-09
16.93	4.085450200363994e-09
16.94	3.958120942115784e-09
16.95	3.7180143408477306e-09
16.96	3.7180143408477306e-09
16.97	3.448803909122944e-09
16.98	3.4269760362803936e-09
16.99	3.4124241210520267e-09
17.0	3.4124241210520267e-09
17.01	3.39787220582366e-09
17.02	3.3542164601385593e-09
17.03	3.346940502524376e-09
17.04	3.3105607144534588e-09
17.05	3.3105607144534588e-09
17.06	3.2996467780321836e-09
17.07	3.296008799225092e-09
17.08	3.281456883996725e-09
17.09	3.281456883996725e-09
17.1	3.041350282728672e-09
17.11	3.0377123039215803e-09
17.12	2.8958311304450035e-09
17.13	2.88855517283082e-09
17.14	2.8558133635669947e-09
17.15	2.826709533110261e-09
17.16	2.790329745039344e-09
17.17	2.76122591458261e-09
17.18	2.7575879357755184e-09
17.19	2.750311978161335e-09
17.2	2.7212081477046013e-09
17.21	2.7066562324762344e-09
17.22	2.684828359633684e-09
17.23	2.4374458007514477e-09
17.24	2.4374458007514477e-09
17.25	2.4010660126805305e-09
17.26	2.371962182223797e-09
17.27	2.35741026699543e-09
17.28	2.3355823941528797e-09
17.29	2.321030478924513e-09
17.3	2.3028405848890543e-09
17.31	2.2882886696606874e-09
17.32	2.2846506908535957e-09
17.33	2.255546860396862e-09
17.34	2.255546860396862e-09
17.35	2.255546860396862e-09
17.36	2.240994945168495e-09
17.37	2.2373569663614035e-09
17.38	2.215529093518853e-09
17.39	2.215529093518853e-09
17.4	2.193701220676303e-09
17.41	2.193701220676303e-09
17.42	2.1864252630621195e-09
17.43	2.179149305447936e-09
17.44	2.164597390219569e-09
17.45	2.1209416445344687e-09
17.46	2.1209416445344687e-09
17.47	2.117303665727377e-09
17.48	2.1136656869202852e-09
17.49	2.106389729306102e-09
17.5	1.9863364286720753e-09
17.51	1.8662831280380487e-09
17.52	1.8662831280380487e-09
17.53	1.8662831280380487e-09
17.54	1.8590071704238653e-09
17.55	1.82626536116004e-09
17.56	1.8189894035458565e-09
17.57	1.811713445931673e-09
17.58	1.8044374883174896e-09
17.59	1.7898855730891228e-09
17.6	1.7898855730891228e-09
17.61	1.7826096154749393e-09
17.62	1.775333657860756e-09
17.63	1.775333657860756e-09
17.64	1.7716956790536642e-09
17.65	1.7716956790536642e-09
17.66	1.760781742632389e-09
17.67	1.760781742632389e-09
17.68	1.749867806211114e-09
17.69	1.7462298274040222e-09
17.7	1.622538547962904e-09
17.71	1.6007106751203537e-09
17.72	1.5752448234707117e-09
17.73	1.5679688658565283e-09
17.74	1.5425030142068863e-09
17.75	1.5425030142068863e-09
17.76	1.5352270565927029e-09
17.77	1.520675141364336e-09
17.78	1.520675141364336e-09
17.79	1.5097612049430609e-09
17.8	1.4879333321005106e-09
17.81	1.2478267308324575e-09
17.82	1.2478267308324575e-09
17.83	1.2187229003757238e-09
17.84	1.1968950275331736e-09
17.85	1.1823431123048067e-09
17.86	1.1823431123048067e-09
17.87	1.1641532182693481e-09
17.88	1.153239281848073e-09
17.89	1.1496013030409813e-09
17.9	1.1423253454267979e-09
17.91	1.127773430198431e-09
17.92	1.127773430198431e-09
17.93	1.127773430198431e-09
17.94	1.1241354513913393e-09
17.95	1.1241354513913393e-09
17.96	1.0986695997416973e-09
17.97	1.0986695997416973e-09
17.98	1.0804797057062387e-09
17.99	1.0732037480920553e-09
18.0	1.0659277904778719e-09
18.01	1.0659277904778719e-09
18.02	1.0586518328636885e-09
18.03	1.0368239600211382e-09
18.04	1.0331859812140465e-09
18.05	1.0331859812140465e-09
18.06	1.0331859812140465e-09
18.07	1.025910023599863e-09
18.08	8.840288501232862e-10
18.09	8.840288501232862e-10
18.1	8.840288501232862e-10
18.11	8.840288501232862e-10
18.12	8.694769348949194e-10
18.13	8.694769348949194e-10
18.14	8.62200977280736e-10
18.15	8.476490620523691e-10
18.16	8.476490620523691e-10
18.17	8.476490620523691e-10
18.18	8.476490620523691e-10
18.19	8.36735125631094e-10
18.2	8.36735125631094e-10
18.21	8.36735125631094e-10
18.22	8.36735125631094e-10
18.23	8.36735125631094e-10
18.24	8.36735125631094e-10
18.25	8.11269273981452e-10
18.26	8.11269273981452e-10
18.27	8.076312951743603e-10
18.28	7.967173587530851e-10
18.29	7.821654435247183e-10
18.3	7.748894859105349e-10
18.31	7.748894859105349e-10
18.32	7.748894859105349e-10
18.33	6.548361852765083e-10
18.34	6.475602276623249e-10
18.35	6.475602276623249e-10
18.36	6.366462912410498e-10
18.37	6.184563972055912e-10
18.38	6.184563972055912e-10
18.39	6.184563972055912e-10
18.4	6.184563972055912e-10
18.41	6.039044819772243e-10
18.42	5.893525667488575e-10
18.43	5.893525667488575e-10
18.44	5.820766091346741e-10
18.45	5.748006515204906e-10
18.46	5.748006515204906e-10
18.47	5.638867150992155e-10
18.48	5.566107574850321e-10
18.49	5.566107574850321e-10
18.5	5.566107574850321e-10
18.51	5.529727786779404e-10
18.52	5.529727786779404e-10
18.53	5.493347998708487e-10
18.54	5.347828846424818e-10
18.55	5.238689482212067e-10
18.56	5.165929906070232e-10
18.57	5.020410753786564e-10
18.58	4.984030965715647e-10
18.59	4.911271389573812e-10
18.6	4.911271389573812e-10
18.61	4.911271389573812e-10
18.62	4.911271389573812e-10
18.63	4.911271389573812e-10
18.64	4.911271389573812e-10
18.65	4.911271389573812e-10
18.66	4.6202330850064754e-10
18.67	4.6202330850064754e-10
18.68	4.6202330850064754e-10
18.69	4.5838532969355583e-10
18.7	4.511093720793724e-10
18.71	4.511093720793724e-10
18.72	4.511093720793724e-10
18.73	4.511093720793724e-10
18.74	4.511093720793724e-10
18.75	4.511093720793724e-10
18.76	4.511093720793724e-10
18.77	4.474713932722807e-10
18.78	4.43833414465189e-10
18.79	4.43833414465189e-10
18.8	4.43833414465189e-10
18.81	4.43833414465189e-10
18.82	4.3655745685100555e-10
18.83	4.2928149923682213e-10
18.84	4.2928149923682213e-10
18.85	4.256435204297304e-10
18.86	4.256435204297304e-10
18.87	4.220055416226387e-10
18.88	4.220055416226387e-10
18.89	4.220055416226387e-10
18.9	4.220055416226387e-10
18.91	3.019522409886122e-10
18.92	3.019522409886122e-10
18.93	2.9103830456733704e-10
18.94	2.9103830456733704e-10
18.95	2.837623469531536e-10
18.96	2.837623469531536e-10
18.97	2.764863893389702e-10
18.98	2.6193447411060333e-10
18.99	2.6193447411060333e-10
19.0	2.582964953035116e-10
19.01	2.582964953035116e-10
19.02	2.510205376893282e-10
19.03	2.510205376893282e-10
19.04	2.4374458007514477e-10
19.05	2.4374458007514477e-10
19.06	2.4374458007514477e-10
19.07	2.4374458007514477e-10
19.08	2.4374458007514477e-10
19.09	2.4010660126805305e-10
19.1	2.3646862246096134e-10
19.11	2.2919266484677792e-10
19.12	2.1464074961841106e-10
19.13	2.1464074961841106e-10
19.14	2.0736479200422764e-10
19.15	2.0372681319713593e-10
19.16	2.0372681319713593e-10
19.17	1.964508555829525e-10
19.18	1.964508555829525e-10
19.19	1.8553691916167736e-10
19.2	1.8553691916167736e-10
19.21	1.8553691916167736e-10
19.22	1.8553691916167736e-10
19.23	1.8553691916167736e-10
19.24	1.7826096154749393e-10
19.25	1.7462298274040222e-10
19.26	1.7462298274040222e-10
19.27	1.7462298274040222e-10
19.28	1.673470251262188e-10
19.29	1.673470251262188e-10
19.3	1.6007106751203537e-10
19.31	1.6007106751203537e-10
19.32	1.6007106751203537e-10
19.33	1.6007106751203537e-10
19.34	1.6007106751203537e-10
19.35	1.6007106751203537e-10
19.36	1.5279510989785194e-10
19.37	1.5279510989785194e-10
19.38	1.5279510989785194e-10
19.39	1.5279510989785194e-10
19.4	1.418811734765768e-10
19.41	1.418811734765768e-10
19.42	1.418811734765768e-10
19.43	1.418811734765768e-10
19.44	1.418811734765768e-10
19.45	1.418811734765768e-10
19.46	1.418811734765768e-10
19.47	1.418811734765768e-10
19.48	1.418811734765768e-10
19.49	1.418811734765768e-10
19.5	1.418811734765768e-10
19.51	1.418811734765768e-10
19.52	1.418811734765768e-10
19.53	1.418811734765768e-10
19.54	1.418811734765768e-10
19.55	1.3460521586239338e-10
19.56	1.3460521586239338e-10
19.57	1.3096723705530167e-10
19.58	1.2732925824820995e-10
19.59	1.2732925824820995e-10
19.6	1.2732925824820995e-10
19.61	1.2732925824820995e-10
19.62	1.2732925824820995e-10
19.63	1.2732925824820995e-10
19.64	1.2732925824820995e-10
19.65	1.2005330063402653e-10
19.66	1.2005330063402653e-10
19.67	1.2005330063402653e-10
19.68	1.0913936421275139e-10
19.69	1.0186340659856796e-10
19.7	1.0186340659856796e-10
19.71	1.0186340659856796e-10
19.72	1.0186340659856796e-10
19.73	1.0186340659856796e-10
19.74	1.0186340659856796e-10
19.75	1.0186340659856796e-10
19.76	1.0186340659856796e-10
19.77	9.094947017729282e-11
19.78	9.094947017729282e-11
19.79	9.094947017729282e-11
19.8	8.36735125631094e-11
19.81	8.36735125631094e-11
19.82	8.36735125631094e-11
19.83	8.36735125631094e-11
19.84	8.36735125631094e-11
19.85	8.36735125631094e-11
19.86	8.36735125631094e-11
19.87	8.36735125631094e-11
19.88	7.639755494892597e-11
19.89	7.639755494892597e-11
19.9	7.639755494892597e-11
19.91	7.639755494892597e-11
19.92	7.639755494892597e-11
19.93	7.639755494892597e-11
19.94	7.639755494892597e-11
19.95	7.639755494892597e-11
19.96	7.639755494892597e-11
19.97	7.639755494892597e-11
19.98	7.275957614183426e-11
19.99	7.275957614183426e-11
20.0	7.275957614183426e-11
20.01	7.275957614183426e-11
20.02	7.275957614183426e-11
20.03	7.275957614183426e-11
20.04	7.275957614183426e-11
20.05	7.275957614183426e-11
20.06	7.275957614183426e-11
20.07	7.275957614183426e-11
20.08	6.912159733474255e-11
20.09	6.912159733474255e-11
20.1	6.912159733474255e-11
20.11	6.912159733474255e-11
20.12	6.912159733474255e-11
20.13	6.912159733474255e-11
20.14	6.912159733474255e-11
20.15	6.548361852765083e-11
20.16	6.548361852765083e-11
20.17	6.548361852765083e-11
20.18	6.548361852765083e-11
20.19	6.548361852765083e-11
20.2	6.548361852765083e-11
20.21	6.548361852765083e-11
20.22	6.184563972055912e-11
20.23	5.4569682106375694e-11
20.24	5.4569682106375694e-11
20.25	4.729372449219227e-11
20.26	4.729372449219227e-11
20.27	4.729372449219227e-11
20.28	4.729372449219227e-11
20.29	4.729372449219227e-11
20.3	4.729372449219227e-11
20.31	4.729372449219227e-11
20.32	4.729372449219227e-11
20.33	4.729372449219227e-11
20.34	4.729372449219227e-11
20.35	4.729372449219227e-11
20.36	4.729372449219227e-11
20.37	4.729372449219227e-11
20.38	4.001776687800884e-11
20.39	4.001776687800884e-11
20.4	3.637978807091713e-11
20.41	3.637978807091713e-11
20.42	3.637978807091713e-11
20.43	3.637978807091713e-11
20.44	3.637978807091713e-11
20.45	3.637978807091713e-11
20.46	3.637978807091713e-11
20.47	3.637978807091713e-11
20.48	3.637978807091713e-11
20.49	3.637978807091713e-11
20.5	3.637978807091713e-11
20.51	2.9103830456733704e-11
20.52	2.9103830456733704e-11
20.53	2.9103830456733704e-11
20.54	2.9103830456733704e-11
20.55	2.9103830456733704e-11
20.56	2.9103830456733704e-11
20.57	2.9103830456733704e-11
20.58	2.9103830456733704e-11
20.59	2.9103830456733704e-11
20.6	2.9103830456733704e-11
20.61	2.9103830456733704e-11
20.62	2.9103830456733704e-11
20.63	2.9103830456733704e-11
20.64	2.9103830456733704e-11
20.65	2.9103830456733704e-11
20.66	2.9103830456733704e-11
20.67	2.9103830456733704e-11
20.68	2.9103830456733704e-11
20.69	2.9103830456733704e-11
20.7	2.9103830456733704e-11
20.71	2.9103830456733704e-11
20.72	2.9103830456733704e-11
20.73	2.9103830456733704e-11
20.74	2.9103830456733704e-11
20.75	2.9103830456733704e-11
20.76	2.9103830456733704e-11
20.77	2.9103830456733704e-11
20.78	2.546585164964199e-11
20.79	2.1827872842550278e-11
20.8	2.1827872842550278e-11
20.81	2.1827872842550278e-11
20.82	2.1827872842550278e-11
20.83	2.1827872842550278e-11
20.84	2.1827872842550278e-11
20.85	2.1827872842550278e-11
20.86	2.1827872842550278e-11
20.87	2.1827872842550278e-11
20.88	2.1827872842550278e-11
20.89	2.1827872842550278e-11
20.9	2.1827872842550278e-11
20.91	2.1827872842550278e-11
20.92	2.1827872842550278e-11
20.93	2.1827872842550278e-11
20.94	2.1827872842550278e-11
20.95	2.1827872842550278e-11
20.96	2.1827872842550278e-11
20.97	2.1827872842550278e-11
20.98	1.8189894035458565e-11
20.99	1.8189894035458565e-11
21.0	1.8189894035458565e-11
21.01	1.8189894035458565e-11
21.02	1.8189894035458565e-11
21.03	1.8189894035458565e-11
21.04	1.8189894035458565e-11
21.05	1.8189894035458565e-11
21.06	1.8189894035458565e-11
21.07	1.8189894035458565e-11
21.08	1.8189894035458565e-11
21.09	1.0913936421275139e-11
21.1	1.0913936421275139e-11
21.11	1.0913936421275139e-11
21.12	1.0913936421275139e-11
21.13	1.0913936421275139e-11
21.14	1.0913936421275139e-11
21.15	1.0913936421275139e-11
21.16	1.0913936421275139e-11
21.17	1.0913936421275139e-11
21.18	1.0913936421275139e-11
21.19	1.0913936421275139e-11
21.2	1.0913936421275139e-11
21.21	1.0913936421275139e-11
21.22	1.0913936421275139e-11
21.23	1.0913936421275139e-11
21.24	1.0913936421275139e-11
21.25	1.0913936421275139e-11
21.26	1.0913936421275139e-11
21.27	1.0913936421275139e-11
21.28	1.0913936421275139e-11
21.29	1.0913936421275139e-11
21.3	1.0913936421275139e-11
21.31	1.0913936421275139e-11
21.32	1.0913936421275139e-11
21.33	1.0913936421275139e-11
21.34	1.0913936421275139e-11
21.35	1.0913936421275139e-11
21.36	7.275957614183426e-12
21.37	7.275957614183426e-12
21.38	7.275957614183426e-12
21.39	7.275957614183426e-12
21.4	7.275957614183426e-12
21.41	7.275957614183426e-12
21.42	7.275957614183426e-12
21.43	7.275957614183426e-12
21.44	7.275957614183426e-12
21.45	7.275957614183426e-12
21.46	7.275957614183426e-12
21.47	7.275957614183426e-12
21.48	7.275957614183426e-12
21.49	7.275957614183426e-12
21.5	7.275957614183426e-12
21.51	7.275957614183426e-12
21.52	7.275957614183426e-12
21.53	7.275957614183426e-12
21.54	7.275957614183426e-12
21.55	7.275957614183426e-12
21.56	7.275957614183426e-12
21.57	7.275957614183426e-12
21.58	7.275957614183426e-12
21.59	7.275957614183426e-12
21.6	7.275957614183426e-12
21.61	3.637978807091713e-12
21.62	3.637978807091713e-12
21.63	3.637978807091713e-12
21.64	3.637978807091713e-12
21.65	3.637978807091713e-12
21.66	3.637978807091713e-12
21.67	3.637978807091713e-12
21.68	3.637978807091713e-12
21.69	3.637978807091713e-12
21.7	3.637978807091713e-12
21.71	3.637978807091713e-12
21.72	3.637978807091713e-12
21.73	3.637978807091713e-12
21.74	3.637978807091713e-12
21.75	3.637978807091713e-12
21.76	3.637978807091713e-12
21.77	3.637978807091713e-12
21.78	3.637978807091713e-12
21.79	3.637978807091713e-12
21.8	3.637978807091713e-12
21.81	3.637978807091713e-12
21.82	3.637978807091713e-12
21.83	3.637978807091713e-12
21.84	3.637978807091713e-12
21.85	3.637978807091713e-12
21.86	3.637978807091713e-12
21.87	3.637978807091713e-12
21.88	3.637978807091713e-12
21.89	3.637978807091713e-12
21.9	3.637978807091713e-12
21.91	3.637978807091713e-12
21.92	3.637978807091713e-12
21.93	3.637978807091713e-12
21.94	3.637978807091713e-12
21.95	3.637978807091713e-12
21.96	3.637978807091713e-12
21.97	3.637978807091713e-12
21.98	3.637978807091713e-12
21.99	3.637978807091713e-12
22.0	3.637978807091713e-12
22.01	3.637978807091713e-12
22.02	3.637978807091713e-12
22.03	3.637978807091713e-12
22.04	3.637978807091713e-12
22.05	3.637978807091713e-12
22.06	3.637978807091713e-12
22.07	3.637978807091713e-12
22.08	3.637978807091713e-12
22.09	3.637978807091713e-12
22.1	3.637978807091713e-12
22.11	3.637978807091713e-12
22.12	3.637978807091713e-12
22.13	3.637978807091713e-12
22.14	3.637978807091713e-12
22.15	3.637978807091713e-12
22.16	3.637978807091713e-12
22.17	3.637978807091713e-12
22.18	3.637978807091713e-12
22.19	0.0
