5.36	0.0005018115043640137
5.37	0.0004975572228431702
5.38	0.0004925206303596497
5.39	0.0004880577325820923
5.4	0.00048390403389930725
5.41	0.000479821115732193
5.42	0.0004754774272441864
5.43	0.0004709102213382721
5.44	0.0004664883017539978
5.45	0.00046277791261672974
5.46	0.0004587098956108093
5.47	0.00045418739318847656
5.48	0.0004503689706325531
5.49	0.00044650956988334656
5.5	0.0004419982433319092
5.51	0.00043792277574539185
5.52	0.0004344172775745392
5.53	0.0004307478666305542
5.54	0.0004268661141395569
5.55	0.0004229620099067688
5.56	0.00041915103793144226
5.57	0.0004154965281486511
5.58	0.00041179731488227844
5.59	0.00040787458419799805
5.6	0.00040445849299430847
5.61	0.00040100887417793274
5.62	0.00039714574813842773
5.63	0.0003934018313884735
5.64	0.0003901831805706024
5.65	0.00038706138730049133
5.66	0.00038337334990501404
5.67	0.00037984177470207214
5.68	0.0003762952983379364
5.69	0.00037318095564842224
5.7	0.0003699399530887604
5.71	0.00036667659878730774
5.72	0.00036326050758361816
5.73	0.0003598034381866455
5.74	0.000356823205947876
5.75	0.00035345181822776794
5.76	0.0003503188490867615
5.77	0.0003473237156867981
5.78	0.00034377723932266235
5.79	0.0003406256437301636
5.8	0.00033773481845855713
5.81	0.0003350302577018738
5.82	0.00033165886998176575
5.83	0.0003286972641944885
5.84	0.0003255903720855713
5.85	0.00032240524888038635
5.86	0.00031929463148117065
5.87	0.000316426157951355
5.88	0.0003138631582260132
5.89	0.0003107339143753052
5.9	0.00030779093503952026
5.91	0.00030448660254478455
5.92	0.0003018900752067566
5.93	0.00029926374554634094
5.94	0.00029648467898368835
5.95	0.00029366835951805115
5.96	0.00029071420431137085
5.97	0.0002883933484554291
5.98	0.0002853125333786011
5.99	0.0002827085554599762
6.0	0.00028016045689582825
6.01	0.000277593731880188
6.02	0.00027476996183395386
6.03	0.0002721026539802551
6.04	0.00026987865567207336
6.05	0.00026743486523628235
6.06	0.0002649948000907898
6.07	0.00026248395442962646
6.08	0.0002599656581878662
6.09	0.000257689505815506
6.1	0.00025540590286254883
6.11	0.00025324150919914246
6.12	0.0002506263554096222
6.13	0.00024825334548950195
6.14	0.0002459622919559479
6.15	0.00024360045790672302
6.16	0.00024149566888809204
6.17	0.000239495187997818
6.18	0.00023702159523963928
6.19	0.00023452937602996826
6.2	0.00023260712623596191
6.21	0.00023064762353897095
6.22	0.00022863969206809998
6.23	0.00022631511092185974
6.24	0.0002241767942905426
6.25	0.00022191181778907776
6.26	0.000219639390707016
6.27	0.0002176240086555481
6.28	0.00021569058299064636
6.29	0.00021371245384216309
6.3	0.00021138787269592285
6.31	0.0002093091607093811
6.32	0.0002073422074317932
6.33	0.00020553544163703918
6.34	0.00020357966423034668
6.35	0.00020157545804977417
6.36	0.00019980594515800476
6.37	0.00019795075058937073
6.38	0.00019606947898864746
6.39	0.0001942664384841919
6.4	0.00019241496920585632
6.41	0.00019028037786483765
6.42	0.00018813833594322205
6.43	0.0001864321529865265
6.44	0.0001846104860305786
6.45	0.00018322467803955078
6.46	0.00018132850527763367
6.47	0.000179387629032135
6.48	0.00017765536904335022
6.49	0.0001762285828590393
6.5	0.0001746341586112976
6.51	0.0001726597547531128
6.52	0.00017112120985984802
6.53	0.00016949325799942017
6.54	0.0001677200198173523
6.55	0.00016603246331214905
6.56	0.00016461685299873352
6.57	0.0001631714403629303
6.58	0.0001613721251487732
6.59	0.00015954673290252686
6.6	0.00015803799033164978
6.61	0.00015664100646972656
6.62	0.00015534088015556335
6.63	0.0001537427306175232
6.64	0.00015230849385261536
6.65	0.00015084072947502136
6.66	0.0001492127776145935
6.67	0.00014774128794670105
6.68	0.00014655664563179016
6.69	0.0001450665295124054
6.7	0.00014356523752212524
6.71	0.0001421719789505005
6.72	0.00014087185263633728
6.73	0.00013950467109680176
6.74	0.00013819709420204163
6.75	0.00013697892427444458
6.76	0.00013548508286476135
6.77	0.0001342371106147766
6.78	0.00013277307152748108
6.79	0.0001315474510192871
6.8	0.00013024359941482544
6.81	0.00012896955013275146
6.82	0.0001274608075618744
6.83	0.00012608245015144348
6.84	0.0001250915229320526
6.85	0.00012397393584251404
6.86	0.00012265518307685852
6.87	0.00012135878205299377
6.88	0.0001202411949634552
6.89	0.00011913105845451355
6.9	0.0001179724931716919
6.91	0.00011681392788887024
6.92	0.0001156143844127655
6.93	0.00011448934674263
6.94	0.00011307373642921448
6.95	0.00011181831359863281
6.96	0.00011084601283073425
6.97	0.00010974332690238953
6.98	0.0001085326075553894
6.99	0.00010733306407928467
7.0	0.00010622292757034302
7.01	0.0001053251326084137
7.02	0.00010423362255096436
7.03	0.00010317564010620117
7.04	0.00010216981172561646
7.05	0.00010121986269950867
7.06	0.00010012835264205933
7.07	9.897351264953613e-05
7.08	9.798258543014526e-05
7.09	9.708479046821594e-05
7.1	9.607523679733276e-05
7.11	9.504333138465881e-05
7.12	9.41343605518341e-05
7.13	9.328126907348633e-05
7.14	9.226426482200623e-05
7.15	9.138882160186768e-05
7.16	9.05357301235199e-05
7.17	8.959323167800903e-05
7.18	8.882582187652588e-05
7.19	8.795037865638733e-05
7.2	8.714944124221802e-05
7.21	8.635595440864563e-05
7.22	8.539855480194092e-05
7.23	8.451193571090698e-05
7.24	8.36402177810669e-05
7.25	8.29063355922699e-05
7.26	8.217617869377136e-05
7.27	8.118897676467896e-05
7.28	8.033961057662964e-05
7.29	7.954984903335571e-05
7.3	7.87191092967987e-05
7.31	7.786974310874939e-05
7.32	7.729977369308472e-05
7.33	7.64019787311554e-05
7.34	7.545202970504761e-05
7.35	7.458403706550598e-05
7.36	7.389858365058899e-05
7.37	7.315725088119507e-05
7.38	7.246807217597961e-05
7.39	7.160007953643799e-05
7.4	7.097795605659485e-05
7.41	7.022544741630554e-05
7.42	6.927922368049622e-05
7.43	6.852298974990845e-05
7.44	6.794556975364685e-05
7.45	6.728619337081909e-05
7.46	6.638467311859131e-05
7.47	6.567314267158508e-05
7.48	6.503239274024963e-05
7.49	6.444007158279419e-05
7.5	6.366521120071411e-05
7.51	6.281957030296326e-05
7.52	6.219372153282166e-05
7.53	6.164610385894775e-05
7.54	6.107985973358154e-05
7.55	6.039440631866455e-05
7.56	5.976483225822449e-05
7.57	5.917251110076904e-05
7.58	5.856528878211975e-05
7.59	5.7850033044815063e-05
7.6	5.729496479034424e-05
7.61	5.682557821273804e-05
7.62	5.611032247543335e-05
7.63	5.545467138290405e-05
7.64	5.4892152547836304e-05
7.65	5.4430216550827026e-05
7.66	5.389750003814697e-05
7.67	5.327537655830383e-05
7.68	5.258247256278992e-05
7.69	5.2072107791900635e-05
7.7	5.143880844116211e-05
7.71	5.09507954120636e-05
7.72	5.054101347923279e-05
7.73	4.998594522476196e-05
7.74	4.9464404582977295e-05
7.75	4.8842281103134155e-05
7.76	4.8298388719558716e-05
7.77	4.7851353883743286e-05
7.78	4.7344714403152466e-05
7.79	4.678219556808472e-05
7.8	4.6309083700180054e-05
7.81	4.580989480018616e-05
7.82	4.524737596511841e-05
7.83	4.47593629360199e-05
7.84	4.431605339050293e-05
7.85	4.375353455543518e-05
7.86	4.316866397857666e-05
7.87	4.27737832069397e-05
7.88	4.235655069351196e-05
7.89	4.1950494050979614e-05
7.9	4.1406601667404175e-05
7.91	4.0959566831588745e-05
7.92	4.045665264129639e-05
7.93	4.006922245025635e-05
7.94	3.970786929130554e-05
7.95	3.9227306842803955e-05
7.96	3.87728214263916e-05
7.97	3.832578659057617e-05
7.98	3.7785619497299194e-05
7.99	3.733113408088684e-05
8.0	3.708153963088989e-05
8.01	3.667175769805908e-05
8.02	3.620609641075134e-05
8.03	3.573670983314514e-05
8.04	3.53790819644928e-05
8.05	3.5021454095840454e-05
8.06	3.4689903259277344e-05
8.07	3.427639603614807e-05
8.08	3.382563591003418e-05
8.09	3.353506326675415e-05
8.1	3.3136457204818726e-05
8.11	3.26596200466156e-05
8.12	3.235042095184326e-05
8.13	3.201887011528015e-05
8.14	3.165006637573242e-05
8.15	3.126263618469238e-05
8.16	3.094226121902466e-05
8.17	3.064051270484924e-05
8.18	3.0294060707092285e-05
8.19	2.9999762773513794e-05
8.2	2.9668211936950684e-05
8.21	2.9318034648895264e-05
8.22	2.9101967811584473e-05
8.23	2.878531813621521e-05
8.24	2.8420239686965942e-05
8.25	2.806633710861206e-05
8.26	2.7686357498168945e-05
8.27	2.742186188697815e-05
8.28	2.7202069759368896e-05
8.29	2.6959925889968872e-05
8.3	2.6617199182510376e-05
8.31	2.633407711982727e-05
8.32	2.5995075702667236e-05
8.33	2.5760382413864136e-05
8.34	2.5484710931777954e-05
8.35	2.5212764739990234e-05
8.36	2.494826912879944e-05
8.37	2.458319067955017e-05
8.38	2.428889274597168e-05
8.39	2.396106719970703e-05
8.4	2.3793429136276245e-05
8.41	2.3506581783294678e-05
8.42	2.3249536752700806e-05
8.43	2.2858381271362305e-05
8.44	2.2608786821365356e-05
8.45	2.247840166091919e-05
8.46	2.2143125534057617e-05
8.47	2.1871179342269897e-05
8.48	2.164393663406372e-05
8.49	2.140924334526062e-05
8.5	2.1085143089294434e-05
8.51	2.080574631690979e-05
8.52	2.0563602447509766e-05
8.53	2.0276755094528198e-05
8.54	2.0042061805725098e-05
8.55	1.9781291484832764e-05
8.56	1.9587576389312744e-05
8.57	1.9427388906478882e-05
8.58	1.9215047359466553e-05
8.59	1.8998980522155762e-05
8.6	1.8756836652755737e-05
8.61	1.8537044525146484e-05
8.62	1.8328428268432617e-05
8.63	1.815706491470337e-05
8.64	1.792237162590027e-05
8.65	1.7739832401275635e-05
8.66	1.7501413822174072e-05
8.67	1.731887459754944e-05
8.68	1.7173588275909424e-05
8.69	1.70096755027771e-05
8.7	1.689419150352478e-05
8.71	1.6592442989349365e-05
8.72	1.6398727893829346e-05
8.73	1.6257166862487793e-05
8.74	1.611560583114624e-05
8.75	1.591816544532776e-05
8.76	1.576542854309082e-05
8.77	1.5597790479660034e-05
8.78	1.5325844287872314e-05
8.79	1.5132129192352295e-05
8.8	1.4957040548324585e-05
8.81	1.477077603340149e-05
8.82	1.4614313840866089e-05
8.83	1.4446675777435303e-05
8.84	1.4320015907287598e-05
8.85	1.4159828424453735e-05
8.86	1.4010816812515259e-05
8.87	1.3824552297592163e-05
8.88	1.368299126625061e-05
8.89	1.3533979654312134e-05
8.9	1.3284385204315186e-05
8.91	1.31167471408844e-05
8.92	1.2975186109542847e-05
8.93	1.2800097465515137e-05
8.94	1.2576580047607422e-05
8.95	1.2412667274475098e-05
8.96	1.2293457984924316e-05
8.97	1.216307282447815e-05
8.98	1.2036412954330444e-05
8.99	1.1876225471496582e-05
9.0	1.1738389730453491e-05
9.01	1.1622905731201172e-05
9.02	1.1481344699859619e-05
9.03	1.1336058378219604e-05
9.04	1.1242926120758057e-05
9.05	1.1157244443893433e-05
9.06	1.0970979928970337e-05
9.07	1.0795891284942627e-05
9.08	1.0672956705093384e-05
9.09	1.0576099157333374e-05
9.1	1.0456889867782593e-05
9.11	1.037493348121643e-05
9.12	1.0188668966293335e-05
9.13	1.0084360837936401e-05
9.14	9.987503290176392e-06
9.15	9.845942258834839e-06
9.16	9.775161743164062e-06
9.17	9.641051292419434e-06
9.18	9.551644325256348e-06
9.19	9.384006261825562e-06
9.2	9.290874004364014e-06
9.21	9.208917617797852e-06
9.22	9.097158908843994e-06
9.23	8.996576070785522e-06
9.24	8.899718523025513e-06
9.25	8.791685104370117e-06
9.26	8.650124073028564e-06
9.27	8.560717105865479e-06
9.28	8.448958396911621e-06
9.29	8.344650268554688e-06
9.3	8.217990398406982e-06
9.31	8.113682270050049e-06
9.32	8.07642936706543e-06
9.33	7.946044206619263e-06
9.34	7.838010787963867e-06
9.35	7.703900337219238e-06
9.36	7.6070427894592285e-06
9.37	7.517635822296143e-06
9.38	7.4766576290130615e-06
9.39	7.417052984237671e-06
9.4	7.309019565582275e-06
9.41	7.223337888717651e-06
9.42	7.059425115585327e-06
9.43	6.970018148422241e-06
9.44	6.9141387939453125e-06
9.45	6.83218240737915e-06
9.46	6.727874279022217e-06
9.47	6.593763828277588e-06
9.48	6.530433893203735e-06
9.49	6.4782798290252686e-06
9.5	6.381422281265259e-06
9.51	6.277114152908325e-06
9.52	6.22868537902832e-06
9.53	6.161630153656006e-06
9.54	6.05359673500061e-06
9.55	5.956739187240601e-06
9.56	5.904585123062134e-06
9.57	5.852431058883667e-06
9.58	5.770474672317505e-06
9.59	5.632638931274414e-06
9.6	5.5730342864990234e-06
9.61	5.5246055126190186e-06
9.62	5.4389238357543945e-06
9.63	5.342066287994385e-06
9.64	5.289912223815918e-06
9.65	5.245208740234375e-06
9.66	5.189329385757446e-06
9.67	5.129724740982056e-06
9.68	5.0514936447143555e-06
9.69	5.014240741729736e-06
9.7	4.958361387252808e-06
9.71	4.898756742477417e-06
9.72	4.850327968597412e-06
9.73	4.824250936508179e-06
9.74	4.764646291732788e-06
9.75	4.697591066360474e-06
9.76	4.634261131286621e-06
9.77	4.5709311962127686e-06
9.78	4.51505184173584e-06
9.79	4.470348358154297e-06
9.8	4.425644874572754e-06
9.81	4.332512617111206e-06
9.82	4.250556230545044e-06
9.83	4.205852746963501e-06
9.84	4.194676876068115e-06
9.85	4.14624810218811e-06
9.86	4.105269908905029e-06
9.87	4.038214683532715e-06
9.88	3.974884748458862e-06
9.89	3.945082426071167e-06
9.9	3.907829523086548e-06
9.91	3.8035213947296143e-06
9.92	3.7848949432373047e-06
9.93	3.7550926208496094e-06
9.94	3.647059202194214e-06
9.95	3.591179847717285e-06
9.96	3.553926944732666e-06
9.97	3.4831464290618896e-06
9.98	3.3974647521972656e-06
9.99	3.337860107421875e-06
10.0	3.3080577850341797e-06
10.01	3.2633543014526367e-06
10.02	3.2223761081695557e-06
10.03	3.159046173095703e-06
10.04	3.1068921089172363e-06
10.05	3.080815076828003e-06
10.06	3.03611159324646e-06
10.07	2.998858690261841e-06
10.08	2.954155206680298e-06
10.09	2.9206275939941406e-06
10.1	2.86102294921875e-06
10.11	2.812594175338745e-06
10.12	2.8014183044433594e-06
10.13	2.779066562652588e-06
10.14	2.7455389499664307e-06
10.15	2.68593430519104e-06
10.16	2.652406692504883e-06
10.17	2.6263296604156494e-06
10.18	2.600252628326416e-06
10.19	2.5704503059387207e-06
10.2	2.522021532058716e-06
10.21	2.4959444999694824e-06
10.22	2.462416887283325e-06
10.23	2.428889274597168e-06
10.24	2.4065375328063965e-06
10.25	2.391636371612549e-06
10.26	2.3506581783294678e-06
10.27	2.3208558559417725e-06
10.28	2.294778823852539e-06
10.29	2.261251211166382e-06
10.3	2.2202730178833008e-06
10.31	2.1979212760925293e-06
10.32	2.16066837310791e-06
10.33	2.130866050720215e-06
10.34	2.1047890186309814e-06
10.35	2.0638108253479004e-06
10.36	2.041459083557129e-06
10.37	1.989305019378662e-06
10.38	1.9371509552001953e-06
10.39	1.914799213409424e-06
10.4	1.9073486328125e-06
10.41	1.8924474716186523e-06
10.42	1.8700957298278809e-06
10.43	1.8365681171417236e-06
10.44	1.8067657947540283e-06
10.45	1.773238182067871e-06
10.46	1.7248094081878662e-06
10.47	1.6987323760986328e-06
10.48	1.691281795501709e-06
10.49	1.6577541828155518e-06
10.5	1.6279518604278564e-06
10.51	1.6205012798309326e-06
10.52	1.605600118637085e-06
10.53	1.5981495380401611e-06
10.54	1.5795230865478516e-06
10.55	1.560896635055542e-06
10.56	1.5385448932647705e-06
10.57	1.5310943126678467e-06
10.58	1.519918441772461e-06
10.59	1.4863908290863037e-06
10.6	1.4565885066986084e-06
10.61	1.430511474609375e-06
10.62	1.4156103134155273e-06
10.63	1.3746321201324463e-06
10.64	1.3597309589385986e-06
10.65	1.3522803783416748e-06
10.66	1.3299286365509033e-06
10.67	1.3224780559539795e-06
10.68	1.3150274753570557e-06
10.69	1.3113021850585938e-06
10.7	1.296401023864746e-06
10.71	1.2852251529693604e-06
10.72	1.2516975402832031e-06
10.73	1.2479722499847412e-06
10.74	1.2218952178955078e-06
10.75	1.214444637298584e-06
10.76	1.1995434761047363e-06
10.77	1.1809170246124268e-06
10.78	1.1585652828216553e-06
10.79	1.1436641216278076e-06
10.8	1.1399388313293457e-06
10.81	1.125037670135498e-06
10.82	1.1213123798370361e-06
10.83	1.1064112186431885e-06
10.84	1.0915100574493408e-06
10.85	1.0617077350616455e-06
10.86	1.043081283569336e-06
10.87	1.0281801223754883e-06
10.88	1.0244548320770264e-06
10.89	1.0095536708831787e-06
10.9	9.760260581970215e-07
10.91	9.611248970031738e-07
10.92	9.387731552124023e-07
10.93	9.313225746154785e-07
10.94	9.238719940185547e-07
10.95	9.164214134216309e-07
10.96	9.052455425262451e-07
10.97	9.052455425262451e-07
10.98	8.67992639541626e-07
10.99	8.605420589447021e-07
11.0	8.493661880493164e-07
11.01	8.307397365570068e-07
11.02	8.083879947662354e-07
11.03	7.897615432739258e-07
11.04	7.7858567237854e-07
11.05	7.636845111846924e-07
11.06	7.562339305877686e-07
11.07	7.264316082000732e-07
11.08	7.189810276031494e-07
11.09	7.152557373046875e-07
11.1	6.966292858123779e-07
11.11	6.891787052154541e-07
11.12	6.742775440216064e-07
11.13	6.668269634246826e-07
11.14	6.51925802230835e-07
11.15	6.48200511932373e-07
11.16	6.444752216339111e-07
11.17	6.444752216339111e-07
11.18	6.370246410369873e-07
11.19	6.183981895446777e-07
11.2	6.07222318649292e-07
11.21	6.034970283508301e-07
11.22	6.034970283508301e-07
11.23	5.960464477539062e-07
11.24	5.848705768585205e-07
11.25	5.587935447692871e-07
11.26	5.587935447692871e-07
11.27	5.513429641723633e-07
11.28	5.476176738739014e-07
11.29	5.438923835754395e-07
11.3	5.327165126800537e-07
11.31	5.289912223815918e-07
11.32	5.21540641784668e-07
11.33	5.178153514862061e-07
11.34	5.178153514862061e-07
11.35	5.103647708892822e-07
11.36	5.066394805908203e-07
11.37	5.029141902923584e-07
11.38	4.842877388000488e-07
11.39	4.76837158203125e-07
11.4	4.731118679046631e-07
11.41	4.6938657760620117e-07
11.42	4.470348358154297e-07
11.43	4.3213367462158203e-07
11.44	4.3213367462158203e-07
11.45	4.172325134277344e-07
11.46	4.0978193283081055e-07
11.47	3.948807716369629e-07
11.48	3.8370490074157715e-07
11.49	3.7997961044311523e-07
11.5	3.762543201446533e-07
11.51	3.725290298461914e-07
11.52	3.725290298461914e-07
11.53	3.688037395477295e-07
11.54	3.46451997756958e-07
11.55	3.390014171600342e-07
11.56	3.390014171600342e-07
11.57	3.390014171600342e-07
11.58	3.390014171600342e-07
11.59	3.390014171600342e-07
11.6	3.241002559661865e-07
11.61	3.241002559661865e-07
11.62	3.166496753692627e-07
11.63	3.166496753692627e-07
11.64	3.0919909477233887e-07
11.65	3.0547380447387695e-07
11.66	3.0547380447387695e-07
11.67	3.0174851417541504e-07
11.68	3.0174851417541504e-07
11.69	3.0174851417541504e-07
11.7	3.0174851417541504e-07
11.71	2.905726432800293e-07
11.72	2.8312206268310547e-07
11.73	2.8312206268310547e-07
11.74	2.7567148208618164e-07
11.75	2.7567148208618164e-07
11.76	2.682209014892578e-07
11.77	2.682209014892578e-07
11.78	2.60770320892334e-07
11.79	2.60770320892334e-07
11.8	2.5704503059387207e-07
11.81	2.4586915969848633e-07
11.82	2.384185791015625e-07
11.83	2.3469328880310059e-07
11.84	2.3469328880310059e-07
11.85	2.3469328880310059e-07
11.86	2.2724270820617676e-07
11.87	2.2351741790771484e-07
11.88	2.1606683731079102e-07
11.89	2.0489096641540527e-07
11.9	2.0116567611694336e-07
11.91	2.0116567611694336e-07
11.92	2.0116567611694336e-07
11.93	1.8998980522155762e-07
11.94	1.7508864402770996e-07
11.95	1.7508864402770996e-07
11.96	1.7508864402770996e-07
11.97	1.7136335372924805e-07
11.98	1.7136335372924805e-07
11.99	1.6763806343078613e-07
12.0	1.6763806343078613e-07
12.01	1.6763806343078613e-07
12.02	1.6391277313232422e-07
12.03	1.601874828338623e-07
12.04	1.564621925354004e-07
12.05	1.564621925354004e-07
12.06	1.4901161193847656e-07
12.07	1.4901161193847656e-07
12.08	1.4528632164001465e-07
12.09	1.4528632164001465e-07
12.1	1.4156103134155273e-07
12.11	1.341104507446289e-07
12.12	1.30385160446167e-07
12.13	1.30385160446167e-07
12.14	1.2665987014770508e-07
12.15	1.2293457984924316e-07
12.16	1.2293457984924316e-07
12.17	1.2293457984924316e-07
12.18	1.2293457984924316e-07
12.19	1.2293457984924316e-07
12.2	1.2293457984924316e-07
12.21	1.2293457984924316e-07
12.22	1.1920928955078125e-07
12.23	1.1920928955078125e-07
12.24	1.1920928955078125e-07
12.25	1.1920928955078125e-07
12.26	1.1920928955078125e-07
12.27	1.1920928955078125e-07
12.28	1.1175870895385742e-07
12.29	1.1175870895385742e-07
12.3	1.0058283805847168e-07
12.31	1.0058283805847168e-07
12.32	1.0058283805847168e-07
12.33	1.0058283805847168e-07
12.34	9.685754776000977e-08
12.35	9.685754776000977e-08
12.36	9.685754776000977e-08
12.37	9.685754776000977e-08
12.38	9.685754776000977e-08
12.39	9.685754776000977e-08
12.4	9.685754776000977e-08
12.41	9.685754776000977e-08
12.42	8.940696716308594e-08
12.43	8.940696716308594e-08
12.44	8.568167686462402e-08
12.45	8.568167686462402e-08
12.46	8.568167686462402e-08
12.47	7.82310962677002e-08
12.48	7.82310962677002e-08
12.49	7.078051567077637e-08
12.5	7.078051567077637e-08
12.51	7.078051567077637e-08
12.52	7.078051567077637e-08
12.53	7.078051567077637e-08
12.54	7.078051567077637e-08
12.55	6.332993507385254e-08
12.56	6.332993507385254e-08
12.57	6.332993507385254e-08
12.58	5.21540641784668e-08
12.59	5.21540641784668e-08
12.6	5.21540641784668e-08
12.61	5.21540641784668e-08
12.62	5.21540641784668e-08
12.63	5.21540641784668e-08
12.64	5.21540641784668e-08
12.65	5.21540641784668e-08
12.66	5.21540641784668e-08
12.67	5.21540641784668e-08
12.68	5.21540641784668e-08
12.69	5.21540641784668e-08
12.7	5.21540641784668e-08
12.71	5.21540641784668e-08
12.72	4.842877388000488e-08
12.73	4.842877388000488e-08
12.74	4.842877388000488e-08
12.75	4.842877388000488e-08
12.76	4.470348358154297e-08
12.77	4.470348358154297e-08
12.78	4.470348358154297e-08
12.79	4.470348358154297e-08
12.8	4.470348358154297e-08
12.81	4.470348358154297e-08
12.82	4.470348358154297e-08
12.83	4.470348358154297e-08
12.84	4.470348358154297e-08
12.85	4.0978193283081055e-08
12.86	3.725290298461914e-08
12.87	3.725290298461914e-08
12.88	3.725290298461914e-08
12.89	3.725290298461914e-08
12.9	3.3527612686157227e-08
12.91	3.3527612686157227e-08
12.92	3.3527612686157227e-08
12.93	2.9802322387695312e-08
12.94	2.9802322387695312e-08
12.95	2.9802322387695312e-08
12.96	2.9802322387695312e-08
12.97	2.60770320892334e-08
12.98	2.2351741790771484e-08
12.99	2.2351741790771484e-08
13.0	2.2351741790771484e-08
13.01	2.2351741790771484e-08
13.02	2.2351741790771484e-08
13.03	2.2351741790771484e-08
13.04	2.2351741790771484e-08
13.05	2.2351741790771484e-08
13.06	2.2351741790771484e-08
13.07	2.2351741790771484e-08
13.08	2.2351741790771484e-08
13.09	2.2351741790771484e-08
13.1	2.2351741790771484e-08
13.11	2.2351741790771484e-08
13.12	2.2351741790771484e-08
13.13	2.2351741790771484e-08
13.14	2.2351741790771484e-08
13.15	2.2351741790771484e-08
13.16	2.2351741790771484e-08
13.17	2.2351741790771484e-08
13.18	2.2351741790771484e-08
13.19	2.2351741790771484e-08
13.2	2.2351741790771484e-08
13.21	2.2351741790771484e-08
13.22	2.2351741790771484e-08
13.23	2.2351741790771484e-08
13.24	2.2351741790771484e-08
13.25	2.2351741790771484e-08
13.26	2.2351741790771484e-08
13.27	2.2351741790771484e-08
13.28	2.2351741790771484e-08
13.29	2.2351741790771484e-08
13.3	2.2351741790771484e-08
13.31	2.2351741790771484e-08
13.32	1.862645149230957e-08
13.33	1.862645149230957e-08
13.34	1.862645149230957e-08
13.35	1.862645149230957e-08
13.36	1.862645149230957e-08
13.37	1.862645149230957e-08
13.38	1.1175870895385742e-08
13.39	1.1175870895385742e-08
13.4	1.1175870895385742e-08
13.41	1.1175870895385742e-08
13.42	1.1175870895385742e-08
13.43	1.1175870895385742e-08
13.44	1.1175870895385742e-08
13.45	1.1175870895385742e-08
13.46	1.1175870895385742e-08
13.47	1.1175870895385742e-08
13.48	1.1175870895385742e-08
13.49	1.1175870895385742e-08
13.5	1.1175870895385742e-08
13.51	1.1175870895385742e-08
13.52	1.1175870895385742e-08
13.53	1.1175870895385742e-08
13.54	7.450580596923828e-09
13.55	7.450580596923828e-09
13.56	7.450580596923828e-09
13.57	7.450580596923828e-09
13.58	7.450580596923828e-09
13.59	3.725290298461914e-09
13.6	3.725290298461914e-09
13.61	3.725290298461914e-09
13.62	3.725290298461914e-09
13.63	3.725290298461914e-09
13.64	3.725290298461914e-09
13.65	3.725290298461914e-09
13.66	3.725290298461914e-09
13.67	3.725290298461914e-09
13.68	3.725290298461914e-09
13.69	3.725290298461914e-09
13.7	3.725290298461914e-09
13.71	3.725290298461914e-09
13.72	3.725290298461914e-09
13.73	3.725290298461914e-09
13.74	3.725290298461914e-09
13.75	3.725290298461914e-09
13.76	3.725290298461914e-09
13.77	3.725290298461914e-09
13.78	3.725290298461914e-09
13.79	3.725290298461914e-09
13.8	3.725290298461914e-09
13.81	3.725290298461914e-09
13.82	3.725290298461914e-09
13.83	3.725290298461914e-09
13.84	3.725290298461914e-09
13.85	3.725290298461914e-09
13.86	3.725290298461914e-09
13.87	3.725290298461914e-09
13.88	3.725290298461914e-09
13.89	3.725290298461914e-09
13.9	3.725290298461914e-09
13.91	3.725290298461914e-09
13.92	3.725290298461914e-09
13.93	3.725290298461914e-09
13.94	3.725290298461914e-09
13.95	3.725290298461914e-09
13.96	3.725290298461914e-09
13.97	3.725290298461914e-09
13.98	3.725290298461914e-09
13.99	3.725290298461914e-09
14.0	3.725290298461914e-09
14.01	3.725290298461914e-09
14.02	3.725290298461914e-09
14.03	3.725290298461914e-09
14.04	3.725290298461914e-09
14.05	3.725290298461914e-09
14.06	3.725290298461914e-09
14.07	3.725290298461914e-09
14.08	3.725290298461914e-09
14.09	3.725290298461914e-09
14.1	3.725290298461914e-09
14.11	3.725290298461914e-09
14.12	3.725290298461914e-09
14.13	3.725290298461914e-09
14.14	3.725290298461914e-09
14.15	3.725290298461914e-09
14.16	3.725290298461914e-09
14.17	3.725290298461914e-09
14.18	3.725290298461914e-09
14.19	3.725290298461914e-09
14.2	3.725290298461914e-09
14.21	3.725290298461914e-09
14.22	3.725290298461914e-09
14.23	3.725290298461914e-09
14.24	3.725290298461914e-09
14.25	3.725290298461914e-09
14.26	3.725290298461914e-09
14.27	3.725290298461914e-09
14.28	3.725290298461914e-09
14.29	3.725290298461914e-09
14.3	3.725290298461914e-09
14.31	3.725290298461914e-09
14.32	3.725290298461914e-09
14.33	3.725290298461914e-09
14.34	3.725290298461914e-09
14.35	3.725290298461914e-09
14.36	3.725290298461914e-09
14.37	3.725290298461914e-09
14.38	3.725290298461914e-09
14.39	3.725290298461914e-09
14.4	3.725290298461914e-09
14.41	3.725290298461914e-09
14.42	0.0
