5.62	0.0005028247833251953
5.63	0.0004970431327819824
5.64	0.0004906058311462402
5.65	0.00048613548278808594
5.66	0.00047910213470458984
5.67	0.0004742741584777832
5.68	0.000469207763671875
5.69	0.000462949275970459
5.7	0.00045877695083618164
5.71	0.0004526376724243164
5.72	0.0004464387893676758
5.73	0.00044167041778564453
5.74	0.0004360079765319824
5.75	0.0004311800003051758
5.76	0.00042641162872314453
5.77	0.00042188167572021484
5.78	0.00041788816452026367
5.79	0.0004126429557800293
5.8	0.00040841102600097656
5.81	0.00040280818939208984
5.82	0.000396728515625
5.83	0.00039190053939819336
5.84	0.0003864765167236328
5.85	0.00038129091262817383
5.86	0.0003765225410461426
5.87	0.00037229061126708984
5.88	0.00036829710006713867
5.89	0.00036346912384033203
5.9	0.00035947561264038086
5.91	0.0003553032875061035
5.92	0.0003501772880554199
5.93	0.0003463625907897949
5.94	0.00034171342849731445
5.95	0.00033724308013916016
5.96	0.00033336877822875977
5.97	0.0003294944763183594
5.98	0.00032585859298706055
5.99	0.0003223419189453125
6.0	0.00031876564025878906
6.01	0.00031489133834838867
6.02	0.00031059980392456055
6.03	0.0003069639205932617
6.04	0.00030243396759033203
6.05	0.0002976655960083008
6.06	0.00029414892196655273
6.07	0.0002897977828979492
6.08	0.00028634071350097656
6.09	0.00028210878372192383
6.1	0.0002790689468383789
6.11	0.0002758502960205078
6.12	0.00027239322662353516
6.13	0.0002695918083190918
6.14	0.00026667118072509766
6.15	0.0002624988555908203
6.16	0.0002592802047729492
6.17	0.0002560615539550781
6.18	0.00025272369384765625
6.19	0.00024962425231933594
6.2	0.00024694204330444336
6.21	0.00024396181106567383
6.22	0.0002409815788269043
6.23	0.0002384185791015625
6.24	0.00023514032363891602
6.25	0.00023120641708374023
6.26	0.00022846460342407227
6.27	0.00022488832473754883
6.28	0.0002213120460510254
6.29	0.00021880865097045898
6.3	0.0002155303955078125
6.31	0.0002129077911376953
6.32	0.00021028518676757812
6.33	0.0002079606056213379
6.34	0.00020569562911987305
6.35	0.00020307302474975586
6.36	0.00020056962966918945
6.37	0.00019794702529907227
6.38	0.0001951456069946289
6.39	0.00019276142120361328
6.4	0.00018996000289916992
6.41	0.00018769502639770508
6.42	0.00018543004989624023
6.43	0.00018298625946044922
6.44	0.0001806020736694336
6.45	0.00017791986465454102
6.46	0.0001760721206665039
6.47	0.00017344951629638672
6.48	0.00017064809799194336
6.49	0.00016826391220092773
6.5	0.00016623735427856445
6.51	0.0001633763313293457
6.52	0.00016158819198608398
6.53	0.00015944242477416992
6.54	0.00015723705291748047
6.55	0.00015538930892944336
6.56	0.00015354156494140625
6.57	0.00015163421630859375
6.58	0.00014925003051757812
6.59	0.00014728307723999023
6.6	0.00014549493789672852
6.61	0.00014340877532958984
6.62	0.00014162063598632812
6.63	0.00013959407806396484
6.64	0.00013744831085205078
6.65	0.00013571977615356445
6.66	0.00013387203216552734
6.67	0.00013184547424316406
6.68	0.00012993812561035156
6.69	0.00012814998626708984
6.7	0.00012618303298950195
6.71	0.00012439489364624023
6.72	0.0001226663589477539
6.73	0.00012069940567016602
6.74	0.00011944770812988281
6.75	0.0001176595687866211
6.76	0.00011622905731201172
6.77	0.00011479854583740234
6.78	0.0001131296157836914
6.79	0.0001112818717956543
6.8	0.00010961294174194336
6.81	0.0001081228256225586
6.82	0.00010657310485839844
6.83	0.00010520219802856445
6.84	0.00010329484939575195
6.85	0.0001023411750793457
6.86	0.0001010894775390625
6.87	9.912252426147461e-05
6.88	9.763240814208984e-05
6.89	9.632110595703125e-05
6.9	9.47117805480957e-05
6.91	9.304285049438477e-05
6.92	9.179115295410156e-05
6.93	9.065866470336914e-05
6.94	8.928775787353516e-05
6.95	8.83340835571289e-05
6.96	8.696317672729492e-05
6.97	8.58306884765625e-05
6.98	8.45193862915039e-05
6.99	8.296966552734375e-05
7.0	8.20159912109375e-05
7.01	8.064508438110352e-05
7.02	7.909536361694336e-05
7.03	7.784366607666016e-05
7.04	7.671117782592773e-05
7.05	7.56978988647461e-05
7.06	7.480382919311523e-05
7.07	7.337331771850586e-05
7.08	7.236003875732422e-05
7.09	7.128715515136719e-05
7.1	6.961822509765625e-05
7.11	6.878376007080078e-05
7.12	6.771087646484375e-05
7.13	6.645917892456055e-05
7.14	6.55055046081543e-05
7.15	6.479024887084961e-05
7.16	6.371736526489258e-05
7.17	6.264448165893555e-05
7.18	6.192922592163086e-05
7.19	6.097555160522461e-05
7.2	5.984306335449219e-05
7.21	5.894899368286133e-05
7.22	5.7816505432128906e-05
7.23	5.6743621826171875e-05
7.24	5.5730342864990234e-05
7.25	5.447864532470703e-05
7.26	5.3763389587402344e-05
7.27	5.251169204711914e-05
7.28	5.179643630981445e-05
7.29	5.125999450683594e-05
7.3	5.036592483520508e-05
7.31	4.935264587402344e-05
7.32	4.863739013671875e-05
7.33	4.762411117553711e-05
7.34	4.673004150390625e-05
7.35	4.607439041137695e-05
7.36	4.5299530029296875e-05
7.37	4.476308822631836e-05
7.38	4.4286251068115234e-05
7.39	4.380941390991211e-05
7.4	4.291534423828125e-05
7.41	4.214048385620117e-05
7.42	4.124641418457031e-05
7.43	4.035234451293945e-05
7.44	3.975629806518555e-05
7.45	3.892183303833008e-05
7.46	3.790855407714844e-05
7.47	3.725290298461914e-05
7.48	3.6597251892089844e-05
7.49	3.618001937866211e-05
7.5	3.522634506225586e-05
7.51	3.4689903259277344e-05
7.52	3.427267074584961e-05
7.53	3.337860107421875e-05
7.54	3.2842159271240234e-05
7.55	3.236532211303711e-05
7.56	3.153085708618164e-05
7.57	3.1054019927978516e-05
7.58	3.069639205932617e-05
7.59	3.0100345611572266e-05
7.6	2.944469451904297e-05
7.61	2.9206275939941406e-05
7.62	2.8789043426513672e-05
7.63	2.8312206268310547e-05
7.64	2.7835369110107422e-05
7.65	2.7060508728027344e-05
7.66	2.6404857635498047e-05
7.67	2.580881118774414e-05
7.68	2.5093555450439453e-05
7.69	2.4557113647460938e-05
7.7	2.4318695068359375e-05
7.71	2.3663043975830078e-05
7.72	2.3543834686279297e-05
7.73	2.3186206817626953e-05
7.74	2.2530555725097656e-05
7.75	2.2292137145996094e-05
7.76	2.181529998779297e-05
7.77	2.1576881408691406e-05
7.78	2.1278858184814453e-05
7.79	2.0742416381835938e-05
7.8	2.0384788513183594e-05
7.81	2.002716064453125e-05
7.82	1.9788742065429688e-05
7.83	1.9252300262451172e-05
7.84	1.9073486328125e-05
7.85	1.8835067749023438e-05
7.86	1.817941665649414e-05
7.87	1.7940998077392578e-05
7.88	1.7344951629638672e-05
7.89	1.6689300537109375e-05
7.9	1.6450881958007812e-05
7.91	1.5914440155029297e-05
7.92	1.5676021575927734e-05
7.93	1.537799835205078e-05
7.94	1.5139579772949219e-05
7.95	1.4901161193847656e-05
7.96	1.4901161193847656e-05
7.97	1.4483928680419922e-05
7.98	1.4185905456542969e-05
7.99	1.3947486877441406e-05
8.0	1.3589859008789062e-05
8.01	1.33514404296875e-05
8.02	1.3053417205810547e-05
8.03	1.2934207916259766e-05
8.04	1.2636184692382812e-05
8.05	1.2516975402832031e-05
8.06	1.2218952178955078e-05
8.07	1.2040138244628906e-05
8.08	1.1861324310302734e-05
8.09	1.138448715209961e-05
8.1	1.1265277862548828e-05
8.11	1.0967254638671875e-05
8.12	1.043081283569336e-05
8.13	1.0311603546142578e-05
8.14	9.953975677490234e-06
8.15	9.894371032714844e-06
8.16	9.655952453613281e-06
8.17	9.59634780883789e-06
8.18	9.5367431640625e-06
8.19	9.357929229736328e-06
8.2	9.238719940185547e-06
8.21	8.881092071533203e-06
8.22	8.702278137207031e-06
8.23	8.404254913330078e-06
8.24	7.987022399902344e-06
8.25	7.867813110351562e-06
8.26	7.748603820800781e-06
8.27	7.62939453125e-06
8.28	7.569789886474609e-06
8.29	7.3909759521484375e-06
8.3	7.271766662597656e-06
8.31	7.033348083496094e-06
8.32	6.67572021484375e-06
8.33	6.616115570068359e-06
8.34	6.4373016357421875e-06
8.35	6.139278411865234e-06
8.36	6.139278411865234e-06
8.37	6.079673767089844e-06
8.38	5.900859832763672e-06
8.39	5.900859832763672e-06
8.4	5.781650543212891e-06
8.41	5.7220458984375e-06
8.42	5.4836273193359375e-06
8.43	5.424022674560547e-06
8.44	5.185604095458984e-06
8.45	4.947185516357422e-06
8.46	4.887580871582031e-06
8.47	4.5299530029296875e-06
8.48	4.470348358154297e-06
8.49	4.291534423828125e-06
8.5	4.231929779052734e-06
8.51	4.231929779052734e-06
8.52	4.0531158447265625e-06
8.53	3.933906555175781e-06
8.54	3.874301910400391e-06
8.55	3.635883331298828e-06
8.56	3.4570693969726562e-06
8.57	3.337860107421875e-06
8.58	3.2782554626464844e-06
8.59	3.2782554626464844e-06
8.6	3.2782554626464844e-06
8.61	3.2186508178710938e-06
8.62	3.159046173095703e-06
8.63	3.039836883544922e-06
8.64	2.86102294921875e-06
8.65	2.8014183044433594e-06
8.66	2.682209014892578e-06
8.67	2.562999725341797e-06
8.68	2.3245811462402344e-06
8.69	2.3245811462402344e-06
8.7	2.205371856689453e-06
8.71	2.1457672119140625e-06
8.72	2.086162567138672e-06
8.73	2.0265579223632812e-06
8.74	2.0265579223632812e-06
8.75	1.8477439880371094e-06
8.76	1.7285346984863281e-06
8.77	1.7285346984863281e-06
8.78	1.5497207641601562e-06
8.79	1.5497207641601562e-06
8.8	1.5497207641601562e-06
8.81	1.4901161193847656e-06
8.82	1.4901161193847656e-06
8.83	1.4901161193847656e-06
8.84	1.4901161193847656e-06
8.85	1.3709068298339844e-06
8.86	1.3113021850585938e-06
8.87	1.1920928955078125e-06
8.88	1.0728836059570312e-06
8.89	1.0132789611816406e-06
8.9	8.940696716308594e-07
8.91	8.344650268554688e-07
8.92	8.344650268554688e-07
8.93	8.344650268554688e-07
8.94	8.344650268554688e-07
8.95	8.344650268554688e-07
8.96	7.152557373046875e-07
8.97	7.152557373046875e-07
8.98	7.152557373046875e-07
8.99	5.960464477539062e-07
9.0	5.960464477539062e-07
9.01	5.364418029785156e-07
9.02	5.364418029785156e-07
9.03	5.364418029785156e-07
9.04	5.364418029785156e-07
9.05	5.364418029785156e-07
9.06	5.364418029785156e-07
9.07	5.364418029785156e-07
9.08	4.76837158203125e-07
9.09	4.172325134277344e-07
9.1	3.5762786865234375e-07
9.11	2.384185791015625e-07
9.12	2.384185791015625e-07
9.13	1.7881393432617188e-07
9.14	1.7881393432617188e-07
9.15	1.7881393432617188e-07
9.16	1.7881393432617188e-07
9.17	1.7881393432617188e-07
9.18	1.7881393432617188e-07
9.19	1.1920928955078125e-07
9.2	1.1920928955078125e-07
9.21	1.1920928955078125e-07
9.22	1.1920928955078125e-07
9.23	1.1920928955078125e-07
9.24	1.1920928955078125e-07
9.25	1.1920928955078125e-07
9.26	1.1920928955078125e-07
9.27	1.1920928955078125e-07
9.28	1.1920928955078125e-07
9.29	1.1920928955078125e-07
9.3	1.1920928955078125e-07
9.31	1.1920928955078125e-07
9.32	5.960464477539063e-08
9.33	5.960464477539063e-08
9.34	0.0
