5.58	0.0005049593310104683
5.59	0.0004997815121896565
5.6	0.0004946538538206369
5.61	0.0004895679448964074
5.62	0.00048452925693709403
5.63	0.0004795158311026171
5.64	0.00047455340973101556
5.65	0.00046963946078903973
5.66	0.00046476694114971906
5.67	0.00045994009997230023
5.68	0.00045515072997659445
5.69	0.0004503645614022389
5.7	0.00044571259059011936
5.71	0.000441057316493243
5.72	0.00043644690595101565
5.73	0.00043184378591831774
5.74	0.0004273771628504619
5.75	0.00042290920100640506
5.76	0.0004184800054645166
5.77	0.0004140996315982193
5.78	0.00040975659794639796
5.79	0.0004054568853462115
5.8	0.000401187629904598
5.81	0.00039696758904028684
5.82	0.00039278420445043594
5.83	0.0003886384074576199
5.84	0.00038453434535767883
5.85	0.00038046654663048685
5.86	0.0003764340217458084
5.87	0.00037243041151668876
5.88	0.0003684699913719669
5.89	0.00036453652137424797
5.9	0.0003606409300118685
5.91	0.0003567834646673873
5.92	0.000352971677784808
5.93	0.00034919759491458535
5.94	0.0003454210964264348
5.95	0.0003417613770579919
5.96	0.0003380970156285912
5.97	0.0003344757133163512
5.98	0.00033084947790484875
5.99	0.00032733671832829714
6.0	0.0003238176432205364
6.01	0.00032034052128437907
6.02	0.00031689307070337236
6.03	0.00031348306220024824
6.04	0.0003101046459050849
6.05	0.00030675227753818035
6.06	0.0003034326509805396
6.07	0.0003001360018970445
6.08	0.00029687906499020755
6.09	0.00029364661895669997
6.1	0.00029044761322438717
6.11	0.0002872777113225311
6.12	0.00028414331609383225
6.13	0.0002810349396895617
6.14	0.0002779605711111799
6.15	0.00027491297805681825
6.16	0.0002719019539654255
6.17	0.00026891310699284077
6.18	0.0002659607125679031
6.19	0.00026301806792616844
6.2	0.00026016045012511313
6.21	0.00025730104243848473
6.22	0.0002544702583691105
6.23	0.00025164862745441496
6.24	0.00024890288477763534
6.25	0.0002461485710227862
6.26	0.00024342653341591358
6.27	0.00024073029635474086
6.28	0.00023805406817700714
6.29	0.0002354032767470926
6.3	0.00023278439766727388
6.31	0.0002301882195752114
6.32	0.00022760855790693313
6.33	0.00022505750530399382
6.34	0.00022253114730119705
6.35	0.00022002960031386465
6.36	0.00021755334455519915
6.37	0.00021510531951207668
6.38	0.00021269141871016473
6.39	0.00021029483468737453
6.4	0.00020792841678485274
6.41	0.0002055795630440116
6.42	0.00020325876539573073
6.43	0.00020096389926038682
6.44	0.0001986707211472094
6.45	0.0001964445982594043
6.46	0.00019422106561250985
6.47	0.000192024206626229
6.48	0.0001898224145406857
6.49	0.00018768578593153507
6.5	0.0001855448354035616
6.51	0.00018342462135478854
6.52	0.0001813167764339596
6.53	0.00017923112318385392
6.54	0.00017717403534334153
6.55	0.000175134016899392
6.56	0.00017311633564531803
6.57	0.00017111640772782266
6.58	0.00016914053412619978
6.59	0.00016718079859856516
6.6	0.00016524590319022536
6.61	0.00016333132225554436
6.62	0.00016144172695931047
6.63	0.0001595697394805029
6.64	0.00015772726328577846
6.65	0.00015589896065648645
6.66	0.0001540880766697228
6.67	0.00015230142162181437
6.68	0.00015053001698106527
6.69	0.00014877923240419477
6.7	0.00014704397472087294
6.71	0.00014532540808431804
6.72	0.00014362623915076256
6.73	0.0001419481122866273
6.74	0.0001402779162162915
6.75	0.00013862903870176524
6.76	0.0001369969977531582
6.77	0.00013538238999899477
6.78	0.00013377844879869372
6.79	0.00013219303218647838
6.8	0.00013062477228231728
6.81	0.00012907497875858098
6.82	0.00012754880299326032
6.83	0.000126033672131598
6.84	0.00012454223178792745
6.85	0.0001230678171850741
6.86	0.00012160820188000798
6.87	0.00012016455002594739
6.88	0.0001187376183224842
6.89	0.00011732702841982245
6.9	0.00011593139788601547
6.91	0.00011454848572611809
6.92	0.00011318510223645717
6.93	0.00011183478636667132
6.94	0.00011049250315409154
6.95	0.00010916939936578274
6.96	0.00010785425547510386
6.97	0.00010654814832378179
6.98	0.00010525886318646371
6.99	0.00010398922313470393
7.0	0.00010272869258187711
7.01	0.00010148512956220657
7.02	0.0001002524804789573
7.03	9.903665340971202e-05
7.04	9.782641427591443e-05
7.05	9.663165837991983e-05
7.06	9.545497596263885e-05
7.07	9.429283090867102e-05
7.08	9.314565977547318e-05
7.09	9.201158536598086e-05
7.1	9.089155355468392e-05
7.11	8.977817196864635e-05
7.12	8.868398435879499e-05
7.13	8.759899355936795e-05
7.14	8.652318501845002e-05
7.15	8.545478340238333e-05
7.16	8.440343663096428e-05
7.17	8.335780876222998e-05
7.18	8.23248119559139e-05
7.19	8.130178321152925e-05
7.2	8.029093442019075e-05
7.21	7.928891864139587e-05
7.22	7.829339301679283e-05
7.23	7.731604273431003e-05
7.24	7.634361099917442e-05
7.25	7.538625504821539e-05
7.26	7.444016227964312e-05
7.27	7.351109525188804e-05
7.28	7.258584082592279e-05
7.29	7.167473086155951e-05
7.3	7.077335612848401e-05
7.31	6.988458335399628e-05
7.32	6.900323205627501e-05
7.33	6.813523941673338e-05
7.34	6.727734580636024e-05
7.35	6.6428940044716e-05
7.36	6.55886105960235e-05
7.37	6.476021371781826e-05
7.38	6.394345837179571e-05
7.39	6.313156336545944e-05
7.4	6.232911255210638e-05
7.41	6.153083813842386e-05
7.42	6.0744976508431137e-05
7.43	5.9961326769553125e-05
7.44	5.9193000197410583e-05
7.45	5.843144026584923e-05
7.46	5.768190021626651e-05
7.47	5.69400581298396e-05
7.48	5.620585579890758e-05
7.49	5.548332410398871e-05
7.5	5.476915976032615e-05
7.51	5.4065079893916845e-05
7.52	5.3370080422610044e-05
7.53	5.26854710187763e-05
7.54	5.200880696065724e-05
7.55	5.134429375175387e-05
7.56	5.0683433073572814e-05
7.57	5.003169644623995e-05
7.58	4.9385533202439547e-05
7.59	4.874647129327059e-05
7.6	4.8113055527210236e-05
7.61	4.748688661493361e-05
7.62	4.686786269303411e-05
7.63	4.625500878319144e-05
7.64	4.565446579363197e-05
7.65	4.5056280214339495e-05
7.66	4.446366801857948e-05
7.67	4.387630906421691e-05
7.68	4.329768125899136e-05
7.69	4.2723011574707925e-05
7.7	4.215750959701836e-05
7.71	4.160143726039678e-05
7.72	4.1054561734199524e-05
7.73	4.051302676089108e-05
7.74	3.997731255367398e-05
7.75	3.9450067561119795e-05
7.76	3.8927129935473204e-05
7.77	3.841456782538444e-05
7.78	3.7904756027273834e-05
7.79	3.740268584806472e-05
7.8	3.690470475703478e-05
7.81	3.6416808143258095e-05
7.82	3.593272413127124e-05
7.83	3.545140498317778e-05
7.84	3.497728903312236e-05
7.85	3.4505079383961856e-05
7.86	3.4037017030641437e-05
7.87	3.357412060722709e-05
7.88	3.311682667117566e-05
7.89	3.2667943742126226e-05
7.9	3.222298983018845e-05
7.91	3.1784773455001414e-05
7.92	3.135134465992451e-05
7.93	3.0922063160687685e-05
7.94	3.0496230465359986e-05
7.95	3.0077615519985557e-05
7.96	2.9666596674360335e-05
7.97	2.9260263545438647e-05
7.98	2.8860114980489016e-05
7.99	2.8467169613577425e-05
8.0	2.8080219635739923e-05
8.01	2.769692218862474e-05
8.02	2.7316942578181624e-05
8.03	2.694400609470904e-05
8.04	2.657251025084406e-05
8.05	2.620265877339989e-05
8.06	2.583999594207853e-05
8.07	2.5482455384917557e-05
8.08	2.5129615096375346e-05
8.09	2.4779423256404698e-05
8.1	2.4433553335256875e-05
8.11	2.409001172054559e-05
8.12	2.375114127062261e-05
8.13	2.341120853088796e-05
8.14	2.3085420252755284e-05
8.15	2.275852602906525e-05
8.16	2.2440101020038128e-05
8.17	2.2126769181340933e-05
8.18	2.181886520702392e-05
8.19	2.151197986677289e-05
8.2	2.1209983970038593e-05
8.21	2.0910054445266724e-05
8.22	2.0619394490495324e-05
8.23	2.032984048128128e-05
8.24	2.0041348761878908e-05
8.25	1.976074418053031e-05
8.26	1.9483064534142613e-05
8.27	1.9209852325730026e-05
8.28	1.8937993445433676e-05
8.29	1.8669743440113962e-05
8.3	1.840306504163891e-05
8.31	1.8137652659788728e-05
8.32	1.7875368939712644e-05
8.33	1.761752355378121e-05
8.34	1.736696867737919e-05
8.35	1.7117810784839094e-05
8.36	1.6872596461325884e-05
8.37	1.6629084711894393e-05
8.38	1.6386009519919753e-05
8.39	1.6151825548149645e-05
8.4	1.591959153302014e-05
8.41	1.5688783605583012e-05
8.42	1.5465120668523014e-05
8.43	1.5244469977915287e-05
8.44	1.5027108020149171e-05
8.45	1.481175422668457e-05
8.46	1.4597972040064633e-05
8.47	1.43899378599599e-05
8.48	1.4180128346197307e-05
8.49	1.3973665772937238e-05
8.5	1.3769589713774621e-05
8.51	1.3568598660640419e-05
8.52	1.3369324733503163e-05
8.53	1.3174721971154213e-05
8.54	1.2981312465853989e-05
8.55	1.2788965250365436e-05
8.56	1.2596923625096679e-05
8.57	1.2408927432261407e-05
8.58	1.2223317753523588e-05
8.59	1.2040851288475096e-05
8.6	1.186199369840324e-05
8.61	1.1686061043292284e-05
8.62	1.1513169738464057e-05
8.63	1.1339187039993703e-05
8.64	1.1171301594004035e-05
8.65	1.1006399290636182e-05
8.66	1.0842457413673401e-05
8.67	1.0679563274607062e-05
8.68	1.0521573130972683e-05
8.69	1.0364019544795156e-05
8.7	1.0209550964646041e-05
8.71	1.0054718586616218e-05
8.72	9.907249477691948e-06
8.73	9.75790317170322e-06
8.74	9.609662811271846e-06
8.75	9.46296495385468e-06
8.76	9.31700924411416e-06
8.77	9.172363206744194e-06
8.78	9.030234650708735e-06
8.79	8.891860488802195e-06
8.8	8.753762813284993e-06
8.81	8.619143045507371e-06
8.82	8.484363206662238e-06
8.83	8.353017619810998e-06
8.84	8.222268661484122e-06
8.85	8.093964424915612e-06
8.86	7.968657882884145e-06
8.87	7.845548680052161e-06
8.88	7.723981980234385e-06
8.89	7.605820428580046e-06
8.9	7.490161806344986e-06
8.91	7.375376299023628e-06
8.92	7.262409781105816e-06
8.93	7.148744771257043e-06
8.94	7.037757313810289e-06
8.95	6.92806497681886e-06
8.96	6.81882374919951e-06
8.97	6.71421003062278e-06
8.98	6.610789569094777e-06
8.99	6.507645593956113e-06
9.0	6.404603482224047e-06
9.01	6.301706889644265e-06
9.02	6.20044011157006e-06
9.03	6.101487088017166e-06
9.04	6.004789611324668e-06
9.05	5.910347681492567e-06
9.06	5.817302735522389e-06
9.07	5.7270226534456015e-06
9.08	5.637426511384547e-06
9.09	5.5488781072199345e-06
9.1	5.4607808124274015e-06
9.11	5.375070031732321e-06
9.12	5.290668923407793e-06
9.13	5.205816705711186e-06
9.14	5.124034942127764e-06
9.15	5.044072167947888e-06
9.16	4.965884727425873e-06
9.17	4.8877118388190866e-06
9.18	4.810222890228033e-06
9.19	4.732719389721751e-06
9.2	4.656933015212417e-06
9.21	4.5798515202477574e-06
9.22	4.5075430534780025e-06
9.23	4.434506990946829e-06
9.24	4.363857442513108e-06
9.25	4.293906386010349e-06
9.26	4.223140422254801e-06
9.27	4.1540915844962e-06
9.28	4.084955435246229e-06
9.29	4.017885657958686e-06
9.3	3.951630787923932e-06
9.31	3.887485945597291e-06
9.32	3.8228899938985705e-06
9.33	3.7617719499394298e-06
9.34	3.70109046343714e-06
9.35	3.641427611000836e-06
9.36	3.5822304198518395e-06
9.37	3.52448842022568e-06
9.38	3.4656404750421643e-06
9.39	3.407709300518036e-06
9.4	3.3505784813314676e-06
9.41	3.295106580480933e-06
9.42	3.239954821765423e-06
9.43	3.1851232051849365e-06
9.44	3.1319650588557124e-06
9.45	3.078719601035118e-06
9.46	3.024324541911483e-06
9.47	2.972330548800528e-06
9.48	2.921442501246929e-06
9.49	2.870976459234953e-06
9.5	2.822271198965609e-06
9.51	2.774191671051085e-06
9.52	2.726752427406609e-06
9.53	2.6801571948453784e-06
9.54	2.634638804011047e-06
9.55	2.589658834040165e-06
9.56	2.5451008696109056e-06
9.57	2.501881681382656e-06
9.58	2.4588953237980604e-06
9.59	2.417305950075388e-06
9.6	2.377404598519206e-06
9.61	2.338012563996017e-06
9.62	2.2983294911682606e-06
9.63	2.2585008991882205e-06
9.64	2.219137968495488e-06
9.65	2.1791202016174793e-06
9.66	2.1405285224318504e-06
9.67	2.1028536139056087e-06
9.68	2.066459273919463e-06
9.69	2.031156327575445e-06
9.7	1.99556234292686e-06
9.71	1.959910150617361e-06
9.72	1.9255385268479586e-06
9.73	1.8915161490440369e-06
9.74	1.8579885363578796e-06
9.75	1.82555231731385e-06
9.76	1.7937272787094116e-06
9.77	1.7626152839511633e-06
9.78	1.7320271581411362e-06
9.79	1.702428562566638e-06
9.8	1.6731355572119355e-06
9.81	1.6444537322968245e-06
9.82	1.6152189346030354e-06
9.83	1.5871482901275158e-06
9.84	1.5585392247885466e-06
9.85	1.5317637007683516e-06
9.86	1.5064288163557649e-06
9.87	1.4809775166213512e-06
9.88	1.454711309634149e-06
9.89	1.4293327694758773e-06
9.9	1.403619535267353e-06
9.91	1.377280568704009e-06
9.92	1.3520038919523358e-06
9.93	1.3273529475554824e-06
9.94	1.3034441508352757e-06
9.95	1.2800737749785185e-06
9.96	1.2567907106131315e-06
9.97	1.23443896882236e-06
9.98	1.2123200576752424e-06
9.99	1.1911761248484254e-06
10.0	1.169697497971356e-06
10.01	1.1484953574836254e-06
10.02	1.1276279110461473e-06
10.03	1.1074880603700876e-06
10.04	1.0876246960833669e-06
10.05	1.0677758837118745e-06
10.06	1.0492076398804784e-06
10.07	1.030508428812027e-06
10.08	1.011154381558299e-06
10.09	9.92193236015737e-07
10.1	9.740178938955069e-07
10.11	9.559444151818752e-07
10.12	9.387003956362605e-07
10.13	9.211653377860785e-07
10.14	9.047362254932523e-07
10.15	8.87390342541039e-07
10.16	8.705537766218185e-07
10.17	8.538045221939683e-07
10.18	8.369970601052046e-07
10.19	8.205679478123784e-07
10.2	8.044735295698047e-07
10.21	7.885682862251997e-07
10.22	7.739727152511477e-07
10.23	7.595663191750646e-07
10.24	7.456837920472026e-07
10.25	7.321941666305065e-07
10.26	7.186317816376686e-07
10.27	7.047201506793499e-07
10.28	6.907648639753461e-07
10.29	6.768532330170274e-07
10.3	6.636983016505837e-07
10.31	6.513582775369287e-07
10.32	6.38756318949163e-07
10.33	6.270129233598709e-07
10.34	6.146292435005307e-07
10.35	6.022019078955054e-07
10.36	5.897018127143383e-07
10.37	5.776819307357073e-07
10.38	5.662295734509826e-07
10.39	5.553592927753925e-07
10.4	5.446490831673145e-07
10.41	5.340989446267486e-07
10.42	5.238543963059783e-07
10.43	5.13173290528357e-07
10.44	5.031906766816974e-07
10.45	4.925386747345328e-07
10.46	4.822941264137626e-07
10.47	4.724861355498433e-07
10.48	4.637549864128232e-07
10.49	4.553294274955988e-07
10.5	4.468602128326893e-07
10.51	4.389003152027726e-07
10.52	4.3063482735306025e-07
10.53	4.2159808799624443e-07
10.54	4.127068677917123e-07
10.55	4.0442682802677155e-07
10.56	3.964669303968549e-07
10.57	3.886380000039935e-07
10.58	3.813474904745817e-07
10.59	3.7404242902994156e-07
10.6	3.6653364077210426e-07
10.61	3.5925768315792084e-07
10.62	3.518216544762254e-07
10.63	3.449240466579795e-07
10.64	3.3817195799201727e-07
10.65	3.3176911529153585e-07
10.66	3.2510433811694384e-07
10.67	3.183959051966667e-07
10.68	3.124732756987214e-07
10.69	3.0660885386168957e-07
10.7	3.006280167028308e-07
10.71	2.943561412394047e-07
10.72	2.885062713176012e-07
10.73	2.8265640139579773e-07
10.74	2.7733040042221546e-07
10.75	2.7228088583797216e-07
10.76	2.672604750841856e-07
10.77	2.6241468731313944e-07
10.78	2.5705958250910044e-07
10.79	2.517626853659749e-07
10.8	2.4639302864670753e-07
10.81	2.406159183010459e-07
10.82	2.3536267690360546e-07
10.83	2.3024040274322033e-07
10.84	2.2487074602395296e-07
10.85	2.2012682165950537e-07
10.86	2.1542655304074287e-07
10.87	2.1117739379405975e-07
10.88	2.064625732600689e-07
10.89	2.0247534848749638e-07
10.9	1.9818253349512815e-07
10.91	1.9370054360479116e-07
10.92	1.8934952095150948e-07
10.93	1.8520222511142492e-07
10.94	1.8154969438910484e-07
10.95	1.7785350792109966e-07
10.96	1.7405545804649591e-07
10.97	1.7009733710438013e-07
10.98	1.6628473531454802e-07
10.99	1.622538547962904e-07
11.0	1.5870318748056889e-07
11.01	1.5528348740190268e-07
11.02	1.520238583907485e-07
11.03	1.489534042775631e-07
11.04	1.4582474250346422e-07
11.05	1.4247780200093985e-07
11.06	1.3891258276998997e-07
11.07	1.3555109035223722e-07
11.08	1.3211683835834265e-07
11.09	1.287116901949048e-07
11.1	1.255975803360343e-07
11.11	1.2264354154467583e-07
11.12	1.2014061212539673e-07
11.13	1.1763768270611763e-07
11.14	1.1529482435435057e-07
11.15	1.1250085663050413e-07
11.16	1.0986695997416973e-07
11.17	1.0734947863966227e-07
11.18	1.0468647815287113e-07
11.19	1.0235817171633244e-07
11.2	1.0029179975390434e-07
11.21	9.848736226558685e-08
11.22	9.639188647270203e-08
11.23	9.428185876458883e-08
11.24	9.220093488693237e-08
11.25	9.013456292450428e-08
11.26	8.805363904684782e-08
11.27	8.633651304990053e-08
11.28	8.457573130726814e-08
11.29	8.287315722554922e-08
11.3	8.114147931337357e-08
11.31	7.938069757074118e-08
11.32	7.732887752354145e-08
11.33	7.55971996113658e-08
11.34	7.372000254690647e-08
11.35	7.187190931290388e-08
11.36	7.012567948549986e-08
11.37	6.85686245560646e-08
11.38	6.720074452459812e-08
11.39	6.606569513678551e-08
11.4	6.463960744440556e-08
11.41	6.346090231090784e-08
11.42	6.212212610989809e-08
11.43	6.055051926523447e-08
11.44	5.910987965762615e-08
11.45	5.7756551541388035e-08
11.46	5.649053491652012e-08
11.47	5.506444722414017e-08
11.48	5.3827534429728985e-08
11.49	5.275069270282984e-08
11.5	5.157198756933212e-08
11.51	5.0451490096747875e-08
11.52	4.9476511776447296e-08
11.53	4.829780664294958e-08
11.54	4.713365342468023e-08
11.55	4.6056811697781086e-08
11.56	4.496541805565357e-08
11.57	4.3844920583069324e-08
11.58	4.289904609322548e-08
11.59	4.193861968815327e-08
11.6	4.0789018385112286e-08
11.61	3.9595761336386204e-08
11.62	3.851891960948706e-08
11.63	3.758759703487158e-08
11.64	3.671448212116957e-08
11.65	3.604509402066469e-08
11.66	3.536115400493145e-08
11.67	3.456079866737127e-08
11.68	3.3585820347070694e-08
11.69	3.268360160291195e-08
11.7	3.1694071367383e-08
11.71	3.0719093047082424e-08
11.72	2.9758666642010212e-08
11.73	2.88418959826231e-08
11.74	2.8085196390748024e-08
11.75	2.7401256375014782e-08
11.76	2.6746420189738274e-08
11.77	2.606248017400503e-08
11.78	2.5349436327815056e-08
11.79	2.4694600142538548e-08
11.8	2.3952452465891838e-08
11.81	2.3195752874016762e-08
11.82	2.2613676264882088e-08
11.83	2.2075255401432514e-08
11.84	2.163869794458151e-08
11.85	2.112938091158867e-08
11.86	2.047454472631216e-08
11.87	1.9848812371492386e-08
11.88	1.9208528101444244e-08
11.89	1.871376298367977e-08
11.9	1.82626536116004e-08
11.91	1.788430381566286e-08
11.92	1.7535057850182056e-08
11.93	1.7171259969472885e-08
11.94	1.673470251262188e-08
11.95	1.6283593140542507e-08
11.96	1.56724127009511e-08
11.97	1.5104888007044792e-08
11.98	1.4595570974051952e-08
11.99	1.4042598195374012e-08
12.0	1.3620592653751373e-08
12.01	1.3285898603498936e-08
12.02	1.2994860298931599e-08
12.03	1.2689270079135895e-08
12.04	1.2470991350710392e-08
12.05	1.2078089639544487e-08
12.06	1.1685187928378582e-08
12.07	1.1437805369496346e-08
12.08	1.1146767064929008e-08
12.09	1.0943040251731873e-08
12.1	1.0739313438534737e-08
12.11	1.0550138540565968e-08
12.12	1.0360963642597198e-08
12.13	1.0113581083714962e-08
12.14	9.880750440061092e-09
12.15	9.691575542092323e-09
12.16	9.560608305037022e-09
12.17	9.400537237524986e-09
12.18	9.225914254784584e-09
12.19	8.949427865445614e-09
12.2	8.716597221791744e-09
12.21	8.527422323822975e-09
12.22	8.352799341082573e-09
12.23	8.105416782200336e-09
12.24	7.814378477633e-09
12.25	7.552444003522396e-09
12.26	7.30506144464016e-09
12.27	7.159542292356491e-09
12.28	7.0285750553011894e-09
12.29	6.897607818245888e-09
12.3	6.737536750733852e-09
12.31	6.6211214289069176e-09
12.32	6.402842700481415e-09
12.33	6.170012056827545e-09
12.34	5.9371814131736755e-09
12.35	5.762558430433273e-09
12.36	5.602487362921238e-09
12.37	5.4569682106375694e-09
12.38	5.311449058353901e-09
12.39	5.180481821298599e-09
12.4	5.0640664994716644e-09
12.41	4.976755008101463e-09
12.42	4.802132025361061e-09
12.43	4.6566128730773926e-09
12.44	4.496541805565357e-09
12.45	4.380126483738422e-09
12.46	4.2782630771398544e-09
12.47	4.1763996705412865e-09
12.48	4.001776687800884e-09
12.49	3.798049874603748e-09
12.5	3.6088749766349792e-09
12.51	3.346940502524376e-09
12.52	3.2159732654690742e-09
12.53	3.0995579436421394e-09
12.54	3.041350282728672e-09
12.55	2.9685907065868378e-09
12.56	2.939486876130104e-09
12.57	2.852175384759903e-09
12.58	2.6921043172478676e-09
12.59	2.561137080192566e-09
12.6	2.473825588822365e-09
12.61	2.3137545213103294e-09
12.62	2.1827872842550278e-09
12.63	2.1245796233415604e-09
12.64	2.051820047199726e-09
12.65	1.9936123862862587e-09
12.66	1.9354047253727913e-09
12.67	1.877197064459324e-09
12.68	1.760781742632389e-09
12.69	1.7025740817189217e-09
12.7	1.6443664208054543e-09
12.71	1.6007106751203537e-09
12.72	1.57160684466362e-09
12.73	1.5570549294352531e-09
12.74	1.5425030142068863e-09
12.75	1.4842953532934189e-09
12.76	1.4115357771515846e-09
12.77	1.382431946694851e-09
12.78	1.3387762010097504e-09
12.79	1.3096723705530167e-09
12.8	1.2951204553246498e-09
12.81	1.2951204553246498e-09
12.82	1.280568540096283e-09
12.83	1.2514647096395493e-09
12.84	1.2078089639544487e-09
12.85	1.1641532182693481e-09
12.86	1.1204974725842476e-09
12.87	1.0622898116707802e-09
12.88	1.0186340659856796e-09
12.89	9.604264050722122e-10
12.9	9.313225746154785e-10
12.91	9.167706593871117e-10
12.92	9.022187441587448e-10
12.93	9.022187441587448e-10
12.94	8.87666828930378e-10
12.95	8.440110832452774e-10
12.96	8.003553375601768e-10
12.97	7.712515071034431e-10
12.98	7.712515071034431e-10
12.99	7.712515071034431e-10
13.0	7.566995918750763e-10
13.01	7.421476766467094e-10
13.02	7.421476766467094e-10
13.03	7.421476766467094e-10
13.04	7.275957614183426e-10
13.05	7.130438461899757e-10
13.06	7.130438461899757e-10
13.07	6.984919309616089e-10
13.08	6.548361852765083e-10
13.09	6.402842700481415e-10
13.1	6.402842700481415e-10
13.11	6.402842700481415e-10
13.12	6.257323548197746e-10
13.13	5.529727786779404e-10
13.14	4.802132025361061e-10
13.15	4.3655745685100555e-10
13.16	4.220055416226387e-10
13.17	4.220055416226387e-10
13.18	4.220055416226387e-10
13.19	4.0745362639427185e-10
13.2	3.92901711165905e-10
13.21	3.92901711165905e-10
13.22	3.4924596548080444e-10
13.23	3.2014213502407074e-10
13.24	3.055902197957039e-10
13.25	3.055902197957039e-10
13.26	2.9103830456733704e-10
13.27	2.764863893389702e-10
13.28	2.764863893389702e-10
13.29	2.764863893389702e-10
13.3	2.6193447411060333e-10
13.31	2.473825588822365e-10
13.32	2.3283064365386963e-10
13.33	2.1827872842550278e-10
13.34	2.1827872842550278e-10
13.35	2.1827872842550278e-10
13.36	2.1827872842550278e-10
13.37	1.8917489796876907e-10
13.38	1.6007106751203537e-10
13.39	1.6007106751203537e-10
13.4	1.3096723705530167e-10
13.41	1.0186340659856796e-10
13.42	1.0186340659856796e-10
13.43	1.0186340659856796e-10
13.44	1.0186340659856796e-10
13.45	1.0186340659856796e-10
13.46	1.0186340659856796e-10
13.47	1.0186340659856796e-10
13.48	8.731149137020111e-11
13.49	7.275957614183426e-11
13.5	5.820766091346741e-11
13.51	4.3655745685100555e-11
13.52	4.3655745685100555e-11
13.53	4.3655745685100555e-11
13.54	4.3655745685100555e-11
13.55	4.3655745685100555e-11
13.56	4.3655745685100555e-11
13.57	4.3655745685100555e-11
13.58	4.3655745685100555e-11
13.59	4.3655745685100555e-11
13.6	4.3655745685100555e-11
13.61	4.3655745685100555e-11
13.62	4.3655745685100555e-11
13.63	4.3655745685100555e-11
13.64	4.3655745685100555e-11
13.65	4.3655745685100555e-11
13.66	4.3655745685100555e-11
13.67	4.3655745685100555e-11
13.68	4.3655745685100555e-11
13.69	4.3655745685100555e-11
13.7	4.3655745685100555e-11
13.71	4.3655745685100555e-11
13.72	4.3655745685100555e-11
13.73	4.3655745685100555e-11
13.74	4.3655745685100555e-11
13.75	4.3655745685100555e-11
13.76	4.3655745685100555e-11
13.77	4.3655745685100555e-11
13.78	4.3655745685100555e-11
13.79	4.3655745685100555e-11
13.8	4.3655745685100555e-11
13.81	4.3655745685100555e-11
13.82	4.3655745685100555e-11
13.83	4.3655745685100555e-11
13.84	2.9103830456733704e-11
13.85	2.9103830456733704e-11
13.86	2.9103830456733704e-11
13.87	2.9103830456733704e-11
13.88	2.9103830456733704e-11
13.89	2.9103830456733704e-11
13.9	2.9103830456733704e-11
13.91	2.9103830456733704e-11
13.92	2.9103830456733704e-11
13.93	2.9103830456733704e-11
13.94	2.9103830456733704e-11
13.95	2.9103830456733704e-11
13.96	2.9103830456733704e-11
13.97	2.9103830456733704e-11
13.98	2.9103830456733704e-11
13.99	2.9103830456733704e-11
14.0	2.9103830456733704e-11
14.01	2.9103830456733704e-11
14.02	1.4551915228366852e-11
14.03	0.0
