5.58	0.000500096008181572
5.59	0.0004949187859892845
5.6	0.0004898728802800179
5.61	0.0004848577082157135
5.62	0.00047991611063480377
5.63	0.0004751831293106079
5.64	0.0004703942686319351
5.65	0.00046565569937229156
5.66	0.0004608817398548126
5.67	0.0004561152309179306
5.68	0.000451456755399704
5.69	0.0004466688260436058
5.7	0.0004420848563313484
5.71	0.00043742265552282333
5.72	0.0004329066723585129
5.73	0.00042847543954849243
5.74	0.00042413268238306046
5.75	0.0004198458045721054
5.76	0.00041561946272850037
5.77	0.0004113968461751938
5.78	0.0004071732982993126
5.79	0.0004030093550682068
5.8	0.0003987625241279602
5.81	0.0003945520147681236
5.82	0.0003904299810528755
5.83	0.00038627348840236664
5.84	0.0003822045400738716
5.85	0.00037826038897037506
5.86	0.00037427153438329697
5.87	0.00037042051553726196
5.88	0.00036666542291641235
5.89	0.00036291591823101044
5.9	0.00035921111702919006
5.91	0.0003555193543434143
5.92	0.0003517055884003639
5.93	0.00034789368510246277
5.94	0.0003441460430622101
5.95	0.0003403909504413605
5.96	0.000336717814207077
5.97	0.0003331713378429413
5.98	0.00032962020486593246
5.99	0.0003262422978878021
6.0	0.00032287556678056717
6.01	0.0003195265308022499
6.02	0.00031617656350135803
6.03	0.0003128843382000923
6.04	0.0003095092251896858
6.05	0.0003061806783080101
6.06	0.00030288100242614746
6.07	0.00029955804347991943
6.08	0.000296260230243206
6.09	0.0002929810434579849
6.1	0.00028984900563955307
6.11	0.0002867234870791435
6.12	0.0002837181091308594
6.13	0.0002807900309562683
6.14	0.0002778517082333565
6.15	0.0002748677507042885
6.16	0.00027202069759368896
6.17	0.0002690432593226433
6.18	0.0002661067992448807
6.19	0.00026307813823223114
6.2	0.0002602245658636093
6.21	0.0002573234960436821
6.22	0.00025447551161050797
6.23	0.0002517150714993477
6.24	0.00024902261793613434
6.25	0.0002463674172759056
6.26	0.00024373643100261688
6.27	0.00024108868092298508
6.28	0.00023849494755268097
6.29	0.00023584812879562378
6.3	0.0002332013100385666
6.31	0.00023059826344251633
6.32	0.00022802408784627914
6.33	0.00022542010992765427
6.34	0.00022294837981462479
6.35	0.00022047478705644608
6.36	0.0002180207520723343
6.37	0.0002156989648938179
6.38	0.00021336041390895844
6.39	0.00021099485456943512
6.4	0.00020870007574558258
6.41	0.0002063782885670662
6.42	0.00020403414964675903
6.43	0.0002017160877585411
6.44	0.00019940640777349472
6.45	0.0001971432939171791
6.46	0.00019493140280246735
6.47	0.0001927921548485756
6.48	0.00019061379134655
6.49	0.00018854718655347824
6.5	0.00018650759011507034
6.51	0.00018444471061229706
6.52	0.00018239207565784454
6.53	0.00018036272376775742
6.54	0.0001783045008778572
6.55	0.00017622113227844238
6.56	0.0001741945743560791
6.57	0.00017215125262737274
6.58	0.00017024297267198563
6.59	0.0001683644950389862
6.6	0.0001664627343416214
6.61	0.00016460847109556198
6.62	0.0001627868041396141
6.63	0.00016098935157060623
6.64	0.00015920773148536682
6.65	0.00015742983669042587
6.66	0.00015562213957309723
6.67	0.00015376508235931396
6.68	0.00015198811888694763
6.69	0.0001501506194472313
6.7	0.0001483755186200142
6.71	0.00014662742614746094
6.72	0.0001449817791581154
6.73	0.00014335662126541138
6.74	0.00014180783182382584
6.75	0.0001402227208018303
6.76	0.0001386469230055809
6.77	0.00013704318553209305
6.78	0.00013544224202632904
6.79	0.00013380032032728195
6.8	0.00013219937682151794
6.81	0.00013064872473478317
6.82	0.00012907851487398148
6.83	0.00012755487114191055
6.84	0.00012604892253875732
6.85	0.0001245848834514618
6.86	0.0001231720671057701
6.87	0.00012178625911474228
6.88	0.0001204274594783783
6.89	0.00011904630810022354
6.9	0.00011770147830247879
6.91	0.00011629238724708557
6.92	0.00011488981544971466
6.93	0.00011346675455570221
6.94	0.00011207256466150284
6.95	0.00011068489402532578
6.96	0.00010937266051769257
6.97	0.00010810233652591705
6.98	0.00010684318840503693
6.99	0.00010566040873527527
7.0	0.00010443385690450668
7.01	0.00010321196168661118
7.02	0.00010199286043643951
7.03	0.00010073184967041016
7.04	9.947456419467926e-05
7.05	9.828247129917145e-05
7.06	9.706709533929825e-05
7.07	9.589456021785736e-05
7.08	9.473413228988647e-05
7.09	9.356159716844559e-05
7.1	9.243004024028778e-05
7.11	9.13841649889946e-05
7.12	9.030941873788834e-05
7.13	8.92244279384613e-05
7.14	8.816458284854889e-05
7.15	8.707679808139801e-05
7.16	8.601415902376175e-05
7.17	8.49403440952301e-05
7.18	8.383952081203461e-05
7.19	8.279550820589066e-05
7.2	8.178409188985825e-05
7.21	8.082389831542969e-05
7.22	7.986743003129959e-05
7.23	7.890909910202026e-05
7.24	7.798895239830017e-05
7.25	7.705017924308777e-05
7.26	7.613096386194229e-05
7.27	7.517356425523758e-05
7.28	7.42422416806221e-05
7.29	7.329881191253662e-05
7.3	7.237959653139114e-05
7.31	7.145293056964874e-05
7.32	7.056258618831635e-05
7.33	6.970111280679703e-05
7.34	6.887596100568771e-05
7.35	6.808154284954071e-05
7.36	6.726477295160294e-05
7.37	6.644800305366516e-05
7.38	6.566476076841354e-05
7.39	6.482377648353577e-05
7.4	6.399303674697876e-05
7.41	6.315391510725021e-05
7.42	6.233900785446167e-05
7.43	6.15464523434639e-05
7.44	6.076600402593613e-05
7.45	6.002001464366913e-05
7.46	5.927029997110367e-05
7.47	5.854945629835129e-05
7.48	5.7862140238285065e-05
7.49	5.7172030210494995e-05
7.5	5.647540092468262e-05
7.51	5.578622221946716e-05
7.52	5.505606532096863e-05
7.53	5.432497709989548e-05
7.54	5.35864382982254e-05
7.55	5.286186933517456e-05
7.56	5.21540641784668e-05
7.57	5.149282515048981e-05
7.58	5.0829723477363586e-05
7.59	5.0244852900505066e-05
7.6	4.9627386033535004e-05
7.61	4.903227090835571e-05
7.62	4.842318594455719e-05
7.63	4.782341420650482e-05
7.64	4.720967262983322e-05
7.65	4.6581029891967773e-05
7.66	4.595611244440079e-05
7.67	4.534795880317688e-05
7.68	4.472024738788605e-05
7.69	4.414469003677368e-05
7.7	4.355795681476593e-05
7.71	4.298333078622818e-05
7.72	4.2446888983249664e-05
7.73	4.1937455534935e-05
7.74	4.141218960285187e-05
7.75	4.089530557394028e-05
7.76	4.0376558899879456e-05
7.77	3.98196280002594e-05
7.78	3.926735371351242e-05
7.79	3.871973603963852e-05
7.8	3.8173049688339233e-05
7.81	3.7670135498046875e-05
7.82	3.7171877920627594e-05
7.83	3.668665885925293e-05
7.84	3.620423376560211e-05
7.85	3.575161099433899e-05
7.86	3.529805690050125e-05
7.87	3.482867032289505e-05
7.88	3.435555845499039e-05
7.89	3.389362245798111e-05
7.9	3.343634307384491e-05
7.91	3.297347575426102e-05
7.92	3.252550959587097e-05
7.93	3.205426037311554e-05
7.94	3.160256892442703e-05
7.95	3.1186267733573914e-05
7.96	3.078393638134003e-05
7.97	3.0392780900001526e-05
7.98	3.0025839805603027e-05
7.99	2.963002771139145e-05
8.0	2.923421561717987e-05
8.01	2.8828158974647522e-05
8.02	2.8415583074092865e-05
8.03	2.8028152883052826e-05
8.04	2.7636997401714325e-05
8.05	2.7245841920375824e-05
8.06	2.687983214855194e-05
8.07	2.6543624699115753e-05
8.08	2.618599683046341e-05
8.09	2.5857239961624146e-05
8.1	2.5523826479911804e-05
8.11	2.519134432077408e-05
8.12	2.4860724806785583e-05
8.13	2.4522654712200165e-05
8.14	2.4176202714443207e-05
8.15	2.38148495554924e-05
8.16	2.3456290364265442e-05
8.17	2.3126602172851562e-05
8.18	2.279970794916153e-05
8.19	2.2506341338157654e-05
8.2	2.2205524146556854e-05
8.21	2.193264663219452e-05
8.22	2.1661631762981415e-05
8.23	2.1367333829402924e-05
8.24	2.1083280444145203e-05
8.25	2.0801089704036713e-05
8.26	2.0495615899562836e-05
8.27	2.019200474023819e-05
8.28	1.9887462258338928e-05
8.29	1.9585713744163513e-05
8.3	1.930445432662964e-05
8.31	1.901760697364807e-05
8.32	1.8758699297904968e-05
8.33	1.8534250557422638e-05
8.34	1.828838139772415e-05
8.35	1.804996281862259e-05
8.36	1.7813406884670258e-05
8.37	1.7564743757247925e-05
8.38	1.7313286662101746e-05
8.39	1.7054378986358643e-05
8.4	1.6782432794570923e-05
8.41	1.6528181731700897e-05
8.42	1.6259029507637024e-05
8.43	1.604761928319931e-05
8.44	1.5834346413612366e-05
8.45	1.5609897673130035e-05
8.46	1.5402212738990784e-05
8.47	1.5184283256530762e-05
8.48	1.4982186257839203e-05
8.49	1.4775432646274567e-05
8.5	1.45789235830307e-05
8.51	1.435447484254837e-05
8.52	1.4144927263259888e-05
8.53	1.3906508684158325e-05
8.54	1.369323581457138e-05
8.55	1.3471581041812897e-05
8.56	1.3263896107673645e-05
8.57	1.3076700270175934e-05
8.58	1.2898817658424377e-05
8.59	1.273956149816513e-05
8.6	1.256447285413742e-05
8.61	1.2382864952087402e-05
8.62	1.2187287211418152e-05
8.63	1.1986121535301208e-05
8.64	1.1791475117206573e-05
8.65	1.1616386473178864e-05
8.66	1.1440366506576538e-05
8.67	1.1274591088294983e-05
8.68	1.1101365089416504e-05
8.69	1.0930001735687256e-05
8.7	1.0769814252853394e-05
8.71	1.0614283382892609e-05
8.72	1.046154648065567e-05
8.73	1.0319054126739502e-05
8.74	1.0172836482524872e-05
8.75	1.001264899969101e-05
8.76	9.862706065177917e-06
8.77	9.710900485515594e-06
8.78	9.539537131786346e-06
8.79	9.381212294101715e-06
8.8	9.247101843357086e-06
8.81	9.117648005485535e-06
8.82	8.99285078048706e-06
8.83	8.874572813510895e-06
8.84	8.752569556236267e-06
8.85	8.625909686088562e-06
8.86	8.498318493366241e-06
8.87	8.361414074897766e-06
8.88	8.227303624153137e-06
8.89	8.089467883110046e-06
8.9	7.954426109790802e-06
8.91	7.842667400836945e-06
8.92	7.71787017583847e-06
8.93	7.598660886287689e-06
8.94	7.489696145057678e-06
8.95	7.3928385972976685e-06
8.96	7.3015689849853516e-06
8.97	7.1944668889045715e-06
8.98	7.092021405696869e-06
8.99	6.983056664466858e-06
9.0	6.858259439468384e-06
9.01	6.739981472492218e-06
9.02	6.617046892642975e-06
9.03	6.498768925666809e-06
9.04	6.398186087608337e-06
9.05	6.298534572124481e-06
9.06	6.216578185558319e-06
9.07	6.132759153842926e-06
9.08	6.04335218667984e-06
9.09	5.9623271226882935e-06
9.1	5.8785080909729e-06
9.11	5.782581865787506e-06
9.12	5.692243576049805e-06
9.13	5.600042641162872e-06
9.14	5.502253770828247e-06
9.15	5.393289029598236e-06
9.16	5.2908435463905334e-06
9.17	5.208887159824371e-06
9.18	5.129724740982056e-06
9.19	5.0533562898635864e-06
9.2	4.990026354789734e-06
9.21	4.9192458391189575e-06
9.22	4.851259291172028e-06
9.23	4.773959517478943e-06
9.24	4.698522388935089e-06
9.25	4.61190938949585e-06
9.26	4.527159035205841e-06
9.27	4.435889422893524e-06
9.28	4.366040229797363e-06
9.29	4.2887404561042786e-06
9.3	4.225410521030426e-06
9.31	4.152767360210419e-06
9.32	4.090368747711182e-06
9.33	4.0316954255104065e-06
9.34	3.9674341678619385e-06
9.35	3.910623490810394e-06
9.36	3.851018846035004e-06
9.37	3.773719072341919e-06
9.38	3.7066638469696045e-06
9.39	3.6386772990226746e-06
9.4	3.5641714930534363e-06
9.41	3.5017728805541992e-06
9.42	3.4365803003311157e-06
9.43	3.3872202038764954e-06
9.44	3.343448042869568e-06
9.45	3.2847747206687927e-06
9.46	3.232620656490326e-06
9.47	3.1851232051849365e-06
9.48	3.1329691410064697e-06
9.49	3.0687078833580017e-06
9.5	3.0212104320526123e-06
9.51	2.9746443033218384e-06
9.52	2.9187649488449097e-06
9.53	2.859160304069519e-06
9.54	2.8060749173164368e-06
9.55	2.7567148208618164e-06
9.56	2.716667950153351e-06
9.57	2.680346369743347e-06
9.58	2.6440247893333435e-06
9.59	2.6049092411994934e-06
9.6	2.555549144744873e-06
9.61	2.5173649191856384e-06
9.62	2.466142177581787e-06
9.63	2.4102628231048584e-06
9.64	2.3599714040756226e-06
9.65	2.3227185010910034e-06
9.66	2.2873282432556152e-06
9.67	2.2472813725471497e-06
9.68	2.2137537598609924e-06
9.69	2.1867454051971436e-06
9.7	2.1560117602348328e-06
9.71	2.1168962121009827e-06
9.72	2.086162567138672e-06
9.73	2.0498409867286682e-06
9.74	2.010725438594818e-06
9.75	1.967884600162506e-06
9.76	1.930631697177887e-06
9.77	1.8915161490440369e-06
9.78	1.8551945686340332e-06
9.79	1.8142163753509521e-06
9.8	1.7881393432617188e-06
9.81	1.7648562788963318e-06
9.82	1.7406418919563293e-06
9.83	1.7210841178894043e-06
9.84	1.6978010535240173e-06
9.85	1.6652047634124756e-06
9.86	1.6279518604278564e-06
9.87	1.5953555703163147e-06
9.88	1.564621925354004e-06
9.89	1.5227124094963074e-06
9.9	1.492910087108612e-06
9.91	1.4659017324447632e-06
9.92	1.4435499906539917e-06
9.93	1.4184042811393738e-06
9.94	1.3988465070724487e-06
9.95	1.3830140233039856e-06
9.96	1.3653188943862915e-06
9.97	1.341104507446289e-06
9.98	1.3150274753570557e-06
9.99	1.2898817658424377e-06
10.0	1.255422830581665e-06
10.01	1.218169927597046e-06
10.02	1.1967495083808899e-06
10.03	1.1706724762916565e-06
10.04	1.1529773473739624e-06
10.05	1.1343508958816528e-06
10.06	1.1203810572624207e-06
10.07	1.0961666703224182e-06
10.08	1.0775402188301086e-06
10.09	1.0617077350616455e-06
10.1	1.0440126061439514e-06
10.11	1.0188668966293335e-06
10.12	9.96515154838562e-07
10.13	9.78820025920868e-07
10.14	9.5367431640625e-07
10.15	9.275972843170166e-07
10.16	8.987262845039368e-07
10.17	8.87550413608551e-07
10.18	8.773058652877808e-07
10.19	8.586794137954712e-07
10.2	8.456408977508545e-07
10.21	8.391216397285461e-07
10.22	8.167698979377747e-07
10.23	7.981434464454651e-07
10.24	7.832422852516174e-07
10.25	7.646158337593079e-07
10.26	7.441267371177673e-07
10.27	7.282942533493042e-07
10.28	7.171183824539185e-07
10.29	7.040798664093018e-07
10.3	6.919726729393005e-07
10.31	6.789341568946838e-07
10.32	6.7148357629776e-07
10.33	6.556510925292969e-07
10.34	6.388872861862183e-07
10.35	6.323680281639099e-07
10.36	6.230548024177551e-07
10.37	6.044283509254456e-07
10.38	5.867332220077515e-07
10.39	5.764886736869812e-07
10.4	5.62518835067749e-07
10.41	5.476176738739014e-07
10.42	5.420297384262085e-07
10.43	5.364418029785156e-07
10.44	5.308538675308228e-07
10.45	5.19677996635437e-07
10.46	5.140900611877441e-07
10.47	5.00120222568512e-07
10.48	4.870817065238953e-07
10.49	4.721805453300476e-07
10.5	4.628673195838928e-07
10.51	4.55416738986969e-07
10.52	4.4517219066619873e-07
10.53	4.33996319770813e-07
10.54	4.2747706174850464e-07
10.55	4.172325134277344e-07
10.56	4.12575900554657e-07
10.57	4.10713255405426e-07
10.58	4.079192876815796e-07
10.59	3.976747393608093e-07
10.6	3.855675458908081e-07
10.61	3.7904828786849976e-07
10.62	3.6694109439849854e-07
10.63	3.511086106300354e-07
10.64	3.4086406230926514e-07
10.65	3.3620744943618774e-07
10.66	3.3155083656311035e-07
10.67	3.2689422369003296e-07
10.68	3.2223761081695557e-07
10.69	3.203749656677246e-07
10.7	3.157183527946472e-07
10.71	3.073364496231079e-07
10.72	3.0081719160079956e-07
10.73	2.942979335784912e-07
10.74	2.8405338525772095e-07
10.75	2.7567148208618164e-07
10.76	2.7101486921310425e-07
10.77	2.6170164346694946e-07
10.78	2.514570951461792e-07
10.79	2.4866312742233276e-07
10.8	2.468004822731018e-07
10.81	2.430751919746399e-07
10.82	2.384185791015625e-07
10.83	2.3562461137771606e-07
10.84	2.3189932107925415e-07
10.85	2.2351741790771484e-07
10.86	2.1327286958694458e-07
10.87	2.076849341392517e-07
10.88	2.0023435354232788e-07
10.89	1.9278377294540405e-07
10.9	1.8719583749771118e-07
10.91	1.8440186977386475e-07
10.92	1.8067657947540283e-07
10.93	1.7695128917694092e-07
10.94	1.7415732145309448e-07
10.95	1.7229467630386353e-07
10.96	1.6577541828155518e-07
10.97	1.6298145055770874e-07
10.98	1.5925616025924683e-07
10.99	1.5273690223693848e-07
11.0	1.4528632164001465e-07
11.01	1.4156103134155273e-07
11.02	1.3690441846847534e-07
11.03	1.341104507446289e-07
11.04	1.3131648302078247e-07
11.05	1.30385160446167e-07
11.06	1.2945383787155151e-07
11.07	1.2293457984924316e-07
11.08	1.2014061212539673e-07
11.09	1.2014061212539673e-07
11.1	1.1827796697616577e-07
11.11	1.126900315284729e-07
11.12	1.0896474123001099e-07
11.13	1.0617077350616455e-07
11.14	1.0337680578231812e-07
11.15	1.0058283805847168e-07
11.16	9.872019290924072e-08
11.17	9.778887033462524e-08
11.18	9.592622518539429e-08
11.19	9.499490261077881e-08
11.2	9.406358003616333e-08
11.21	9.12696123123169e-08
11.22	8.847564458847046e-08
11.23	8.568167686462402e-08
11.24	8.381903171539307e-08
11.25	7.916241884231567e-08
11.26	7.636845111846924e-08
11.27	7.636845111846924e-08
11.28	7.636845111846924e-08
11.29	7.450580596923828e-08
11.3	7.35744833946228e-08
11.31	7.35744833946228e-08
11.32	7.264316082000732e-08
11.33	6.984919309616089e-08
11.34	6.705522537231445e-08
11.35	6.612390279769897e-08
11.36	6.51925802230835e-08
11.37	6.239861249923706e-08
11.38	5.960464477539063e-08
11.39	5.8673322200775146e-08
11.4	5.494803190231323e-08
11.41	5.494803190231323e-08
11.42	5.494803190231323e-08
11.43	5.494803190231323e-08
11.44	5.494803190231323e-08
11.45	5.3085386753082275e-08
11.46	5.122274160385132e-08
11.47	5.029141902923584e-08
11.48	4.563480615615845e-08
11.49	4.470348358154297e-08
11.5	4.470348358154297e-08
11.51	4.0978193283081055e-08
11.52	3.91155481338501e-08
11.53	3.91155481338501e-08
11.54	3.818422555923462e-08
11.55	3.725290298461914e-08
11.56	3.725290298461914e-08
11.57	3.725290298461914e-08
11.58	3.725290298461914e-08
11.59	3.5390257835388184e-08
11.6	3.166496753692627e-08
11.61	3.073364496231079e-08
11.62	2.8870999813079834e-08
11.63	2.7008354663848877e-08
11.64	2.7008354663848877e-08
11.65	2.514570951461792e-08
11.66	2.421438694000244e-08
11.67	2.421438694000244e-08
11.68	2.421438694000244e-08
11.69	2.421438694000244e-08
11.7	2.2351741790771484e-08
11.71	2.1420419216156006e-08
11.72	2.1420419216156006e-08
11.73	1.955777406692505e-08
11.74	1.7695128917694092e-08
11.75	1.7695128917694092e-08
11.76	1.6763806343078613e-08
11.77	1.5832483768463135e-08
11.78	1.4901161193847656e-08
11.79	1.4901161193847656e-08
11.8	1.4901161193847656e-08
11.81	1.3969838619232178e-08
11.82	1.3969838619232178e-08
11.83	1.3969838619232178e-08
11.84	1.3969838619232178e-08
11.85	1.210719347000122e-08
11.86	1.1175870895385742e-08
11.87	1.0244548320770264e-08
11.88	1.0244548320770264e-08
11.89	1.0244548320770264e-08
11.9	1.0244548320770264e-08
11.91	1.0244548320770264e-08
11.92	9.313225746154785e-09
11.93	9.313225746154785e-09
11.94	9.313225746154785e-09
11.95	8.381903171539307e-09
11.96	8.381903171539307e-09
11.97	8.381903171539307e-09
11.98	8.381903171539307e-09
11.99	7.450580596923828e-09
12.0	6.51925802230835e-09
12.01	6.51925802230835e-09
12.02	6.51925802230835e-09
12.03	6.51925802230835e-09
12.04	6.51925802230835e-09
12.05	6.51925802230835e-09
12.06	6.51925802230835e-09
12.07	5.587935447692871e-09
12.08	5.587935447692871e-09
12.09	5.587935447692871e-09
12.1	5.587935447692871e-09
12.11	5.587935447692871e-09
12.12	5.587935447692871e-09
12.13	4.6566128730773926e-09
12.14	4.6566128730773926e-09
12.15	4.6566128730773926e-09
12.16	4.6566128730773926e-09
12.17	4.6566128730773926e-09
12.18	4.6566128730773926e-09
12.19	4.6566128730773926e-09
12.2	4.6566128730773926e-09
12.21	4.6566128730773926e-09
12.22	3.725290298461914e-09
12.23	3.725290298461914e-09
12.24	3.725290298461914e-09
12.25	2.7939677238464355e-09
12.26	2.7939677238464355e-09
12.27	2.7939677238464355e-09
12.28	2.7939677238464355e-09
12.29	2.7939677238464355e-09
12.3	2.7939677238464355e-09
12.31	2.7939677238464355e-09
12.32	2.7939677238464355e-09
12.33	1.862645149230957e-09
12.34	1.862645149230957e-09
12.35	1.862645149230957e-09
12.36	1.862645149230957e-09
12.37	1.862645149230957e-09
12.38	1.862645149230957e-09
12.39	9.313225746154785e-10
12.4	9.313225746154785e-10
12.41	9.313225746154785e-10
12.42	9.313225746154785e-10
12.43	9.313225746154785e-10
12.44	9.313225746154785e-10
12.45	9.313225746154785e-10
12.46	9.313225746154785e-10
12.47	0.0
