5.63	0.0005006790161132812
5.64	0.0004968643188476562
5.65	0.0004892349243164062
5.66	0.0004863739013671875
5.67	0.0004787445068359375
5.68	0.00047588348388671875
5.69	0.00047016143798828125
5.7	0.00046634674072265625
5.71	0.000461578369140625
5.72	0.000457763671875
5.73	0.0004444122314453125
5.74	0.00043582916259765625
5.75	0.0004329681396484375
5.76	0.00042819976806640625
5.77	0.0004253387451171875
5.78	0.000423431396484375
5.79	0.00041961669921875
5.8	0.0004138946533203125
5.81	0.00040721893310546875
5.82	0.00040340423583984375
5.83	0.00040149688720703125
5.84	0.00039768218994140625
5.85	0.00039577484130859375
5.86	0.00038909912109375
5.87	0.00038623809814453125
5.88	0.00038051605224609375
5.89	0.0003719329833984375
5.9	0.00036716461181640625
5.91	0.000362396240234375
5.92	0.00035953521728515625
5.93	0.00035572052001953125
5.94	0.000354766845703125
5.95	0.00035381317138671875
5.96	0.00035190582275390625
5.97	0.0003452301025390625
5.98	0.0003414154052734375
5.99	0.00033473968505859375
6.0	0.00033283233642578125
6.01	0.0003299713134765625
6.02	0.00032901763916015625
6.03	0.0003261566162109375
6.04	0.000324249267578125
6.05	0.0003223419189453125
6.06	0.000316619873046875
6.07	0.00031375885009765625
6.08	0.0003070831298828125
6.09	0.0003032684326171875
6.1	0.00030040740966796875
6.11	0.00029850006103515625
6.12	0.00029659271240234375
6.13	0.00029277801513671875
6.14	0.0002899169921875
6.15	0.000286102294921875
6.16	0.0002803802490234375
6.17	0.00027561187744140625
6.18	0.0002727508544921875
6.19	0.00026988983154296875
6.2	0.00026702880859375
6.21	0.00026607513427734375
6.22	0.0002613067626953125
6.23	0.00025844573974609375
6.24	0.0002536773681640625
6.25	0.00025081634521484375
6.26	0.0002498626708984375
6.27	0.00024509429931640625
6.28	0.00024509429931640625
6.29	0.00024318695068359375
6.3	0.00024127960205078125
6.31	0.00023651123046875
6.32	0.000232696533203125
6.33	0.00022792816162109375
6.34	0.00022411346435546875
6.35	0.00022029876708984375
6.36	0.00021839141845703125
6.37	0.00021839141845703125
6.38	0.000217437744140625
6.39	0.0002155303955078125
6.4	0.00021266937255859375
6.41	0.00021076202392578125
6.42	0.00020313262939453125
6.43	0.00020122528076171875
6.44	0.00019741058349609375
6.45	0.00019550323486328125
6.46	0.0001926422119140625
6.47	0.00018978118896484375
6.48	0.0001888275146484375
6.49	0.00018787384033203125
6.5	0.0001850128173828125
6.51	0.00018310546875
6.52	0.00018024444580078125
6.53	0.000179290771484375
6.54	0.00017547607421875
6.55	0.00017452239990234375
6.56	0.0001735687255859375
6.57	0.00017261505126953125
6.58	0.00016689300537109375
6.59	0.0001621246337890625
6.6	0.00016021728515625
6.61	0.00015735626220703125
6.62	0.00015354156494140625
6.63	0.00015354156494140625
6.64	0.000152587890625
6.65	0.000152587890625
6.66	0.00014972686767578125
6.67	0.00014781951904296875
6.68	0.0001468658447265625
6.69	0.0001430511474609375
6.7	0.00013828277587890625
6.71	0.0001373291015625
6.72	0.00013446807861328125
6.73	0.00013446807861328125
6.74	0.000133514404296875
6.75	0.0001316070556640625
6.76	0.00013065338134765625
6.77	0.0001277923583984375
6.78	0.0001277923583984375
6.79	0.000125885009765625
6.8	0.000125885009765625
6.81	0.0001239776611328125
6.82	0.0001220703125
6.83	0.00012111663818359375
6.84	0.00011730194091796875
6.85	0.00011444091796875
6.86	0.000110626220703125
6.87	0.00010967254638671875
6.88	0.0001068115234375
6.89	0.00010585784912109375
6.9	0.00010585784912109375
6.91	0.00010585784912109375
6.92	0.00010585784912109375
6.93	0.0001049041748046875
6.94	0.00010395050048828125
6.95	0.000102996826171875
6.96	9.918212890625e-05
6.97	9.72747802734375e-05
6.98	9.72747802734375e-05
6.99	9.632110595703125e-05
7.0	9.5367431640625e-05
7.01	9.5367431640625e-05
7.02	9.34600830078125e-05
7.03	9.250640869140625e-05
7.04	8.96453857421875e-05
7.05	8.869171142578125e-05
7.06	8.7738037109375e-05
7.07	8.7738037109375e-05
7.08	8.7738037109375e-05
7.09	8.58306884765625e-05
7.1	8.487701416015625e-05
7.11	8.392333984375e-05
7.12	8.0108642578125e-05
7.13	7.724761962890625e-05
7.14	7.62939453125e-05
7.15	7.2479248046875e-05
7.16	7.2479248046875e-05
7.17	7.2479248046875e-05
7.18	7.152557373046875e-05
7.19	7.152557373046875e-05
7.2	6.961822509765625e-05
7.21	6.961822509765625e-05
7.22	6.961822509765625e-05
7.23	6.771087646484375e-05
7.24	6.67572021484375e-05
7.25	6.67572021484375e-05
7.26	6.580352783203125e-05
7.27	6.389617919921875e-05
7.28	6.198883056640625e-05
7.29	6.103515625e-05
7.3	6.103515625e-05
7.31	5.817413330078125e-05
7.32	5.817413330078125e-05
7.33	5.817413330078125e-05
7.34	5.817413330078125e-05
7.35	5.817413330078125e-05
7.36	5.7220458984375e-05
7.37	5.626678466796875e-05
7.38	5.435943603515625e-05
7.39	5.14984130859375e-05
7.4	4.9591064453125e-05
7.41	4.9591064453125e-05
7.42	4.673004150390625e-05
7.43	4.673004150390625e-05
7.44	4.673004150390625e-05
7.45	4.673004150390625e-05
7.46	4.673004150390625e-05
7.47	4.673004150390625e-05
7.48	4.57763671875e-05
7.49	4.57763671875e-05
7.5	4.38690185546875e-05
7.51	4.38690185546875e-05
7.52	4.291534423828125e-05
7.53	4.1961669921875e-05
7.54	4.100799560546875e-05
7.55	3.910064697265625e-05
7.56	3.910064697265625e-05
7.57	3.719329833984375e-05
7.58	3.62396240234375e-05
7.59	3.62396240234375e-05
7.6	3.62396240234375e-05
7.61	3.62396240234375e-05
7.62	3.62396240234375e-05
7.63	3.4332275390625e-05
7.64	3.337860107421875e-05
7.65	3.24249267578125e-05
7.66	3.147125244140625e-05
7.67	3.0517578125e-05
7.68	3.0517578125e-05
7.69	2.86102294921875e-05
7.7	2.86102294921875e-05
7.71	2.86102294921875e-05
7.72	2.86102294921875e-05
7.73	2.86102294921875e-05
7.74	2.86102294921875e-05
7.75	2.765655517578125e-05
7.76	2.765655517578125e-05
7.77	2.6702880859375e-05
7.78	2.574920654296875e-05
7.79	2.574920654296875e-05
7.8	2.384185791015625e-05
7.81	2.384185791015625e-05
7.82	2.193450927734375e-05
7.83	2.193450927734375e-05
7.84	2.09808349609375e-05
7.85	2.09808349609375e-05
7.86	2.09808349609375e-05
7.87	2.09808349609375e-05
7.88	2.09808349609375e-05
7.89	2.09808349609375e-05
7.9	2.002716064453125e-05
7.91	1.9073486328125e-05
7.92	1.811981201171875e-05
7.93	1.71661376953125e-05
7.94	1.71661376953125e-05
7.95	1.71661376953125e-05
7.96	1.71661376953125e-05
7.97	1.71661376953125e-05
7.98	1.71661376953125e-05
7.99	1.71661376953125e-05
8.0	1.621246337890625e-05
8.01	1.52587890625e-05
8.02	1.52587890625e-05
8.03	1.52587890625e-05
8.04	1.52587890625e-05
8.05	1.430511474609375e-05
8.06	1.430511474609375e-05
8.07	1.430511474609375e-05
8.08	1.430511474609375e-05
8.09	1.33514404296875e-05
8.1	1.33514404296875e-05
8.11	1.239776611328125e-05
8.12	1.1444091796875e-05
8.13	1.1444091796875e-05
8.14	1.1444091796875e-05
8.15	1.1444091796875e-05
8.16	1.049041748046875e-05
8.17	1.049041748046875e-05
8.18	1.049041748046875e-05
8.19	1.049041748046875e-05
8.2	1.049041748046875e-05
8.21	1.049041748046875e-05
8.22	1.049041748046875e-05
8.23	1.049041748046875e-05
8.24	1.049041748046875e-05
8.25	9.5367431640625e-06
8.26	9.5367431640625e-06
8.27	8.58306884765625e-06
8.28	8.58306884765625e-06
8.29	8.58306884765625e-06
8.3	8.58306884765625e-06
8.31	8.58306884765625e-06
8.32	8.58306884765625e-06
8.33	8.58306884765625e-06
8.34	8.58306884765625e-06
8.35	8.58306884765625e-06
8.36	6.67572021484375e-06
8.37	6.67572021484375e-06
8.38	5.7220458984375e-06
8.39	5.7220458984375e-06
8.4	5.7220458984375e-06
8.41	5.7220458984375e-06
8.42	5.7220458984375e-06
8.43	5.7220458984375e-06
8.44	5.7220458984375e-06
8.45	5.7220458984375e-06
8.46	5.7220458984375e-06
8.47	5.7220458984375e-06
8.48	5.7220458984375e-06
8.49	5.7220458984375e-06
8.5	5.7220458984375e-06
8.51	4.76837158203125e-06
8.52	4.76837158203125e-06
8.53	3.814697265625e-06
8.54	3.814697265625e-06
8.55	3.814697265625e-06
8.56	3.814697265625e-06
8.57	3.814697265625e-06
8.58	3.814697265625e-06
8.59	3.814697265625e-06
8.6	3.814697265625e-06
8.61	3.814697265625e-06
8.62	3.814697265625e-06
8.63	2.86102294921875e-06
8.64	2.86102294921875e-06
8.65	1.9073486328125e-06
8.66	1.9073486328125e-06
8.67	1.9073486328125e-06
8.68	1.9073486328125e-06
8.69	1.9073486328125e-06
8.7	1.9073486328125e-06
8.71	1.9073486328125e-06
8.72	1.9073486328125e-06
8.73	1.9073486328125e-06
8.74	1.9073486328125e-06
8.75	1.9073486328125e-06
8.76	1.9073486328125e-06
8.77	1.9073486328125e-06
8.78	9.5367431640625e-07
8.79	9.5367431640625e-07
8.8	9.5367431640625e-07
8.81	9.5367431640625e-07
8.82	9.5367431640625e-07
8.83	9.5367431640625e-07
8.84	9.5367431640625e-07
8.85	9.5367431640625e-07
8.86	9.5367431640625e-07
8.87	9.5367431640625e-07
8.88	9.5367431640625e-07
8.89	0.0
