5.68	0.0005012452602386475
5.69	0.0004952847957611084
5.7	0.0004903674125671387
5.71	0.0004849731922149658
5.72	0.0004798769950866699
5.73	0.00047422945499420166
5.74	0.0004688948392868042
5.75	0.0004634559154510498
5.76	0.0004590749740600586
5.77	0.00045296549797058105
5.78	0.00044749677181243896
5.79	0.0004422515630722046
5.8	0.00043696165084838867
5.81	0.0004318803548812866
5.82	0.00042754411697387695
5.83	0.0004233717918395996
5.84	0.0004191845655441284
5.85	0.0004140585660934448
5.86	0.00040946900844573975
5.87	0.0004045218229293823
5.88	0.0003994107246398926
5.89	0.00039486587047576904
5.9	0.00039139389991760254
5.91	0.0003872215747833252
5.92	0.0003823190927505493
5.93	0.00037807226181030273
5.94	0.0003740638494491577
5.95	0.0003708451986312866
5.96	0.0003662109375
5.97	0.00036203861236572266
5.98	0.0003578364849090576
5.99	0.0003539770841598511
6.0	0.0003499239683151245
6.01	0.0003460049629211426
6.02	0.00034205615520477295
6.03	0.0003380775451660156
6.04	0.0003333091735839844
6.05	0.0003293454647064209
6.06	0.00032664835453033447
6.07	0.00032266974449157715
6.08	0.0003186464309692383
6.09	0.0003142058849334717
6.1	0.00031054019927978516
6.11	0.00030644237995147705
6.12	0.0003030151128768921
6.13	0.00029978156089782715
6.14	0.0002961456775665283
6.15	0.0002930760383605957
6.16	0.0002900660037994385
6.17	0.00028693675994873047
6.18	0.0002835094928741455
6.19	0.00027970969676971436
6.2	0.0002761036157608032
6.21	0.00027295947074890137
6.22	0.0002697855234146118
6.23	0.0002668052911758423
6.24	0.0002636462450027466
6.25	0.0002606511116027832
6.26	0.0002577453851699829
6.27	0.0002548098564147949
6.28	0.0002514570951461792
6.29	0.0002483278512954712
6.3	0.0002456754446029663
6.31	0.000242576003074646
6.32	0.00023958086967468262
6.33	0.00023677945137023926
6.34	0.00023376941680908203
6.35	0.00022998452186584473
6.36	0.00022688508033752441
6.37	0.000224187970161438
6.38	0.00022199749946594238
6.39	0.00021950900554656982
6.4	0.0002165287733078003
6.41	0.00021384656429290771
6.42	0.00021150708198547363
6.43	0.00020906329154968262
6.44	0.0002063661813735962
6.45	0.00020369887351989746
6.46	0.00020073354244232178
6.47	0.00019878149032592773
6.48	0.00019659101963043213
6.49	0.00019437074661254883
6.5	0.00019180774688720703
6.51	0.0001895129680633545
6.52	0.0001872032880783081
6.53	0.00018523633480072021
6.54	0.00018315017223358154
6.55	0.00018100440502166748
6.56	0.0001783818006515503
6.57	0.0001761317253112793
6.58	0.00017376244068145752
6.59	0.00017143785953521729
6.6	0.0001690387725830078
6.61	0.0001672208309173584
6.62	0.000164717435836792
6.63	0.00016263127326965332
6.64	0.00016111135482788086
6.65	0.0001588761806488037
6.66	0.0001567751169204712
6.67	0.00015382468700408936
6.68	0.00015178322792053223
6.69	0.00014978647232055664
6.7	0.0001481771469116211
6.71	0.00014641880989074707
6.72	0.00014448165893554688
6.73	0.00014260411262512207
6.74	0.00014115869998931885
6.75	0.00013950467109680176
6.76	0.00013780593872070312
6.77	0.00013577938079833984
6.78	0.00013355910778045654
6.79	0.00013178586959838867
6.8	0.00013014674186706543
6.81	0.0001287013292312622
6.82	0.0001272261142730713
6.83	0.0001252591609954834
6.84	0.00012390315532684326
6.85	0.00012257695198059082
6.86	0.00012101233005523682
6.87	0.00011946260929107666
6.88	0.0001179426908493042
6.89	0.00011608004570007324
6.9	0.00011405348777770996
6.91	0.00011228024959564209
6.92	0.00011101365089416504
6.93	0.00010982155799865723
6.94	0.00010810792446136475
6.95	0.00010673701763153076
6.96	0.0001055002212524414
6.97	0.00010432302951812744
6.98	0.00010274350643157959
6.99	0.00010083615779876709
7.0	9.922683238983154e-05
7.01	9.784102439880371e-05
7.02	9.655952453613281e-05
7.03	9.50843095779419e-05
7.04	9.40561294555664e-05
7.05	9.308755397796631e-05
7.06	9.201467037200928e-05
7.07	9.080767631530762e-05
7.08	8.949637413024902e-05
7.09	8.830428123474121e-05
7.1	8.678436279296875e-05
7.11	8.574128150939941e-05
7.12	8.441507816314697e-05
7.13	8.341670036315918e-05
7.14	8.212029933929443e-05
7.15	8.083879947662354e-05
7.16	7.98255205154419e-05
7.17	7.843971252441406e-05
7.18	7.76052474975586e-05
7.19	7.654726505279541e-05
7.2	7.525086402893066e-05
7.21	7.40736722946167e-05
7.22	7.309019565582275e-05
7.23	7.224082946777344e-05
7.24	7.089972496032715e-05
7.25	6.985664367675781e-05
7.26	6.861984729766846e-05
7.27	6.76959753036499e-05
7.28	6.692111492156982e-05
7.29	6.595253944396973e-05
7.3	6.514787673950195e-05
7.31	6.39110803604126e-05
7.32	6.312131881713867e-05
7.33	6.207823753356934e-05
7.34	6.122887134552002e-05
7.35	6.0439109802246094e-05
7.36	5.9545040130615234e-05
7.37	5.8963894844055176e-05
7.38	5.78463077545166e-05
7.39	5.704164505004883e-05
7.4	5.6415796279907227e-05
7.41	5.544722080230713e-05
7.42	5.46574592590332e-05
7.43	5.395710468292236e-05
7.44	5.3063035011291504e-05
7.45	5.24669885635376e-05
7.46	5.1602721214294434e-05
7.47	5.0634145736694336e-05
7.48	4.978477954864502e-05
7.49	4.900991916656494e-05
7.5	4.820525646209717e-05
7.51	4.760921001434326e-05
7.52	4.678964614868164e-05
7.53	4.6312808990478516e-05
7.54	4.571676254272461e-05
7.55	4.503130912780762e-05
7.56	4.4032931327819824e-05
7.57	4.322826862335205e-05
7.58	4.234910011291504e-05
7.59	4.169344902038574e-05
7.6	4.0978193283081055e-05
7.61	4.060566425323486e-05
7.62	3.9905309677124023e-05
7.63	3.93986701965332e-05
7.64	3.889203071594238e-05
7.65	3.835558891296387e-05
7.66	3.7863850593566895e-05
7.67	3.723800182342529e-05
7.68	3.6582350730895996e-05
7.69	3.600120544433594e-05
7.7	3.522634506225586e-05
7.71	3.463029861450195e-05
7.72	3.4049153327941895e-05
7.73	3.3482909202575684e-05
7.74	3.299117088317871e-05
7.75	3.255903720855713e-05
7.76	3.215670585632324e-05
7.77	3.159046173095703e-05
7.78	3.097951412200928e-05
7.79	3.0368566513061523e-05
7.8	2.9861927032470703e-05
7.81	2.919137477874756e-05
7.82	2.86102294921875e-05
7.83	2.8148293495178223e-05
7.84	2.779066562652588e-05
7.85	2.7477741241455078e-05
7.86	2.7105212211608887e-05
7.87	2.664327621459961e-05
7.88	2.60770320892334e-05
7.89	2.5510787963867188e-05
7.9	2.4959444999694824e-05
7.91	2.4586915969848633e-05
7.92	2.4303793907165527e-05
7.93	2.3812055587768555e-05
7.94	2.3484230041503906e-05
7.95	2.3186206817626953e-05
7.96	2.276897430419922e-05
7.97	2.2426247596740723e-05
7.98	2.2083520889282227e-05
7.99	2.174079418182373e-05
8.0	2.135336399078369e-05
8.01	2.09808349609375e-05
8.02	2.0489096641540527e-05
8.03	2.0250678062438965e-05
8.04	1.9997358322143555e-05
8.05	1.940131187438965e-05
8.06	1.9088387489318848e-05
8.07	1.8835067749023438e-05
8.08	1.849234104156494e-05
8.09	1.8224120140075684e-05
8.1	1.7702579498291016e-05
8.11	1.7449259757995605e-05
8.12	1.7076730728149414e-05
8.13	1.665949821472168e-05
8.14	1.6257166862487793e-05
8.15	1.5929341316223145e-05
8.16	1.5780329704284668e-05
8.17	1.5527009963989258e-05
8.18	1.519918441772461e-05
8.19	1.4916062355041504e-05
8.2	1.4677643775939941e-05
8.21	1.436471939086914e-05
8.22	1.411139965057373e-05
8.23	1.3872981071472168e-05
8.24	1.3560056686401367e-05
8.25	1.3381242752075195e-05
8.26	1.3083219528198242e-05
8.27	1.290440559387207e-05
8.28	1.2636184692382812e-05
8.29	1.2323260307312012e-05
8.3	1.214444637298584e-05
8.31	1.1846423149108887e-05
8.32	1.1652708053588867e-05
8.33	1.1518597602844238e-05
8.34	1.1280179023742676e-05
8.35	1.1146068572998047e-05
8.36	1.074373722076416e-05
8.37	1.0356307029724121e-05
8.38	1.0207295417785645e-05
8.39	1.0088086128234863e-05
8.4	9.909272193908691e-06
8.41	9.611248970031738e-06
8.42	9.492039680480957e-06
8.43	9.34302806854248e-06
8.44	9.238719940185547e-06
8.45	9.045004844665527e-06
8.46	8.821487426757812e-06
8.47	8.58306884765625e-06
8.48	8.344650268554688e-06
8.49	8.255243301391602e-06
8.5	8.091330528259277e-06
8.51	7.972121238708496e-06
8.52	7.748603820800781e-06
8.53	7.644295692443848e-06
8.54	7.495284080505371e-06
8.55	7.3909759521484375e-06
8.56	7.286667823791504e-06
8.57	7.12275505065918e-06
8.58	6.943941116333008e-06
8.59	6.780028343200684e-06
8.6	6.496906280517578e-06
8.61	6.377696990966797e-06
8.62	6.303191184997559e-06
8.63	6.154179573059082e-06
8.64	5.97536563873291e-06
8.65	5.900859832763672e-06
8.66	5.796551704406738e-06
8.67	5.736947059631348e-06
8.68	5.4389238357543945e-06
8.69	5.200505256652832e-06
8.7	5.081295967102051e-06
8.71	5.02169132232666e-06
8.72	4.813075065612793e-06
8.73	4.76837158203125e-06
8.74	4.708766937255859e-06
8.75	4.678964614868164e-06
8.76	4.544854164123535e-06
8.77	4.455447196960449e-06
8.78	4.395842552185059e-06
8.79	4.1425228118896484e-06
8.8	4.038214683532715e-06
8.81	3.948807716369629e-06
8.82	3.904104232788086e-06
8.83	3.829598426818848e-06
8.84	3.7103891372680664e-06
8.85	3.6656856536865234e-06
8.86	3.5762786865234375e-06
8.87	3.4868717193603516e-06
8.88	3.4570693969726562e-06
8.89	3.3676624298095703e-06
8.9	3.2633543014526367e-06
8.91	3.0994415283203125e-06
8.92	3.0100345611572266e-06
8.93	2.950429916381836e-06
8.94	2.8908252716064453e-06
8.95	2.7567148208618164e-06
8.96	2.7120113372802734e-06
8.97	2.7120113372802734e-06
8.98	2.6673078536987305e-06
8.99	2.592802047729492e-06
9.0	2.4437904357910156e-06
9.01	2.4139881134033203e-06
9.02	2.294778823852539e-06
9.03	2.1904706954956055e-06
9.04	2.16066837310791e-06
9.05	2.115964889526367e-06
9.06	2.1010637283325195e-06
9.07	2.041459083557129e-06
9.08	2.0116567611694336e-06
9.09	1.9222497940063477e-06
9.1	1.8328428268432617e-06
9.11	1.7881393432617188e-06
9.12	1.7285346984863281e-06
9.13	1.6987323760986328e-06
9.14	1.6838312149047852e-06
9.15	1.6242265701293945e-06
9.16	1.564621925354004e-06
9.17	1.5497207641601562e-06
9.18	1.4901161193847656e-06
9.19	1.4603137969970703e-06
9.2	1.430511474609375e-06
9.21	1.3709068298339844e-06
9.22	1.296401023864746e-06
9.23	1.2516975402832031e-06
9.24	1.2218952178955078e-06
9.25	1.2218952178955078e-06
9.26	1.1622905731201172e-06
9.27	1.0728836059570312e-06
9.28	1.0281801223754883e-06
9.29	1.0281801223754883e-06
9.3	1.0281801223754883e-06
9.31	1.0281801223754883e-06
9.32	9.387731552124023e-07
9.33	9.08970832824707e-07
9.34	8.493661880493164e-07
9.35	8.344650268554688e-07
9.36	8.046627044677734e-07
9.37	8.046627044677734e-07
9.38	8.046627044677734e-07
9.39	7.450580596923828e-07
9.4	7.152557373046875e-07
9.41	6.854534149169922e-07
9.42	6.854534149169922e-07
9.43	6.556510925292969e-07
9.44	6.556510925292969e-07
9.45	6.258487701416016e-07
9.46	6.109476089477539e-07
9.47	6.109476089477539e-07
9.48	5.811452865600586e-07
9.49	5.811452865600586e-07
9.5	4.917383193969727e-07
9.51	4.917383193969727e-07
9.52	4.917383193969727e-07
9.53	4.6193599700927734e-07
9.54	4.470348358154297e-07
9.55	4.470348358154297e-07
9.56	4.470348358154297e-07
9.57	4.470348358154297e-07
9.58	3.8743019104003906e-07
9.59	3.2782554626464844e-07
9.6	3.2782554626464844e-07
9.61	3.2782554626464844e-07
9.62	3.2782554626464844e-07
9.63	3.2782554626464844e-07
9.64	2.980232238769531e-07
9.65	2.980232238769531e-07
9.66	2.8312206268310547e-07
9.67	2.8312206268310547e-07
9.68	2.8312206268310547e-07
9.69	2.8312206268310547e-07
9.7	2.2351741790771484e-07
9.71	1.9371509552001953e-07
9.72	1.9371509552001953e-07
9.73	1.9371509552001953e-07
9.74	1.9371509552001953e-07
9.75	1.9371509552001953e-07
9.76	1.9371509552001953e-07
9.77	1.7881393432617188e-07
9.78	1.7881393432617188e-07
9.79	1.7881393432617188e-07
9.8	1.7881393432617188e-07
9.81	1.1920928955078125e-07
9.82	8.940696716308594e-08
9.83	8.940696716308594e-08
9.84	8.940696716308594e-08
9.85	8.940696716308594e-08
9.86	8.940696716308594e-08
9.87	8.940696716308594e-08
9.88	8.940696716308594e-08
9.89	8.940696716308594e-08
9.9	8.940696716308594e-08
9.91	5.960464477539063e-08
9.92	5.960464477539063e-08
9.93	5.960464477539063e-08
9.94	5.960464477539063e-08
9.95	5.960464477539063e-08
9.96	5.960464477539063e-08
9.97	5.960464477539063e-08
9.98	5.960464477539063e-08
9.99	5.960464477539063e-08
10.0	5.960464477539063e-08
10.01	5.960464477539063e-08
10.02	5.960464477539063e-08
10.03	2.9802322387695312e-08
10.04	2.9802322387695312e-08
10.05	2.9802322387695312e-08
10.06	2.9802322387695312e-08
10.07	2.9802322387695312e-08
10.08	2.9802322387695312e-08
10.09	2.9802322387695312e-08
10.1	2.9802322387695312e-08
10.11	2.9802322387695312e-08
10.12	2.9802322387695312e-08
10.13	2.9802322387695312e-08
10.14	0.0
