5.41	0.000502288865391165
5.42	0.0004981827223673463
5.43	0.0004939794889651239
5.44	0.0004896473255939782
5.45	0.00048559525748714805
5.46	0.00048160157166421413
5.47	0.00047747133066877723
5.48	0.0004732503439299762
5.49	0.000469375925604254
5.5	0.00046545243822038174
5.51	0.00046140834456309676
5.52	0.0004574433551169932
5.53	0.00045363063691183925
5.54	0.00044973689364269376
5.55	0.00044587417505681515
5.56	0.0004420576151460409
5.57	0.0004383583436720073
5.58	0.0004346268833614886
5.59	0.00043079513125121593
5.6	0.00042713055154308677
5.61	0.0004235779051668942
5.62	0.0004199110553599894
5.63	0.00041621580021455884
5.64	0.00041270104702562094
5.65	0.0004092052695341408
5.66	0.00040555326268076897
5.67	0.0004020347259938717
5.68	0.0003986683441326022
5.69	0.00039520952850580215
5.7	0.00039172580000013113
5.71	0.00038829364348202944
5.72	0.0003850453067570925
5.73	0.0003817077958956361
5.74	0.0003783055581152439
5.75	0.00037498923484236
5.76	0.0003718803054653108
5.77	0.0003685911069624126
5.78	0.00036530086072161794
5.79	0.00036216393345966935
5.8	0.0003590587293729186
5.81	0.0003558867028914392
5.82	0.0003527120570652187
5.83	0.00034966174280270934
5.84	0.00034668820444494486
5.85	0.00034357456024736166
5.86	0.0003405160387046635
5.87	0.00033762038219720125
5.88	0.0003346561570651829
5.89	0.00033165072090923786
5.9	0.000328749418258667
5.91	0.00032591685885563493
5.92	0.0003230053698644042
5.93	0.00032008602283895016
5.94	0.0003172470023855567
5.95	0.0003145326627418399
5.96	0.0003117005107924342
5.97	0.00030886585591360927
5.98	0.0003061647876165807
5.99	0.00030349992448464036
6.0	0.00030075659742578864
6.01	0.00029802083736285567
6.02	0.0002954654046334326
6.03	0.00029287708457559347
6.04	0.00029017054475843906
6.05	0.0002875627833418548
6.06	0.0002850965829566121
6.07	0.0002825249684974551
6.08	0.00027988821966573596
6.09	0.0002774170716293156
6.1	0.00027502141892910004
6.11	0.0002725006197579205
6.12	0.0002699739416129887
6.13	0.0002675940631888807
6.14	0.0002652519033290446
6.15	0.0002628221991471946
6.16	0.00026039796648547053
6.17	0.00025810895022004843
6.18	0.0002558276755735278
6.19	0.00025341316359117627
6.2	0.000251126941293478
6.21	0.0002489048638381064
6.22	0.00024664256488904357
6.23	0.00024432200007140636
6.24	0.00024211016716435552
6.25	0.00023998419055715203
6.26	0.00023779459297657013
6.27	0.00023556308588013053
6.28	0.0002334304735995829
6.29	0.00023137172684073448
6.3	0.00022919353796169162
6.31	0.0002270561526529491
6.32	0.00022505555534735322
6.33	0.00022301031276583672
6.34	0.00022090633865445852
6.35	0.0002188501530326903
6.36	0.00021691335132345557
6.37	0.000214922649320215
6.38	0.00021286000264808536
6.39	0.0002108936314471066
6.4	0.00020901113748550415
6.41	0.00020708813099190593
6.42	0.000205092946998775
6.43	0.00020321313058957458
6.44	0.00020140630658715963
6.45	0.00019951240392401814
6.46	0.00019759603310376406
6.47	0.00019583053654059768
6.48	0.00019402668112888932
6.49	0.00019217573571950197
6.5	0.00019035587320104241
6.51	0.0001886135432869196
6.52	0.00018689583521336317
6.53	0.00018508709035813808
6.54	0.00018333637854084373
6.55	0.00018169375834986567
6.56	0.00017998908879235387
6.57	0.000178241403773427
6.58	0.00017660018056631088
6.59	0.00017498299712315202
6.6	0.00017333641881123185
6.61	0.00017165386816486716
6.62	0.00017005321569740772
6.63	0.00016849336680024862
6.64	0.00016686198068782687
6.65	0.00016522698570042849
6.66	0.00016371271340176463
6.67	0.00016218808013945818
6.68	0.00016058230539783835
6.69	0.000159051560331136
6.7	0.00015761307440698147
6.71	0.0001561259850859642
6.72	0.00015455513494089246
6.73	0.00015310460003092885
6.74	0.00015173637075349689
6.75	0.00015025358879938722
6.76	0.0001487701665610075
6.77	0.0001473667798563838
6.78	0.00014599354472011328
6.79	0.0001445664674974978
6.8	0.00014314340660348535
6.81	0.00014180003199726343
6.82	0.00014048442244529724
6.83	0.00013908336404711008
6.84	0.00013772258535027504
6.85	0.00013644254067912698
6.86	0.0001351485843770206
6.87	0.0001337828580290079
6.88	0.00013249216135591269
6.89	0.00013127585407346487
6.9	0.0001299824216403067
6.91	0.00012868351768702269
6.92	0.0001274414244107902
6.93	0.00012622808571904898
6.94	0.0001249847700819373
6.95	0.0001237218384630978
6.96	0.00012256461195647717
6.97	0.00012139894533902407
6.98	0.00012017233530059457
6.99	0.00011897581862285733
7.0	0.00011786841787397861
7.01	0.00011672353139147162
7.02	0.00011552131036296487
7.03	0.00011440220987424254
7.04	0.00011331669520586729
7.05	0.00011221109889447689
7.06	0.00011104432633146644
7.07	0.00010996573837473989
7.08	0.00010893511353060603
7.09	0.00010783522156998515
7.1	0.00010671897325664759
7.11	0.00010569114238023758
7.12	0.00010469986591488123
7.13	0.00010360201122239232
7.14	0.00010256125824525952
7.15	0.00010159157682210207
7.16	0.00010059913620352745
7.17	9.955983841791749e-05
7.18	9.855796815827489e-05
7.19	9.761005640029907e-05
7.2	9.665277320891619e-05
7.21	9.563594358041883e-05
7.22	9.467569179832935e-05
7.23	9.377062087878585e-05
7.24	9.281991515308619e-05
7.25	9.185273665934801e-05
7.26	9.095389395952225e-05
7.27	9.006453910842538e-05
7.28	8.913304191082716e-05
7.29	8.82195308804512e-05
7.3	8.735520532354712e-05
7.31	8.650292875245214e-05
7.32	8.559192065149546e-05
7.33	8.470169268548489e-05
7.34	8.389580762013793e-05
7.35	8.304190123453736e-05
7.36	8.214818080887198e-05
7.37	8.132454240694642e-05
7.38	8.054764475673437e-05
7.39	7.970398291945457e-05
7.4	7.88595643825829e-05
7.41	7.807090878486633e-05
7.42	7.731316145509481e-05
7.43	7.650104817003012e-05
7.44	7.570505840703845e-05
7.45	7.494899909943342e-05
7.46	7.42119736969471e-05
7.47	7.342128083109856e-05
7.48	7.265107706189156e-05
7.49	7.192767225205898e-05
7.5	7.120519876480103e-05
7.51	7.042568176984787e-05
7.52	6.96858623996377e-05
7.53	6.9016357883811e-05
7.54	6.830348866060376e-05
7.55	6.755843060091138e-05
7.56	6.686797132715583e-05
7.57	6.620091153308749e-05
7.58	6.550253601744771e-05
7.59	6.480386946350336e-05
7.6	6.415462121367455e-05
7.61	6.349710747599602e-05
7.62	6.281572859734297e-05
7.63	6.213854067027569e-05
7.64	6.151117850095034e-05
7.65	6.088748341426253e-05
7.66	6.020389264449477e-05
7.67	5.956710083410144e-05
7.68	5.8980833273380995e-05
7.69	5.836162017658353e-05
7.7	5.771685391664505e-05
7.71	5.712220445275307e-05
7.72	5.656294524669647e-05
7.73	5.594431422650814e-05
7.74	5.533068906515837e-05
7.75	5.476537626236677e-05
7.76	5.421577952802181e-05
7.77	5.360721843317151e-05
7.78	5.301280179992318e-05
7.79	5.247839726507664e-05
7.8	5.193584365770221e-05
7.81	5.135720130056143e-05
7.82	5.08003868162632e-05
7.83	5.0290836952626705e-05
7.84	4.975544288754463e-05
7.85	4.919944331049919e-05
7.86	4.8669520765542984e-05
7.87	4.818226443603635e-05
7.88	4.766572965309024e-05
7.89	4.713021917268634e-05
7.9	4.66230558231473e-05
7.91	4.614982753992081e-05
7.92	4.563853144645691e-05
7.93	4.5117572881281376e-05
7.94	4.4653890654444695e-05
7.95	4.418444586917758e-05
7.96	4.368840018287301e-05
7.97	4.3204810936003923e-05
7.98	4.276423715054989e-05
7.99	4.230375634506345e-05
8.0	4.182255361229181e-05
8.01	4.136777715757489e-05
8.02	4.094507312402129e-05
8.03	4.0490529499948025e-05
8.04	4.002230707556009e-05
8.05	3.9597100112587214e-05
8.06	3.9177597500383854e-05
8.07	3.873516106978059e-05
8.08	3.8298312574625015e-05
8.09	3.7889520172029734e-05
8.1	3.750185715034604e-05
8.11	3.706046845763922e-05
8.12	3.664096584543586e-05
8.13	3.626046236604452e-05
8.14	3.587058745324612e-05
8.15	3.5458127968013287e-05
8.16	3.5059405490756035e-05
8.17	3.469549119472504e-05
8.18	3.43149877153337e-05
8.19	3.390456549823284e-05
8.2	3.3527612686157227e-05
8.21	3.317667869850993e-05
8.22	3.2800191547721624e-05
8.23	3.2415264286100864e-05
8.24	3.20670660585165e-05
8.25	3.172090509906411e-05
8.26	3.1353672966361046e-05
8.27	3.099243622273207e-05
8.28	3.065820783376694e-05
8.29	3.0327471904456615e-05
8.3	2.997048432007432e-05
8.31	2.9621936846524477e-05
8.32	2.9311631806194782e-05
8.33	2.8986716642975807e-05
8.34	2.8636539354920387e-05
8.35	2.8306269086897373e-05
8.36	2.8018548619002104e-05
8.37	2.7679954655468464e-05
8.38	2.7349393349140882e-05
8.39	2.706516534090042e-05
8.4	2.6767607778310776e-05
8.41	2.644804771989584e-05
8.42	2.6133027859032154e-05
8.43	2.585246693342924e-05
8.44	2.5573070161044598e-05
8.45	2.5266024749726057e-05
8.46	2.4959095753729343e-05
8.47	2.4696055334061384e-05
8.48	2.4417415261268616e-05
8.49	2.4112174287438393e-05
8.5	2.383498940616846e-05
8.51	2.357963239774108e-05
8.52	2.3305299691855907e-05
8.53	2.301880158483982e-05
8.54	2.2753607481718063e-05
8.55	2.251251135021448e-05
8.56	2.2248132154345512e-05
8.57	2.1967163775116205e-05
8.58	2.172397216781974e-05
8.59	2.1486252080649137e-05
8.6	2.122559817507863e-05
8.61	2.096756361424923e-05
8.62	2.0737701561301947e-05
8.63	2.049905015155673e-05
8.64	2.0238920114934444e-05
8.65	2.0008475985378027e-05
8.66	1.978356158360839e-05
8.67	1.9552710000425577e-05
8.68	1.9311788491904736e-05
8.69	1.908425474539399e-05
8.7	1.8877151887863874e-05
8.71	1.864292426034808e-05
8.72	1.8415041267871857e-05
8.73	1.8211430869996548e-05
8.74	1.8008810002356768e-05
8.75	1.7775397282093763e-05
8.76	1.7558515537530184e-05
8.77	1.736386911943555e-05
8.78	1.7164566088467836e-05
8.79	1.6943260561674833e-05
8.8	1.6736274119466543e-05
8.81	1.655658707022667e-05
8.82	1.6355945263057947e-05
8.83	1.6144185792654753e-05
8.84	1.595530193299055e-05
8.85	1.5774858184158802e-05
8.86	1.5583704225718975e-05
8.87	1.5384925063699484e-05
8.88	1.5202327631413937e-05
8.89	1.503701787441969e-05
8.9	1.4843419194221497e-05
8.91	1.4652032405138016e-05
8.92	1.4480785466730595e-05
8.93	1.4316465239971876e-05
8.94	1.4132820069789886e-05
8.95	1.3951270375400782e-05
8.96	1.379393506795168e-05
8.97	1.3630371540784836e-05
8.98	1.3452430721372366e-05
8.99	1.3288808986544609e-05
9.0	1.3140845112502575e-05
9.01	1.2976466678082943e-05
9.02	1.2807722669094801e-05
9.03	1.2657779734581709e-05
9.04	1.2507196515798569e-05
9.05	1.234386581927538e-05
9.06	1.2185017112642527e-05
9.07	1.2047064956277609e-05
9.08	1.1900847312062979e-05
9.09	1.1744210496544838e-05
9.1	1.159886596724391e-05
9.11	1.1462310794740915e-05
9.12	1.1325522791594267e-05
9.13	1.117080682888627e-05
9.14	1.1031166650354862e-05
9.15	1.0907708201557398e-05
9.16	1.0771909728646278e-05
9.17	1.062185037881136e-05
9.18	1.0493560694158077e-05
9.19	1.0372314136475325e-05
9.2	1.0234769433736801e-05
9.21	1.0091927833855152e-05
9.22	9.970099199563265e-06
9.23	9.856419637799263e-06
9.24	9.724346455186605e-06
9.25	9.593262802809477e-06
9.26	9.481329470872879e-06
9.27	9.369454346597195e-06
9.28	9.240990038961172e-06
9.29	9.122246410697699e-06
9.3	9.014911483973265e-06
9.31	8.901988621801138e-06
9.32	8.776551112532616e-06
9.33	8.664792403578758e-06
9.34	8.566130418330431e-06
9.35	8.453265763819218e-06
9.36	8.338131010532379e-06
9.37	8.231785614043474e-06
9.38	8.131144568324089e-06
9.39	8.023693226277828e-06
9.4	7.912982255220413e-06
9.41	7.822935003787279e-06
9.42	7.722876034677029e-06
9.43	7.613969501107931e-06
9.44	7.514085154980421e-06
9.45	7.425958756357431e-06
9.46	7.327995263040066e-06
9.47	7.221999112516642e-06
9.48	7.130380254238844e-06
9.49	7.044349331408739e-06
9.5	6.9481320679187775e-06
9.51	6.851390935480595e-06
9.52	6.76704803481698e-06
9.53	6.685266271233559e-06
9.54	6.593007128685713e-06
9.55	6.498594302684069e-06
9.56	6.416579708456993e-06
9.57	6.342190317809582e-06
9.58	6.249640136957169e-06
9.59	6.1594764702022076e-06
9.6	6.086716894060373e-06
9.61	6.008020136505365e-06
9.62	5.918845999985933e-06
9.63	5.838752258569002e-06
9.64	5.768612027168274e-06
9.65	5.692767444998026e-06
9.66	5.608366336673498e-06
9.67	5.5380514822900295e-06
9.68	5.4685515351593494e-06
9.69	5.393754690885544e-06
9.7	5.3157564252614975e-06
9.71	5.24579081684351e-06
9.72	5.181820597499609e-06
9.73	5.106558091938496e-06
9.74	5.033507477492094e-06
9.75	4.969886504113674e-06
9.76	4.9024238251149654e-06
9.77	4.8308284021914005e-06
9.78	4.765286576002836e-06
9.79	4.705972969532013e-06
9.8	4.643225111067295e-06
9.81	4.5711640268564224e-06
9.82	4.508940037339926e-06
9.83	4.456029273569584e-06
9.84	4.391709808260202e-06
9.85	4.3244799599051476e-06
9.86	4.2691826820373535e-06
9.87	4.21423465013504e-06
9.88	4.150322638452053e-06
9.89	4.089553840458393e-06
9.9	4.037749022245407e-06
9.91	3.985303919762373e-06
9.92	3.923196345567703e-06
9.93	3.864755854010582e-06
9.94	3.818073309957981e-06
9.95	3.7665595300495625e-06
9.96	3.7077697925269604e-06
9.97	3.6532292142510414e-06
9.98	3.6113779060542583e-06
9.99	3.5608536563813686e-06
10.0	3.5024131648242474e-06
10.01	3.4591066651046276e-06
10.02	3.4121330827474594e-06
10.03	3.362016286700964e-06
10.04	3.3096875995397568e-06
10.05	3.26626468449831e-06
10.06	3.2239477150142193e-06
10.07	3.1748786568641663e-06
10.08	3.1268573366105556e-06
10.09	3.0864612199366093e-06
10.1	3.0435039661824703e-06
10.11	2.9924558475613594e-06
10.12	2.9516522772610188e-06
10.13	2.9148650355637074e-06
10.14	2.871500328183174e-06
10.15	2.8249924071133137e-06
10.16	2.784188836812973e-06
10.17	2.74955527856946e-06
10.18	2.7069472707808018e-06
10.19	2.663524355739355e-06
10.2	2.627144567668438e-06
10.21	2.5924528017640114e-06
10.22	2.5512417778372765e-06
10.23	2.5105546228587627e-06
10.24	2.479820977896452e-06
10.25	2.4468754418194294e-06
10.26	2.404733095318079e-06
10.27	2.369110006839037e-06
10.28	2.3387838155031204e-06
10.29	2.3045577108860016e-06
10.3	2.2657914087176323e-06
10.31	2.2334279492497444e-06
10.32	2.203625626862049e-06
10.33	2.168992068618536e-06
10.34	2.13313614949584e-06
10.35	2.1036830730736256e-06
10.36	2.075743395835161e-06
10.37	2.0430306904017925e-06
10.38	2.006825525313616e-06
10.39	1.982320100069046e-06
10.4	1.9535073079168797e-06
10.41	1.921434886753559e-06
10.42	1.8927967175841331e-06
10.43	1.8685241229832172e-06
10.44	1.8383143469691277e-06
10.45	1.8058926798403263e-06
10.46	1.7796410247683525e-06
10.47	1.7566489987075329e-06
10.48	1.7298152670264244e-06
10.49	1.6970443539321423e-06
10.5	1.6735866665840149e-06
10.51	1.6526319086551666e-06
10.52	1.623528078198433e-06
10.53	1.5968107618391514e-06
10.54	1.5757395885884762e-06
10.55	1.5530968084931374e-06
10.56	1.526030246168375e-06
10.57	1.4998950064182281e-06
10.58	1.4818506315350533e-06
10.59	1.4600809663534164e-06
10.6	1.4320248737931252e-06
10.61	1.4089164324104786e-06
10.62	1.391163095831871e-06
10.63	1.3695098459720612e-06
10.64	1.3433746062219143e-06
10.65	1.3258541002869606e-06
10.66	1.3067619875073433e-06
10.67	1.2853997759521008e-06
10.68	1.2618256732821465e-06
10.69	1.2450036592781544e-06
10.7	1.2274831533432007e-06
10.71	1.2051896192133427e-06
10.72	1.185806468129158e-06
10.73	1.1685770004987717e-06
10.74	1.149950549006462e-06
10.75	1.1278316378593445e-06
10.76	1.1091469787061214e-06
10.77	1.094886101782322e-06
10.78	1.0766088962554932e-06
10.79	1.0573421604931355e-06
10.8	1.041102223098278e-06
10.81	1.0274234227836132e-06
10.82	1.008971594274044e-06
10.83	9.89297404885292e-07
10.84	9.764917194843292e-07
10.85	9.630457498133183e-07
10.86	9.445939213037491e-07
10.87	9.266077540814877e-07
10.88	9.13569238036871e-07
10.89	9.002978913486004e-07
10.9	8.817296475172043e-07
10.91	8.675851859152317e-07
10.92	8.56292899698019e-07
10.93	8.424976840615273e-07
10.94	8.256174623966217e-07
10.95	8.123461157083511e-07
10.96	8.025090210139751e-07
10.97	7.887138053774834e-07
10.98	7.721828296780586e-07
10.99	7.615890353918076e-07
11.0	7.502385415136814e-07
11.01	7.35861249268055e-07
11.02	7.218914106488228e-07
11.03	7.117632776498795e-07
11.04	6.997724995017052e-07
11.05	6.869668141007423e-07
11.06	6.745685823261738e-07
11.07	6.649061106145382e-07
11.08	6.547197699546814e-07
11.09	6.394693627953529e-07
11.1	6.302143447101116e-07
11.11	6.211339496076107e-07
11.12	6.086775101721287e-07
11.13	5.968613550066948e-07
11.14	5.874317139387131e-07
11.15	5.791080184280872e-07
11.16	5.674082785844803e-07
11.17	5.555921234190464e-07
11.18	5.476758815348148e-07
11.19	5.397596396505833e-07
11.2	5.278270691633224e-07
11.21	5.185138434171677e-07
11.22	5.118199624121189e-07
11.23	5.037290975451469e-07
11.24	4.915054887533188e-07
11.25	4.83181793242693e-07
11.26	4.76837158203125e-07
11.27	4.683970473706722e-07
11.28	4.570465534925461e-07
11.29	4.5035267248749733e-07
11.3	4.4354237616062164e-07
11.31	4.3422915041446686e-07
11.32	4.254397936165333e-07
11.33	4.1851308196783066e-07
11.34	4.1280873119831085e-07
11.35	4.0320446714758873e-07
11.36	3.962777554988861e-07
11.37	3.9103906601667404e-07
11.38	3.837631084024906e-07
11.39	3.7532299757003784e-07
11.4	3.6833807826042175e-07
11.41	3.632158041000366e-07
11.42	3.5564880818128586e-07
11.43	3.487803041934967e-07
11.44	3.4278491511940956e-07
11.45	3.368477337062359e-07
11.46	3.3009564504027367e-07
11.47	3.2206298783421516e-07
11.48	3.1740637496113777e-07
11.49	3.1315721571445465e-07
11.5	3.0535738915205e-07
11.51	2.987799234688282e-07
11.52	2.949964255094528e-07
11.53	2.895249053835869e-07
11.54	2.8242357075214386e-07
11.55	2.7759233489632607e-07
11.56	2.737506292760372e-07
11.57	2.688029780983925e-07
11.58	2.619926817715168e-07
11.59	2.5704503059387207e-07
11.6	2.5384360924363136e-07
11.61	2.4813925847411156e-07
11.62	2.422020770609379e-07
11.63	2.3882603272795677e-07
11.64	2.34867911785841e-07
11.65	2.296874299645424e-07
11.66	2.2439053282141685e-07
11.67	2.2083986550569534e-07
11.68	2.169981598854065e-07
11.69	2.1123560145497322e-07
11.7	2.0797597244381905e-07
11.71	2.04483512789011e-07
11.72	2.0070001482963562e-07
11.73	1.9540311768651009e-07
11.74	1.9156141206622124e-07
11.75	1.887674443423748e-07
11.76	1.8399441614747047e-07
11.77	1.7968704923987389e-07
11.78	1.7683487385511398e-07
11.79	1.7427373677492142e-07
11.8	1.6915146261453629e-07
11.81	1.660664565861225e-07
11.82	1.6350531950592995e-07
11.83	1.6024569049477577e-07
11.84	1.5622936189174652e-07
11.85	1.523294486105442e-07
11.86	1.5081604942679405e-07
11.87	1.4819670468568802e-07
11.88	1.430744305253029e-07
11.89	1.4062970876693726e-07
11.9	1.3853423297405243e-07
11.91	1.35740265250206e-07
11.92	1.319567672908306e-07
11.93	1.2968666851520538e-07
11.94	1.2834789231419563e-07
11.95	1.2421514838933945e-07
11.96	1.2171221897006035e-07
11.97	1.195003278553486e-07
11.98	1.1798692867159843e-07
11.99	1.1443626135587692e-07
12.0	1.1187512427568436e-07
12.01	1.1024530977010727e-07
12.02	1.073349267244339e-07
12.03	1.0436633601784706e-07
12.04	1.0238727554678917e-07
12.05	1.0081566870212555e-07
12.06	9.825453162193298e-08
12.07	9.592622518539429e-08
12.08	9.417999535799026e-08
12.09	9.243376553058624e-08
12.1	9.010545909404755e-08
12.11	8.789356797933578e-08
12.12	8.67876224219799e-08
12.13	8.475035429000854e-08
12.14	8.218921720981598e-08
12.15	8.032657206058502e-08
12.16	7.904600352048874e-08
12.17	7.794005796313286e-08
12.18	7.462222129106522e-08
12.19	7.30506144464016e-08
12.2	7.241033017635345e-08
12.21	7.05476850271225e-08
12.22	6.862683221697807e-08
12.23	6.722984835505486e-08
12.24	6.624031811952591e-08
12.25	6.437767297029495e-08
12.26	6.234040483832359e-08
12.27	6.175832822918892e-08
12.28	6.100162863731384e-08
12.29	5.884794518351555e-08
12.3	5.721813067793846e-08
12.31	5.5588316172361374e-08
12.32	5.4889824241399765e-08
12.33	5.2852556109428406e-08
12.34	5.192123353481293e-08
12.35	5.1280949264764786e-08
12.36	5.00003807246685e-08
12.37	4.8370566219091415e-08
12.38	4.738103598356247e-08
12.39	4.674075171351433e-08
12.4	4.487810656428337e-08
12.41	4.4121406972408295e-08
12.42	4.2957253754138947e-08
12.43	4.220055416226387e-08
12.44	4.080357030034065e-08
12.45	3.934837877750397e-08
12.46	3.905734047293663e-08
12.47	3.766035661101341e-08
12.48	3.6670826375484467e-08
12.49	3.5797711461782455e-08
12.5	3.5564880818128586e-08
12.51	3.451714292168617e-08
12.52	3.329478204250336e-08
12.53	3.277091309428215e-08
12.54	3.2247044146060944e-08
12.55	3.137392923235893e-08
12.56	3.015156835317612e-08
12.57	2.962769940495491e-08
12.58	2.916203811764717e-08
12.59	2.782326191663742e-08
12.6	2.7008354663848877e-08
12.61	2.671731635928154e-08
12.62	2.6368070393800735e-08
12.63	2.514570951461792e-08
12.64	2.450542524456978e-08
12.65	2.427259460091591e-08
12.66	2.3515895009040833e-08
12.67	2.270098775625229e-08
12.68	2.200249582529068e-08
12.69	2.1653249859809875e-08
12.7	2.1012965589761734e-08
12.71	2.0256265997886658e-08
12.72	1.996522769331932e-08
12.73	1.932494342327118e-08
12.74	1.8568243831396103e-08
12.75	1.816079020500183e-08
12.76	1.775333657860756e-08
12.77	1.752050593495369e-08
12.78	1.664739102125168e-08
12.79	1.6065314412117004e-08
12.8	1.5890691429376602e-08
12.81	1.5308614820241928e-08
12.82	1.4842953532934189e-08
12.83	1.4551915228366852e-08
12.84	1.414446160197258e-08
12.85	1.3562384992837906e-08
12.86	1.30385160446167e-08
12.87	1.2863893061876297e-08
12.88	1.280568540096283e-08
12.89	1.2048985809087753e-08
12.9	1.1641532182693481e-08
12.91	1.1641532182693481e-08
12.92	1.1408701539039612e-08
12.93	1.076841726899147e-08
12.94	1.0419171303510666e-08
12.95	1.0244548320770264e-08
12.96	9.953510016202927e-09
12.97	9.371433407068253e-09
12.98	9.313225746154785e-09
12.99	9.255018085241318e-09
13.0	8.731149137020111e-09
13.01	8.672941476106644e-09
13.02	8.032657206058502e-09
13.03	7.974449545145035e-09
13.04	7.392372936010361e-09
13.05	7.159542292356491e-09
13.06	7.159542292356491e-09
13.07	6.868503987789154e-09
13.08	6.577465683221817e-09
13.09	6.28642737865448e-09
13.1	6.28642737865448e-09
13.11	5.995389074087143e-09
13.12	5.820766091346741e-09
13.13	5.529727786779404e-09
13.14	5.471520125865936e-09
13.15	5.238689482212067e-09
13.16	5.005858838558197e-09
13.17	4.889443516731262e-09
13.18	4.773028194904327e-09
13.19	4.423782229423523e-09
13.2	4.249159246683121e-09
13.21	4.190951585769653e-09
13.22	4.0745362639427185e-09
13.23	3.899913281202316e-09
13.24	3.899913281202316e-09
13.25	3.841705620288849e-09
13.26	3.725290298461914e-09
13.27	3.550667315721512e-09
13.28	3.3178366720676422e-09
13.29	3.259629011154175e-09
13.3	3.14321368932724e-09
13.31	2.852175384759903e-09
13.32	2.852175384759903e-09
13.33	2.735760062932968e-09
13.34	2.444721758365631e-09
13.35	2.3865140974521637e-09
13.36	2.3865140974521637e-09
13.37	2.3283064365386963e-09
13.38	2.0372681319713593e-09
13.39	1.979060471057892e-09
13.4	1.979060471057892e-09
13.41	1.979060471057892e-09
13.42	1.8044374883174896e-09
13.43	1.6298145055770874e-09
13.44	1.6298145055770874e-09
13.45	1.3969838619232178e-09
13.46	1.3969838619232178e-09
13.47	1.3969838619232178e-09
13.48	1.3969838619232178e-09
13.49	1.2223608791828156e-09
13.5	1.2223608791828156e-09
13.51	1.2223608791828156e-09
13.52	1.2223608791828156e-09
13.53	1.2223608791828156e-09
13.54	1.0477378964424133e-09
13.55	1.0477378964424133e-09
13.56	1.0477378964424133e-09
13.57	8.731149137020111e-10
13.58	8.731149137020111e-10
13.59	8.731149137020111e-10
13.6	7.566995918750763e-10
13.61	7.566995918750763e-10
13.62	7.566995918750763e-10
13.63	7.566995918750763e-10
13.64	6.984919309616089e-10
13.65	6.984919309616089e-10
13.66	6.984919309616089e-10
13.67	6.402842700481415e-10
13.68	5.820766091346741e-10
13.69	5.238689482212067e-10
13.7	5.238689482212067e-10
13.71	4.656612873077393e-10
13.72	3.4924596548080444e-10
13.73	3.4924596548080444e-10
13.74	3.4924596548080444e-10
13.75	2.9103830456733704e-10
13.76	2.9103830456733704e-10
13.77	2.9103830456733704e-10
13.78	2.9103830456733704e-10
13.79	2.9103830456733704e-10
13.8	2.3283064365386963e-10
13.81	2.3283064365386963e-10
13.82	2.3283064365386963e-10
13.83	1.1641532182693481e-10
13.84	1.1641532182693481e-10
13.85	1.1641532182693481e-10
13.86	1.1641532182693481e-10
13.87	1.1641532182693481e-10
13.88	1.1641532182693481e-10
13.89	1.1641532182693481e-10
13.9	1.1641532182693481e-10
13.91	1.1641532182693481e-10
13.92	1.1641532182693481e-10
13.93	1.1641532182693481e-10
13.94	1.1641532182693481e-10
13.95	1.1641532182693481e-10
13.96	1.1641532182693481e-10
13.97	1.1641532182693481e-10
13.98	5.820766091346741e-11
13.99	5.820766091346741e-11
14.0	5.820766091346741e-11
14.01	5.820766091346741e-11
14.02	5.820766091346741e-11
14.03	5.820766091346741e-11
14.04	5.820766091346741e-11
14.05	5.820766091346741e-11
14.06	5.820766091346741e-11
14.07	5.820766091346741e-11
14.08	5.820766091346741e-11
14.09	0.0
