5.58	0.0005018040537834167
5.59	0.0004963874816894531
5.6	0.0004912205040454865
5.61	0.000485885888338089
5.62	0.0004806146025657654
5.63	0.0004754103720188141
5.64	0.00047039613127708435
5.65	0.0004653818905353546
5.66	0.000460207462310791
5.67	0.0004553794860839844
5.68	0.0004506036639213562
5.69	0.0004454180598258972
5.7	0.000440843403339386
5.71	0.00043604522943496704
5.72	0.0004312098026275635
5.73	0.00042667239904403687
5.74	0.00042188167572021484
5.75	0.00041741877794265747
5.76	0.00041262805461883545
5.77	0.00040839239954948425
5.78	0.0004038400948047638
5.79	0.0003993697464466095
5.8	0.0003951415419578552
5.81	0.00039051473140716553
5.82	0.00038644298911094666
5.83	0.00038230419158935547
5.84	0.00037801265716552734
5.85	0.0003739595413208008
5.86	0.0003697611391544342
5.87	0.0003658197820186615
5.88	0.0003615953028202057
5.89	0.00035763904452323914
5.9	0.0003536343574523926
5.91	0.00034956634044647217
5.92	0.0003459528088569641
5.93	0.00034182146191596985
5.94	0.000338040292263031
5.95	0.0003345124423503876
5.96	0.00033073127269744873
5.97	0.0003269612789154053
5.98	0.0003233179450035095
5.99	0.0003198198974132538
6.0	0.00031619518995285034
6.01	0.00031261146068573
6.02	0.00030918046832084656
6.03	0.0003056153655052185
6.04	0.00030224770307540894
6.05	0.00029870495200157166
6.06	0.00029525160789489746
6.07	0.00029211491346359253
6.08	0.0002887435257434845
6.09	0.0002856440842151642
6.1	0.00028223916888237
6.11	0.00027921050786972046
6.12	0.00027595460414886475
6.13	0.0002728290855884552
6.14	0.00026983022689819336
6.15	0.0002664923667907715
6.16	0.00026359036564826965
6.17	0.00026064738631248474
6.18	0.0002574212849140167
6.19	0.0002545304596424103
6.2	0.0002514980733394623
6.21	0.0002487301826477051
6.22	0.00024587661027908325
6.23	0.00024290382862091064
6.24	0.00024028122425079346
6.25	0.00023743882775306702
6.26	0.00023486465215682983
6.27	0.0002320893108844757
6.28	0.00022934004664421082
6.29	0.00022681429982185364
6.3	0.00022406131029129028
6.31	0.00022150203585624695
6.32	0.00021902471780776978
6.33	0.00021636486053466797
6.34	0.00021389126777648926
6.35	0.00021135061979293823
6.36	0.00020898506045341492
6.37	0.0002064816653728485
6.38	0.00020411983132362366
6.39	0.00020170211791992188
6.4	0.00019922852516174316
6.41	0.0001970157027244568
6.42	0.00019452348351478577
6.43	0.00019237399101257324
6.44	0.00019003823399543762
6.45	0.0001878403127193451
6.46	0.0001855418086051941
6.47	0.0001833699643611908
6.48	0.00018131732940673828
6.49	0.00017910823225975037
6.5	0.0001769736409187317
6.51	0.00017495453357696533
6.52	0.00017276406288146973
6.53	0.00017081201076507568
6.54	0.00016875192523002625
6.55	0.00016671046614646912
6.56	0.0001647844910621643
6.57	0.00016261637210845947
6.58	0.00016069412231445312
6.59	0.00015872344374656677
6.6	0.0001568831503391266
6.61	0.00015492364764213562
6.62	0.0001529604196548462
6.63	0.00015123561024665833
6.64	0.00014937669038772583
6.65	0.0001475401222705841
6.66	0.0001458004117012024
6.67	0.0001440867781639099
6.68	0.00014235079288482666
6.69	0.0001405365765094757
6.7	0.00013888254761695862
6.71	0.00013718381524085999
6.72	0.00013561919331550598
6.73	0.0001339837908744812
6.74	0.00013218820095062256
6.75	0.00013065338134765625
6.76	0.00012891367077827454
6.77	0.00012736022472381592
6.78	0.0001257099211215973
6.79	0.00012415647506713867
6.8	0.00012264028191566467
6.81	0.00012108311057090759
6.82	0.00011960417032241821
6.83	0.00011809542775154114
6.84	0.0001166313886642456
6.85	0.00011534243822097778
6.86	0.00011385232210159302
6.87	0.00011244788765907288
6.88	0.00011108070611953735
6.89	0.00010964646935462952
6.9	0.00010837987065315247
6.91	0.00010690838098526001
6.92	0.00010558962821960449
6.93	0.00010424479842185974
6.94	0.00010292977094650269
6.95	0.00010157749056816101
6.96	0.00010029599070549011
6.97	9.911879897117615e-05
6.98	9.780004620552063e-05
6.99	9.653717279434204e-05
7.0	9.532645344734192e-05
7.01	9.407103061676025e-05
7.02	9.295344352722168e-05
7.03	9.180232882499695e-05
7.04	9.057298302650452e-05
7.05	8.936598896980286e-05
7.06	8.824467658996582e-05
7.07	8.714571595191956e-05
7.08	8.602440357208252e-05
7.09	8.502230048179626e-05
7.1	8.382648229598999e-05
7.11	8.279085159301758e-05
7.12	8.176267147064209e-05
7.13	8.072704076766968e-05
7.14	7.968023419380188e-05
7.15	7.86706805229187e-05
7.16	7.765740156173706e-05
7.17	7.659941911697388e-05
7.18	7.550790905952454e-05
7.19	7.451698184013367e-05
7.2	7.353723049163818e-05
7.21	7.267296314239502e-05
7.22	7.174909114837646e-05
7.23	7.065385580062866e-05
7.24	6.98380172252655e-05
7.25	6.891787052154541e-05
7.26	6.807968020439148e-05
7.27	6.71781599521637e-05
7.28	6.630644202232361e-05
7.29	6.538257002830505e-05
7.3	6.44885003566742e-05
7.31	6.369873881340027e-05
7.32	6.280466914176941e-05
7.33	6.199628114700317e-05
7.34	6.118789315223694e-05
7.35	6.0286372900009155e-05
7.36	5.955621600151062e-05
7.37	5.875527858734131e-05
7.38	5.795806646347046e-05
7.39	5.7209283113479614e-05
7.4	5.6430697441101074e-05
7.41	5.568563938140869e-05
7.42	5.4858624935150146e-05
7.43	5.416944622993469e-05
7.44	5.3416937589645386e-05
7.45	5.267933011054993e-05
7.46	5.2016228437423706e-05
7.47	5.120784044265747e-05
7.48	5.050748586654663e-05
7.49	4.988908767700195e-05
7.5	4.9192458391189575e-05
7.51	4.8551708459854126e-05
7.52	4.793703556060791e-05
7.53	4.7262758016586304e-05
7.54	4.6584755182266235e-05
7.55	4.5944005250930786e-05
7.56	4.534795880317688e-05
7.57	4.47295606136322e-05
7.58	4.415959119796753e-05
7.59	4.344433546066284e-05
7.6	4.287064075469971e-05
7.61	4.22745943069458e-05
7.62	4.17269766330719e-05
7.63	4.114583134651184e-05
7.64	4.055723547935486e-05
7.65	4.001334309577942e-05
7.66	3.9424747228622437e-05
7.67	3.889203071594238e-05
7.68	3.839656710624695e-05
7.69	3.776326775550842e-05
7.7	3.732368350028992e-05
7.71	3.677979111671448e-05
7.72	3.6232173442840576e-05
7.73	3.5800039768218994e-05
7.74	3.5256147384643555e-05
7.75	3.485381603240967e-05
7.76	3.4343451261520386e-05
7.77	3.3855438232421875e-05
7.78	3.3352524042129517e-05
7.79	3.287568688392639e-05
7.8	3.2413750886917114e-05
7.81	3.195926547050476e-05
7.82	3.147125244140625e-05
7.83	3.1031668186187744e-05
7.84	3.0517578125e-05
7.85	3.014877438545227e-05
7.86	2.9731541872024536e-05
7.87	2.9262155294418335e-05
7.88	2.888590097427368e-05
7.89	2.84537672996521e-05
7.9	2.8077512979507446e-05
7.91	2.7630478143692017e-05
7.92	2.7295202016830444e-05
7.93	2.6892870664596558e-05
7.94	2.6542693376541138e-05
7.95	2.6125460863113403e-05
7.96	2.5682151317596436e-05
7.97	2.5354325771331787e-05
7.98	2.5022774934768677e-05
7.99	2.467632293701172e-05
8.0	2.4273991584777832e-05
8.01	2.393871545791626e-05
8.02	2.3581087589263916e-05
8.03	2.3204833269119263e-05
8.04	2.2858381271362305e-05
8.05	2.2534281015396118e-05
8.06	2.2161751985549927e-05
8.07	2.187862992286682e-05
8.08	2.1491199731826782e-05
8.09	2.1208077669143677e-05
8.1	2.092123031616211e-05
8.11	2.0600855350494385e-05
8.12	2.0306557416915894e-05
8.13	2.0001083612442017e-05
8.14	1.9725412130355835e-05
8.15	1.9416213035583496e-05
8.16	1.9121915102005005e-05
8.17	1.889839768409729e-05
8.18	1.854822039604187e-05
8.19	1.8268823623657227e-05
8.2	1.796334981918335e-05
8.21	1.766905188560486e-05
8.22	1.7430633306503296e-05
8.23	1.714751124382019e-05
8.24	1.69314444065094e-05
8.25	1.6655772924423218e-05
8.26	1.6450881958007812e-05
8.27	1.619011163711548e-05
8.28	1.5944242477416992e-05
8.29	1.5694648027420044e-05
8.3	1.545250415802002e-05
8.31	1.5251338481903076e-05
8.32	1.4994293451309204e-05
8.33	1.4748424291610718e-05
8.34	1.4536082744598389e-05
8.35	1.4316290616989136e-05
8.36	1.4100223779678345e-05
8.37	1.387670636177063e-05
8.38	1.3653188943862915e-05
8.39	1.3500452041625977e-05
8.4	1.3247132301330566e-05
8.41	1.307949423789978e-05
8.42	1.2837350368499756e-05
8.43	1.2665987014770508e-05
8.44	1.2449920177459717e-05
8.45	1.222267746925354e-05
8.46	1.2032687664031982e-05
8.47	1.185387372970581e-05
8.48	1.163780689239502e-05
8.49	1.1485069990158081e-05
8.5	1.1313706636428833e-05
8.51	1.1157244443893433e-05
8.52	1.0989606380462646e-05
8.53	1.0818243026733398e-05
8.54	1.0639429092407227e-05
8.55	1.0453164577484131e-05
8.56	1.0300427675247192e-05
8.57	1.0129064321517944e-05
8.58	9.991228580474854e-06
8.59	9.801238775253296e-06
8.6	9.641051292419434e-06
8.61	9.473413228988647e-06
8.62	9.328126907348633e-06
8.63	9.182840585708618e-06
8.64	9.018927812576294e-06
8.65	8.888542652130127e-06
8.66	8.784234523773193e-06
8.67	8.631497621536255e-06
8.68	8.497387170791626e-06
8.69	8.370727300643921e-06
8.7	8.236616849899292e-06
8.71	8.098781108856201e-06
8.72	7.946044206619263e-06
8.73	7.841736078262329e-06
8.74	7.692724466323853e-06
8.75	7.592141628265381e-06
8.76	7.458031177520752e-06
8.77	7.320195436477661e-06
8.78	7.2158873081207275e-06
8.79	7.100403308868408e-06
8.8	6.9998204708099365e-06
8.81	6.8694353103637695e-06
8.82	6.7390501499176025e-06
8.83	6.627291440963745e-06
8.84	6.504356861114502e-06
8.85	6.411224603652954e-06
8.86	6.284564733505249e-06
8.87	6.202608346939087e-06
8.88	6.098300218582153e-06
8.89	5.949288606643677e-06
8.9	5.867332220077515e-06
8.91	5.755573511123657e-06
8.92	5.684792995452881e-06
8.93	5.587935447692871e-06
8.94	5.502253770828247e-06
8.95	5.3979456424713135e-06
8.96	5.297362804412842e-06
8.97	5.211681127548218e-06
8.98	5.148351192474365e-06
8.99	5.070120096206665e-06
9.0	4.991888999938965e-06
9.01	4.887580871582031e-06
9.02	4.7907233238220215e-06
9.03	4.716217517852783e-06
9.04	4.626810550689697e-06
9.05	4.556030035018921e-06
9.06	4.466623067855835e-06
9.07	4.395842552185059e-06
9.08	4.291534423828125e-06
9.09	4.220753908157349e-06
9.1	4.149973392486572e-06
9.11	4.105269908905029e-06
9.12	4.034489393234253e-06
9.13	3.952533006668091e-06
9.14	3.889203071594238e-06
9.15	3.840774297714233e-06
9.16	3.7811696529388428e-06
9.17	3.7029385566711426e-06
9.18	3.647059202194214e-06
9.19	3.591179847717285e-06
9.2	3.505498170852661e-06
9.21	3.4458935260772705e-06
9.22	3.3974647521972656e-06
9.23	3.3155083656311035e-06
9.24	3.2633543014526367e-06
9.25	3.1888484954833984e-06
9.26	3.1478703022003174e-06
9.27	3.084540367126465e-06
9.28	3.03611159324646e-06
9.29	2.987682819366455e-06
9.3	2.9318034648895264e-06
9.31	2.86102294921875e-06
9.32	2.8051435947418213e-06
9.33	2.7455389499664307e-06
9.34	2.7082860469818115e-06
9.35	2.6673078536987305e-06
9.36	2.6263296604156494e-06
9.37	2.5853514671325684e-06
9.38	2.518296241760254e-06
9.39	2.4959444999694824e-06
9.4	2.4549663066864014e-06
9.41	2.421438694000244e-06
9.42	2.3655593395233154e-06
9.43	2.3283064365386963e-06
9.44	2.2687017917633057e-06
9.45	2.212822437286377e-06
9.46	2.175569534301758e-06
9.47	2.127140760421753e-06
9.48	2.0973384380340576e-06
9.49	2.030283212661743e-06
9.5	1.9706785678863525e-06
9.51	1.944601535797119e-06
9.52	1.9259750843048096e-06
9.53	1.8961727619171143e-06
9.54	1.862645149230957e-06
9.55	1.821666955947876e-06
9.56	1.7955899238586426e-06
9.57	1.7583370208740234e-06
9.58	1.735985279083252e-06
9.59	1.695007085800171e-06
9.6	1.6577541828155518e-06
9.61	1.6205012798309326e-06
9.62	1.5757977962493896e-06
9.63	1.5422701835632324e-06
9.64	1.519918441772461e-06
9.65	1.4863908290863037e-06
9.66	1.4565885066986084e-06
9.67	1.4193356037139893e-06
9.68	1.389533281326294e-06
9.69	1.3634562492370605e-06
9.7	1.344829797744751e-06
9.71	1.3262033462524414e-06
9.72	1.2889504432678223e-06
9.73	1.259148120880127e-06
9.74	1.2256205081939697e-06
9.75	1.2069940567016602e-06
9.76	1.1809170246124268e-06
9.77	1.166015863418579e-06
9.78	1.1436641216278076e-06
9.79	1.1175870895385742e-06
9.8	1.0952353477478027e-06
9.81	1.0691583156585693e-06
9.82	1.0542571544647217e-06
9.83	1.043081283569336e-06
9.84	1.0132789611816406e-06
9.85	9.909272193908691e-07
9.86	9.611248970031738e-07
9.87	9.462237358093262e-07
9.88	9.350478649139404e-07
9.89	9.052455425262451e-07
9.9	8.940696716308594e-07
9.91	8.605420589447021e-07
9.92	8.493661880493164e-07
9.93	8.270144462585449e-07
9.94	8.121132850646973e-07
9.95	8.009374141693115e-07
9.96	7.82310962677002e-07
9.97	7.674098014831543e-07
9.98	7.487833499908447e-07
9.99	7.264316082000732e-07
10.0	7.189810276031494e-07
10.01	7.040798664093018e-07
10.02	6.854534149169922e-07
10.03	6.742775440216064e-07
10.04	6.48200511932373e-07
10.05	6.332993507385254e-07
10.06	6.183981895446777e-07
10.07	6.109476089477539e-07
10.08	5.960464477539062e-07
10.09	5.736947059631348e-07
10.1	5.550682544708252e-07
10.11	5.476176738739014e-07
10.12	5.438923835754395e-07
10.13	5.327165126800537e-07
10.14	5.178153514862061e-07
10.15	5.029141902923584e-07
10.16	4.954636096954346e-07
10.17	4.805624485015869e-07
10.18	4.6938657760620117e-07
10.19	4.5821070671081543e-07
10.2	4.4330954551696777e-07
10.21	4.284083843231201e-07
10.22	4.1350722312927246e-07
10.23	3.986060619354248e-07
10.24	3.948807716369629e-07
10.25	3.91155481338501e-07
10.26	3.7997961044311523e-07
10.27	3.650784492492676e-07
10.28	3.5762786865234375e-07
10.29	3.5762786865234375e-07
10.3	3.5390257835388184e-07
10.31	3.427267074584961e-07
10.32	3.390014171600342e-07
10.33	3.241002559661865e-07
10.34	3.0919909477233887e-07
10.35	2.980232238769531e-07
10.36	2.942979335784912e-07
10.37	2.868473529815674e-07
10.38	2.7194619178771973e-07
10.39	2.7194619178771973e-07
10.4	2.5704503059387207e-07
10.41	2.5704503059387207e-07
10.42	2.5704503059387207e-07
10.43	2.5331974029541016e-07
10.44	2.4586915969848633e-07
10.45	2.384185791015625e-07
10.46	2.2724270820617676e-07
10.47	2.1979212760925293e-07
10.48	2.123415470123291e-07
10.49	2.086162567138672e-07
10.5	2.0116567611694336e-07
10.51	1.9371509552001953e-07
10.52	1.8998980522155762e-07
10.53	1.825392246246338e-07
10.54	1.825392246246338e-07
10.55	1.7881393432617188e-07
10.56	1.7881393432617188e-07
10.57	1.7508864402770996e-07
10.58	1.7136335372924805e-07
10.59	1.6391277313232422e-07
10.6	1.6391277313232422e-07
10.61	1.601874828338623e-07
10.62	1.4901161193847656e-07
10.63	1.4528632164001465e-07
10.64	1.3783574104309082e-07
10.65	1.3783574104309082e-07
10.66	1.30385160446167e-07
10.67	1.30385160446167e-07
10.68	1.2293457984924316e-07
10.69	1.1920928955078125e-07
10.7	1.1920928955078125e-07
10.71	1.1548399925231934e-07
10.72	1.1175870895385742e-07
10.73	1.1175870895385742e-07
10.74	1.043081283569336e-07
10.75	1.043081283569336e-07
10.76	9.313225746154785e-08
10.77	9.313225746154785e-08
10.78	9.313225746154785e-08
10.79	8.940696716308594e-08
10.8	8.568167686462402e-08
10.81	8.195638656616211e-08
10.82	7.82310962677002e-08
10.83	7.82310962677002e-08
10.84	7.82310962677002e-08
10.85	7.82310962677002e-08
10.86	7.078051567077637e-08
10.87	6.332993507385254e-08
10.88	6.332993507385254e-08
10.89	5.960464477539063e-08
10.9	5.960464477539063e-08
10.91	5.960464477539063e-08
10.92	5.587935447692871e-08
10.93	5.21540641784668e-08
10.94	4.842877388000488e-08
10.95	4.470348358154297e-08
10.96	4.470348358154297e-08
10.97	4.470348358154297e-08
10.98	4.470348358154297e-08
10.99	4.0978193283081055e-08
11.0	4.0978193283081055e-08
11.01	4.0978193283081055e-08
11.02	4.0978193283081055e-08
11.03	4.0978193283081055e-08
11.04	3.725290298461914e-08
11.05	3.725290298461914e-08
11.06	3.3527612686157227e-08
11.07	3.3527612686157227e-08
11.08	2.9802322387695312e-08
11.09	2.9802322387695312e-08
11.1	2.60770320892334e-08
11.11	2.2351741790771484e-08
11.12	2.2351741790771484e-08
11.13	1.862645149230957e-08
11.14	1.862645149230957e-08
11.15	1.862645149230957e-08
11.16	1.862645149230957e-08
11.17	1.862645149230957e-08
11.18	1.862645149230957e-08
11.19	1.862645149230957e-08
11.2	1.862645149230957e-08
11.21	1.862645149230957e-08
11.22	1.862645149230957e-08
11.23	1.4901161193847656e-08
11.24	1.4901161193847656e-08
11.25	1.4901161193847656e-08
11.26	1.4901161193847656e-08
11.27	1.4901161193847656e-08
11.28	1.1175870895385742e-08
11.29	1.1175870895385742e-08
11.3	1.1175870895385742e-08
11.31	1.1175870895385742e-08
11.32	1.1175870895385742e-08
11.33	1.1175870895385742e-08
11.34	1.1175870895385742e-08
11.35	7.450580596923828e-09
11.36	7.450580596923828e-09
11.37	7.450580596923828e-09
11.38	7.450580596923828e-09
11.39	7.450580596923828e-09
11.4	7.450580596923828e-09
11.41	7.450580596923828e-09
11.42	7.450580596923828e-09
11.43	7.450580596923828e-09
11.44	7.450580596923828e-09
11.45	7.450580596923828e-09
11.46	7.450580596923828e-09
11.47	7.450580596923828e-09
11.48	3.725290298461914e-09
11.49	3.725290298461914e-09
11.5	3.725290298461914e-09
11.51	3.725290298461914e-09
11.52	3.725290298461914e-09
11.53	0.0
