4.69	0.0005020466633141041
4.7	0.000498573761433363
4.71	0.0004951315931975842
4.72	0.0004917511250823736
4.73	0.00048826378770172596
4.74	0.0004849142860621214
4.75	0.00048152729868888855
4.76	0.00047816173173487186
4.77	0.0004748471546918154
4.78	0.0004715137183666229
4.79	0.00046827178448438644
4.8	0.0004650191403925419
4.81	0.0004617327358573675
4.82	0.00045851338654756546
4.83	0.00045531499199569225
4.84	0.0004521626979112625
4.85	0.0004489487037062645
4.86	0.00044577219523489475
4.87	0.00044265412725508213
4.88	0.00043955049477517605
4.89	0.0004364477936178446
4.9	0.0004333618562668562
4.91	0.0004303299356251955
4.92	0.00042728823609650135
4.93	0.00042426842264831066
4.94	0.00042122742161154747
4.95	0.0004182911943644285
4.96	0.00041536265052855015
4.97	0.0004124247934669256
4.98	0.0004094678442925215
4.99	0.0004066196270287037
5.0	0.0004037532489746809
5.01	0.00040088058449327946
5.02	0.00039801327511668205
5.03	0.0003951769322156906
5.04	0.0003923980984836817
5.05	0.00038957339711487293
5.06	0.00038680247962474823
5.07	0.00038408534601330757
5.08	0.0003813309594988823
5.09	0.0003785777371376753
5.1	0.0003758575767278671
5.11	0.0003731877077370882
5.12	0.0003705339040607214
5.13	0.00036786356940865517
5.14	0.0003652554005384445
5.15	0.0003626300022006035
5.16	0.00036000972613692284
5.17	0.0003574150614440441
5.18	0.00035483110696077347
5.19	0.0003522855695337057
5.2	0.0003497886937111616
5.21	0.00034727039746940136
5.22	0.00034476048313081264
5.23	0.0003422608133405447
5.24	0.000339847756549716
5.25	0.0003373711369931698
5.26	0.0003348882310092449
5.27	0.0003324889112263918
5.28	0.000330101465806365
5.29	0.0003277207724750042
5.3	0.0003253363538533449
5.31	0.00032299174927175045
5.32	0.0003206497058272362
5.33	0.0003183046355843544
5.34	0.00031603360548615456
5.35	0.0003137404564768076
5.36	0.0003114680293947458
5.37	0.000309215160086751
5.38	0.0003069504164159298
5.39	0.0003047387581318617
5.4	0.0003025298938155174
5.41	0.00030032568611204624
5.42	0.00029812566936016083
5.43	0.0002959368284791708
5.44	0.00029377383179962635
5.45	0.0002916415687650442
5.46	0.0002895093057304621
5.47	0.00028743338771164417
5.48	0.0002853022888302803
5.49	0.00028323265723884106
5.5	0.00028112693689763546
5.51	0.00027906615287065506
5.52	0.0002770521678030491
5.53	0.0002749892883002758
5.54	0.0002729687839746475
5.55	0.0002709731925278902
5.56	0.0002689708489924669
5.57	0.00026699225418269634
5.58	0.0002650150563567877
5.59	0.00026308372616767883
5.6	0.0002611381933093071
5.61	0.0002591980155557394
5.62	0.0002572729717940092
5.63	0.00025537353940308094
5.64	0.00025349855422973633
5.65	0.00025158561766147614
5.66	0.0002496987581253052
5.67	0.0002478568349033594
5.68	0.00024600629694759846
5.69	0.00024416157975792885
5.7	0.0002423534169793129
5.71	0.00024056341499090195
5.72	0.00023876107297837734
5.73	0.00023694406263530254
5.74	0.00023520155809819698
5.75	0.00023344974033534527
5.76	0.0002317239996045828
5.77	0.00022996822372078896
5.78	0.00022822502069175243
5.79	0.0002265414223074913
5.8	0.0002248475793749094
5.81	0.0002231532707810402
5.82	0.00022144452668726444
5.83	0.00021977839060127735
5.84	0.00021813041530549526
5.85	0.0002164666075259447
5.86	0.0002148384228348732
5.87	0.0002132253721356392
5.88	0.00021160044707357883
5.89	0.00020999088883399963
5.9	0.0002083920408040285
5.91	0.0002068204339593649
5.92	0.0002052532508969307
5.93	0.0002036795485764742
5.94	0.00020212936215102673
5.95	0.00020062481053173542
5.96	0.00019910605624318123
5.97	0.00019759614951908588
5.98	0.00019605550915002823
5.99	0.00019459519535303116
6.0	0.00019310438074171543
6.01	0.0001916221808642149
6.02	0.00019015837460756302
6.03	0.00018870970234274864
6.04	0.00018728314898908138
6.05	0.00018583494238555431
6.06	0.00018439698033034801
6.07	0.00018300185911357403
6.08	0.00018160371109843254
6.09	0.00018022465519607067
6.1	0.00017883162945508957
6.11	0.0001774707343429327
6.12	0.0001761114690452814
6.13	0.00017475709319114685
6.14	0.00017342111095786095
6.15	0.00017208559438586235
6.16	0.00017079059034585953
6.17	0.00016947253607213497
6.18	0.00016814726404845715
6.19	0.00016687391325831413
6.2	0.00016559474170207977
6.21	0.00016432488337159157
6.22	0.00016305199824273586
6.23	0.00016176188364624977
6.24	0.00016053905710577965
6.25	0.00015928898938000202
6.26	0.00015805428847670555
6.27	0.00015684915706515312
6.28	0.00015562213957309723
6.29	0.00015440327115356922
6.3	0.0001532051246613264
6.31	0.00015203841030597687
6.32	0.00015086447820067406
6.33	0.00014966889284551144
6.34	0.00014851009473204613
6.35	0.00014736689627170563
6.36	0.00014622462913393974
6.37	0.0001450690906494856
6.38	0.00014391937293112278
6.39	0.00014278898015618324
6.4	0.00014166813343763351
6.41	0.00014054588973522186
6.42	0.0001394236460328102
6.43	0.0001383451744914055
6.44	0.00013726064935326576
6.45	0.00013615889474749565
6.46	0.00013510650023818016
6.47	0.0001340468879789114
6.48	0.0001329723745584488
6.49	0.00013194046914577484
6.5	0.00013088504783809185
6.51	0.00012987246736884117
6.52	0.00012882938608527184
6.53	0.00012779678218066692
6.54	0.00012679491192102432
6.55	0.0001257769763469696
6.56	0.00012478837743401527
6.57	0.00012378557585179806
6.58	0.00012278812937438488
6.59	0.00012183724902570248
6.6	0.00012085377238690853
6.61	0.00011988962069153786
6.62	0.00011891825124621391
6.63	0.00011797389015555382
6.64	0.00011703791096806526
6.65	0.00011608563363552094
6.66	0.00011516478843986988
6.67	0.00011425279080867767
6.68	0.00011332775466144085
6.69	0.00011241389438509941
6.7	0.00011151283979415894
6.71	0.00011065113358199596
6.72	0.00010975799523293972
6.73	0.00010885973460972309
6.74	0.00010798522271215916
6.75	0.00010710814967751503
6.76	0.00010626111179590225
6.77	0.00010541314259171486
6.78	0.00010454514995217323
6.79	0.00010370253585278988
6.8	0.00010286434553563595
6.81	0.00010202638804912567
6.82	0.00010120426304638386
6.83	0.00010039820335805416
6.84	9.959260933101177e-05
6.85	9.87732782959938e-05
6.86	9.798770770430565e-05
6.87	9.719142690300941e-05
6.88	9.640282951295376e-05
6.89	9.562051855027676e-05
6.9	9.483145549893379e-05
6.91	9.40647441893816e-05
6.92	9.331083856523037e-05
6.93	9.253737516701221e-05
6.94	9.179837070405483e-05
6.95	9.104190394282341e-05
6.96	9.030057117342949e-05
6.97	8.955621160566807e-05
6.98	8.881371468305588e-05
6.99	8.810521103441715e-05
7.0	8.7386230006814e-05
7.01	8.66700429469347e-05
7.02	8.595269173383713e-05
7.03	8.524954319000244e-05
7.04	8.456036448478699e-05
7.05	8.385698311030865e-05
7.06	8.317548781633377e-05
7.07	8.249888196587563e-05
7.08	8.181738667190075e-05
7.09	8.114194497466087e-05
7.1	8.046673610806465e-05
7.11	7.981248199939728e-05
7.12	7.915403693914413e-05
7.13	7.849163375794888e-05
7.14	7.783551700413227e-05
7.15	7.718685083091259e-05
7.16	7.656542584300041e-05
7.17	7.590861059725285e-05
7.18	7.527880370616913e-05
7.19	7.465970702469349e-05
7.2	7.403409108519554e-05
7.21	7.342849858105183e-05
7.22	7.281359285116196e-05
7.23	7.221498526632786e-05
7.24	7.161358371376991e-05
7.25	7.099518552422523e-05
7.26	7.041636854410172e-05
7.27	6.983545608818531e-05
7.28	6.924523040652275e-05
7.29	6.865896284580231e-05
7.3	6.80654775351286e-05
7.31	6.7518325522542e-05
7.32	6.694835610687733e-05
7.33	6.638653576374054e-05
7.34	6.583239883184433e-05
7.35	6.52647577226162e-05
7.36	6.472086533904076e-05
7.37	6.416928954422474e-05
7.38	6.363214924931526e-05
7.39	6.310571916401386e-05
7.4	6.256252527236938e-05
7.41	6.203446537256241e-05
7.42	6.150500848889351e-05
7.43	6.0992781072854996e-05
7.44	6.0481950640678406e-05
7.45	5.99550548940897e-05
7.46	5.945377051830292e-05
7.47	5.895271897315979e-05
7.48	5.8439094573259354e-05
7.49	5.793222226202488e-05
7.5	5.74369914829731e-05
7.51	5.695503205060959e-05
7.52	5.646771751344204e-05
7.53	5.5974116548895836e-05
7.54	5.54907601326704e-05
7.55	5.501764826476574e-05
7.56	5.456758663058281e-05
7.57	5.408818833529949e-05
7.58	5.362671799957752e-05
7.59	5.318131297826767e-05
7.6	5.272030830383301e-05
7.61	5.227141082286835e-05
7.62	5.182321183383465e-05
7.63	5.137315019965172e-05
7.64	5.092634819447994e-05
7.65	5.047442391514778e-05
7.66	5.00422902405262e-05
7.67	4.960969090461731e-05
7.68	4.918687045574188e-05
7.69	4.8755668103694916e-05
7.7	4.832376725971699e-05
7.71	4.7916313633322716e-05
7.72	4.7491397708654404e-05
7.73	4.7083478420972824e-05
7.74	4.6679750084877014e-05
7.75	4.626717418432236e-05
7.76	4.587462171912193e-05
7.77	4.547904245555401e-05
7.78	4.507787525653839e-05
7.79	4.470068961381912e-05
7.8	4.430278204381466e-05
7.81	4.3915119022130966e-05
7.82	4.353676922619343e-05
7.83	4.317215643823147e-05
7.84	4.2792875319719315e-05
7.85	4.24007885158062e-05
7.86	4.203547723591328e-05
7.87	4.1664112359285355e-05
7.88	4.1301362216472626e-05
7.89	4.0940940380096436e-05
7.9	4.057493060827255e-05
7.91	4.022754728794098e-05
7.92	3.987271338701248e-05
7.93	3.95278912037611e-05
7.94	3.918237052857876e-05
7.95	3.8842903450131416e-05
7.96	3.851810470223427e-05
7.97	3.816257230937481e-05
7.98	3.782752901315689e-05
7.99	3.750016912817955e-05
8.0	3.7168385460972786e-05
8.01	3.6846380680799484e-05
8.02	3.6511337384581566e-05
8.03	3.6186305806040764e-05
8.04	3.586895763874054e-05
8.05	3.553275018930435e-05
8.06	3.523007035255432e-05
8.07	3.4921104088425636e-05
8.08	3.460957668721676e-05
8.09	3.429781645536423e-05
8.1	3.398163244128227e-05
8.11	3.369105979800224e-05
8.12	3.339000977575779e-05
8.13	3.308756276965141e-05
8.14	3.280024975538254e-05
8.15	3.249454312026501e-05
8.16	3.220490179955959e-05
8.17	3.1909672543406487e-05
8.18	3.162724897265434e-05
8.19	3.134924918413162e-05
8.2	3.105844371020794e-05
8.21	3.0763912945985794e-05
8.22	3.0489638447761536e-05
8.23	3.0217692255973816e-05
8.24	2.993876114487648e-05
8.25	2.966076135635376e-05
8.26	2.939533442258835e-05
8.27	2.9116636142134666e-05
8.28	2.8857262805104256e-05
8.29	2.8591835871338844e-05
8.3	2.8331531211733818e-05
8.31	2.8081703931093216e-05
8.32	2.782559022307396e-05
8.33	2.7575762942433357e-05
8.34	2.7324771508574486e-05
8.35	2.7083326131105423e-05
8.36	2.6837456971406937e-05
8.37	2.6581110432744026e-05
8.38	2.6337802410125732e-05
8.39	2.610241062939167e-05
8.4	2.585817128419876e-05
8.41	2.5619054213166237e-05
8.42	2.537923865020275e-05
8.43	2.5151995941996574e-05
8.44	2.492126077413559e-05
8.45	2.468423917889595e-05
8.46	2.4458859115839005e-05
8.47	2.4237437173724174e-05
8.48	2.4014385417103767e-05
8.49	2.380041405558586e-05
8.5	2.3578759282827377e-05
8.51	2.3366417735815048e-05
8.52	2.3147789761424065e-05
8.53	2.293451689183712e-05
8.54	2.272031269967556e-05
8.55	2.2511230781674385e-05
8.56	2.231053076684475e-05
8.57	2.210470847785473e-05
8.58	2.1900981664657593e-05
8.59	2.1702377125620842e-05
8.6	2.149096690118313e-05
8.61	2.1283747628331184e-05
8.62	2.108258195221424e-05
8.63	2.0898645743727684e-05
8.64	2.070283517241478e-05
8.65	2.0498177036643028e-05
8.66	2.0310282707214355e-05
8.67	2.0118197426199913e-05
8.68	1.9940780475735664e-05
8.69	1.97533518075943e-05
8.7	1.9570346921682358e-05
8.71	1.9397353753447533e-05
8.72	1.9212951883673668e-05
8.73	1.9032973796129227e-05
8.74	1.885625533759594e-05
8.75	1.8677441403269768e-05
8.76	1.8508872017264366e-05
8.77	1.8320977687835693e-05
8.78	1.814751885831356e-05
8.79	1.7980113625526428e-05
8.8	1.780875027179718e-05
8.81	1.764507032930851e-05
8.82	1.7472775653004646e-05
8.83	1.7310725525021553e-05
8.84	1.714378595352173e-05
8.85	1.6976380720734596e-05
8.86	1.682504080235958e-05
8.87	1.6666483134031296e-05
8.88	1.6503268852829933e-05
8.89	1.6348669305443764e-05
8.9	1.6191741451621056e-05
8.91	1.6040867194533348e-05
8.92	1.5885569155216217e-05
8.93	1.573166809976101e-05
8.94	1.558195799589157e-05
8.95	1.543457619845867e-05
8.96	1.5284167602658272e-05
8.97	1.5129335224628448e-05
8.98	1.4989636838436127e-05
8.99	1.4846445992588997e-05
9.0	1.4694873243570328e-05
9.01	1.4551449567079544e-05
9.02	1.4406861737370491e-05
9.03	1.42720527946949e-05
9.04	1.4132354408502579e-05
9.05	1.3998942449688911e-05
9.06	1.3870885595679283e-05
9.07	1.3730488717556e-05
9.08	1.360778696835041e-05
9.09	1.3468554243445396e-05
9.1	1.333584077656269e-05
9.11	1.320824958384037e-05
9.12	1.307530328631401e-05
9.13	1.2950040400028229e-05
9.14	1.2823846191167831e-05
9.15	1.270044595003128e-05
9.16	1.2576812878251076e-05
9.17	1.244409941136837e-05
9.18	1.2326985597610474e-05
9.19	1.2209638953208923e-05
9.2	1.2087635695934296e-05
9.21	1.1967960745096207e-05
9.22	1.1849449947476387e-05
9.23	1.1737458407878876e-05
9.24	1.162034459412098e-05
9.25	1.1504627764225006e-05
9.26	1.1399388313293457e-05
9.27	1.127924770116806e-05
9.28	1.1167721822857857e-05
9.29	1.1061318218708038e-05
9.3	1.095491461455822e-05
9.31	1.0857125744223595e-05
9.32	1.074792817234993e-05
9.33	1.063477247953415e-05
9.34	1.0527670383453369e-05
9.35	1.0425690561532974e-05
9.36	1.0327436029911041e-05
9.37	1.0218704119324684e-05
9.38	1.0119285434484482e-05
9.39	1.0018469765782356e-05
9.4	9.914394468069077e-06
9.41	9.817536920309067e-06
9.42	9.71602275967598e-06
9.43	9.626848623156548e-06
9.44	9.532785043120384e-06
9.45	9.434996172785759e-06
9.46	9.344657883048058e-06
9.47	9.254319593310356e-06
9.48	9.166775271296501e-06
9.49	9.069917723536491e-06
9.5	8.975621312856674e-06
9.51	8.88807699084282e-06
9.52	8.792383596301079e-06
9.53	8.706701919436455e-06
9.54	8.622650057077408e-06
9.55	8.537666872143745e-06
9.56	8.455943316221237e-06
9.57	8.357223123311996e-06
9.58	8.274801075458527e-06
9.59	8.194474503397942e-06
9.6	8.115312084555626e-06
9.61	8.035916835069656e-06
9.62	7.952330633997917e-06
9.63	7.873168215155602e-06
9.64	7.793307304382324e-06
9.65	7.712282240390778e-06
9.66	7.635913789272308e-06
9.67	7.557915523648262e-06
9.68	7.482245564460754e-06
9.69	7.407274097204208e-06
9.7	7.334398105740547e-06
9.71	7.261056452989578e-06
9.72	7.185386493802071e-06
9.73	7.109716534614563e-06
9.74	7.032416760921478e-06
9.75	6.963498890399933e-06
9.76	6.8908557295799255e-06
9.77	6.8140216171741486e-06
9.78	6.746500730514526e-06
9.79	6.67152926325798e-06
9.8	6.6070351749658585e-06
9.81	6.5374188125133514e-06
9.82	6.469665095210075e-06
9.83	6.405403837561607e-06
9.84	6.334856152534485e-06
9.85	6.271759048104286e-06
9.86	6.2105245888233185e-06
9.87	6.144866347312927e-06
9.88	6.082700565457344e-06
9.89	6.014248356223106e-06
9.9	5.950452759861946e-06
9.91	5.889683961868286e-06
9.92	5.825888365507126e-06
9.93	5.768844857811928e-06
9.94	5.705282092094421e-06
9.95	5.644513294100761e-06
9.96	5.587702617049217e-06
9.97	5.523208528757095e-06
9.98	5.466863512992859e-06
9.99	5.411216989159584e-06
10.0	5.352776497602463e-06
10.01	5.2961986511945724e-06
10.02	5.238689482212067e-06
10.03	5.187001079320908e-06
10.04	5.131354555487633e-06
10.05	5.0798989832401276e-06
10.06	5.028676241636276e-06
10.07	4.972564056515694e-06
10.08	4.917848855257034e-06
10.09	4.863133653998375e-06
10.1	4.817266017198563e-06
10.11	4.7727953642606735e-06
10.12	4.716217517852783e-06
10.13	4.661502316594124e-06
10.14	4.610046744346619e-06
10.15	4.562316462397575e-06
10.16	4.5157503336668015e-06
10.17	4.468252882361412e-06
10.18	4.423549398779869e-06
10.19	4.376983270049095e-06
10.2	4.330417141318321e-06
10.21	4.284782335162163e-06
10.22	4.237750545144081e-06
10.23	4.1960738599300385e-06
10.24	4.148576408624649e-06
10.25	4.102475941181183e-06
10.26	4.061497747898102e-06
10.27	4.016794264316559e-06
10.28	3.977911546826363e-06
10.29	3.932276740670204e-06
10.3	3.8852449506521225e-06
10.31	3.846827894449234e-06
10.32	3.8028229027986526e-06
10.33	3.764871507883072e-06
10.34	3.723427653312683e-06
10.35	3.6852434277534485e-06
10.36	3.6472920328378677e-06
10.37	3.6028213798999786e-06
10.38	3.5651028156280518e-06
10.39	3.5245902836322784e-06
10.4	3.485940396785736e-06
10.41	3.451947122812271e-06
10.42	3.4170225262641907e-06
10.43	3.384659066796303e-06
10.44	3.3455435186624527e-06
10.45	3.307592123746872e-06
10.46	3.2694078981876373e-06
10.47	3.234017640352249e-06
10.48	3.1997915357351303e-06
10.49	3.1604431569576263e-06
10.5	3.1278468668460846e-06
10.51	3.0945520848035812e-06
10.52	3.0547380447387695e-06
10.53	3.0195806175470352e-06
10.54	2.9837246984243393e-06
10.55	2.955319359898567e-06
10.56	2.921558916568756e-06
10.57	2.888031303882599e-06
10.58	2.8584618121385574e-06
10.59	2.8274953365325928e-06
10.6	2.7990899980068207e-06
10.61	2.7674250304698944e-06
10.62	2.7348287403583527e-06
10.63	2.7047935873270035e-06
10.64	2.670101821422577e-06
10.65	2.639833837747574e-06
10.66	2.616085112094879e-06
10.67	2.5865156203508377e-06
10.68	2.5583431124687195e-06
10.69	2.5257468223571777e-06
10.7	2.4936161935329437e-06
10.71	2.4670735001564026e-06
10.72	2.4391338229179382e-06
10.73	2.4135224521160126e-06
10.74	2.382555976510048e-06
10.75	2.3560132831335068e-06
10.76	2.326909452676773e-06
10.77	2.299901098012924e-06
10.78	2.2780150175094604e-06
10.79	2.25030817091465e-06
10.8	2.2258609533309937e-06
10.81	2.201879397034645e-06
10.82	2.1746382117271423e-06
10.83	2.15345062315464e-06
10.84	2.1276064217090607e-06
10.85	2.1047890186309814e-06
10.86	2.078479155898094e-06
10.87	2.0528677850961685e-06
10.88	2.026790753006935e-06
10.89	2.0014122128486633e-06
10.9	1.980224624276161e-06
10.91	1.958804205060005e-06
10.92	1.9364524632692337e-06
10.93	1.9131693989038467e-06
10.94	1.8915161490440369e-06
10.95	1.8719583749771118e-06
10.96	1.8514692783355713e-06
10.97	1.8302816897630692e-06
10.98	1.812586560845375e-06
10.99	1.7925631254911423e-06
11.0	1.7704442143440247e-06
11.01	1.7506536096334457e-06
11.02	1.7299316823482513e-06
11.03	1.7099082469940186e-06
11.04	1.6880221664905548e-06
11.05	1.6675330698490143e-06
11.06	1.6486737877130508e-06
11.07	1.6307458281517029e-06
11.08	1.6139820218086243e-06
11.09	1.5920959413051605e-06
11.1	1.573236659169197e-06
11.11	1.5548430383205414e-06
11.12	1.5362165868282318e-06
11.13	1.5192199498414993e-06
11.14	1.5005934983491898e-06
11.15	1.4870893210172653e-06
11.16	1.4710240066051483e-06
11.17	1.4551915228366852e-06
11.18	1.4405231922864914e-06
11.19	1.4209654182195663e-06
11.2	1.4014076441526413e-06
11.21	1.3844110071659088e-06
11.22	1.369742676615715e-06
11.23	1.3557728379964828e-06
11.24	1.3371463865041733e-06
11.25	1.3201497495174408e-06
11.26	1.301988959312439e-06
11.27	1.2854579836130142e-06
11.28	1.2705568224191666e-06
11.29	1.2540258467197418e-06
11.3	1.2414529919624329e-06
11.31	1.2279488146305084e-06
11.32	1.2123491615056992e-06
11.33	1.1993106454610825e-06
11.34	1.1837109923362732e-06
11.35	1.173466444015503e-06
11.36	1.1585652828216553e-06
11.37	1.1422671377658844e-06
11.38	1.1301599442958832e-06
11.39	1.1157244443893433e-06
11.4	1.1043157428503036e-06
11.41	1.0901130735874176e-06
11.42	1.0742805898189545e-06
11.43	1.0603107511997223e-06
11.44	1.0444782674312592e-06
11.45	1.032138243317604e-06
11.46	1.019565388560295e-06
11.47	1.0081566870212555e-06
11.48	9.974464774131775e-07
11.49	9.811483323574066e-07
11.5	9.688083082437515e-07
11.51	9.569339454174042e-07
11.52	9.459909051656723e-07
11.53	9.371433407068253e-07
11.54	9.275972843170166e-07
11.55	9.145587682723999e-07
11.56	9.038485586643219e-07
11.57	8.926726877689362e-07
11.58	8.817296475172043e-07
11.59	8.698552846908569e-07
11.6	8.577480912208557e-07
11.61	8.44709575176239e-07
11.62	8.33999365568161e-07
11.63	8.253846317529678e-07
11.64	8.135102689266205e-07
11.65	8.039642125368118e-07
11.66	7.934868335723877e-07
11.67	7.827766239643097e-07
11.68	7.746275514364243e-07
11.69	7.64383003115654e-07
11.7	7.569324225187302e-07
11.71	7.492490112781525e-07
11.72	7.408671081066132e-07
11.73	7.334165275096893e-07
11.74	7.243361324071884e-07
11.75	7.157213985919952e-07
11.76	7.043126970529556e-07
11.77	6.945338100194931e-07
11.78	6.877817213535309e-07
11.79	6.777700036764145e-07
11.8	6.707850843667984e-07
11.81	6.624031811952591e-07
11.82	6.521586328744888e-07
11.83	6.444752216339111e-07
11.84	6.356276571750641e-07
11.85	6.277114152908325e-07
11.86	6.188638508319855e-07
11.87	6.114132702350616e-07
11.88	6.046611815690994e-07
11.89	5.976762622594833e-07
11.9	5.923211574554443e-07
11.91	5.867332220077515e-07
11.92	5.781184881925583e-07
11.93	5.715992301702499e-07
11.94	5.641486495733261e-07
11.95	5.576293915510178e-07
11.96	5.504116415977478e-07
11.97	5.438923835754395e-07
11.98	5.366746336221695e-07
11.99	5.26895746588707e-07
12.0	5.187466740608215e-07
12.01	5.098991096019745e-07
12.02	5.038455128669739e-07
12.03	4.991888999938965e-07
12.04	4.903413355350494e-07
12.05	4.854518920183182e-07
12.06	4.791654646396637e-07
12.07	4.7334469854831696e-07
12.08	4.684552550315857e-07
12.09	4.6100467443466187e-07
12.1	4.5634806156158447e-07
12.11	4.507601261138916e-07
12.12	4.4424086809158325e-07
12.13	4.386529326438904e-07
12.14	4.3283216655254364e-07
12.15	4.2817555367946625e-07
12.16	4.193279892206192e-07
12.17	4.1211023926734924e-07
12.18	4.069879651069641e-07
12.19	4.0140002965927124e-07
12.2	3.976747393608093e-07
12.21	3.9301812648773193e-07
12.22	3.8603320717811584e-07
12.23	3.811437636613846e-07
12.24	3.7509016692638397e-07
12.25	3.702007234096527e-07
12.26	3.6531127989292145e-07
12.27	3.62517312169075e-07
12.28	3.5832636058330536e-07
12.29	3.5460107028484344e-07
12.3	3.5087577998638153e-07
12.31	3.4598633646965027e-07
12.32	3.4063123166561127e-07
12.33	3.350432962179184e-07
12.34	3.2992102205753326e-07
12.35	3.257300704717636e-07
12.36	3.1990930438041687e-07
12.37	3.159511834383011e-07
12.38	3.1176023185253143e-07
12.39	3.0640512704849243e-07
12.4	3.022141754627228e-07
12.41	2.9709190130233765e-07
12.42	2.9313378036022186e-07
12.43	2.9080547392368317e-07
12.44	2.873130142688751e-07
12.45	2.8475187718868256e-07
12.46	2.805609256029129e-07
12.47	2.7776695787906647e-07
12.48	2.742744982242584e-07
12.49	2.6938505470752716e-07
12.5	2.66125425696373e-07
12.51	2.628657966852188e-07
12.52	2.5937333703041077e-07
12.53	2.5564804673194885e-07
12.54	2.514570951461792e-07
12.55	2.4796463549137115e-07
12.56	2.4260953068733215e-07
12.57	2.3865140974521637e-07
12.58	2.3562461137771606e-07
12.59	2.3189932107925415e-07
12.6	2.2957101464271545e-07
12.61	2.2561289370059967e-07
12.62	2.2258609533309937e-07
12.63	2.193264663219452e-07
12.64	2.1676532924175262e-07
12.65	2.153683453798294e-07
12.66	2.1280720829963684e-07
12.67	2.0908191800117493e-07
12.68	2.0675361156463623e-07
12.69	2.0442530512809753e-07
12.7	2.0302832126617432e-07
12.71	2.0023435354232788e-07
12.72	1.9604340195655823e-07
12.73	1.9231811165809631e-07
12.74	1.8742866814136505e-07
12.75	1.8603168427944183e-07
12.76	1.825392246246338e-07
12.77	1.8044374883174896e-07
12.78	1.7904676496982574e-07
12.79	1.7532147467136383e-07
12.8	1.725275069475174e-07
12.81	1.695007085800171e-07
12.82	1.6763806343078613e-07
12.83	1.6670674085617065e-07
12.84	1.6391277313232422e-07
12.85	1.62515789270401e-07
12.86	1.601874828338623e-07
12.87	1.587904989719391e-07
12.88	1.564621925354004e-07
12.89	1.5296973288059235e-07
12.9	1.5157274901866913e-07
12.91	1.4854595065116882e-07
12.92	1.4621764421463013e-07
12.93	1.4458782970905304e-07
12.94	1.4272518455982208e-07
12.95	1.4062970876693726e-07
12.96	1.380685716867447e-07
12.97	1.3527460396289825e-07
12.98	1.3294629752635956e-07
12.99	1.3061799108982086e-07
13.0	1.2991949915885925e-07
13.01	1.2782402336597443e-07
13.02	1.2689270079135895e-07
13.03	1.25030055642128e-07
13.04	1.227017492055893e-07
13.05	1.210719347000122e-07
13.06	1.19674950838089e-07
13.07	1.1781230568885803e-07
13.08	1.1594966053962708e-07
13.09	1.1455267667770386e-07
13.1	1.1338852345943451e-07
13.11	1.103617250919342e-07
13.12	1.0780058801174164e-07
13.13	1.050066202878952e-07
13.14	1.0314397513866425e-07
13.15	1.019798219203949e-07
13.16	9.96515154838562e-08
13.17	9.872019290924072e-08
13.18	9.778887033462524e-08
13.19	9.592622518539429e-08
13.2	9.499490261077881e-08
13.21	9.336508810520172e-08
13.22	9.150244295597076e-08
13.23	9.033828973770142e-08
13.24	8.940696716308594e-08
13.25	8.824281394481659e-08
13.26	8.777715265750885e-08
13.27	8.707866072654724e-08
13.28	8.544884622097015e-08
13.29	8.265487849712372e-08
13.3	8.079223334789276e-08
13.31	7.89295881986618e-08
13.32	7.799826562404633e-08
13.33	7.683411240577698e-08
13.34	7.566995918750763e-08
13.35	7.497146725654602e-08
13.36	7.28759914636612e-08
13.37	7.171183824539185e-08
13.38	7.078051567077637e-08
13.39	6.984919309616089e-08
13.4	6.915070116519928e-08
13.41	6.82193785905838e-08
13.42	6.775371730327606e-08
13.43	6.728805601596832e-08
13.44	6.635673344135284e-08
13.45	6.58910721540451e-08
13.46	6.449408829212189e-08
13.47	6.28642737865448e-08
13.48	6.193295121192932e-08
13.49	6.05359673500061e-08
13.5	6.030313670635223e-08
13.51	5.9138983488082886e-08
13.52	5.844049155712128e-08
13.53	5.657784640789032e-08
13.54	5.541369318962097e-08
13.55	5.471520125865936e-08
13.56	5.4016709327697754e-08
13.57	5.3318217396736145e-08
13.58	5.2852556109428406e-08
13.59	5.168840289115906e-08
13.6	5.122274160385132e-08
13.61	5.029141902923584e-08
13.62	5.005858838558197e-08
13.63	4.959292709827423e-08
13.64	4.842877388000488e-08
13.65	4.819594323635101e-08
13.66	4.7497451305389404e-08
13.67	4.7031790018081665e-08
13.68	4.6100467443466187e-08
13.69	4.44706529378891e-08
13.7	4.353933036327362e-08
13.71	4.190951585769653e-08
13.72	4.1211023926734924e-08
13.73	4.0745362639427185e-08
13.74	3.958120942115784e-08
13.75	3.91155481338501e-08
13.76	3.864988684654236e-08
13.77	3.818422555923462e-08
13.78	3.725290298461914e-08
13.79	3.67872416973114e-08
13.8	3.632158041000366e-08
13.81	3.608874976634979e-08
13.82	3.608874976634979e-08
13.83	3.562308847904205e-08
13.84	3.4924596548080444e-08
13.85	3.3993273973464966e-08
13.86	3.236345946788788e-08
13.87	3.189779818058014e-08
13.88	3.050081431865692e-08
13.89	3.003515303134918e-08
13.9	3.003515303134918e-08
13.91	2.9103830456733704e-08
13.92	2.8638169169425964e-08
13.93	2.8172507882118225e-08
13.94	2.7474015951156616e-08
13.95	2.7474015951156616e-08
13.96	2.6775524020195007e-08
13.97	2.6542693376541138e-08
13.98	2.60770320892334e-08
13.99	2.60770320892334e-08
14.0	2.60770320892334e-08
14.01	2.514570951461792e-08
14.02	2.491287887096405e-08
14.03	2.468004822731018e-08
14.04	2.3283064365386963e-08
14.05	2.3050233721733093e-08
14.06	2.3050233721733093e-08
14.07	2.3050233721733093e-08
14.08	2.2351741790771484e-08
14.09	2.1653249859809875e-08
14.1	2.1187588572502136e-08
14.11	2.0256265997886658e-08
14.12	2.0256265997886658e-08
14.13	1.979060471057892e-08
14.14	1.932494342327118e-08
14.15	1.909211277961731e-08
14.16	1.885928213596344e-08
14.17	1.862645149230957e-08
14.18	1.862645149230957e-08
14.19	1.816079020500183e-08
14.2	1.816079020500183e-08
14.21	1.792795956134796e-08
14.22	1.792795956134796e-08
14.23	1.792795956134796e-08
14.24	1.7462298274040222e-08
14.25	1.7229467630386353e-08
14.26	1.6065314412117004e-08
14.27	1.5832483768463135e-08
14.28	1.5133991837501526e-08
14.29	1.4668330550193787e-08
14.3	1.4668330550193787e-08
14.31	1.4202669262886047e-08
14.32	1.4202669262886047e-08
14.33	1.3737007975578308e-08
14.34	1.3504177331924438e-08
14.35	1.3504177331924438e-08
14.36	1.3504177331924438e-08
14.37	1.3504177331924438e-08
14.38	1.3504177331924438e-08
14.39	1.3504177331924438e-08
14.4	1.3504177331924438e-08
14.41	1.30385160446167e-08
14.42	1.257285475730896e-08
14.43	1.234002411365509e-08
14.44	1.1641532182693481e-08
14.45	1.1175870895385742e-08
14.46	1.1175870895385742e-08
14.47	1.0943040251731873e-08
14.48	1.0710209608078003e-08
14.49	1.0477378964424133e-08
14.5	1.0244548320770264e-08
14.51	1.0011717677116394e-08
14.52	1.0011717677116394e-08
14.53	1.0011717677116394e-08
14.54	9.778887033462524e-09
14.55	9.778887033462524e-09
14.56	9.778887033462524e-09
14.57	9.778887033462524e-09
14.58	9.546056389808655e-09
14.59	9.080395102500916e-09
14.6	9.080395102500916e-09
14.61	8.614733815193176e-09
14.62	8.614733815193176e-09
14.63	8.381903171539307e-09
14.64	8.381903171539307e-09
14.65	7.916241884231567e-09
14.66	7.450580596923828e-09
14.67	7.450580596923828e-09
14.68	6.984919309616089e-09
14.69	6.752088665962219e-09
14.7	6.752088665962219e-09
14.71	6.28642737865448e-09
14.72	6.28642737865448e-09
14.73	6.28642737865448e-09
14.74	6.28642737865448e-09
14.75	6.28642737865448e-09
14.76	6.05359673500061e-09
14.77	6.05359673500061e-09
14.78	6.05359673500061e-09
14.79	6.05359673500061e-09
14.8	6.05359673500061e-09
14.81	5.820766091346741e-09
14.82	5.587935447692871e-09
14.83	5.122274160385132e-09
14.84	4.6566128730773926e-09
14.85	4.423782229423523e-09
14.86	4.190951585769653e-09
14.87	4.190951585769653e-09
14.88	3.958120942115784e-09
14.89	3.958120942115784e-09
14.9	3.958120942115784e-09
14.91	3.958120942115784e-09
14.92	3.958120942115784e-09
14.93	3.958120942115784e-09
14.94	3.958120942115784e-09
14.95	3.958120942115784e-09
14.96	3.958120942115784e-09
14.97	3.958120942115784e-09
14.98	3.958120942115784e-09
14.99	3.725290298461914e-09
15.0	3.4924596548080444e-09
15.01	3.026798367500305e-09
15.02	3.026798367500305e-09
15.03	3.026798367500305e-09
15.04	3.026798367500305e-09
15.05	3.026798367500305e-09
15.06	3.026798367500305e-09
15.07	3.026798367500305e-09
15.08	3.026798367500305e-09
15.09	3.026798367500305e-09
15.1	3.026798367500305e-09
15.11	3.026798367500305e-09
15.12	3.026798367500305e-09
15.13	3.026798367500305e-09
15.14	3.026798367500305e-09
15.15	3.026798367500305e-09
15.16	2.7939677238464355e-09
15.17	2.7939677238464355e-09
15.18	2.7939677238464355e-09
15.19	2.7939677238464355e-09
15.2	2.7939677238464355e-09
15.21	2.561137080192566e-09
15.22	2.561137080192566e-09
15.23	2.3283064365386963e-09
15.24	2.3283064365386963e-09
15.25	2.3283064365386963e-09
15.26	2.0954757928848267e-09
15.27	2.0954757928848267e-09
15.28	2.0954757928848267e-09
15.29	2.0954757928848267e-09
15.3	2.0954757928848267e-09
15.31	2.0954757928848267e-09
15.32	2.0954757928848267e-09
15.33	2.0954757928848267e-09
15.34	2.0954757928848267e-09
15.35	2.0954757928848267e-09
15.36	2.0954757928848267e-09
15.37	2.0954757928848267e-09
15.38	1.862645149230957e-09
15.39	1.6298145055770874e-09
15.4	1.3969838619232178e-09
15.41	1.1641532182693481e-09
15.42	1.1641532182693481e-09
15.43	9.313225746154785e-10
15.44	9.313225746154785e-10
15.45	9.313225746154785e-10
15.46	9.313225746154785e-10
15.47	9.313225746154785e-10
15.48	9.313225746154785e-10
15.49	9.313225746154785e-10
15.5	9.313225746154785e-10
15.51	9.313225746154785e-10
15.52	9.313225746154785e-10
15.53	9.313225746154785e-10
15.54	9.313225746154785e-10
15.55	9.313225746154785e-10
15.56	6.984919309616089e-10
15.57	6.984919309616089e-10
15.58	4.656612873077393e-10
15.59	4.656612873077393e-10
15.6	4.656612873077393e-10
15.61	4.656612873077393e-10
15.62	4.656612873077393e-10
15.63	4.656612873077393e-10
15.64	4.656612873077393e-10
15.65	4.656612873077393e-10
15.66	4.656612873077393e-10
15.67	4.656612873077393e-10
15.68	4.656612873077393e-10
15.69	4.656612873077393e-10
15.7	4.656612873077393e-10
15.71	4.656612873077393e-10
15.72	4.656612873077393e-10
15.73	4.656612873077393e-10
15.74	4.656612873077393e-10
15.75	4.656612873077393e-10
15.76	4.656612873077393e-10
15.77	4.656612873077393e-10
15.78	4.656612873077393e-10
15.79	4.656612873077393e-10
15.8	4.656612873077393e-10
15.81	4.656612873077393e-10
15.82	4.656612873077393e-10
15.83	4.656612873077393e-10
15.84	4.656612873077393e-10
15.85	4.656612873077393e-10
15.86	4.656612873077393e-10
15.87	4.656612873077393e-10
15.88	4.656612873077393e-10
15.89	4.656612873077393e-10
15.9	4.656612873077393e-10
15.91	4.656612873077393e-10
15.92	4.656612873077393e-10
15.93	4.656612873077393e-10
15.94	4.656612873077393e-10
15.95	4.656612873077393e-10
15.96	2.3283064365386963e-10
15.97	2.3283064365386963e-10
15.98	2.3283064365386963e-10
15.99	2.3283064365386963e-10
16.0	2.3283064365386963e-10
16.01	2.3283064365386963e-10
16.02	2.3283064365386963e-10
16.03	2.3283064365386963e-10
16.04	2.3283064365386963e-10
16.05	2.3283064365386963e-10
16.06	2.3283064365386963e-10
16.07	2.3283064365386963e-10
16.08	2.3283064365386963e-10
16.09	2.3283064365386963e-10
16.1	2.3283064365386963e-10
16.11	2.3283064365386963e-10
16.12	2.3283064365386963e-10
16.13	0.0
