5.13	0.0005036346556153148
5.14	0.0004998334043193609
5.15	0.0004960427322657779
5.16	0.0004922743537463248
5.17	0.0004885285743512213
5.18	0.00048481042904313654
5.19	0.0004810835380339995
5.2	0.00047747230564709753
5.21	0.00047384244680870324
5.22	0.00047023259685374796
5.23	0.00046660625957883894
5.24	0.0004630794865079224
5.25	0.00045953624066896737
5.26	0.0004560118686640635
5.27	0.00045252294512465596
5.28	0.00044905743561685085
5.29	0.0004456135065993294
5.3	0.0004421883058967069
5.31	0.0004387945664348081
5.32	0.00043542748608160764
5.33	0.0004320841107983142
5.34	0.000428752537118271
5.35	0.00042545153701212257
5.36	0.00042216817382723093
5.37	0.0004189049213891849
5.38	0.0004156705108471215
5.39	0.0004124673141632229
5.4	0.0004092799499630928
5.41	0.0004061054496560246
5.42	0.00040295151120517403
5.43	0.0003998247266281396
5.44	0.00039668190584052354
5.45	0.0003936336433980614
5.46	0.0003905798075720668
5.47	0.0003875380789395422
5.48	0.0003844854945782572
5.49	0.00038151572516653687
5.5	0.0003785442531807348
5.51	0.00037558302574325353
5.52	0.0003726449212990701
5.53	0.00036973223905079067
5.54	0.00036683096550405025
5.55	0.0003639530041255057
5.56	0.0003610967833083123
5.57	0.0003582645149435848
5.58	0.00035546382423490286
5.59	0.00035266068880446255
5.6	0.0003498894802760333
5.61	0.0003471325908321887
5.62	0.0003443882887950167
5.63	0.0003416746767470613
5.64	0.0003389743797015399
5.65	0.00033630162943154573
5.66	0.000333633812260814
5.67	0.00033098940912168473
5.68	0.00032837224716786295
5.69	0.00032573804492130876
5.7	0.0003231880837120116
5.71	0.00032061681849882007
5.72	0.0003180685162078589
5.73	0.00031550778658129275
5.74	0.00031300804403144866
5.75	0.000310522154904902
5.76	0.0003080428868997842
5.77	0.00030558265279978514
5.78	0.0003031343803741038
5.79	0.00030070643697399646
5.8	0.00029829388950020075
5.81	0.000295894657028839
5.82	0.0002935359225375578
5.83	0.000291187156108208
5.84	0.00028884517087135464
5.85	0.0002865247370209545
5.86	0.0002842121903086081
5.87	0.0002819193759933114
5.88	0.00027964283071924
5.89	0.00027738287462852895
5.9	0.0002751471911324188
5.91	0.0002729166153585538
5.92	0.0002707107341848314
5.93	0.00026852067094296217
5.94	0.0002663330524228513
5.95	0.00026419913046993315
5.96	0.0002620453597046435
5.97	0.0002599161525722593
5.98	0.00025777131668291986
5.99	0.00025568473211023957
6.0	0.0002536086249165237
6.01	0.0002515392116038129
6.02	0.00024949267390184104
6.03	0.00024744881375227123
6.04	0.00024542574828956276
6.05	0.00024341429525520653
6.06	0.0002414163900539279
6.07	0.00023944162239786237
6.08	0.00023747571685817093
6.09	0.00023552878701593727
6.1	0.00023358776525128633
6.11	0.00023166259052231908
6.12	0.00022976187756285071
6.13	0.0002278647298226133
6.14	0.00022598254145123065
6.15	0.0002241231850348413
6.16	0.00022226458531804383
6.17	0.00022042827913537621
6.18	0.00021860271226614714
6.19	0.00021678360644727945
6.2	0.00021500607545021921
6.21	0.00021321617532521486
6.22	0.00021144286438357085
6.23	0.00020966411102563143
6.24	0.00020793825387954712
6.25	0.0002062098792521283
6.26	0.00020449554722290486
6.27	0.00020279193995520473
6.28	0.000201092756469734
6.29	0.00019940744095947593
6.3	0.00019774398242589086
6.31	0.00019608496222645044
6.32	0.00019444354984443635
6.33	0.00019281245477031916
6.34	0.00019119572243653238
6.35	0.00018958290456794202
6.36	0.00018798589007928967
6.37	0.00018641314818523824
6.38	0.0001848437386797741
6.39	0.00018328451551496983
6.4	0.00018173913122154772
6.41	0.00018019908748101443
6.42	0.00017867525457404554
6.43	0.00017716051661409438
6.44	0.00017565031885169446
6.45	0.00017418486822862178
6.46	0.00017269990348722786
6.47	0.00017123653378803283
6.48	0.00016976191545836627
6.49	0.00016833885456435382
6.5	0.00016690153279341757
6.51	0.00016548135317862034
6.52	0.00016407541988883168
6.53	0.0001626681914785877
6.54	0.00016127752314787358
6.55	0.00015989963139872998
6.56	0.000158534268848598
6.57	0.00015717552741989493
6.58	0.00015582509513478726
6.59	0.0001544900587759912
6.6	0.0001531566958874464
6.61	0.00015183347568381578
6.62	0.00015053288370836526
6.63	0.0001492348819738254
6.64	0.00014795587048865855
6.65	0.00014667338109575212
6.66	0.00014540855772793293
6.67	0.00014415137411560863
6.68	0.00014289557293523103
6.69	0.00014166164328344166
6.7	0.0001404356735292822
6.71	0.00013921425852458924
6.72	0.00013800400483887643
6.73	0.00013680255506187677
6.74	0.00013562229287344962
6.75	0.00013443829084280878
6.76	0.00013326517364475876
6.77	0.00013210647739470005
6.78	0.0001309493964072317
6.79	0.00012980631436221302
6.8	0.00012866825272794813
6.81	0.00012754775525536388
6.82	0.0001264280581381172
6.83	0.00012531341053545475
6.84	0.0001242140424437821
6.85	0.00012311892351135612
6.86	0.0001220359408762306
6.87	0.00012096013233531266
6.88	0.00011989727499894798
6.89	0.00011884656851179898
6.9	0.0001177914091385901
6.91	0.00011675100540742278
6.92	0.00011571867798920721
6.93	0.00011468934826552868
6.94	0.00011367166007403284
6.95	0.00011266395449638367
6.96	0.00011166275362484157
6.97	0.00011066753359045833
6.98	0.0001096860651159659
6.99	0.00010871636914089322
7.0	0.00010774974361993372
7.01	0.00010678904072847217
7.02	0.00010583280527498573
7.03	0.0001048857084242627
7.04	0.00010394630953669548
7.05	0.0001030129351420328
7.06	0.00010209556785412133
7.07	0.0001011837157420814
7.08	0.00010027503594756126
7.09	9.937185677699745e-05
7.1	9.8480872111395e-05
7.11	9.759486420080066e-05
7.12	9.671362931840122e-05
7.13	9.584437066223472e-05
7.14	9.498081635683775e-05
7.15	9.41186590353027e-05
7.16	9.32638649828732e-05
7.17	9.242126543540508e-05
7.18	9.158499597106129e-05
7.19	9.075521666090935e-05
7.2	8.993268420454115e-05
7.21	8.911805343814194e-05
7.22	8.83040193002671e-05
7.23	8.749931294005364e-05
7.24	8.670562237966806e-05
7.25	8.592080848757178e-05
7.26	8.513442298863083e-05
7.27	8.435407653450966e-05
7.28	8.358173363376409e-05
7.29	8.281873306259513e-05
7.3	8.2057187682949e-05
7.31	8.130822970997542e-05
7.32	8.056694059632719e-05
7.33	7.982630631886423e-05
7.34	7.909350097179413e-05
7.35	7.836692384444177e-05
7.36	7.764784095343202e-05
7.37	7.693064981140196e-05
7.38	7.622044358868152e-05
7.39	7.551710586994886e-05
7.4	7.481686770915985e-05
7.41	7.411999104078859e-05
7.42	7.34353088773787e-05
7.43	7.275636016856879e-05
7.44	7.208519673440605e-05
7.45	7.141026435419917e-05
7.46	7.07486760802567e-05
7.47	7.00891250744462e-05
7.48	6.943113112356514e-05
7.49	6.878648127894849e-05
7.5	6.815037340857089e-05
7.51	6.751413457095623e-05
7.52	6.687905988655984e-05
7.53	6.625430251006037e-05
7.54	6.563501665368676e-05
7.55	6.501608004327863e-05
7.56	6.440674769692123e-05
7.57	6.380279955919832e-05
7.58	6.320087413769215e-05
7.59	6.260618101805449e-05
7.6	6.201479118317366e-05
7.61	6.143545033410192e-05
7.62	6.0858335928060114e-05
7.63	6.028142524883151e-05
7.64	5.970895290374756e-05
7.65	5.9143538237549365e-05
7.66	5.857975338585675e-05
7.67	5.802107625640929e-05
7.68	5.7475335779599845e-05
7.69	5.6931094150058925e-05
7.7	5.638709990307689e-05
7.71	5.5849639466032386e-05
7.72	5.531604983843863e-05
7.73	5.478732055053115e-05
7.74	5.4264150094240904e-05
7.75	5.374684405978769e-05
7.76	5.32362173544243e-05
7.77	5.272250564303249e-05
7.78	5.2216011681593955e-05
7.79	5.17157168360427e-05
7.8	5.122230504639447e-05
7.81	5.072721978649497e-05
7.82	5.023904668632895e-05
7.83	4.975590854883194e-05
7.84	4.927458940073848e-05
7.85	4.8799789510667324e-05
7.86	4.8331276047974825e-05
7.87	4.786763747688383e-05
7.88	4.740011354442686e-05
7.89	4.694005474448204e-05
7.9	4.648484173230827e-05
7.91	4.6031505917198956e-05
7.92	4.558441287372261e-05
7.93	4.5144144678488374e-05
7.94	4.470674321055412e-05
7.95	4.427318344824016e-05
7.96	4.383741179481149e-05
7.97	4.34106623288244e-05
7.98	4.298608109820634e-05
7.99	4.256442480254918e-05
8.0	4.214550426695496e-05
8.01	4.173471825197339e-05
8.02	4.132442700210959e-05
8.03	4.091538721695542e-05
8.04	4.051826545037329e-05
8.05	4.012370482087135e-05
8.06	3.972943522967398e-05
8.07	3.933462721761316e-05
8.08	3.8946716813370585e-05
8.09	3.856084367725998e-05
8.1	3.817844844888896e-05
8.11	3.7803169107064605e-05
8.12	3.743087290786207e-05
8.13	3.705387644004077e-05
8.14	3.668994759209454e-05
8.15	3.632526204455644e-05
8.16	3.5967284929938614e-05
8.17	3.5608187317848206e-05
8.18	3.525202919263393e-05
8.19	3.490233211778104e-05
8.2	3.4552576835267246e-05
8.21	3.420234133955091e-05
8.22	3.3863107091747224e-05
8.23	3.352669591549784e-05
8.24	3.319173993077129e-05
8.25	3.285665297880769e-05
8.26	3.252754686400294e-05
8.27	3.219992504455149e-05
8.28	3.1872696126811206e-05
8.29	3.155485319439322e-05
8.3	3.1238567316904664e-05
8.31	3.0926064937375486e-05
8.32	3.061057941522449e-05
8.33	3.0299386708065867e-05
8.34	2.999408752657473e-05
8.35	2.9687827918678522e-05
8.36	2.938846591860056e-05
8.37	2.9090530006214976e-05
8.38	2.879297244362533e-05
8.39	2.850196324288845e-05
8.4	2.82108667306602e-05
8.41	2.7927482733502984e-05
8.42	2.7641101041808724e-05
8.43	2.735709131229669e-05
8.44	2.7076719561591744e-05
8.45	2.679901081137359e-05
8.46	2.6520792744122446e-05
8.47	2.6249952497892082e-05
8.48	2.59845401160419e-05
8.49	2.5718050892464817e-05
8.5	2.5453759008087218e-05
8.51	2.5190776796080172e-05
8.52	2.4929147912189364e-05
8.53	2.4671026039868593e-05
8.54	2.4414330255240202e-05
8.55	2.4162698537111282e-05
8.56	2.3915417841635644e-05
8.57	2.3666696506552398e-05
8.58	2.341993968002498e-05
8.59	2.317830512765795e-05
8.6	2.29378929361701e-05
8.61	2.2697524400427938e-05
8.62	2.246038638986647e-05
8.63	2.222489274572581e-05
8.64	2.199357550125569e-05
8.65	2.1764877601526678e-05
8.66	2.1539934095926583e-05
8.67	2.1315296180546284e-05
8.68	2.109068736899644e-05
8.69	2.0869381842203438e-05
8.7	2.0648789359256625e-05
8.71	2.0429957658052444e-05
8.72	2.0215389668010175e-05
8.73	2.0002989913336933e-05
8.74	1.9794213585555553e-05
8.75	1.95866305148229e-05
8.76	1.9378014258109033e-05
8.77	1.917246845550835e-05
8.78	1.8969964003190398e-05
8.79	1.876572787296027e-05
8.8	1.8566963262856007e-05
8.81	1.8372185877524316e-05
8.82	1.8175647710449994e-05
8.83	1.7980477423407137e-05
8.84	1.7790502170100808e-05
8.85	1.760195300448686e-05
8.86	1.7415848560631275e-05
8.87	1.722709566820413e-05
8.88	1.7042708350345492e-05
8.89	1.686095492914319e-05
8.9	1.667944889049977e-05
8.91	1.6501813661307096e-05
8.92	1.6326390323229134e-05
8.93	1.6152873286046088e-05
8.94	1.597686787135899e-05
8.95	1.5804034774191678e-05
8.96	1.5633573639206588e-05
8.97	1.5464116586372256e-05
8.98	1.5296638594008982e-05
8.99	1.5134064597077668e-05
9.0	1.4970224583521485e-05
9.01	1.4808756532147527e-05
9.02	1.4647230273112655e-05
9.03	1.4490215107798576e-05
9.04	1.4330798876471817e-05
9.05	1.417413295712322e-05
9.06	1.4019518857821822e-05
9.07	1.3865545042790473e-05
9.08	1.3713754015043378e-05
9.09	1.35627924464643e-05
9.1	1.3416371075436473e-05
9.11	1.3271725038066506e-05
9.12	1.3125521945767105e-05
9.13	1.2979289749637246e-05
9.14	1.2837277608923614e-05
9.15	1.2694421457126737e-05
9.16	1.255459210369736e-05
9.17	1.2417251127772033e-05
9.18	1.2283373507671058e-05
9.19	1.2144722859375179e-05
9.2	1.2012067600153387e-05
9.21	1.1878786608576775e-05
9.22	1.1747790267691016e-05
9.23	1.1617827112786472e-05
9.24	1.1488329619169235e-05
9.25	1.136121863964945e-05
9.26	1.1234180419705808e-05
9.27	1.1108917533420026e-05
9.28	1.0986739653162658e-05
9.29	1.0864547220990062e-05
9.3	1.0743271559476852e-05
9.31	1.0621108231134713e-05
9.32	1.0501229553483427e-05
9.33	1.0383562766946852e-05
9.34	1.0263902368023992e-05
9.35	1.015164889395237e-05
9.36	1.003750367090106e-05
9.37	9.924769983626902e-06
9.38	9.809868060983717e-06
9.39	9.69927350524813e-06
9.4	9.589421097189188e-06
9.41	9.479859727434814e-06
9.42	9.373165084980428e-06
9.43	9.267983841709793e-06
9.44	9.1617985162884e-06
9.45	9.05861088540405e-06
9.46	8.954797522164881e-06
9.47	8.855742635205388e-06
9.48	8.754985174164176e-06
9.49	8.65221954882145e-06
9.5	8.553455700166523e-06
9.51	8.454502676613629e-06
9.52	8.357936167158186e-06
9.53	8.2624756032601e-06
9.54	8.170623914338648e-06
9.55	8.076618541963398e-06
9.56	7.983035175129771e-06
9.57	7.890441338531673e-06
9.58	7.798909791745245e-06
9.59	7.707232725806534e-06
9.6	7.619761163368821e-06
9.61	7.5320713222026825e-06
9.62	7.44486169423908e-06
9.63	7.357171853072941e-06
9.64	7.271562935784459e-06
9.65	7.187787559814751e-06
9.66	7.103968528099358e-06
9.67	7.020251359790564e-06
9.68	6.938047590665519e-06
9.69	6.856964319013059e-06
9.7	6.776303052902222e-06
9.71	6.697184289805591e-06
9.72	6.621383363381028e-06
9.73	6.54491304885596e-06
9.74	6.466172635555267e-06
9.75	6.390400812961161e-06
9.76	6.314934580586851e-06
9.77	6.240559741854668e-06
9.78	6.166985258460045e-06
9.79	6.09619019087404e-06
9.8	6.024813046678901e-06
9.81	5.954017979092896e-06
9.82	5.883819540031254e-06
9.83	5.814392352476716e-06
9.84	5.744965164922178e-06
9.85	5.675829015672207e-06
9.86	5.608570063486695e-06
9.87	5.5417767725884914e-06
9.88	5.474852514453232e-06
9.89	5.409121513366699e-06
9.9	5.346708348952234e-06
9.91	5.282519850879908e-06
9.92	5.219117156229913e-06
9.93	5.155481630936265e-06
9.94	5.092952051199973e-06
9.95	5.031033651903272e-06
9.96	4.969668225385249e-06
9.97	4.9117079470306635e-06
9.98	4.853689461015165e-06
9.99	4.794259439222515e-06
10.0	4.736633854918182e-06
10.01	4.679110134020448e-06
10.02	4.623187123797834e-06
10.03	4.566274583339691e-06
10.04	4.511006409302354e-06
10.05	4.457178874872625e-06
10.06	4.401925252750516e-06
10.07	4.349378286860883e-06
10.08	4.296583938412368e-06
10.09	4.245492164045572e-06
10.1	4.192159394733608e-06
10.11	4.140078090131283e-06
10.12	4.0890445234254e-06
10.13	4.037938197143376e-06
10.14	3.987850504927337e-06
10.15	3.940789611078799e-06
10.16	3.8927828427404165e-06
10.17	3.845809260383248e-06
10.18	3.7970312405377626e-06
10.19	3.7497084122151136e-06
10.2	3.7025311030447483e-06
10.21	3.6556157283484936e-06
10.22	3.6106794141232967e-06
10.23	3.5656557884067297e-06
10.24	3.52172355633229e-06
10.25	3.47752938978374e-06
10.26	3.434804966673255e-06
10.27	3.392648068256676e-06
10.28	3.3499381970614195e-06
10.29	3.306253347545862e-06
10.3	3.265435225330293e-06
10.31	3.2242387533187866e-06
10.32	3.183915396220982e-06
10.33	3.1447416404262185e-06
10.34	3.1067756935954094e-06
10.35	3.0674273148179054e-06
10.36	3.0287046683952212e-06
10.37	2.9901566449552774e-06
10.38	2.951303031295538e-06
10.39	2.913540811277926e-06
10.4	2.876651706174016e-06
10.41	2.841392415575683e-06
10.42	2.8060312615707517e-06
10.43	2.7706410037353635e-06
10.44	2.7345813577994704e-06
10.45	2.7003115974366665e-06
10.46	2.6647758204489946e-06
10.47	2.6304187485948205e-06
10.48	2.5962654035538435e-06
10.49	2.563407178968191e-06
10.5	2.529326593503356e-06
10.51	2.4979817681014538e-06
10.52	2.4665932869538665e-06
10.53	2.4353066692128778e-06
10.54	2.4032051442191005e-06
10.55	2.3720785975456238e-06
10.56	2.3412139853462577e-06
10.57	2.310087438672781e-06
10.58	2.2807071218267083e-06
10.59	2.2513559088110924e-06
10.6	2.2236345103010535e-06
10.61	2.194501576013863e-06
10.62	2.1657906472682953e-06
10.63	2.1373271010816097e-06
10.64	2.1095911506563425e-06
10.65	2.0809966372326016e-06
10.66	2.054599463008344e-06
10.67	2.0279549062252045e-06
10.68	2.0016886992380023e-06
10.69	1.974898623302579e-06
10.7	1.9499711925163865e-06
10.71	1.923617674037814e-06
10.72	1.898937625810504e-06
10.73	1.8733844626694918e-06
10.74	1.8485006876289845e-06
10.75	1.8237187759950757e-06
10.76	1.7995043890550733e-06
10.77	1.77636684384197e-06
10.78	1.7533311620354652e-06
10.79	1.7305428627878428e-06
10.8	1.7066486179828644e-06
10.81	1.6834528651088476e-06
10.82	1.6611156752333045e-06
10.83	1.6380654415115714e-06
10.84	1.616150257177651e-06
10.85	1.595806679688394e-06
10.86	1.574226189404726e-06
10.87	1.5536206774413586e-06
10.88	1.5329133020713925e-06
10.89	1.5125551726669073e-06
10.9	1.4915858628228307e-06
10.91	1.4712568372488022e-06
10.92	1.4515680959448218e-06
10.93	1.431384589523077e-06
10.94	1.4122924767434597e-06
10.95	1.3935932656750083e-06
10.96	1.3752869563177228e-06
10.97	1.357562723569572e-06
10.98	1.3385579222813249e-06
10.99	1.3199023669585586e-06
11.0	1.3014214346185327e-06
11.01	1.2828095350414515e-06
11.02	1.2656673789024353e-06
11.03	1.2484670151025057e-06
11.04	1.2315285857766867e-06
11.05	1.2145028449594975e-06
11.06	1.197782694362104e-06
11.07	1.1814699973911047e-06
11.08	1.1648371582850814e-06
11.09	1.1483789421617985e-06
11.1	1.1327356332913041e-06
11.11	1.116786734201014e-06
11.12	1.1010706657543778e-06
11.13	1.086125848814845e-06
11.14	1.0717485565692186e-06
11.15	1.0573712643235922e-06
11.16	1.041931682266295e-06
11.17	1.0273506632074714e-06
11.18	1.0125077096745372e-06
11.19	9.979994501918554e-07
11.2	9.838840924203396e-07
11.21	9.710347512736917e-07
11.22	9.577488526701927e-07
11.23	9.44113708101213e-07
11.24	9.303330443799496e-07
11.25	9.172363206744194e-07
11.26	9.036593837663531e-07
11.27	8.905772119760513e-07
11.28	8.784409146755934e-07
11.29	8.659117156639695e-07
11.3	8.536007953807712e-07
11.31	8.417846402153373e-07
11.32	8.30230419524014e-07
11.33	8.186179911717772e-07
11.34	8.066563168540597e-07
11.35	7.946218829602003e-07
11.36	7.831258699297905e-07
11.37	7.712806109338999e-07
11.38	7.602939149364829e-07
11.39	7.498892955482006e-07
11.4	7.401977200061083e-07
11.41	7.292692316696048e-07
11.42	7.186754373833537e-07
11.43	7.082999218255281e-07
11.44	6.976915756240487e-07
11.45	6.86835846863687e-07
11.46	6.77391653880477e-07
11.47	6.681802915409207e-07
11.48	6.582704372704029e-07
11.49	6.488699000328779e-07
11.5	6.398622645065188e-07
11.51	6.304035196080804e-07
11.52	6.213667802512646e-07
11.53	6.117479642853141e-07
11.54	6.028712959960103e-07
11.55	5.93616277910769e-07
11.56	5.847832653671503e-07
11.57	5.768670234829187e-07
11.58	5.687033990398049e-07
11.59	5.605252226814628e-07
11.6	5.517504177987576e-07
11.61	5.435722414404154e-07
11.62	5.354813765734434e-07
11.63	5.267938831821084e-07
11.64	5.194451659917831e-07
11.65	5.117617547512054e-07
11.66	5.042675184085965e-07
11.67	4.969915607944131e-07
11.68	4.898611223325133e-07
11.69	4.82788891531527e-07
11.7	4.752946551889181e-07
11.71	4.6794593799859285e-07
11.72	4.6119384933263063e-07
11.73	4.541361704468727e-07
11.74	4.473840817809105e-07
11.75	4.4050102587789297e-07
11.76	4.343310138210654e-07
11.77	4.277972038835287e-07
11.78	4.208122845739126e-07
11.79	4.1426392272114754e-07
11.8	4.076864570379257e-07
11.81	4.0109443943947554e-07
11.82	3.9530277717858553e-07
11.83	3.898167051374912e-07
11.84	3.8392317947000265e-07
11.85	3.778841346502304e-07
11.86	3.7203426472842693e-07
11.87	3.6646088119596243e-07
11.88	3.603199729695916e-07
11.89	3.54702933691442e-07
11.9	3.48911271430552e-07
11.91	3.43832653015852e-07
11.92	3.386958269402385e-07
11.93	3.335881046950817e-07
11.94	3.2904790714383125e-07
11.95	3.239401848986745e-07
11.96	3.184541128575802e-07
11.97	3.1341915018856525e-07
11.98	3.083987394347787e-07
11.99	3.031600499525666e-07
12.0	2.9840157367289066e-07
12.01	2.942688297480345e-07
12.02	2.8984504751861095e-07
12.03	2.8537760954350233e-07
12.04	2.810556907206774e-07
12.05	2.764281816780567e-07
12.06	2.718152245506644e-07
12.07	2.6701309252530336e-07
12.08	2.630113158375025e-07
12.09	2.5876215659081936e-07
12.1	2.5468762032687664e-07
12.11	2.5059853214770555e-07
12.12	2.4681503418833017e-07
12.13	2.430751919746399e-07
12.14	2.389424480497837e-07
12.15	2.3510074242949486e-07
12.16	2.3128814063966274e-07
12.17	2.274027792736888e-07
12.18	2.236629370599985e-07
12.19	2.203742042183876e-07
12.2	2.1683808881789446e-07
12.21	2.1333107724785805e-07
12.22	2.099695848301053e-07
12.23	2.067681634798646e-07
12.24	2.0314473658800125e-07
12.25	1.9971048459410667e-07
12.26	1.968001015484333e-07
12.27	1.939042704179883e-07
12.28	1.9084836822003126e-07
12.29	1.8782156985253096e-07
12.3	1.8469290807843208e-07
12.31	1.8162245396524668e-07
12.32	1.7837737686932087e-07
12.33	1.7523416317999363e-07
12.34	1.7254205886274576e-07
12.35	1.693697413429618e-07
12.36	1.6659032553434372e-07
12.37	1.640582922846079e-07
12.38	1.6158446669578552e-07
12.39	1.5890691429376602e-07
12.4	1.5599653124809265e-07
12.41	1.5344994608312845e-07
12.42	1.5065597835928202e-07
12.43	1.4787656255066395e-07
12.44	1.4572287909686565e-07
12.45	1.4339457266032696e-07
12.46	1.411826815456152e-07
12.47	1.3888347893953323e-07
12.48	1.367443474009633e-07
12.49	1.3448880054056644e-07
12.5	1.318694557994604e-07
12.51	1.2959935702383518e-07
12.52	1.2754753697663546e-07
12.53	1.255102688446641e-07
12.54	1.230946509167552e-07
12.55	1.2136297300457954e-07
12.56	1.1961674317717552e-07
12.57	1.174776116386056e-07
12.58	1.1535303201526403e-07
12.59	1.1350493878126144e-07
12.6	1.1113297659903765e-07
12.61	1.0909570846706629e-07
12.62	1.0718940757215023e-07
12.63	1.0560324881225824e-07
12.64	1.0390067473053932e-07
12.65	1.021544449031353e-07
12.66	1.0040821507573128e-07
12.67	9.856012184172869e-08
12.68	9.67993400990963e-08
12.69	9.480572771281004e-08
12.7	9.332143235951662e-08
12.71	9.172072168439627e-08
12.72	9.003269951790571e-08
12.73	8.851930033415556e-08
12.74	8.723873179405928e-08
12.75	8.553615771234035e-08
12.76	8.39791027829051e-08
12.77	8.245115168392658e-08
12.78	8.111237548291683e-08
12.79	7.935159374028444e-08
12.8	7.814378477633e-08
12.81	7.693597581237555e-08
12.82	7.57281668484211e-08
12.83	7.447670213878155e-08
12.84	7.30942701920867e-08
12.85	7.168273441493511e-08
12.86	7.025664672255516e-08
12.87	6.885966286063194e-08
12.88	6.77391653880477e-08
12.89	6.667687557637691e-08
12.9	6.543996278196573e-08
12.91	6.423215381801128e-08
12.92	6.29952410236001e-08
12.93	6.183108780533075e-08
12.94	6.03613443672657e-08
12.95	5.9284502640366554e-08
12.96	5.8076693676412106e-08
12.97	5.7014403864741325e-08
12.98	5.5995769798755646e-08
12.99	5.52245182916522e-08
13.0	5.435140337795019e-08
13.01	5.339097697287798e-08
13.02	5.2343239076435566e-08
13.03	5.135370884090662e-08
13.04	5.023321136832237e-08
13.05	4.914181772619486e-08
13.06	4.829780664294958e-08
13.07	4.761386662721634e-08
13.08	4.682806320488453e-08
13.09	4.599860403686762e-08
13.1	4.5227352529764175e-08
13.11	4.43833414465189e-08
13.12	4.343746695667505e-08
13.13	4.265166353434324e-08
13.14	4.193861968815327e-08
13.15	4.0890881791710854e-08
13.16	4.0105078369379044e-08
13.17	3.943569026887417e-08
13.18	3.8853613659739494e-08
13.19	3.809691406786442e-08
13.2	3.734021447598934e-08
13.21	3.6612618714571e-08
13.22	3.5797711461782455e-08
13.23	3.5157427191734314e-08
13.24	3.448803909122944e-08
13.25	3.3949618227779865e-08
13.26	3.3207470551133156e-08
13.27	3.2654497772455215e-08
13.28	3.2014213502407074e-08
13.29	3.14757926389575e-08
13.3	3.0675437301397324e-08
13.31	3.007880877703428e-08
13.32	2.9569491744041443e-08
13.33	2.9060174711048603e-08
13.34	2.8463546186685562e-08
13.35	2.8085196390748024e-08
13.36	2.7532223612070084e-08
13.37	2.7022906579077244e-08
13.38	2.6499037630856037e-08
13.39	2.6004272513091564e-08
13.4	2.5393092073500156e-08
13.41	2.4811015464365482e-08
13.42	2.4389009922742844e-08
13.43	2.4010660126805305e-08
13.44	2.3690517991781235e-08
13.45	2.3122993297874928e-08
13.46	2.264278009533882e-08
13.47	2.2031599655747414e-08
13.48	2.1551386453211308e-08
13.49	2.0954757928848267e-08
13.5	2.0721927285194397e-08
13.51	2.0168954506516457e-08
13.52	1.9746948964893818e-08
13.53	1.9470462575554848e-08
13.54	1.9252183847129345e-08
13.55	1.877197064459324e-08
13.56	1.8335413187742233e-08
13.57	1.7913407646119595e-08
13.58	1.7505954019725323e-08
13.59	1.7069396562874317e-08
13.6	1.6763806343078613e-08
13.61	1.6530975699424744e-08
13.62	1.6283593140542507e-08
13.63	1.5963451005518436e-08
13.64	1.5599653124809265e-08
13.65	1.5366822481155396e-08
13.66	1.4828401617705822e-08
13.67	1.4450051821768284e-08
13.68	1.4246325008571148e-08
13.69	1.4042598195374012e-08
13.7	1.3664248399436474e-08
13.71	1.3460521586239338e-08
13.72	1.3184035196900368e-08
13.73	1.2834789231419563e-08
13.74	1.2500095181167126e-08
13.75	1.2238160707056522e-08
13.76	1.1976226232945919e-08
13.77	1.1699739843606949e-08
13.78	1.1452357284724712e-08
13.79	1.127773430198431e-08
13.8	1.1074007488787174e-08
13.81	1.0826624929904938e-08
13.82	1.0550138540565968e-08
13.83	1.0404619388282299e-08
13.84	1.017178874462843e-08
13.85	9.807990863919258e-09
13.86	9.691575542092323e-09
13.87	9.47329681366682e-09
13.88	9.327777661383152e-09
13.89	9.15315467864275e-09
13.9	8.978531695902348e-09
13.91	8.68749339133501e-09
13.92	8.425558917224407e-09
13.93	8.250935934484005e-09
13.94	8.119968697428703e-09
13.95	7.974449545145035e-09
13.96	7.828930392861366e-09
13.97	7.712515071034431e-09
13.98	7.552444003522396e-09
13.99	7.377821020781994e-09
14.0	7.101334631443024e-09
14.01	6.970367394387722e-09
14.02	6.766640581190586e-09
14.03	6.606569513678551e-09
14.04	6.446498446166515e-09
14.05	6.402842700481415e-09
14.06	6.2427716329693794e-09
14.07	6.111804395914078e-09
14.08	5.966285243630409e-09
14.09	5.864421837031841e-09
14.1	5.631591193377972e-09
14.11	5.515175871551037e-09
14.12	5.369656719267368e-09
14.13	5.282345227897167e-09
14.14	5.195033736526966e-09
14.15	5.122274160385132e-09
14.16	5.034962669014931e-09
14.17	4.918547347187996e-09
14.18	4.802132025361061e-09
14.19	4.6566128730773926e-09
14.2	4.554749466478825e-09
14.21	4.380126483738422e-09
14.22	4.307366907596588e-09
14.23	4.2637111619114876e-09
14.24	4.16184775531292e-09
14.25	4.0745362639427185e-09
14.26	4.001776687800884e-09
14.27	3.8708094507455826e-09
14.28	3.768946044147015e-09
14.29	3.623426891863346e-09
14.3	3.5943230614066124e-09
14.31	3.4779077395796776e-09
14.32	3.41970007866621e-09
14.33	3.3614924177527428e-09
14.34	3.259629011154175e-09
14.35	3.2014213502407074e-09
14.36	3.0850060284137726e-09
14.37	3.0704541131854057e-09
14.38	2.9685907065868378e-09
14.39	2.9103830456733704e-09
14.4	2.837623469531536e-09
14.41	2.8230715543031693e-09
14.42	2.735760062932968e-09
14.43	2.663000486791134e-09
14.44	2.5902409106492996e-09
14.45	2.5320332497358322e-09
14.46	2.35741026699543e-09
14.47	2.2846506908535957e-09
14.48	2.270098775625229e-09
14.49	2.255546860396862e-09
14.5	2.2264430299401283e-09
14.51	2.1827872842550278e-09
14.52	2.1100277081131935e-09
14.53	2.0227162167429924e-09
14.54	1.949956640601158e-09
14.55	1.8917489796876907e-09
14.56	1.862645149230957e-09
14.57	1.775333657860756e-09
14.58	1.7462298274040222e-09
14.59	1.7025740817189217e-09
14.6	1.673470251262188e-09
14.61	1.6007106751203537e-09
14.62	1.57160684466362e-09
14.63	1.5279510989785194e-09
14.64	1.4551915228366852e-09
14.65	1.3969838619232178e-09
14.66	1.3969838619232178e-09
14.67	1.3533281162381172e-09
14.68	1.3533281162381172e-09
14.69	1.3387762010097504e-09
14.7	1.3096723705530167e-09
14.71	1.2660166248679161e-09
14.72	1.1932570487260818e-09
14.73	1.1641532182693481e-09
14.74	1.1496013030409813e-09
14.75	1.1204974725842476e-09
14.76	1.076841726899147e-09
14.77	1.076841726899147e-09
14.78	1.0477378964424133e-09
14.79	1.0186340659856796e-09
14.8	9.74978320300579e-10
14.81	9.604264050722122e-10
14.82	8.731149137020111e-10
14.83	8.585629984736443e-10
14.84	8.585629984736443e-10
14.85	8.585629984736443e-10
14.86	8.149072527885437e-10
14.87	8.003553375601768e-10
14.88	7.712515071034431e-10
14.89	7.566995918750763e-10
14.9	7.275957614183426e-10
14.91	7.130438461899757e-10
14.92	7.130438461899757e-10
14.93	6.984919309616089e-10
14.94	6.83940015733242e-10
14.95	6.83940015733242e-10
14.96	6.83940015733242e-10
14.97	6.402842700481415e-10
14.98	6.111804395914078e-10
14.99	6.111804395914078e-10
15.0	5.966285243630409e-10
15.01	5.384208634495735e-10
15.02	5.384208634495735e-10
15.03	5.384208634495735e-10
15.04	5.238689482212067e-10
15.05	5.238689482212067e-10
15.06	4.94765117764473e-10
15.07	4.656612873077393e-10
15.08	4.220055416226387e-10
15.09	4.220055416226387e-10
15.1	4.220055416226387e-10
15.11	4.220055416226387e-10
15.12	4.0745362639427185e-10
15.13	3.92901711165905e-10
15.14	3.7834979593753815e-10
15.15	3.7834979593753815e-10
15.16	3.346940502524376e-10
15.17	3.346940502524376e-10
15.18	3.055902197957039e-10
15.19	3.055902197957039e-10
15.2	3.055902197957039e-10
15.21	3.055902197957039e-10
15.22	3.055902197957039e-10
15.23	2.9103830456733704e-10
15.24	2.9103830456733704e-10
15.25	2.764863893389702e-10
15.26	2.6193447411060333e-10
15.27	2.473825588822365e-10
15.28	2.473825588822365e-10
15.29	2.473825588822365e-10
15.3	2.473825588822365e-10
15.31	2.3283064365386963e-10
15.32	2.3283064365386963e-10
15.33	2.0372681319713593e-10
15.34	1.8917489796876907e-10
15.35	1.8917489796876907e-10
15.36	1.8917489796876907e-10
15.37	1.7462298274040222e-10
15.38	1.7462298274040222e-10
15.39	1.6007106751203537e-10
15.4	1.6007106751203537e-10
15.41	1.3096723705530167e-10
15.42	1.3096723705530167e-10
15.43	1.1641532182693481e-10
15.44	1.1641532182693481e-10
15.45	1.1641532182693481e-10
15.46	1.1641532182693481e-10
15.47	1.1641532182693481e-10
15.48	1.1641532182693481e-10
15.49	1.1641532182693481e-10
15.5	1.1641532182693481e-10
15.51	1.1641532182693481e-10
15.52	1.0186340659856796e-10
15.53	1.0186340659856796e-10
15.54	1.0186340659856796e-10
15.55	1.0186340659856796e-10
15.56	1.0186340659856796e-10
15.57	1.0186340659856796e-10
15.58	8.731149137020111e-11
15.59	8.731149137020111e-11
15.6	7.275957614183426e-11
15.61	7.275957614183426e-11
15.62	5.820766091346741e-11
15.63	5.820766091346741e-11
15.64	5.820766091346741e-11
15.65	5.820766091346741e-11
15.66	5.820766091346741e-11
15.67	5.820766091346741e-11
15.68	5.820766091346741e-11
15.69	4.3655745685100555e-11
15.7	4.3655745685100555e-11
15.71	4.3655745685100555e-11
15.72	4.3655745685100555e-11
15.73	4.3655745685100555e-11
15.74	4.3655745685100555e-11
15.75	4.3655745685100555e-11
15.76	4.3655745685100555e-11
15.77	4.3655745685100555e-11
15.78	4.3655745685100555e-11
15.79	4.3655745685100555e-11
15.8	4.3655745685100555e-11
15.81	4.3655745685100555e-11
15.82	4.3655745685100555e-11
15.83	4.3655745685100555e-11
15.84	4.3655745685100555e-11
15.85	4.3655745685100555e-11
15.86	4.3655745685100555e-11
15.87	4.3655745685100555e-11
15.88	2.9103830456733704e-11
15.89	2.9103830456733704e-11
15.9	2.9103830456733704e-11
15.91	2.9103830456733704e-11
15.92	2.9103830456733704e-11
15.93	2.9103830456733704e-11
15.94	2.9103830456733704e-11
15.95	1.4551915228366852e-11
15.96	1.4551915228366852e-11
15.97	1.4551915228366852e-11
15.98	1.4551915228366852e-11
15.99	1.4551915228366852e-11
16.0	1.4551915228366852e-11
16.01	1.4551915228366852e-11
16.02	1.4551915228366852e-11
16.03	1.4551915228366852e-11
16.04	1.4551915228366852e-11
16.05	1.4551915228366852e-11
16.06	1.4551915228366852e-11
16.07	1.4551915228366852e-11
16.08	1.4551915228366852e-11
16.09	1.4551915228366852e-11
16.1	1.4551915228366852e-11
16.11	1.4551915228366852e-11
16.12	1.4551915228366852e-11
16.13	0.0
