2.74	0.0005001872777938843
2.75	0.0004975907504558563
2.76	0.0004950240254402161
2.77	0.0004925206303596497
2.78	0.000490047037601471
2.79	0.0004876069724559784
2.8	0.00048516690731048584
2.81	0.00048271939158439636
2.82	0.00048026442527770996
2.83	0.00047783926129341125
2.84	0.0004754289984703064
2.85	0.00047292932868003845
2.86	0.00047050416469573975
2.87	0.00046809762716293335
2.88	0.0004658028483390808
2.89	0.0004634186625480652
2.9	0.00046103447675704956
2.91	0.0004585571587085724
2.92	0.00045623257756233215
2.93	0.0004539079964160919
2.94	0.00045168399810791016
2.95	0.00044939666986465454
2.96	0.00044696033000946045
2.97	0.00044467300176620483
2.98	0.0004423782229423523
2.99	0.0004400573670864105
3.0	0.00043798983097076416
3.01	0.00043563172221183777
3.02	0.00043341144919395447
3.03	0.00043116509914398193
3.04	0.0004289485514163971
3.05	0.0004267171025276184
3.06	0.0004243999719619751
3.07	0.00042228400707244873
3.08	0.0004201233386993408
3.09	0.0004180110991001129
3.1	0.00041583552956581116
3.11	0.00041364505887031555
3.12	0.0004114806652069092
3.13	0.0004093535244464874
3.14	0.0004073306918144226
3.15	0.00040529295802116394
3.16	0.00040315091609954834
3.17	0.0004010424017906189
3.18	0.00039890408515930176
3.19	0.00039680302143096924
3.2	0.0003947913646697998
3.21	0.0003927461802959442
3.22	0.0003906860947608948
3.23	0.00038862600922584534
3.24	0.00038658082485198975
3.25	0.0003845728933811188
3.26	0.0003826506435871124
3.27	0.00038066133856773376
3.28	0.0003786943852901459
3.29	0.0003766156733036041
3.3	0.0003746151924133301
3.31	0.00037258490920066833
3.32	0.000370711088180542
3.33	0.00036878883838653564
3.34	0.0003668665885925293
3.35	0.0003649480640888214
3.36	0.0003630444407463074
3.37	0.0003611557185649872
3.38	0.000359218567609787
3.39	0.00035731494426727295
3.4	0.0003554001450538635
3.41	0.0003535635769367218
3.42	0.00035163387656211853
3.43	0.0003499165177345276
3.44	0.0003480687737464905
3.45	0.0003461986780166626
3.46	0.00034439191222190857
3.47	0.00034265220165252686
3.48	0.0003408081829547882
3.49	0.00033894553780555725
3.5	0.00033718720078468323
3.51	0.00033548101782798767
3.52	0.00033377110958099365
3.53	0.00033191218972206116
3.54	0.00033015012741088867
3.55	0.00032842904329299927
3.56	0.00032665953040122986
3.57	0.00032494962215423584
3.58	0.0003232024610042572
3.59	0.0003215223550796509
3.6	0.0003197602927684784
3.61	0.00031810253858566284
3.62	0.00031640008091926575
3.63	0.0003147311508655548
3.64	0.0003130286931991577
3.65	0.00031138956546783447
3.66	0.0003097020089626312
3.67	0.0003079846501350403
3.68	0.00030632689595222473
3.69	0.0003046989440917969
3.7	0.000303070992231369
3.71	0.0003015249967575073
3.72	0.0002998858690261841
3.73	0.00029818713665008545
3.74	0.0002966374158859253
3.75	0.0002949722111225128
3.76	0.00029345229268074036
3.77	0.00029189884662628174
3.78	0.0002903789281845093
3.79	0.0002887435257434845
3.8	0.00028717517852783203
3.81	0.00028558820486068726
3.82	0.00028406456112861633
3.83	0.00028250738978385925
3.84	0.0002810060977935791
3.85	0.0002795122563838959
3.86	0.00027794018387794495
3.87	0.0002764500677585602
3.88	0.00027501583099365234
3.89	0.00027356669306755066
3.9	0.0002721138298511505
3.91	0.00027061253786087036
3.92	0.0002691112458705902
3.93	0.00026759877800941467
3.94	0.00026614218950271606
3.95	0.00026465579867362976
3.96	0.00026323646306991577
3.97	0.0002617761492729187
3.98	0.0002604871988296509
3.99	0.00025903061032295227
4.0	0.00025764480233192444
4.01	0.00025624409317970276
4.02	0.0002548135817050934
4.03	0.0002533718943595886
4.04	0.00025197863578796387
4.05	0.00025058165192604065
4.06	0.00024921074509620667
4.07	0.0002478696405887604
4.08	0.00024651363492012024
4.09	0.00024521350860595703
4.1	0.00024385005235671997
4.11	0.00024249032139778137
4.12	0.00024112313985824585
4.13	0.0002398081123828888
4.14	0.00023851916193962097
4.15	0.00023726001381874084
4.16	0.00023589655756950378
4.17	0.00023460760712623596
4.18	0.00023328512907028198
4.19	0.00023199617862701416
4.2	0.00023077800869941711
4.21	0.000229518860578537
4.22	0.00022826343774795532
4.23	0.00022695213556289673
4.24	0.00022571533918380737
4.25	0.00022447854280471802
4.26	0.00022325292229652405
4.27	0.00022198259830474854
4.28	0.00022075697779655457
4.29	0.0002194531261920929
4.3	0.00021814927458763123
4.31	0.0002169199287891388
4.32	0.00021579116582870483
4.33	0.00021461769938468933
4.34	0.00021347403526306152
4.35	0.00021222978830337524
4.36	0.00021107494831085205
4.37	0.00020989775657653809
4.38	0.00020867213606834412
4.39	0.000207558274269104
4.4	0.00020645186305046082
4.41	0.0002052299678325653
4.42	0.00020407512784004211
4.43	0.0002029314637184143
4.44	0.00020179152488708496
4.45	0.00020063668489456177
4.46	0.00019956007599830627
4.47	0.00019841641187667847
4.48	0.00019727647304534912
4.49	0.00019618123769760132
4.5	0.00019505620002746582
4.51	0.00019398704171180725
4.52	0.00019297748804092407
4.53	0.0001919083297252655
4.54	0.00019088014960289001
4.55	0.00018975511193275452
4.56	0.00018869712948799133
4.57	0.00018757954239845276
4.58	0.00018654391169548035
4.59	0.00018547847867012024
4.6	0.00018447637557983398
4.61	0.0001834295690059662
4.62	0.00018238648772239685
4.63	0.00018137693405151367
4.64	0.00018029659986495972
4.65	0.00017928332090377808
4.66	0.0001782737672328949
4.67	0.00017725303769111633
4.68	0.00017622113227844238
4.69	0.00017520412802696228
4.7	0.00017419829964637756
4.71	0.00017322227358818054
4.72	0.0001723170280456543
4.73	0.00017125532031059265
4.74	0.00017030537128448486
4.75	0.0001693330705165863
4.76	0.00016839057207107544
4.77	0.00016741827130317688
4.78	0.00016655027866363525
4.79	0.000165596604347229
4.8	0.00016461312770843506
4.81	0.0001636706292629242
4.82	0.0001627206802368164
4.83	0.00016186758875846863
4.84	0.00016092881560325623
4.85	0.0001599825918674469
4.86	0.00015905499458312988
4.87	0.0001582317054271698
4.88	0.00015733018517494202
4.89	0.00015643611550331116
4.9	0.00015559792518615723
4.91	0.00015465915203094482
4.92	0.00015373528003692627
4.93	0.0001528039574623108
4.94	0.00015190988779067993
4.95	0.00015106424689292908
4.96	0.00015023723244667053
4.97	0.0001493804156780243
4.98	0.0001485086977481842
4.99	0.0001476779580116272
5.0	0.00014682486653327942
5.01	0.00014593824744224548
5.02	0.0001450851559638977
5.03	0.00014426559209823608
5.04	0.00014341995120048523
5.05	0.00014258548617362976
5.06	0.0001417510211467743
5.07	0.00014094635844230652
5.08	0.00014012306928634644
5.09	0.00013934075832366943
5.1	0.00013858824968338013
5.11	0.0001377984881401062
5.12	0.00013694912195205688
5.13	0.00013616681098937988
5.14	0.00013539567589759827
5.15	0.00013467669486999512
5.16	0.00013392046093940735
5.17	0.00013316422700881958
5.18	0.0001324191689491272
5.19	0.00013153627514839172
5.2	0.00013078749179840088
5.21	0.00012998655438423157
5.22	0.00012930482625961304
5.23	0.00012856721878051758
5.24	0.00012782961130142212
5.25	0.00012711063027381897
5.26	0.0001263245940208435
5.27	0.0001256018877029419
5.28	0.00012489035725593567
5.29	0.00012417137622833252
5.3	0.00012342259287834167
5.31	0.00012267380952835083
5.32	0.00012193992733955383
5.33	0.00012119859457015991
5.34	0.00012051314115524292
5.35	0.00011979416012763977
5.36	0.00011908262968063354
5.37	0.00011837482452392578
5.38	0.00011771917343139648
5.39	0.00011702626943588257
5.4	0.00011637434363365173
5.41	0.00011570006608963013
5.42	0.00011508539319038391
5.43	0.00011439248919487
5.44	0.00011372566223144531
5.45	0.00011309236288070679
5.46	0.00011242181062698364
5.47	0.00011176243424415588
5.48	0.00011111795902252197
5.49	0.00011046230792999268
5.5	0.00010980665683746338
5.51	0.00010917708277702332
5.52	0.00010858848690986633
5.53	0.0001079365611076355
5.54	0.00010728463530540466
5.55	0.00010658428072929382
5.56	0.00010594353079795837
5.57	0.00010529160499572754
5.58	0.0001046992838382721
5.59	0.00010413303971290588
5.6	0.00010351091623306274
5.61	0.000102948397397995
5.62	0.0001023225486278534
5.63	0.00010170415043830872
5.64	0.00010106712579727173
5.65	0.00010046735405921936
5.66	9.987875819206238e-05
5.67	9.928643703460693e-05
5.68	9.869039058685303e-05
5.69	9.807571768760681e-05
5.7	9.747222065925598e-05
5.71	9.689107537269592e-05
5.72	9.635835886001587e-05
5.73	9.584054350852966e-05
5.74	9.525194764137268e-05
5.75	9.465962648391724e-05
5.76	9.411200881004333e-05
5.77	9.358301758766174e-05
5.78	9.302794933319092e-05
5.79	9.255483746528625e-05
5.8	9.202957153320312e-05
5.81	9.141489863395691e-05
5.82	9.083375334739685e-05
5.83	9.026750922203064e-05
5.84	8.968263864517212e-05
5.85	8.917972445487976e-05
5.86	8.867308497428894e-05
5.87	8.81589949131012e-05
5.88	8.765235543251038e-05
5.89	8.705258369445801e-05
5.9	8.65645706653595e-05
5.91	8.600950241088867e-05
5.92	8.551031351089478e-05
5.93	8.499994874000549e-05
5.94	8.448213338851929e-05
5.95	8.394941687583923e-05
5.96	8.34539532661438e-05
5.97	8.297339081764221e-05
5.98	8.248910307884216e-05
5.99	8.197128772735596e-05
6.0	8.148699998855591e-05
6.01	8.094683289527893e-05
6.02	8.047372102737427e-05
6.03	8.001551032066345e-05
6.04	7.955729961395264e-05
6.05	7.911399006843567e-05
6.06	7.859617471694946e-05
6.07	7.816776633262634e-05
6.08	7.766112685203552e-05
6.09	7.716938853263855e-05
6.1	7.672235369682312e-05
6.11	7.625296711921692e-05
6.12	7.580965757369995e-05
6.13	7.532909512519836e-05
6.14	7.493793964385986e-05
6.15	7.447600364685059e-05
6.16	7.402896881103516e-05
6.17	7.355213165283203e-05
6.18	7.307901978492737e-05
6.19	7.25872814655304e-05
6.2	7.215142250061035e-05
6.21	7.170066237449646e-05
6.22	7.123500108718872e-05
6.23	7.084012031555176e-05
6.24	7.041171193122864e-05
6.25	6.996467709541321e-05
6.26	6.950646638870239e-05
6.27	6.90259039402008e-05
6.28	6.861612200737e-05
6.29	6.820634007453918e-05
6.3	6.780773401260376e-05
6.31	6.737560033798218e-05
6.32	6.692484021186829e-05
6.33	6.649643182754517e-05
6.34	6.610900163650513e-05
6.35	6.57401978969574e-05
6.36	6.533786654472351e-05
6.37	6.493553519248962e-05
6.38	6.457418203353882e-05
6.39	6.416440010070801e-05
6.4	6.37546181678772e-05
6.41	6.338581442832947e-05
6.42	6.297975778579712e-05
6.43	6.26295804977417e-05
6.44	6.219744682312012e-05
6.45	6.178393959999084e-05
6.46	6.135553121566772e-05
6.47	6.097555160522461e-05
6.48	6.063282489776611e-05
6.49	6.0286372900009155e-05
6.5	5.9913843870162964e-05
6.51	5.954131484031677e-05
6.52	5.9157609939575195e-05
6.53	5.878135561943054e-05
6.54	5.841255187988281e-05
6.55	5.80325722694397e-05
6.56	5.768239498138428e-05
6.57	5.728006362915039e-05
6.58	5.6918710470199585e-05
6.59	5.6568533182144165e-05
6.6	5.622208118438721e-05
6.61	5.588307976722717e-05
6.62	5.5555254220962524e-05
6.63	5.514174699783325e-05
6.64	5.482509732246399e-05
6.65	5.447119474411011e-05
6.66	5.413219332695007e-05
6.67	5.37969172000885e-05
6.68	5.3472816944122314e-05
6.69	5.3122639656066895e-05
6.7	5.280226469039917e-05
6.71	5.248561501502991e-05
6.72	5.2127987146377563e-05
6.73	5.1777809858322144e-05
6.74	5.1468610763549805e-05
6.75	5.113333463668823e-05
6.76	5.0805509090423584e-05
6.77	5.04814088344574e-05
6.78	5.0183385610580444e-05
6.79	4.982948303222656e-05
6.8	4.9505382776260376e-05
6.81	4.922598600387573e-05
6.82	4.8857182264328e-05
6.83	4.850700497627258e-05
6.84	4.822388291358948e-05
6.85	4.789978265762329e-05
6.86	4.76054847240448e-05
6.87	4.731491208076477e-05
6.88	4.699826240539551e-05
6.89	4.667043685913086e-05
6.9	4.634633660316467e-05
6.91	4.6059489250183105e-05
6.92	4.577264189720154e-05
6.93	4.5474618673324585e-05
6.94	4.5180320739746094e-05
6.95	4.4871121644973755e-05
6.96	4.4599175453186035e-05
6.97	4.4345855712890625e-05
6.98	4.407018423080444e-05
6.99	4.381686449050903e-05
7.0	4.351884126663208e-05
7.01	4.322454333305359e-05
7.02	4.294887185096741e-05
7.03	4.268437623977661e-05
7.04	4.2401254177093506e-05
7.05	4.214048385620117e-05
7.06	4.1857361793518066e-05
7.07	4.158541560173035e-05
7.08	4.1272491216659546e-05
7.09	4.098564386367798e-05
7.1	4.0724873542785645e-05
7.11	4.0475279092788696e-05
7.12	4.025176167488098e-05
7.13	3.997981548309326e-05
7.14	3.9711594581604004e-05
7.15	3.9443373680114746e-05
7.16	3.919750452041626e-05
7.17	3.894418478012085e-05
7.18	3.867596387863159e-05
7.19	3.843754529953003e-05
7.2	3.818050026893616e-05
7.21	3.789365291595459e-05
7.22	3.7670135498046875e-05
7.23	3.738328814506531e-05
7.24	3.7163496017456055e-05
7.25	3.692507743835449e-05
7.26	3.664568066596985e-05
7.27	3.644078969955444e-05
7.28	3.6213546991348267e-05
7.29	3.5956501960754395e-05
7.3	3.573298454284668e-05
7.31	3.5490840673446655e-05
7.32	3.5297125577926636e-05
7.33	3.5040080547332764e-05
7.34	3.480538725852966e-05
7.35	3.458186984062195e-05
7.36	3.4332275390625e-05
7.37	3.40975821018219e-05
7.38	3.388524055480957e-05
7.39	3.366917371749878e-05
7.4	3.3445656299591064e-05
7.41	3.319978713989258e-05
7.42	3.298744559288025e-05
7.43	3.2763928174972534e-05
7.44	3.254413604736328e-05
7.45	3.232434391975403e-05
7.46	3.207474946975708e-05
7.47	3.186240792274475e-05
7.48	3.166869282722473e-05
7.49	3.1478703022003174e-05
7.5	3.1299889087677e-05
7.51	3.1091272830963135e-05
7.52	3.084540367126465e-05
7.53	3.065541386604309e-05
7.54	3.0435621738433838e-05
7.55	3.0249357223510742e-05
7.56	3.005191683769226e-05
7.57	2.9843300580978394e-05
7.58	2.964213490486145e-05
7.59	2.9433518648147583e-05
7.6	2.9277056455612183e-05
7.61	2.9068440198898315e-05
7.62	2.886354923248291e-05
7.63	2.8684735298156738e-05
7.64	2.849102020263672e-05
7.65	2.830103039741516e-05
7.66	2.8118491172790527e-05
7.67	2.7921050786972046e-05
7.68	2.775713801383972e-05
7.69	2.7570873498916626e-05
7.7	2.736598253250122e-05
7.71	2.7175992727279663e-05
7.72	2.6967376470565796e-05
7.73	2.6810914278030396e-05
7.74	2.666562795639038e-05
7.75	2.6497989892959595e-05
7.76	2.6322901248931885e-05
7.77	2.6129186153411865e-05
7.78	2.5954097509384155e-05
7.79	2.5775283575057983e-05
7.8	2.559274435043335e-05
7.81	2.5410205125808716e-05
7.82	2.5220215320587158e-05
7.83	2.5063753128051758e-05
7.84	2.4899840354919434e-05
7.85	2.4721026420593262e-05
7.86	2.4575740098953247e-05
7.87	2.4415552616119385e-05
7.88	2.425163984298706e-05
7.89	2.4091452360153198e-05
7.9	2.3923814296722412e-05
7.91	2.3789703845977783e-05
7.92	2.358853816986084e-05
7.93	2.343207597732544e-05
7.94	2.327561378479004e-05
7.95	2.3134052753448486e-05
7.96	2.2970139980316162e-05
7.97	2.2806227207183838e-05
7.98	2.2623687982559204e-05
7.99	2.2452324628829956e-05
8.0	2.230703830718994e-05
8.01	2.2180378437042236e-05
8.02	2.2023916244506836e-05
8.03	2.1882355213165283e-05
8.04	2.172216773033142e-05
8.05	2.1580606698989868e-05
8.06	2.1457672119140625e-05
8.07	2.1323561668395996e-05
8.08	2.1163374185562134e-05
8.09	2.1010637283325195e-05
8.1	2.0854175090789795e-05
8.11	2.0723789930343628e-05
8.12	2.0597130060195923e-05
8.13	2.0470470190048218e-05
8.14	2.030283212661743e-05
8.15	2.0157545804977417e-05
8.16	2.0030885934829712e-05
8.17	1.9881874322891235e-05
8.18	1.9770115613937378e-05
8.19	1.961737871170044e-05
8.2	1.9468367099761963e-05
8.21	1.934543251991272e-05
8.22	1.9233673810958862e-05
8.23	1.909211277961731e-05
8.24	1.8984079360961914e-05
8.25	1.8849968910217285e-05
8.26	1.8715858459472656e-05
8.27	1.860782504081726e-05
8.28	1.845136284828186e-05
8.29	1.831352710723877e-05
8.3	1.8190592527389526e-05
8.31	1.806393265724182e-05
8.32	1.7955899238586426e-05
8.33	1.7818063497543335e-05
8.34	1.7680227756500244e-05
8.35	1.7531216144561768e-05
8.36	1.743808388710022e-05
8.37	1.7337501049041748e-05
8.38	1.72443687915802e-05
8.39	1.711025834083557e-05
8.4	1.699104905128479e-05
8.41	1.689046621322632e-05
8.42	1.676008105278015e-05
8.43	1.6652047634124756e-05
8.44	1.6536563634872437e-05
8.45	1.6383826732635498e-05
8.46	1.6264617443084717e-05
8.47	1.615658402442932e-05
8.48	1.6029924154281616e-05
8.49	1.5933066606521606e-05
8.5	1.582503318786621e-05
8.51	1.5713274478912354e-05
8.52	1.5594065189361572e-05
8.53	1.5504658222198486e-05
8.54	1.5389174222946167e-05
8.55	1.5266239643096924e-05
8.56	1.5158206224441528e-05
8.57	1.5057623386383057e-05
8.58	1.4953315258026123e-05
8.59	1.4860183000564575e-05
8.6	1.4740973711013794e-05
8.61	1.461803913116455e-05
8.62	1.4513731002807617e-05
8.63	1.444295048713684e-05
8.64	1.4338642358779907e-05
8.65	1.422688364982605e-05
8.66	1.411139965057373e-05
8.67	1.4029443264007568e-05
8.68	1.3932585716247559e-05
8.69	1.3835728168487549e-05
8.7	1.3735145330429077e-05
8.71	1.3649463653564453e-05
8.72	1.354515552520752e-05
8.73	1.346692442893982e-05
8.74	1.3366341590881348e-05
8.75	1.3280659914016724e-05
8.76	1.3187527656555176e-05
8.77	1.3083219528198242e-05
8.78	1.2997537851333618e-05
8.79	1.2900680303573608e-05
8.8	1.2811273336410522e-05
8.81	1.2695789337158203e-05
8.82	1.2613832950592041e-05
8.83	1.251325011253357e-05
8.84	1.2438744306564331e-05
8.85	1.2326985597610474e-05
8.86	1.222267746925354e-05
8.87	1.214444637298584e-05
8.88	1.2062489986419678e-05
8.89	1.1976808309555054e-05
8.9	1.1887401342391968e-05
8.91	1.1779367923736572e-05
8.92	1.1701136827468872e-05
8.93	1.1630356311798096e-05
8.94	1.1552125215530396e-05
8.95	1.146271824836731e-05
8.96	1.138448715209961e-05
8.97	1.12876296043396e-05
8.98	1.1213123798370361e-05
8.99	1.1138617992401123e-05
9.0	1.1082738637924194e-05
9.01	1.1008232831954956e-05
9.02	1.0933727025985718e-05
9.03	1.0833144187927246e-05
9.04	1.0766088962554932e-05
9.05	1.0669231414794922e-05
9.06	1.058727502822876e-05
9.07	1.0505318641662598e-05
9.08	1.043081283569336e-05
9.09	1.035258173942566e-05
9.1	1.0270625352859497e-05
9.11	1.019984483718872e-05
9.12	1.0136514902114868e-05
9.13	1.006200909614563e-05
9.14	9.998679161071777e-06
9.15	9.935349225997925e-06
9.16	9.8496675491333e-06
9.17	9.7714364528656e-06
9.18	9.6932053565979e-06
9.19	9.607523679733276e-06
9.2	9.533017873764038e-06
9.21	9.451061487197876e-06
9.22	9.376555681228638e-06
9.23	9.3020498752594e-06
9.24	9.220093488693237e-06
9.25	9.164214134216309e-06
9.26	9.10833477973938e-06
9.27	9.033828973770142e-06
9.28	8.974224328994751e-06
9.29	8.89599323272705e-06
9.3	8.83638858795166e-06
9.31	8.780509233474731e-06
9.32	8.709728717803955e-06
9.33	8.646398782730103e-06
9.34	8.58306884765625e-06
9.35	8.538365364074707e-06
9.36	8.456408977508545e-06
9.37	8.404254913330078e-06
9.38	8.333474397659302e-06
9.39	8.266419172286987e-06
9.4	8.195638656616211e-06
9.41	8.128583431243896e-06
9.42	8.072704076766968e-06
9.43	7.994472980499268e-06
9.44	7.927417755126953e-06
9.45	7.867813110351562e-06
9.46	7.80448317527771e-06
9.47	7.756054401397705e-06
9.48	7.696449756622314e-06
9.49	7.636845111846924e-06
9.5	7.577240467071533e-06
9.51	7.528811693191528e-06
9.52	7.4729323387146e-06
9.53	7.405877113342285e-06
9.54	7.327646017074585e-06
9.55	7.271766662597656e-06
9.56	7.223337888717651e-06
9.57	7.178634405136108e-06
9.58	7.1339309215545654e-06
9.59	7.070600986480713e-06
9.6	7.00727105140686e-06
9.61	6.973743438720703e-06
9.62	6.906688213348389e-06
9.63	6.876885890960693e-06
9.64	6.8247318267822266e-06
9.65	6.77257776260376e-06
9.66	6.727874279022217e-06
9.67	6.679445505142212e-06
9.68	6.604939699172974e-06
9.69	6.5676867961883545e-06
9.7	6.508082151412964e-06
9.71	6.448477506637573e-06
9.72	6.400048732757568e-06
9.73	6.340444087982178e-06
9.74	6.280839443206787e-06
9.75	6.224960088729858e-06
9.76	6.202608346939087e-06
9.77	6.154179573059082e-06
9.78	6.116926670074463e-06
9.79	6.042420864105225e-06
9.8	5.982816219329834e-06
9.81	5.926936864852905e-06
9.82	5.8785080909729e-06
9.83	5.826354026794434e-06
9.84	5.792826414108276e-06
9.85	5.736947059631348e-06
9.86	5.692243576049805e-06
9.87	5.651265382766724e-06
9.88	5.6140124797821045e-06
9.89	5.5730342864990234e-06
9.9	5.535781383514404e-06
9.91	5.4836273193359375e-06
9.92	5.446374416351318e-06
9.93	5.416572093963623e-06
9.94	5.37186861038208e-06
9.95	5.327165126800537e-06
9.96	5.29363751411438e-06
9.97	5.234032869338989e-06
9.98	5.19677996635437e-06
9.99	5.159527063369751e-06
10.0	5.114823579788208e-06
10.01	5.073845386505127e-06
10.02	5.04031777381897e-06
10.03	5.0067901611328125e-06
10.04	4.969537258148193e-06
10.05	4.9211084842681885e-06
10.06	4.868954420089722e-06
10.07	4.827976226806641e-06
10.08	4.775822162628174e-06
10.09	4.753470420837402e-06
10.1	4.7013163566589355e-06
10.11	4.682689905166626e-06
10.12	4.630535840988159e-06
10.13	4.604458808898926e-06
10.14	4.556030035018921e-06
10.15	4.537403583526611e-06
10.16	4.4889748096466064e-06
10.17	4.4442713260650635e-06
10.18	4.392117261886597e-06
10.19	4.377216100692749e-06
10.2	4.347413778305054e-06
10.21	4.32133674621582e-06
10.22	4.291534423828125e-06
10.23	4.250556230545044e-06
10.24	4.231929779052734e-06
10.25	4.194676876068115e-06
10.26	4.161149263381958e-06
10.27	4.135072231292725e-06
10.28	4.101544618606567e-06
10.29	4.060566425323486e-06
10.3	4.023313522338867e-06
10.31	3.993511199951172e-06
10.32	3.959983587265015e-06
10.33	3.926455974578857e-06
10.34	3.8929283618927e-06
10.35	3.859400749206543e-06
10.36	3.822147846221924e-06
10.37	3.7886202335357666e-06
10.38	3.762543201446533e-06
10.39	3.732740879058838e-06
10.4	3.7141144275665283e-06
10.41	3.688037395477295e-06
10.42	3.647059202194214e-06
10.43	3.598630428314209e-06
10.44	3.5725533962249756e-06
10.45	3.5390257835388184e-06
10.46	3.516674041748047e-06
10.47	3.4868717193603516e-06
10.48	3.4570693969726562e-06
10.49	3.419816493988037e-06
10.5	3.4011900424957275e-06
10.51	3.375113010406494e-06
10.52	3.3602118492126465e-06
10.53	3.334134817123413e-06
10.54	3.3117830753326416e-06
10.55	3.28943133354187e-06
10.56	3.2633543014526367e-06
10.57	3.2261013984680176e-06
10.58	3.1962990760803223e-06
10.59	3.166496753692627e-06
10.6	3.155320882797241e-06
10.61	3.121793270111084e-06
10.62	3.1031668186187744e-06
10.63	3.0584633350372314e-06
10.64	3.0249357223510742e-06
10.65	3.0137598514556885e-06
10.66	2.995133399963379e-06
10.67	2.9802322387695312e-06
10.68	2.93925404548645e-06
10.69	2.9169023036956787e-06
10.7	2.8945505619049072e-06
10.71	2.864748239517212e-06
10.72	2.853572368621826e-06
10.73	2.823770046234131e-06
10.74	2.7902424335479736e-06
10.75	2.775341272354126e-06
10.76	2.7641654014587402e-06
10.77	2.738088369369507e-06
10.78	2.7157366275787354e-06
10.79	2.693384885787964e-06
10.8	2.6598572731018066e-06
10.81	2.637505531311035e-06
10.82	2.6263296604156494e-06
10.83	2.603977918624878e-06
10.84	2.5853514671325684e-06
10.85	2.559274435043335e-06
10.86	2.5443732738494873e-06
10.87	2.5331974029541016e-06
10.88	2.51084566116333e-06
10.89	2.4959444999694824e-06
10.9	2.466142177581787e-06
10.91	2.4549663066864014e-06
10.92	2.4177134037017822e-06
10.93	2.3953616619110107e-06
10.94	2.3730099201202393e-06
10.95	2.3506581783294678e-06
10.96	2.332031726837158e-06
10.97	2.3134052753448486e-06
10.98	2.294778823852539e-06
10.99	2.261251211166382e-06
11.0	2.2426247596740723e-06
11.01	2.2314488887786865e-06
11.02	2.216547727584839e-06
11.03	2.205371856689453e-06
11.04	2.1830201148986816e-06
11.05	2.16066837310791e-06
11.06	2.127140760421753e-06
11.07	2.1085143089294434e-06
11.08	2.089887857437134e-06
11.09	2.08243727684021e-06
11.1	2.0600855350494385e-06
11.11	2.0489096641540527e-06
11.12	2.0265579223632812e-06
11.13	2.0079314708709717e-06
11.14	1.996755599975586e-06
11.15	1.9781291484832764e-06
11.16	1.9669532775878906e-06
11.17	1.959502696990967e-06
11.18	1.944601535797119e-06
11.19	1.9222497940063477e-06
11.2	1.903623342514038e-06
11.21	1.8812716007232666e-06
11.22	1.8738210201263428e-06
11.23	1.8589198589324951e-06
11.24	1.8440186977386475e-06
11.25	1.821666955947876e-06
11.26	1.8030405044555664e-06
11.27	1.780688762664795e-06
11.28	1.776963472366333e-06
11.29	1.773238182067871e-06
11.3	1.7471611499786377e-06
11.31	1.7248094081878662e-06
11.32	1.7173588275909424e-06
11.33	1.691281795501709e-06
11.34	1.6763806343078613e-06
11.35	1.6614794731140137e-06
11.36	1.646578311920166e-06
11.37	1.6354024410247803e-06
11.38	1.6279518604278564e-06
11.39	1.6167759895324707e-06
11.4	1.6093254089355469e-06
11.41	1.5832483768463135e-06
11.42	1.560896635055542e-06
11.43	1.5459954738616943e-06
11.44	1.5422701835632324e-06
11.45	1.5273690223693848e-06
11.46	1.5124678611755371e-06
11.47	1.5050172805786133e-06
11.48	1.4901161193847656e-06
11.49	1.471489667892456e-06
11.5	1.4677643775939941e-06
11.51	1.4528632164001465e-06
11.52	1.4416873455047607e-06
11.53	1.426786184310913e-06
11.54	1.4081597328186035e-06
11.55	1.3969838619232178e-06
11.56	1.3820827007293701e-06
11.57	1.3671815395355225e-06
11.58	1.3522803783416748e-06
11.59	1.341104507446289e-06
11.6	1.3336539268493652e-06
11.61	1.3187527656555176e-06
11.62	1.30385160446167e-06
11.63	1.2926757335662842e-06
11.64	1.2852251529693604e-06
11.65	1.2777745723724365e-06
11.66	1.2628734111785889e-06
11.67	1.259148120880127e-06
11.68	1.2367963790893555e-06
11.69	1.214444637298584e-06
11.7	1.210719347000122e-06
11.71	1.1958181858062744e-06
11.72	1.1883676052093506e-06
11.73	1.1846423149108887e-06
11.74	1.173466444015503e-06
11.75	1.169741153717041e-06
11.76	1.1585652828216553e-06
11.77	1.1436641216278076e-06
11.78	1.1324882507324219e-06
11.79	1.1213123798370361e-06
11.8	1.1138617992401123e-06
11.81	1.0989606380462646e-06
11.82	1.087784767150879e-06
11.83	1.0691583156585693e-06
11.84	1.0579824447631836e-06
11.85	1.0542571544647217e-06
11.86	1.043081283569336e-06
11.87	1.0356307029724121e-06
11.88	1.0207295417785645e-06
11.89	1.0021030902862549e-06
11.9	9.98377799987793e-07
11.91	9.94652509689331e-07
11.92	9.909272193908691e-07
11.93	9.760260581970215e-07
11.94	9.685754776000977e-07
11.95	9.5367431640625e-07
11.96	9.462237358093262e-07
11.97	9.350478649139404e-07
11.98	9.275972843170166e-07
11.99	9.126961231231689e-07
12.0	9.08970832824707e-07
12.01	9.052455425262451e-07
12.02	8.977949619293213e-07
12.03	8.903443813323975e-07
12.04	8.754432201385498e-07
12.05	8.67992639541626e-07
12.06	8.642673492431641e-07
12.07	8.530914783477783e-07
12.08	8.493661880493164e-07
12.09	8.381903171539307e-07
12.1	8.270144462585449e-07
12.11	8.23289155960083e-07
12.12	8.158385753631592e-07
12.13	8.083879947662354e-07
12.14	8.009374141693115e-07
12.15	7.860362529754639e-07
12.16	7.82310962677002e-07
12.17	7.674098014831543e-07
12.18	7.599592208862305e-07
12.19	7.487833499908447e-07
12.2	7.413327693939209e-07
12.21	7.301568984985352e-07
12.22	7.264316082000732e-07
12.23	7.189810276031494e-07
12.24	7.078051567077637e-07
12.25	7.003545761108398e-07
12.26	7.003545761108398e-07
12.27	6.92903995513916e-07
12.28	6.891787052154541e-07
12.29	6.817281246185303e-07
12.3	6.742775440216064e-07
12.31	6.668269634246826e-07
12.32	6.51925802230835e-07
12.33	6.444752216339111e-07
12.34	6.370246410369873e-07
12.35	6.295740604400635e-07
12.36	6.295740604400635e-07
12.37	6.221234798431396e-07
12.38	6.183981895446777e-07
12.39	6.146728992462158e-07
12.4	6.07222318649292e-07
12.41	5.997717380523682e-07
12.42	5.923211574554443e-07
12.43	5.885958671569824e-07
12.44	5.811452865600586e-07
12.45	5.662441253662109e-07
12.46	5.587935447692871e-07
12.47	5.587935447692871e-07
12.48	5.550682544708252e-07
12.49	5.513429641723633e-07
12.5	5.401670932769775e-07
12.51	5.364418029785156e-07
12.52	5.252659320831299e-07
12.53	5.252659320831299e-07
12.54	5.252659320831299e-07
12.55	5.21540641784668e-07
12.56	5.140900611877441e-07
12.57	5.103647708892822e-07
12.58	4.991888999938965e-07
12.59	4.954636096954346e-07
12.6	4.917383193969727e-07
12.61	4.842877388000488e-07
12.62	4.76837158203125e-07
12.63	4.76837158203125e-07
12.64	4.731118679046631e-07
12.65	4.6938657760620117e-07
12.66	4.6566128730773926e-07
12.67	4.507601261138916e-07
12.68	4.470348358154297e-07
12.69	4.470348358154297e-07
12.7	4.3958425521850586e-07
12.71	4.3213367462158203e-07
12.72	4.284083843231201e-07
12.73	4.209578037261963e-07
12.74	4.172325134277344e-07
12.75	4.172325134277344e-07
12.76	4.0978193283081055e-07
12.77	4.0605664253234863e-07
12.78	3.948807716369629e-07
12.79	3.948807716369629e-07
12.8	3.8743019104003906e-07
12.81	3.7997961044311523e-07
12.82	3.762543201446533e-07
12.83	3.725290298461914e-07
12.84	3.688037395477295e-07
12.85	3.650784492492676e-07
12.86	3.6135315895080566e-07
12.87	3.5390257835388184e-07
12.88	3.5390257835388184e-07
12.89	3.5390257835388184e-07
12.9	3.5390257835388184e-07
12.91	3.501772880554199e-07
12.92	3.501772880554199e-07
12.93	3.390014171600342e-07
12.94	3.3527612686157227e-07
12.95	3.3527612686157227e-07
12.96	3.2782554626464844e-07
12.97	3.241002559661865e-07
12.98	3.203749656677246e-07
12.99	3.203749656677246e-07
13.0	3.166496753692627e-07
13.01	3.129243850708008e-07
13.02	3.0547380447387695e-07
13.03	3.0174851417541504e-07
13.04	3.0174851417541504e-07
13.05	2.980232238769531e-07
13.06	2.905726432800293e-07
13.07	2.905726432800293e-07
13.08	2.7567148208618164e-07
13.09	2.7567148208618164e-07
13.1	2.7567148208618164e-07
13.11	2.7567148208618164e-07
13.12	2.7194619178771973e-07
13.13	2.682209014892578e-07
13.14	2.644956111907959e-07
13.15	2.644956111907959e-07
13.16	2.644956111907959e-07
13.17	2.644956111907959e-07
13.18	2.60770320892334e-07
13.19	2.5704503059387207e-07
13.2	2.4959444999694824e-07
13.21	2.4959444999694824e-07
13.22	2.421438694000244e-07
13.23	2.3469328880310059e-07
13.24	2.3469328880310059e-07
13.25	2.3469328880310059e-07
13.26	2.3469328880310059e-07
13.27	2.3096799850463867e-07
13.28	2.2724270820617676e-07
13.29	2.2351741790771484e-07
13.3	2.2351741790771484e-07
13.31	2.2351741790771484e-07
13.32	2.1979212760925293e-07
13.33	2.1979212760925293e-07
13.34	2.123415470123291e-07
13.35	2.086162567138672e-07
13.36	2.086162567138672e-07
13.37	2.0489096641540527e-07
13.38	2.0116567611694336e-07
13.39	2.0116567611694336e-07
13.4	1.9744038581848145e-07
13.41	1.9371509552001953e-07
13.42	1.9371509552001953e-07
13.43	1.9371509552001953e-07
13.44	1.862645149230957e-07
13.45	1.862645149230957e-07
13.46	1.862645149230957e-07
13.47	1.825392246246338e-07
13.48	1.825392246246338e-07
13.49	1.7881393432617188e-07
13.5	1.7881393432617188e-07
13.51	1.7881393432617188e-07
13.52	1.7881393432617188e-07
13.53	1.7881393432617188e-07
13.54	1.7508864402770996e-07
13.55	1.7136335372924805e-07
13.56	1.6763806343078613e-07
13.57	1.6391277313232422e-07
13.58	1.564621925354004e-07
13.59	1.5273690223693848e-07
13.6	1.5273690223693848e-07
13.61	1.4901161193847656e-07
13.62	1.4901161193847656e-07
13.63	1.4901161193847656e-07
13.64	1.4528632164001465e-07
13.65	1.4528632164001465e-07
13.66	1.4528632164001465e-07
13.67	1.4156103134155273e-07
13.68	1.4156103134155273e-07
13.69	1.3783574104309082e-07
13.7	1.341104507446289e-07
13.71	1.30385160446167e-07
13.72	1.30385160446167e-07
13.73	1.30385160446167e-07
13.74	1.30385160446167e-07
13.75	1.30385160446167e-07
13.76	1.2665987014770508e-07
13.77	1.2665987014770508e-07
13.78	1.2665987014770508e-07
13.79	1.2665987014770508e-07
13.8	1.2665987014770508e-07
13.81	1.2665987014770508e-07
13.82	1.2665987014770508e-07
13.83	1.2293457984924316e-07
13.84	1.1920928955078125e-07
13.85	1.1548399925231934e-07
13.86	1.1548399925231934e-07
13.87	1.1548399925231934e-07
13.88	1.1548399925231934e-07
13.89	1.1175870895385742e-07
13.9	1.1175870895385742e-07
13.91	1.0803341865539551e-07
13.92	1.043081283569336e-07
13.93	1.043081283569336e-07
13.94	1.043081283569336e-07
13.95	1.0058283805847168e-07
13.96	9.685754776000977e-08
13.97	9.313225746154785e-08
13.98	9.313225746154785e-08
13.99	9.313225746154785e-08
14.0	9.313225746154785e-08
14.01	9.313225746154785e-08
14.02	8.940696716308594e-08
14.03	8.940696716308594e-08
14.04	8.940696716308594e-08
14.05	8.940696716308594e-08
14.06	8.568167686462402e-08
14.07	8.568167686462402e-08
14.08	8.568167686462402e-08
14.09	8.568167686462402e-08
14.1	8.195638656616211e-08
14.11	8.195638656616211e-08
14.12	7.82310962677002e-08
14.13	7.82310962677002e-08
14.14	7.82310962677002e-08
14.15	7.82310962677002e-08
14.16	7.82310962677002e-08
14.17	7.82310962677002e-08
14.18	7.450580596923828e-08
14.19	7.450580596923828e-08
14.2	7.450580596923828e-08
14.21	7.078051567077637e-08
14.22	7.078051567077637e-08
14.23	6.705522537231445e-08
14.24	6.705522537231445e-08
14.25	6.705522537231445e-08
14.26	6.705522537231445e-08
14.27	6.332993507385254e-08
14.28	6.332993507385254e-08
14.29	6.332993507385254e-08
14.3	5.960464477539063e-08
14.31	5.960464477539063e-08
14.32	5.587935447692871e-08
14.33	5.587935447692871e-08
14.34	5.587935447692871e-08
14.35	5.587935447692871e-08
14.36	5.587935447692871e-08
14.37	5.587935447692871e-08
14.38	5.587935447692871e-08
14.39	5.587935447692871e-08
14.4	5.587935447692871e-08
14.41	5.587935447692871e-08
14.42	5.587935447692871e-08
14.43	5.587935447692871e-08
14.44	5.587935447692871e-08
14.45	5.21540641784668e-08
14.46	5.21540641784668e-08
14.47	4.842877388000488e-08
14.48	4.470348358154297e-08
14.49	4.470348358154297e-08
14.5	4.470348358154297e-08
14.51	4.470348358154297e-08
14.52	4.470348358154297e-08
14.53	4.0978193283081055e-08
14.54	4.0978193283081055e-08
14.55	4.0978193283081055e-08
14.56	4.0978193283081055e-08
14.57	4.0978193283081055e-08
14.58	4.0978193283081055e-08
14.59	3.725290298461914e-08
14.6	3.725290298461914e-08
14.61	3.725290298461914e-08
14.62	3.725290298461914e-08
14.63	3.725290298461914e-08
14.64	3.725290298461914e-08
14.65	3.3527612686157227e-08
14.66	3.3527612686157227e-08
14.67	3.3527612686157227e-08
14.68	3.3527612686157227e-08
14.69	3.3527612686157227e-08
14.7	3.3527612686157227e-08
14.71	3.3527612686157227e-08
14.72	3.3527612686157227e-08
14.73	3.3527612686157227e-08
14.74	2.9802322387695312e-08
14.75	2.9802322387695312e-08
14.76	2.9802322387695312e-08
14.77	2.9802322387695312e-08
14.78	2.9802322387695312e-08
14.79	2.9802322387695312e-08
14.8	2.60770320892334e-08
14.81	2.60770320892334e-08
14.82	2.60770320892334e-08
14.83	2.2351741790771484e-08
14.84	2.2351741790771484e-08
14.85	2.2351741790771484e-08
14.86	1.862645149230957e-08
14.87	1.862645149230957e-08
14.88	1.862645149230957e-08
14.89	1.862645149230957e-08
14.9	1.862645149230957e-08
14.91	1.862645149230957e-08
14.92	1.862645149230957e-08
14.93	1.862645149230957e-08
14.94	1.862645149230957e-08
14.95	1.862645149230957e-08
14.96	1.862645149230957e-08
14.97	1.862645149230957e-08
14.98	1.862645149230957e-08
14.99	1.862645149230957e-08
15.0	1.862645149230957e-08
15.01	1.862645149230957e-08
15.02	1.862645149230957e-08
15.03	1.862645149230957e-08
15.04	1.862645149230957e-08
15.05	1.862645149230957e-08
15.06	1.862645149230957e-08
15.07	1.862645149230957e-08
15.08	1.862645149230957e-08
15.09	1.4901161193847656e-08
15.1	1.4901161193847656e-08
15.11	1.4901161193847656e-08
15.12	1.4901161193847656e-08
15.13	1.4901161193847656e-08
15.14	1.4901161193847656e-08
15.15	1.4901161193847656e-08
15.16	1.1175870895385742e-08
15.17	1.1175870895385742e-08
15.18	1.1175870895385742e-08
15.19	1.1175870895385742e-08
15.2	1.1175870895385742e-08
15.21	7.450580596923828e-09
15.22	7.450580596923828e-09
15.23	7.450580596923828e-09
15.24	7.450580596923828e-09
15.25	7.450580596923828e-09
15.26	7.450580596923828e-09
15.27	7.450580596923828e-09
15.28	7.450580596923828e-09
15.29	7.450580596923828e-09
15.3	7.450580596923828e-09
15.31	7.450580596923828e-09
15.32	7.450580596923828e-09
15.33	7.450580596923828e-09
15.34	7.450580596923828e-09
15.35	7.450580596923828e-09
15.36	7.450580596923828e-09
15.37	3.725290298461914e-09
15.38	3.725290298461914e-09
15.39	3.725290298461914e-09
15.4	3.725290298461914e-09
15.41	3.725290298461914e-09
15.42	3.725290298461914e-09
15.43	3.725290298461914e-09
15.44	3.725290298461914e-09
15.45	3.725290298461914e-09
15.46	3.725290298461914e-09
15.47	3.725290298461914e-09
15.48	3.725290298461914e-09
15.49	3.725290298461914e-09
15.5	3.725290298461914e-09
15.51	3.725290298461914e-09
15.52	3.725290298461914e-09
15.53	3.725290298461914e-09
15.54	3.725290298461914e-09
15.55	3.725290298461914e-09
15.56	3.725290298461914e-09
15.57	3.725290298461914e-09
15.58	3.725290298461914e-09
15.59	3.725290298461914e-09
15.6	3.725290298461914e-09
15.61	3.725290298461914e-09
15.62	3.725290298461914e-09
15.63	3.725290298461914e-09
15.64	3.725290298461914e-09
15.65	3.725290298461914e-09
15.66	3.725290298461914e-09
15.67	3.725290298461914e-09
15.68	3.725290298461914e-09
15.69	3.725290298461914e-09
15.7	3.725290298461914e-09
15.71	3.725290298461914e-09
15.72	0.0
