5.55	0.0005007004365324974
5.56	0.00049558375030756
5.57	0.0004901951178908348
5.58	0.00048458296805620193
5.59	0.0004799533635377884
5.6	0.0004745088517665863
5.61	0.0004688054323196411
5.62	0.00046450458467006683
5.63	0.00045906566083431244
5.64	0.0004528714343905449
5.65	0.00044867582619190216
5.66	0.00044422876089811325
5.67	0.00043790973722934723
5.68	0.0004334719851613045
5.69	0.000429653562605381
5.7	0.0004239669069647789
5.71	0.0004189601168036461
5.72	0.00041495729237794876
5.73	0.00041040219366550446
5.74	0.0004053143784403801
5.75	0.00040098000317811966
5.76	0.0003971029072999954
5.77	0.00039163604378700256
5.78	0.00038765277713537216
5.79	0.0003838762640953064
5.8	0.00037887878715991974
5.81	0.0003743646666407585
5.82	0.0003700684756040573
5.83	0.0003655971959233284
5.84	0.0003610653802752495
5.85	0.00035684555768966675
5.86	0.00035290420055389404
5.87	0.000348435714840889
5.88	0.0003440817818045616
5.89	0.00034077465534210205
5.9	0.0003362586721777916
5.91	0.00033188890665769577
5.92	0.00032792147248983383
5.93	0.0003245621919631958
5.94	0.00031950511038303375
5.95	0.0003158003091812134
5.96	0.0003126915544271469
5.97	0.0003086226060986519
5.98	0.00030435994267463684
5.99	0.00030159857124090195
6.0	0.0002977447584271431
6.01	0.0002937512472271919
6.02	0.0002904757857322693
6.03	0.00028761569410562515
6.04	0.0002830987796187401
6.05	0.0002801865339279175
6.06	0.00027694180607795715
6.07	0.0002734484151005745
6.08	0.0002697184681892395
6.09	0.0002673109993338585
6.1	0.00026382971554994583
6.11	0.0002605561167001724
6.12	0.0002578180283308029
6.13	0.00025474000722169876
6.14	0.00025138724595308304
6.15	0.00024884752929210663
6.16	0.0002462044358253479
6.17	0.0002428283914923668
6.18	0.0002401880919933319
6.19	0.00023730099201202393
6.2	0.00023414287716150284
6.21	0.00023137032985687256
6.22	0.0002291044220328331
6.23	0.0002260301262140274
6.24	0.00022335629910230637
6.25	0.00022122822701931
6.26	0.00021888967603445053
6.27	0.0002156561240553856
6.28	0.00021309778094291687
6.29	0.00021123234182596207
6.3	0.00020821671932935715
6.31	0.00020546559244394302
6.32	0.000203058123588562
6.33	0.00020031724125146866
6.34	0.0001977318897843361
6.35	0.00019521359354257584
6.36	0.00019308552145957947
6.37	0.00019073579460382462
6.38	0.00018790364265441895
6.39	0.00018629152327775955
6.4	0.0001838281750679016
6.41	0.0001810593530535698
6.42	0.00017901137471199036
6.43	0.0001767100766301155
6.44	0.00017372053116559982
6.45	0.00017136894166469574
6.46	0.00016961432993412018
6.47	0.00016698148101568222
6.48	0.0001648915931582451
6.49	0.00016332045197486877
6.5	0.00016087759286165237
6.51	0.00015887338668107986
6.52	0.00015726592391729355
6.53	0.00015542004257440567
6.54	0.00015277881175279617
6.55	0.00015094969421625137
6.56	0.0001492733135819435
6.57	0.00014695711433887482
6.58	0.00014478154480457306
6.59	0.0001435382291674614
6.6	0.00014114473015069962
6.61	0.0001396453008055687
6.62	0.0001380685716867447
6.63	0.00013635773211717606
6.64	0.0001345304772257805
6.65	0.0001330450177192688
6.66	0.00013156142085790634
6.67	0.0001296820119023323
6.68	0.00012799259275197983
6.69	0.00012638047337532043
6.7	0.0001247599720954895
6.71	0.00012325868010520935
6.72	0.00012173596769571304
6.73	0.00012012198567390442
6.74	0.00011881347745656967
6.75	0.00011724047362804413
6.76	0.00011584721505641937
6.77	0.00011415593326091766
6.78	0.00011307373642921448
6.79	0.00011168234050273895
6.8	0.00011005718261003494
6.81	0.00010851584374904633
6.82	0.00010754261165857315
6.83	0.00010577123612165451
6.84	0.0001043025404214859
6.85	0.0001030629500746727
6.86	0.00010188110172748566
6.87	0.00010034255683422089
6.88	9.893346577882767e-05
6.89	9.79183241724968e-05
6.9	9.635370224714279e-05
6.91	9.49101522564888e-05
6.92	9.398628026247025e-05
6.93	9.263772517442703e-05
6.94	9.087566286325455e-05
6.95	8.966401219367981e-05
6.96	8.863583207130432e-05
6.97	8.703768253326416e-05
6.98	8.588843047618866e-05
6.99	8.500088006258011e-05
7.0	8.361320942640305e-05
7.01	8.232519030570984e-05
7.02	8.143112063407898e-05
7.03	8.033029735088348e-05
7.04	7.90013000369072e-05
7.05	7.800385355949402e-05
7.06	7.701665163040161e-05
7.07	7.574819028377533e-05
7.08	7.473677396774292e-05
7.09	7.389392703771591e-05
7.1	7.262267172336578e-05
7.11	7.180403918027878e-05
7.12	7.081311196088791e-05
7.13	6.983615458011627e-05
7.14	6.897840648889542e-05
7.15	6.804335862398148e-05
7.16	6.716791540384293e-05
7.17	6.633996963500977e-05
7.18	6.543006747961044e-05
7.19	6.465334445238113e-05
7.2	6.370898336172104e-05
7.21	6.28819689154625e-05
7.22	6.210897117853165e-05
7.23	6.128009408712387e-05
7.24	6.0321763157844543e-05
7.25	5.9497542679309845e-05
7.26	5.874410271644592e-05
7.27	5.7894736528396606e-05
7.28	5.708914250135422e-05
7.29	5.636829882860184e-05
7.3	5.568563938140869e-05
7.31	5.486421287059784e-05
7.32	5.426071584224701e-05
7.33	5.341414362192154e-05
7.34	5.270913243293762e-05
7.35	5.202740430831909e-05
7.36	5.139689892530441e-05
7.37	5.035661160945892e-05
7.38	4.9853697419166565e-05
7.39	4.914961755275726e-05
7.4	4.831235855817795e-05
7.41	4.759989678859711e-05
7.42	4.715193063020706e-05
7.43	4.632677882909775e-05
7.44	4.561152309179306e-05
7.45	4.506763070821762e-05
7.46	4.4492073357105255e-05
7.47	4.358310252428055e-05
7.48	4.3011270463466644e-05
7.49	4.251580685377121e-05
7.5	4.169251769781113e-05
7.51	4.0940940380096436e-05
7.52	4.038866609334946e-05
7.53	3.9760954678058624e-05
7.54	3.9081089198589325e-05
7.55	3.85800376534462e-05
7.56	3.795512020587921e-05
7.57	3.7357211112976074e-05
7.58	3.6777928471565247e-05
7.59	3.640167415142059e-05
7.6	3.567524254322052e-05
7.61	3.53008508682251e-05
7.62	3.457535058259964e-05
7.63	3.414228558540344e-05
7.64	3.3591873943805695e-05
7.65	3.314018249511719e-05
7.66	3.267824649810791e-05
7.67	3.233086317777634e-05
7.68	3.185681998729706e-05
7.69	3.145821392536163e-05
7.7	3.096181899309158e-05
7.71	3.0567869544029236e-05
7.72	3.0222348868846893e-05
7.73	2.9787421226501465e-05
7.74	2.9282644391059875e-05
7.75	2.896878868341446e-05
7.76	2.8493814170360565e-05
7.77	2.7992762625217438e-05
7.78	2.7636997401714325e-05
7.79	2.7271918952465057e-05
7.8	2.6776455342769623e-05
7.81	2.6435591280460358e-05
7.82	2.613849937915802e-05
7.83	2.5785528123378754e-05
7.84	2.5257468223571777e-05
7.85	2.502184361219406e-05
7.86	2.4653039872646332e-05
7.87	2.416502684354782e-05
7.88	2.3778527975082397e-05
7.89	2.3395754396915436e-05
7.9	2.297293394804001e-05
7.91	2.2659078240394592e-05
7.92	2.234615385532379e-05
7.93	2.1910294890403748e-05
7.94	2.1665357053279877e-05
7.95	2.1342188119888306e-05
7.96	2.108607441186905e-05
7.97	2.063903957605362e-05
7.98	2.0368024706840515e-05
7.99	2.004392445087433e-05
8.0	1.9688159227371216e-05
8.01	1.9284896552562714e-05
8.02	1.9029714167118073e-05
8.03	1.864507794380188e-05
8.04	1.837499439716339e-05
8.05	1.8178485333919525e-05
8.06	1.7855316400527954e-05
8.07	1.7515383660793304e-05
8.08	1.722760498523712e-05
8.09	1.7062760889530182e-05
8.1	1.6718171536922455e-05
8.11	1.6473233699798584e-05
8.12	1.6118399798870087e-05
8.13	1.5881843864917755e-05
8.14	1.5527009963989258e-05
8.15	1.5271827578544617e-05
8.16	1.504458487033844e-05
8.17	1.4872290194034576e-05
8.18	1.4619901776313782e-05
8.19	1.442059874534607e-05
8.2	1.4174729585647583e-05
8.21	1.3989396393299103e-05
8.22	1.3807788491249084e-05
8.23	1.363363116979599e-05
8.24	1.3367272913455963e-05
8.25	1.3208948075771332e-05
8.26	1.2994743883609772e-05
8.27	1.2801028788089752e-05
8.28	1.2645497918128967e-05
8.29	1.2471340596675873e-05
8.3	1.2206844985485077e-05
8.31	1.2116506695747375e-05
8.32	1.1933967471122742e-05
8.33	1.1693686246871948e-05
8.34	1.153256744146347e-05
8.35	1.1382624506950378e-05
8.36	1.1187046766281128e-05
8.37	1.0965391993522644e-05
8.38	1.0810792446136475e-05
8.39	1.0630115866661072e-05
8.4	1.043081283569336e-05
8.41	1.0291114449501038e-05
8.42	1.0146759450435638e-05
8.43	9.931623935699463e-06
8.44	9.780749678611755e-06
8.45	9.585171937942505e-06
8.46	9.425915777683258e-06
8.47	9.203329682350159e-06
8.48	9.081326425075531e-06
8.49	8.909031748771667e-06
8.5	8.751638233661652e-06
8.51	8.597038686275482e-06
8.52	8.485279977321625e-06
8.53	8.230097591876984e-06
8.54	8.141621947288513e-06
8.55	7.984228432178497e-06
8.56	7.844530045986176e-06
8.57	7.661990821361542e-06
8.58	7.556751370429993e-06
8.59	7.442198693752289e-06
8.6	7.310882210731506e-06
8.61	7.1283429861068726e-06
8.62	7.058493793010712e-06
8.63	6.924383342266083e-06
8.64	6.769783794879913e-06
8.65	6.680376827716827e-06
8.66	6.574206054210663e-06
8.67	6.40377402305603e-06
8.68	6.314367055892944e-06
8.69	6.233341991901398e-06
8.7	6.0927122831344604e-06
8.71	5.984678864479065e-06
8.72	5.910173058509827e-06
8.73	5.831010639667511e-06
8.74	5.735084414482117e-06
8.75	5.618669092655182e-06
8.76	5.531124770641327e-06
8.77	5.472451448440552e-06
8.78	5.389563739299774e-06
8.79	5.325302481651306e-06
8.8	5.193985998630524e-06
8.81	5.15766441822052e-06
8.82	5.025416612625122e-06
8.83	4.934147000312805e-06
8.84	4.873611032962799e-06
8.85	4.793517291545868e-06
8.86	4.673376679420471e-06
8.87	4.636123776435852e-06
8.88	4.577450454235077e-06
8.89	4.488043487071991e-06
8.9	4.393048584461212e-06
8.91	4.348345100879669e-06
8.92	4.2719766497612e-06
8.93	4.1816383600234985e-06
8.94	4.084780812263489e-06
8.95	4.001893103122711e-06
8.96	3.9441511034965515e-06
8.97	3.827735781669617e-06
8.98	3.793276846408844e-06
8.99	3.70759516954422e-06
9.0	3.657303750514984e-06
9.01	3.57162207365036e-06
9.02	3.538094460964203e-06
9.03	3.4319236874580383e-06
9.04	3.38628888130188e-06
9.05	3.2847747206687927e-06
9.06	3.232620656490326e-06
9.07	3.135763108730316e-06
9.08	3.0836090445518494e-06
9.09	3.010965883731842e-06
9.1	2.9802322387695312e-06
9.11	2.9243528842926025e-06
9.12	2.8526410460472107e-06
9.13	2.791173756122589e-06
9.14	2.7390196919441223e-06
9.15	2.7008354663848877e-06
9.16	2.6552006602287292e-06
9.17	2.564862370491028e-06
9.18	2.5453045964241028e-06
9.19	2.4633482098579407e-06
9.2	2.4186447262763977e-06
9.21	2.376735210418701e-06
9.22	2.33575701713562e-06
9.23	2.282671630382538e-06
9.24	2.263113856315613e-06
9.25	2.234242856502533e-06
9.26	2.1997839212417603e-06
9.27	2.1634623408317566e-06
9.28	2.1243467926979065e-06
9.29	2.1066516637802124e-06
9.3	2.0619481801986694e-06
9.31	2.0330771803855896e-06
9.32	1.9706785678863525e-06
9.33	1.9492581486701965e-06
9.34	1.8961727619171143e-06
9.35	1.8812716007232666e-06
9.36	1.8253922462463379e-06
9.37	1.817941665649414e-06
9.38	1.7648562788963318e-06
9.39	1.7415732145309448e-06
9.4	1.7071142792701721e-06
9.41	1.6940757632255554e-06
9.42	1.648440957069397e-06
9.43	1.6260892152786255e-06
9.44	1.582317054271698e-06
9.45	1.5562400221824646e-06
9.46	1.5087425708770752e-06
9.47	1.477077603340149e-06
9.48	1.4659017324447632e-06
9.49	1.4249235391616821e-06
9.5	1.3783574104309082e-06
9.51	1.3541430234909058e-06
9.52	1.341104507446289e-06
9.53	1.30385160446167e-06
9.54	1.261010766029358e-06
9.55	1.2442469596862793e-06
9.56	1.2200325727462769e-06
9.57	1.1753290891647339e-06
9.58	1.1473894119262695e-06
9.59	1.1147931218147278e-06
9.6	1.0915100574493408e-06
9.61	1.0747462511062622e-06
9.62	1.0533258318901062e-06
9.63	1.0272487998008728e-06
9.64	1.0123476386070251e-06
9.65	9.909272193908691e-07
9.66	9.741634130477905e-07
9.67	9.443610906600952e-07
9.68	9.294599294662476e-07
9.69	8.912757039070129e-07
9.7	8.828938007354736e-07
9.71	8.4657222032547e-07
9.72	8.372589945793152e-07
9.73	8.139759302139282e-07
9.74	8.102506399154663e-07
9.75	7.888302206993103e-07
9.76	7.748603820800781e-07
9.77	7.599592208862305e-07
9.78	7.450580596923828e-07
9.79	7.301568984985352e-07
9.8	7.208436727523804e-07
9.81	7.105991244316101e-07
9.82	6.956979632377625e-07
9.83	6.882473826408386e-07
9.84	6.807968020439148e-07
9.85	6.770715117454529e-07
9.86	6.621703505516052e-07
9.87	6.528571248054504e-07
9.88	6.314367055892944e-07
9.89	6.258487701416016e-07
9.9	5.969777703285217e-07
9.91	5.885958671569824e-07
9.92	5.783513188362122e-07
9.93	5.690380930900574e-07
9.94	5.541369318962097e-07
9.95	5.401670932769775e-07
9.96	5.21540641784668e-07
9.97	5.206093192100525e-07
9.98	5.038455128669739e-07
9.99	4.898756742477417e-07
10.0	4.7031790018081665e-07
10.01	4.7031790018081665e-07
10.02	4.5355409383773804e-07
10.03	4.3958425521850586e-07
10.04	4.302710294723511e-07
10.05	4.163011908531189e-07
10.06	4.079192876815796e-07
10.07	3.948807716369629e-07
10.08	3.9301812648773193e-07
10.09	3.8370490074157715e-07
10.1	3.650784492492676e-07
10.11	3.632158041000366e-07
10.12	3.5297125577926636e-07
10.13	3.3993273973464966e-07
10.14	3.334134817123413e-07
10.15	3.259629011154175e-07
10.16	3.1478703022003174e-07
10.17	3.082677721977234e-07
10.18	2.9616057872772217e-07
10.19	2.849847078323364e-07
10.2	2.8312206268310547e-07
10.21	2.728775143623352e-07
10.22	2.728775143623352e-07
10.23	2.60770320892334e-07
10.24	2.60770320892334e-07
10.25	2.430751919746399e-07
10.26	2.421438694000244e-07
10.27	2.2724270820617676e-07
10.28	2.2724270820617676e-07
10.29	2.1886080503463745e-07
10.3	2.1886080503463745e-07
10.31	2.1420419216156006e-07
10.32	2.086162567138672e-07
10.33	2.0582228899002075e-07
10.34	2.039596438407898e-07
10.35	1.993030309677124e-07
10.36	1.9744038581848145e-07
10.37	1.909211277961731e-07
10.38	1.8719583749771118e-07
10.39	1.8533319234848022e-07
10.4	1.7881393432617188e-07
10.41	1.7881393432617188e-07
10.42	1.7415732145309448e-07
10.43	1.7415732145309448e-07
10.44	1.7136335372924805e-07
10.45	1.7136335372924805e-07
10.46	1.6298145055770874e-07
10.47	1.6298145055770874e-07
10.48	1.564621925354004e-07
10.49	1.5273690223693848e-07
10.5	1.4435499906539917e-07
10.51	1.387670636177063e-07
10.52	1.2945383787155151e-07
10.53	1.2945383787155151e-07
10.54	1.1827796697616577e-07
10.55	1.1641532182693481e-07
10.56	1.0989606380462646e-07
10.57	1.0803341865539551e-07
10.58	1.0151416063308716e-07
10.59	1.0151416063308716e-07
10.6	9.406358003616333e-08
10.61	9.406358003616333e-08
10.62	8.568167686462402e-08
10.63	8.381903171539307e-08
10.64	8.102506399154663e-08
10.65	8.009374141693115e-08
10.66	7.916241884231567e-08
10.67	7.916241884231567e-08
10.68	7.916241884231567e-08
10.69	7.82310962677002e-08
10.7	7.82310962677002e-08
10.71	7.35744833946228e-08
10.72	7.35744833946228e-08
10.73	7.264316082000732e-08
10.74	6.891787052154541e-08
10.75	6.426125764846802e-08
10.76	6.426125764846802e-08
10.77	5.960464477539063e-08
10.78	5.8673322200775146e-08
10.79	5.681067705154419e-08
10.8	5.681067705154419e-08
10.81	5.4016709327697754e-08
10.82	5.4016709327697754e-08
10.83	5.21540641784668e-08
10.84	5.122274160385132e-08
10.85	4.936009645462036e-08
10.86	4.936009645462036e-08
10.87	4.842877388000488e-08
10.88	4.6566128730773926e-08
10.89	4.284083843231201e-08
10.9	4.284083843231201e-08
10.91	4.284083843231201e-08
10.92	3.91155481338501e-08
10.93	3.725290298461914e-08
10.94	3.725290298461914e-08
10.95	3.725290298461914e-08
10.96	3.5390257835388184e-08
10.97	3.5390257835388184e-08
10.98	3.5390257835388184e-08
10.99	3.5390257835388184e-08
11.0	3.5390257835388184e-08
11.01	3.5390257835388184e-08
11.02	3.3527612686157227e-08
11.03	3.166496753692627e-08
11.04	3.166496753692627e-08
11.05	3.166496753692627e-08
11.06	2.9802322387695312e-08
11.07	2.9802322387695312e-08
11.08	2.7008354663848877e-08
11.09	2.7008354663848877e-08
11.1	2.421438694000244e-08
11.11	2.421438694000244e-08
11.12	1.862645149230957e-08
11.13	1.862645149230957e-08
11.14	1.30385160446167e-08
11.15	1.30385160446167e-08
11.16	1.1175870895385742e-08
11.17	1.1175870895385742e-08
11.18	9.313225746154785e-09
11.19	9.313225746154785e-09
11.2	9.313225746154785e-09
11.21	9.313225746154785e-09
11.22	9.313225746154785e-09
11.23	9.313225746154785e-09
11.24	9.313225746154785e-09
11.25	9.313225746154785e-09
11.26	9.313225746154785e-09
11.27	9.313225746154785e-09
11.28	9.313225746154785e-09
11.29	9.313225746154785e-09
11.3	8.381903171539307e-09
11.31	8.381903171539307e-09
11.32	8.381903171539307e-09
11.33	7.450580596923828e-09
11.34	7.450580596923828e-09
11.35	7.450580596923828e-09
11.36	7.450580596923828e-09
11.37	7.450580596923828e-09
11.38	7.450580596923828e-09
11.39	7.450580596923828e-09
11.4	7.450580596923828e-09
11.41	7.450580596923828e-09
11.42	7.450580596923828e-09
11.43	7.450580596923828e-09
11.44	7.450580596923828e-09
11.45	5.587935447692871e-09
11.46	5.587935447692871e-09
11.47	3.725290298461914e-09
11.48	3.725290298461914e-09
11.49	3.725290298461914e-09
11.5	3.725290298461914e-09
11.51	3.725290298461914e-09
11.52	3.725290298461914e-09
11.53	3.725290298461914e-09
11.54	3.725290298461914e-09
11.55	3.725290298461914e-09
11.56	3.725290298461914e-09
11.57	3.725290298461914e-09
11.58	3.725290298461914e-09
11.59	3.725290298461914e-09
11.6	3.725290298461914e-09
11.61	3.725290298461914e-09
11.62	3.725290298461914e-09
11.63	3.725290298461914e-09
11.64	3.725290298461914e-09
11.65	3.725290298461914e-09
11.66	3.725290298461914e-09
11.67	3.725290298461914e-09
11.68	1.862645149230957e-09
11.69	1.862645149230957e-09
11.7	0.0
