5.55	0.000502925890032202
5.56	0.0004973117611370981
5.57	0.0004917687037959695
5.58	0.00048628426156938076
5.59	0.00048086990136653185
5.6	0.00047549442388117313
5.61	0.0004701624275185168
5.62	0.0004648895119316876
5.63	0.00045971799409016967
5.64	0.00045452010817825794
5.65	0.0004494323511607945
5.66	0.00044438132317736745
5.67	0.0004393545677885413
5.68	0.0004344181506894529
5.69	0.0004294607788324356
5.7	0.0004246308235451579
5.71	0.00041986117139458656
5.72	0.0004150827880948782
5.73	0.00041031057480722666
5.74	0.0004057246260344982
5.75	0.00040110101690515876
5.76	0.00039653113344684243
5.77	0.0003920216695405543
5.78	0.00038752745604142547
5.79	0.0003831100766547024
5.8	0.00037873449036851525
5.81	0.0003743715933524072
5.82	0.00037009711377322674
5.83	0.0003658518544398248
5.84	0.00036162190372124314
5.85	0.0003574772854335606
5.86	0.00035333767300471663
5.87	0.0003492907853797078
5.88	0.0003452390665188432
5.89	0.00034124439116567373
5.9	0.00033730489667505026
5.91	0.00033338996581733227
5.92	0.00032954488415271044
5.93	0.00032570783514529467
5.94	0.0003218919737264514
5.95	0.00031819415744394064
5.96	0.0003144731163047254
5.97	0.0003108139499090612
5.98	0.0003071716637350619
5.99	0.00030358933145180345
6.0	0.00030004431027919054
6.01	0.0002965284511446953
6.02	0.0002930419868789613
6.03	0.0002896084333769977
6.04	0.00028619810473173857
6.05	0.00028280122205615044
6.06	0.0002794893807731569
6.07	0.0002761773648671806
6.08	0.0002728968393057585
6.09	0.0002696989104151726
6.1	0.0002664889907464385
6.11	0.0002633308758959174
6.12	0.0002602181048132479
6.13	0.0002571073127910495
6.14	0.00025406101485714316
6.15	0.0002510483027435839
6.16	0.0002480300609022379
6.17	0.000245068920776248
6.18	0.00024214567383751273
6.19	0.0002392164315097034
6.2	0.00023637193953618407
6.21	0.00023352238349616528
6.22	0.00023072946351021528
6.23	0.00022790691582486033
6.24	0.00022519327467307448
6.25	0.0002224747440777719
6.26	0.0002197807771153748
6.27	0.00021711981389671564
6.28	0.00021448760526254773
6.29	0.00021187943639233708
6.3	0.00020933261839672923
6.31	0.00020679039880633354
6.32	0.00020426494302228093
6.33	0.000201795541215688
6.34	0.00019933731527999043
6.35	0.00019689550390467048
6.36	0.0001945093390531838
6.37	0.00019211281323805451
6.38	0.0001897636684589088
6.39	0.00018744380213320255
6.4	0.00018511980306357145
6.41	0.0001828647218644619
6.42	0.00018061348237097263
6.43	0.00017835310427471995
6.44	0.00017615355318412185
6.45	0.00017397489864379168
6.46	0.0001718143466860056
6.47	0.00016969500575214624
6.48	0.00016755377873778343
6.49	0.0001654850202612579
6.5	0.00016343611059710383
6.51	0.0001613864442333579
6.52	0.00015938462456688285
6.53	0.00015740015078336
6.54	0.00015543808694928885
6.55	0.00015348306624218822
6.56	0.00015157804591581225
6.57	0.0001496773329563439
6.58	0.00014780263882130384
6.59	0.000145942613016814
6.6	0.00014411192387342453
6.61	0.00014228193322196603
6.62	0.00014049909077584743
6.63	0.00013872183626517653
6.64	0.0001369496458210051
6.65	0.00013522827066481113
6.66	0.00013350584777072072
6.67	0.00013178918743506074
6.68	0.00013013638090342283
6.69	0.0001284678583033383
6.7	0.00012681976659223437
6.71	0.00012521090684458613
6.72	0.0001235930249094963
6.73	0.00012201780918985605
6.74	0.00012047053314745426
6.75	0.00011890276800841093
6.76	0.00011738843750208616
6.77	0.00011587893823161721
6.78	0.00011438631918281317
6.79	0.00011291820555925369
6.8	0.00011146510951220989
6.81	0.00011001381790265441
6.82	0.00010859780013561249
6.83	0.00010718213161453605
6.84	0.00010579486843198538
6.85	0.00010442076018080115
6.86	0.00010306877084076405
6.87	0.00010171864414587617
6.88	0.0001003983779810369
6.89	9.909045184031129e-05
6.9	9.780481923371553e-05
6.91	9.652093285694718e-05
6.92	9.525538189336658e-05
6.93	9.401136776432395e-05
6.94	9.277166100218892e-05
6.95	9.15591954253614e-05
6.96	9.034702088683844e-05
6.97	8.916022488847375e-05
6.98	8.798763155937195e-05
6.99	8.680787868797779e-05
7.0	8.567108307033777e-05
7.01	8.453964255750179e-05
7.02	8.340756176039577e-05
7.03	8.230638923123479e-05
7.04	8.120876736938953e-05
7.05	8.011213503777981e-05
7.06	7.906364044174552e-05
7.07	7.799651939421892e-05
7.08	7.69578036852181e-05
7.09	7.593375630676746e-05
7.1	7.491436554118991e-05
7.11	7.390155224129558e-05
7.12	7.293274393305182e-05
7.13	7.194688078016043e-05
7.14	7.097306661307812e-05
7.15	7.002748316153884e-05
7.16	6.907677743583918e-05
7.17	6.81502278894186e-05
7.18	6.723200203850865e-05
7.19	6.632355507463217e-05
7.2	6.542261689901352e-05
7.21	6.453972309827805e-05
7.22	6.366113666445017e-05
7.23	6.279355147853494e-05
7.24	6.194307934492826e-05
7.25	6.109703099355102e-05
7.26	6.025232141837478e-05
7.27	5.9434270951896906e-05
7.28	5.862332182005048e-05
7.29	5.780649371445179e-05
7.3	5.702517228201032e-05
7.31	5.6229589972645044e-05
7.32	5.5465265177190304e-05
7.33	5.4707168601453304e-05
7.34	5.394616164267063e-05
7.35	5.320733180269599e-05
7.36	5.247740773484111e-05
7.37	5.17421867698431e-05
7.38	5.1035487558692694e-05
7.39	5.0325237680226564e-05
7.4	4.9624533858150244e-05
7.41	4.893977893516421e-05
7.42	4.825327778235078e-05
7.43	4.7575333155691624e-05
7.44	4.691834328696132e-05
7.45	4.625954898074269e-05
7.46	4.5607914216816425e-05
7.47	4.4973683543503284e-05
7.48	4.433433059602976e-05
7.49	4.371273098513484e-05
7.5	4.309980431571603e-05
7.51	4.249269841238856e-05
7.52	4.189438186585903e-05
7.53	4.13003726862371e-05
7.54	4.072155570611358e-05
7.55	4.0145532693713903e-05
7.56	3.9581151213496923e-05
7.57	3.902008756995201e-05
7.58	3.846228355541825e-05
7.59	3.7915538996458054e-05
7.6	3.7382415030151606e-05
7.61	3.683974500745535e-05
7.62	3.6318786442279816e-05
7.63	3.579666372388601e-05
7.64	3.527844091877341e-05
7.65	3.47752938978374e-05
7.66	3.4273427445441484e-05
7.67	3.377581015229225e-05
7.68	3.329449100419879e-05
7.69	3.280903911218047e-05
7.7	3.232620656490326e-05
7.71	3.1871721148490906e-05
7.72	3.140297485515475e-05
7.73	3.0944065656512976e-05
7.74	3.0496797990053892e-05
7.75	3.0048599001020193e-05
7.76	2.961175050586462e-05
7.77	2.9189919587224722e-05
7.78	2.875609789043665e-05
7.79	2.8342939913272858e-05
7.8	2.7929316274821758e-05
7.81	2.7516274712979794e-05
7.82	2.7117261197417974e-05
7.83	2.6720284949988127e-05
7.84	2.6329129468649626e-05
7.85	2.5937973987311125e-05
7.86	2.5554385501891375e-05
7.87	2.5177490897476673e-05
7.88	2.4805194698274136e-05
7.89	2.44389520958066e-05
7.9	2.4072767700999975e-05
7.91	2.3712869733572006e-05
7.92	2.3362284991890192e-05
7.93	2.3007334675639868e-05
7.94	2.2666470613330603e-05
7.95	2.2327119950205088e-05
7.96	2.1984742488712072e-05
7.97	2.1656276658177376e-05
7.98	2.1329964511096478e-05
7.99	2.1007144823670387e-05
8.0	2.069346373900771e-05
8.01	2.0383449736982584e-05
8.02	2.0067731384187937e-05
8.03	1.9774772226810455e-05
8.04	1.9472150597721338e-05
8.05	1.917523331940174e-05
8.06	1.8891063518822193e-05
8.07	1.8599792383611202e-05
8.08	1.831352710723877e-05
8.09	1.804210478439927e-05
8.1	1.7762533389031887e-05
8.11	1.7493730410933495e-05
8.12	1.7226848285645247e-05
8.13	1.6956881154328585e-05
8.14	1.6702048014849424e-05
8.15	1.6447040252387524e-05
8.16	1.6192556358873844e-05
8.17	1.5941623132675886e-05
8.18	1.5698024071753025e-05
8.19	1.5453959349542856e-05
8.2	1.5213096048682928e-05
8.21	1.4977587852627039e-05
8.22	1.4747201930731535e-05
8.23	1.4518853276968002e-05
8.24	1.4292483683675528e-05
8.25	1.4070479664951563e-05
8.26	1.3848359230905771e-05
8.27	1.3636716175824404e-05
8.28	1.3415643479675055e-05
8.29	1.3205746654421091e-05
8.3	1.2998178135603666e-05
8.31	1.2791773770004511e-05
8.32	1.2586941011250019e-05
8.33	1.239223638549447e-05
8.34	1.2191885616630316e-05
8.35	1.2003292795270681e-05
8.36	1.1815456673502922e-05
8.37	1.1622672900557518e-05
8.38	1.1444790288805962e-05
8.39	1.1264753993600607e-05
8.4	1.1081923730671406e-05
8.41	1.0909046977758408e-05
8.42	1.0738498531281948e-05
8.43	1.0565272532403469e-05
8.44	1.0399729944765568e-05
8.45	1.023156801238656e-05
8.46	1.0065676178783178e-05
8.47	9.908806532621384e-06
8.48	9.747804142534733e-06
8.49	9.590992704033852e-06
8.5	9.436975233256817e-06
8.51	9.281269740313292e-06
8.52	9.127892553806305e-06
8.53	8.984585292637348e-06
8.54	8.834816981106997e-06
8.55	8.693546988070011e-06
8.56	8.552160579711199e-06
8.57	8.413800969719887e-06
8.58	8.277012966573238e-06
8.59	8.14575469121337e-06
8.6	8.010596502572298e-06
8.61	7.877126336097717e-06
8.62	7.754482794553041e-06
8.63	7.623864803463221e-06
8.64	7.496797479689121e-06
8.65	7.379683665931225e-06
8.66	7.255817763507366e-06
8.67	7.1329413913190365e-06
8.68	7.0187379606068134e-06
8.69	6.896851118654013e-06
8.7	6.7847431637346745e-06
8.71	6.6703069023787975e-06
8.72	6.5551139414310455e-06
8.73	6.449467036873102e-06
8.74	6.3425395637750626e-06
8.75	6.234971806406975e-06
8.76	6.132002454251051e-06
8.77	6.032758392393589e-06
8.78	5.930312909185886e-06
8.79	5.8345613069832325e-06
8.8	5.735491868108511e-06
8.81	5.642767064273357e-06
8.82	5.549867637455463e-06
8.83	5.455920472741127e-06
8.84	5.3622061386704445e-06
8.85	5.274603608995676e-06
8.86	5.184148903936148e-06
8.87	5.095789674669504e-06
8.88	5.006615538150072e-06
8.89	4.919711500406265e-06
8.9	4.835950676351786e-06
8.91	4.751549568027258e-06
8.92	4.67000063508749e-06
8.93	4.587171133607626e-06
8.94	4.511792212724686e-06
8.95	4.4316984713077545e-06
8.96	4.352943506091833e-06
8.97	4.281289875507355e-06
8.98	4.208879545331001e-06
8.99	4.131521563977003e-06
9.0	4.06347680836916e-06
9.01	3.993278369307518e-06
9.02	3.923370968550444e-06
9.03	3.857770934700966e-06
9.04	3.7898425944149494e-06
9.05	3.7240679375827312e-06
9.06	3.6600977182388306e-06
9.07	3.5953125916421413e-06
9.08	3.5304692573845387e-06
9.09	3.472086973488331e-06
9.1	3.40811675414443e-06
9.11	3.348221071064472e-06
9.12	3.2911193557083607e-06
9.13	3.2311654649674892e-06
9.14	3.1757517717778683e-06
9.15	3.1205127015709877e-06
9.16	3.06364381685853e-06
9.17	3.010325599461794e-06
9.18	2.9577058739960194e-06
9.19	2.901884727180004e-06
9.2	2.850196324288845e-06
9.21	2.798275090754032e-06
9.22	2.74821650236845e-06
9.23	2.6958296075463295e-06
9.24	2.649961970746517e-06
9.25	2.5995541363954544e-06
9.26	2.5539775379002094e-06
9.27	2.506712917238474e-06
9.28	2.4590990506112576e-06
9.29	2.415676135569811e-06
9.3	2.372951712459326e-06
9.31	2.3266184143722057e-06
9.32	2.284941729158163e-06
9.33	2.2453023120760918e-06
9.34	2.202228643000126e-06
9.35	2.162880264222622e-06
9.36	2.1239975467324257e-06
9.37	2.084823790937662e-06
9.38	2.0464067347347736e-06
9.39	2.008979208767414e-06
9.4	1.9704457372426987e-06
9.41	1.9366852939128876e-06
9.42	1.8988503143191338e-06
9.43	1.8614809960126877e-06
9.44	1.8292339518666267e-06
9.45	1.7932616174221039e-06
9.46	1.7609563656151295e-06
9.47	1.7274869605898857e-06
9.48	1.695763785392046e-06
9.49	1.6640988178551197e-06
9.5	1.6343547031283379e-06
9.51	1.6017584130167961e-06
9.52	1.5718396753072739e-06
9.53	1.5425612218677998e-06
9.54	1.5122350305318832e-06
9.55	1.482432708144188e-06
9.56	1.4565885066986084e-06
9.57	1.427775714546442e-06
9.58	1.3987882994115353e-06
9.59	1.3737007975578308e-06
9.6	1.3457611203193665e-06
9.61	1.3191602192819118e-06
9.62	1.2940727174282074e-06
9.63	1.2684613466262817e-06
9.64	1.2434320524334908e-06
9.65	1.2212549336254597e-06
9.66	1.195643562823534e-06
9.67	1.1718948371708393e-06
9.68	1.1521624401211739e-06
9.69	1.12876296043396e-06
9.7	1.1064112186431885e-06
9.71	1.0861549526453018e-06
9.72	1.0655494406819344e-06
9.73	1.0444782674312592e-06
9.74	1.0248622857034206e-06
9.75	1.00285978987813e-06
9.76	9.845243766903877e-07
9.77	9.636860340833664e-07
9.78	9.443610906600952e-07
9.79	9.262585081160069e-07
9.8	9.090290404856205e-07
9.81	8.897623047232628e-07
9.82	8.725910447537899e-07
9.83	8.557690307497978e-07
9.84	8.387141861021519e-07
9.85	8.233473636209965e-07
9.86	8.058850653469563e-07
9.87	7.89412297308445e-07
9.88	7.753842510282993e-07
9.89	7.600174285471439e-07
9.9	7.427879609167576e-07
9.91	7.292255759239197e-07
9.92	7.142079994082451e-07
9.93	6.982008926570415e-07
9.94	6.841728463768959e-07
9.95	6.702612154185772e-07
9.96	6.552436389029026e-07
9.97	6.416812539100647e-07
9.98	6.284099072217941e-07
9.99	6.135087460279465e-07
10.0	6.032641977071762e-07
10.01	5.895853973925114e-07
10.02	5.779438652098179e-07
10.03	5.673500709235668e-07
10.04	5.562324076890945e-07
10.05	5.450565367937088e-07
10.06	5.351612344384193e-07
10.07	5.240435712039471e-07
10.08	5.144975148141384e-07
10.09	5.038455128669739e-07
10.1	4.92902472615242e-07
10.11	4.838802851736546e-07
10.12	4.739849828183651e-07
10.13	4.627509042620659e-07
10.14	4.5297201722860336e-07
10.15	4.4441549107432365e-07
10.16	4.336470738053322e-07
10.17	4.2479950934648514e-07
10.18	4.1496241465210915e-07
10.19	4.055327735841274e-07
10.2	3.966852091252804e-07
10.21	3.8812868297100067e-07
10.22	3.791647031903267e-07
10.23	3.7136487662792206e-07
10.24	3.6420533433556557e-07
10.25	3.5582343116402626e-07
10.26	3.4837285056710243e-07
10.27	3.420282155275345e-07
10.28	3.34868673235178e-07
10.29	3.270106390118599e-07
10.3	3.206077963113785e-07
10.31	3.1280796974897385e-07
10.32	3.0669616535305977e-07
10.33	2.9959483072161674e-07
10.34	2.9260991141200066e-07
10.35	2.864981070160866e-07
10.36	2.805609256029129e-07
10.37	2.739834599196911e-07
10.38	2.683955244719982e-07
10.39	2.6298221200704575e-07
10.4	2.573360688984394e-07
10.41	2.5186454877257347e-07
10.42	2.4586915969848633e-07
10.43	2.4086330085992813e-07
10.44	2.3638131096959114e-07
10.45	2.305605448782444e-07
10.46	2.2508902475237846e-07
10.47	2.2124731913208961e-07
10.48	2.1513551473617554e-07
10.49	2.1047890186309814e-07
10.5	2.0599691197276115e-07
10.51	2.0046718418598175e-07
10.52	1.9563594833016396e-07
10.53	1.9115395843982697e-07
10.54	1.8638093024492264e-07
10.55	1.8149148672819138e-07
10.56	1.784064806997776e-07
10.57	1.7328420653939247e-07
10.58	1.6874400898814201e-07
10.59	1.6600824892520905e-07
10.6	1.621665433049202e-07
10.61	1.5797559171915054e-07
10.62	1.5471596270799637e-07
10.63	1.5099067240953445e-07
10.64	1.4738179743289948e-07
10.65	1.4406396076083183e-07
10.66	1.4039687812328339e-07
10.67	1.3754470273852348e-07
10.68	1.3381941244006157e-07
10.69	1.30385160446167e-07
10.7	1.275329850614071e-07
10.71	1.2508826330304146e-07
10.72	1.2136297300457954e-07
10.73	1.1915108188986778e-07
10.74	1.1612428352236748e-07
10.75	1.1333031579852104e-07
10.76	1.1088559404015541e-07
10.77	1.0797521099448204e-07
10.78	1.0564690455794334e-07
10.79	1.0355142876505852e-07
10.8	1.0058283805847168e-07
10.81	9.802170097827911e-08
10.82	9.627547115087509e-08
10.83	9.342329576611519e-08
10.84	9.086215868592262e-08
10.85	8.853385224938393e-08
10.86	8.638016879558563e-08
10.87	8.370261639356613e-08
10.88	8.172355592250824e-08
10.89	7.939524948596954e-08
10.9	7.689232006669044e-08
10.91	7.526250556111336e-08
10.92	7.316702976822853e-08
10.93	7.10715539753437e-08
10.94	6.949994713068008e-08
10.95	6.816117092967033e-08
10.96	6.594927981495857e-08
10.97	6.449408829212189e-08
10.98	6.30388967692852e-08
10.99	6.175832822918892e-08
11.0	5.966285243630409e-08
11.01	5.832407623529434e-08
11.02	5.681067705154419e-08
11.03	5.5821146816015244e-08
11.04	5.3783878684043884e-08
11.05	5.2677933126688004e-08
11.06	5.168840289115906e-08
11.07	4.96511347591877e-08
11.08	4.871981218457222e-08
11.09	4.7730281949043274e-08
11.1	4.6333298087120056e-08
11.11	4.5227352529764175e-08
11.12	4.406319931149483e-08
11.13	4.2549800127744675e-08
11.14	4.173489287495613e-08
11.15	4.080357030034065e-08
11.16	3.9173755794763565e-08
11.17	3.8300640881061554e-08
11.18	3.7602148950099945e-08
11.19	3.620516508817673e-08
11.2	3.504101186990738e-08
11.21	3.41096892952919e-08
11.22	3.2654497772455215e-08
11.23	3.16067598760128e-08
11.24	3.0617229640483856e-08
11.25	2.9802322387695312e-08
11.26	2.898741513490677e-08
11.27	2.8405338525772095e-08
11.28	2.7474015951156616e-08
11.29	2.7008354663848877e-08
11.3	2.6542693376541138e-08
11.31	2.578599378466606e-08
11.32	2.5262124836444855e-08
11.33	2.468004822731018e-08
11.34	2.4097971618175507e-08
11.35	2.35741026699543e-08
11.36	2.2817403078079224e-08
11.37	2.2351741790771484e-08
11.38	2.2118911147117615e-08
11.39	2.1012965589761734e-08
11.4	2.043088898062706e-08
11.41	2.0081643015146255e-08
11.42	1.9208528101444244e-08
11.43	1.8568243831396103e-08
11.44	1.8102582544088364e-08
11.45	1.7345882952213287e-08
11.46	1.658918336033821e-08
11.47	1.6298145055770874e-08
11.48	1.57160684466362e-08
11.49	1.5366822481155396e-08
11.5	1.5192199498414993e-08
11.51	1.4668330550193787e-08
11.52	1.414446160197258e-08
11.53	1.391163095831871e-08
11.54	1.3387762010097504e-08
11.55	1.2922100722789764e-08
11.56	1.2514647096395493e-08
11.57	1.2165401130914688e-08
11.58	1.1757947504520416e-08
11.59	1.146690919995308e-08
11.6	1.1059455573558807e-08
11.61	1.0710209608078003e-08
11.62	1.0593794286251068e-08
11.63	1.0128132998943329e-08
11.64	9.89530235528946e-09
11.65	9.546056389808655e-09
11.66	9.313225746154785e-09
11.67	9.080395102500916e-09
11.68	8.847564458847046e-09
11.69	8.672941476106644e-09
11.7	8.498318493366241e-09
11.71	8.207280188798904e-09
11.72	7.916241884231567e-09
11.73	7.8580342233181e-09
11.74	7.566995918750763e-09
11.75	7.159542292356491e-09
11.76	7.043126970529556e-09
11.77	6.868503987789154e-09
11.78	6.344635039567947e-09
11.79	6.2282197177410126e-09
11.8	5.995389074087143e-09
11.81	5.762558430433273e-09
11.82	5.587935447692871e-09
11.83	5.3551048040390015e-09
11.84	5.0640664994716644e-09
11.85	4.94765117764473e-09
11.86	4.889443516731262e-09
11.87	4.598405212163925e-09
11.88	4.48198989033699e-09
11.89	4.423782229423523e-09
11.9	4.190951585769653e-09
11.91	4.016328603029251e-09
11.92	3.899913281202316e-09
11.93	3.725290298461914e-09
11.94	3.6670826375484467e-09
11.95	3.434251993894577e-09
11.96	3.3178366720676422e-09
11.97	3.3178366720676422e-09
11.98	3.14321368932724e-09
11.99	3.026798367500305e-09
12.0	2.9685907065868378e-09
12.01	2.852175384759903e-09
12.02	2.7939677238464355e-09
12.03	2.7939677238464355e-09
12.04	2.561137080192566e-09
12.05	2.561137080192566e-09
12.06	2.5029294192790985e-09
12.07	2.3283064365386963e-09
12.08	2.270098775625229e-09
12.09	2.270098775625229e-09
12.1	1.979060471057892e-09
12.11	1.979060471057892e-09
12.12	1.9208528101444244e-09
12.13	1.6880221664905548e-09
12.14	1.57160684466362e-09
12.15	1.5133991837501526e-09
12.16	1.3969838619232178e-09
12.17	1.280568540096283e-09
12.18	1.280568540096283e-09
12.19	1.2223608791828156e-09
12.2	1.1641532182693481e-09
12.21	1.1641532182693481e-09
12.22	1.1059455573558807e-09
12.23	9.89530235528946e-10
12.24	9.89530235528946e-10
12.25	9.313225746154785e-10
12.26	8.731149137020111e-10
12.27	8.149072527885437e-10
12.28	8.149072527885437e-10
12.29	8.149072527885437e-10
12.3	7.566995918750763e-10
12.31	7.566995918750763e-10
12.32	7.566995918750763e-10
12.33	6.984919309616089e-10
12.34	6.402842700481415e-10
12.35	6.402842700481415e-10
12.36	6.402842700481415e-10
12.37	5.238689482212067e-10
12.38	5.238689482212067e-10
12.39	4.656612873077393e-10
12.4	4.656612873077393e-10
12.41	4.656612873077393e-10
12.42	4.0745362639427185e-10
12.43	3.4924596548080444e-10
12.44	3.4924596548080444e-10
12.45	2.3283064365386963e-10
12.46	1.7462298274040222e-10
12.47	1.7462298274040222e-10
12.48	1.7462298274040222e-10
12.49	1.1641532182693481e-10
12.5	1.1641532182693481e-10
12.51	1.1641532182693481e-10
12.52	1.1641532182693481e-10
12.53	1.1641532182693481e-10
12.54	1.1641532182693481e-10
12.55	1.1641532182693481e-10
12.56	1.1641532182693481e-10
12.57	1.1641532182693481e-10
12.58	1.1641532182693481e-10
12.59	1.1641532182693481e-10
12.6	1.1641532182693481e-10
12.61	1.1641532182693481e-10
12.62	1.1641532182693481e-10
12.63	1.1641532182693481e-10
12.64	1.1641532182693481e-10
12.65	1.1641532182693481e-10
12.66	5.820766091346741e-11
12.67	5.820766091346741e-11
12.68	5.820766091346741e-11
12.69	0.0
