2.33	0.0005011893808841705
2.34	0.0004988349974155426
2.35	0.0004962943494319916
2.36	0.0004937984049320221
2.37	0.0004915446043014526
2.38	0.000489111989736557
2.39	0.00048693642020225525
2.4	0.0004847720265388489
2.41	0.00048235058784484863
2.42	0.00048039108514785767
2.43	0.00047856569290161133
2.44	0.00047619640827178955
2.45	0.00047424808144569397
2.46	0.0004722215235233307
2.47	0.0004698634147644043
2.48	0.0004678592085838318
2.49	0.0004659891128540039
2.5	0.0004636235535144806
2.51	0.00046175718307495117
2.52	0.00045945122838020325
2.53	0.00045717135071754456
2.54	0.00045523419976234436
2.55	0.0004534199833869934
2.56	0.0004512295126914978
2.57	0.0004492513835430145
2.58	0.00044725462794303894
2.59	0.00044500455260276794
2.6	0.00044304877519607544
2.61	0.00044119730591773987
2.62	0.0004390217363834381
2.63	0.00043740496039390564
2.64	0.0004353635013103485
2.65	0.00043307244777679443
2.66	0.0004313327372074127
2.67	0.0004292801022529602
2.68	0.00042710453271865845
2.69	0.00042553991079330444
2.7	0.0004233159124851227
2.71	0.0004212595522403717
2.72	0.0004195086658000946
2.73	0.00041763484477996826
2.74	0.0004153326153755188
2.75	0.00041366368532180786
2.76	0.0004118494689464569
2.77	0.0004097670316696167
2.78	0.0004078969359397888
2.79	0.0004059821367263794
2.8	0.0004039481282234192
2.81	0.00040210410952568054
2.82	0.000399809330701828
2.83	0.0003977566957473755
2.84	0.00039589405059814453
2.85	0.00039382651448249817
2.86	0.00039196014404296875
2.87	0.000390373170375824
2.88	0.000388074666261673
2.89	0.0003863908350467682
2.9	0.00038481131196022034
2.91	0.00038256868720054626
2.92	0.0003807581961154938
2.93	0.0003790222108364105
2.94	0.00037724152207374573
2.95	0.00037528201937675476
2.96	0.0003734864294528961
2.97	0.00037162378430366516
2.98	0.00036976858973503113
2.99	0.0003677085041999817
3.0	0.0003659352660179138
3.01	0.000364057719707489
3.02	0.00036237016320228577
3.03	0.00036071985960006714
3.04	0.0003587193787097931
3.05	0.000357307493686676
3.06	0.0003555789589881897
3.07	0.0003537572920322418
3.08	0.0003520585596561432
3.09	0.00035065412521362305
3.1	0.00034902989864349365
3.11	0.00034757331013679504
3.12	0.00034596025943756104
3.13	0.0003444068133831024
3.14	0.00034289807081222534
3.15	0.00034123286604881287
3.16	0.0003395192325115204
3.17	0.00033786892890930176
3.18	0.0003360658884048462
3.19	0.0003342963755130768
3.2	0.0003327988088130951
3.21	0.0003312043845653534
3.22	0.00032957643270492554
3.23	0.00032816827297210693
3.24	0.0003265403211116791
3.25	0.0003248155117034912
3.26	0.0003235377371311188
3.27	0.0003221742808818817
3.28	0.0003205835819244385
3.29	0.00031915679574012756
3.3	0.00031784921884536743
3.31	0.00031599774956703186
3.32	0.000314515084028244
3.33	0.00031299889087677
3.34	0.0003115050494670868
3.35	0.0003099516034126282
3.36	0.00030851736664772034
3.37	0.00030707940459251404
3.38	0.00030574947595596313
3.39	0.00030433759093284607
3.4	0.00030289217829704285
3.41	0.0003014467656612396
3.42	0.0002998374402523041
3.43	0.0002983212471008301
3.44	0.0002969503402709961
3.45	0.00029532238841056824
3.46	0.00029392167925834656
3.47	0.0002925582230091095
3.48	0.00029103830456733704
3.49	0.0002895370125770569
3.5	0.00028816238045692444
3.51	0.00028639286756515503
3.52	0.00028522685170173645
3.53	0.00028380751609802246
3.54	0.00028233602643013
3.55	0.00028070807456970215
3.56	0.0002795569598674774
3.57	0.00027806684374809265
3.58	0.0002765730023384094
3.59	0.0002752766013145447
3.6	0.00027376413345336914
3.61	0.0002725236117839813
3.62	0.00027121976017951965
3.63	0.00026959553360939026
3.64	0.00026833266019821167
3.65	0.00026694685220718384
3.66	0.0002655424177646637
3.67	0.00026420503854751587
3.68	0.0002628415822982788
3.69	0.0002613849937915802
3.7	0.00026025623083114624
3.71	0.00025903433561325073
3.72	0.0002578459680080414
3.73	0.0002565905451774597
3.74	0.000255633145570755
3.75	0.0002543404698371887
3.76	0.00025315582752227783
3.77	0.0002519860863685608
3.78	0.00025086477398872375
3.79	0.00024939700961112976
3.8	0.00024819374084472656
3.81	0.00024688243865966797
3.82	0.00024555251002311707
3.83	0.0002444423735141754
3.84	0.0002427510917186737
3.85	0.00024171918630599976
3.86	0.00024059787392616272
3.87	0.00023930147290229797
3.88	0.00023825094103813171
3.89	0.00023712590336799622
3.9	0.0002359338104724884
3.91	0.0002348199486732483
3.92	0.0002337433397769928
3.93	0.0002326369285583496
3.94	0.00023153051733970642
3.95	0.00023046880960464478
3.96	0.00022919848561286926
3.97	0.00022808462381362915
3.98	0.0002271123230457306
3.99	0.00022604316473007202
4.0	0.00022501498460769653
4.01	0.0002240501344203949
4.02	0.0002226419746875763
4.03	0.00022159889340400696
4.04	0.000220518559217453
4.05	0.00021932274103164673
4.06	0.00021828711032867432
4.07	0.00021725520491600037
4.08	0.0002162158489227295
4.09	0.00021515041589736938
4.1	0.00021407008171081543
4.11	0.00021303817629814148
4.12	0.0002119503915309906
4.13	0.00021089985966682434
4.14	0.00020966678857803345
4.15	0.00020872801542282104
4.16	0.00020747631788253784
4.17	0.00020642951130867004
4.18	0.000205259770154953
4.19	0.00020438432693481445
4.2	0.0002031475305557251
4.21	0.00020204856991767883
4.22	0.00020125135779380798
4.23	0.00019999593496322632
4.24	0.0001990795135498047
4.25	0.0001981481909751892
4.26	0.0001969560980796814
4.27	0.000195968896150589
4.28	0.00019482523202896118
4.29	0.0001935511827468872
4.3	0.00019250065088272095
4.31	0.0001913905143737793
4.32	0.00019036978483200073
4.33	0.00018947944045066833
4.34	0.0001886710524559021
4.35	0.00018745288252830505
4.36	0.00018665194511413574
4.37	0.00018587708473205566
4.38	0.0001849532127380371
4.39	0.0001841336488723755
4.4	0.0001831650733947754
4.41	0.00018237531185150146
4.42	0.00018128752708435059
4.43	0.00018041953444480896
4.44	0.00017923489212989807
4.45	0.0001784786581993103
4.46	0.00017742440104484558
4.47	0.0001763366162776947
4.48	0.00017562881112098694
4.49	0.00017464160919189453
4.5	0.00017371028661727905
4.51	0.00017291679978370667
4.52	0.00017197802662849426
4.53	0.00017096474766731262
4.54	0.0001701563596725464
4.55	0.00016926229000091553
4.56	0.00016837939620018005
4.57	0.0001676306128501892
4.58	0.00016682222485542297
4.59	0.00016608089208602905
4.6	0.00016530975699424744
4.61	0.00016449019312858582
4.62	0.00016365200281143188
4.63	0.0001629069447517395
4.64	0.00016194581985473633
4.65	0.00016111880540847778
4.66	0.00016029179096221924
4.67	0.0001593269407749176
4.68	0.00015849247574806213
4.69	0.00015764683485031128
4.7	0.00015682727098464966
4.71	0.00015606731176376343
4.72	0.0001553259789943695
4.73	0.00015452131628990173
4.74	0.00015367195010185242
4.75	0.00015298649668693542
4.76	0.0001522563397884369
4.77	0.0001512467861175537
4.78	0.00015044212341308594
4.79	0.00014970451593399048
4.8	0.0001487135887145996
4.81	0.00014778971672058105
4.82	0.00014707446098327637
4.83	0.00014612078666687012
4.84	0.00014548003673553467
4.85	0.00014476478099822998
4.86	0.00014392659068107605
4.87	0.00014302507042884827
4.88	0.00014243647456169128
4.89	0.0001414865255355835
4.9	0.00014068186283111572
4.91	0.0001398921012878418
4.92	0.00013893470168113708
4.93	0.00013814866542816162
4.94	0.00013733282685279846
4.95	0.00013644248247146606
4.96	0.00013575702905654907
4.97	0.00013503804802894592
4.98	0.00013430416584014893
4.99	0.00013374164700508118
5.0	0.00013284757733345032
5.01	0.00013215094804763794
5.02	0.00013155490159988403
5.03	0.00013078749179840088
5.04	0.00013018399477005005
5.05	0.00012961775064468384
5.06	0.00012887269258499146
5.07	0.00012801215052604675
5.08	0.00012742355465888977
5.09	0.00012667104601860046
5.1	0.00012604519724845886
5.11	0.00012532249093055725
5.12	0.00012463703751564026
5.13	0.00012388825416564941
5.14	0.00012327730655670166
5.15	0.00012248381972312927
5.16	0.00012166425585746765
5.17	0.00012112781405448914
5.18	0.00012040883302688599
5.19	0.00011968612670898438
5.2	0.00011922046542167664
5.21	0.00011860579252243042
5.22	0.00011806190013885498
5.23	0.00011755526065826416
5.24	0.00011690333485603333
5.25	0.0001163780689239502
5.26	0.0001156926155090332
5.27	0.00011489912867546082
5.28	0.00011443719267845154
5.29	0.00011377036571502686
5.3	0.00011298805475234985
5.31	0.00011252611875534058
5.32	0.00011198967695236206
5.33	0.00011112913489341736
5.34	0.00011043623089790344
5.35	0.00010991469025611877
5.36	0.00010937824845314026
5.37	0.00010873377323150635
5.38	0.00010819360613822937
5.39	0.00010763481259346008
5.4	0.00010700896382331848
5.41	0.00010640174150466919
5.42	0.00010580196976661682
5.43	0.0001052170991897583
5.44	0.00010451674461364746
5.45	0.00010395422577857971
5.46	0.00010340660810470581
5.47	0.00010282918810844421
5.48	0.00010222569108009338
5.49	0.0001016668975353241
5.5	0.00010102614760398865
5.51	0.00010053440928459167
5.52	9.990483522415161e-05
5.53	9.939074516296387e-05
5.54	9.888410568237305e-05
5.55	9.818002581596375e-05
5.56	9.771808981895447e-05
5.57	9.718909859657288e-05
5.58	9.651109576225281e-05
5.59	9.600445628166199e-05
5.6	9.534135460853577e-05
5.61	9.469687938690186e-05
5.62	9.423866868019104e-05
5.63	9.355321526527405e-05
5.64	9.310245513916016e-05
5.65	9.274482727050781e-05
5.66	9.221211075782776e-05
5.67	9.150430560112e-05
5.68	9.113922715187073e-05
5.69	9.064003825187683e-05
5.7	9.018555283546448e-05
5.71	8.972734212875366e-05
5.72	8.914247155189514e-05
5.73	8.867308497428894e-05
5.74	8.818879723548889e-05
5.75	8.756294846534729e-05
5.76	8.70637595653534e-05
5.77	8.657574653625488e-05
5.78	8.593127131462097e-05
5.79	8.537247776985168e-05
5.8	8.502230048179626e-05
5.81	8.445978164672852e-05
5.82	8.402019739151001e-05
5.83	8.364766836166382e-05
5.84	8.312985301017761e-05
5.85	8.268281817436218e-05
5.86	8.233264088630676e-05
5.87	8.186325430870056e-05
5.88	8.148699998855591e-05
5.89	8.115917444229126e-05
5.9	8.059293031692505e-05
5.91	8.019804954528809e-05
5.92	7.97659158706665e-05
5.93	7.915869355201721e-05
5.94	7.878988981246948e-05
5.95	7.835403084754944e-05
5.96	7.77803361415863e-05
5.97	7.739663124084473e-05
5.98	7.687509059906006e-05
5.99	7.637590169906616e-05
6.0	7.595494389533997e-05
6.01	7.557496428489685e-05
6.02	7.516145706176758e-05
6.03	7.480010390281677e-05
6.04	7.426738739013672e-05
6.05	7.389113306999207e-05
6.06	7.355213165283203e-05
6.07	7.304176688194275e-05
6.08	7.263198494911194e-05
6.09	7.222592830657959e-05
6.1	7.179006934165955e-05
6.11	7.13840126991272e-05
6.12	7.095932960510254e-05
6.13	7.054582238197327e-05
6.14	7.015839219093323e-05
6.15	6.971880793571472e-05
6.16	6.926804780960083e-05
6.17	6.894394755363464e-05
6.18	6.85565173625946e-05
6.19	6.814301013946533e-05
6.2	6.78040087223053e-05
6.21	6.740540266036987e-05
6.22	6.697699427604675e-05
6.23	6.657838821411133e-05
6.24	6.609410047531128e-05
6.25	6.571784615516663e-05
6.26	6.534531712532043e-05
6.27	6.4898282289505e-05
6.28	6.459280848503113e-05
6.29	6.419047713279724e-05
6.3	6.373971700668335e-05
6.31	6.351247429847717e-05
6.32	6.296113133430481e-05
6.33	6.26780092716217e-05
6.34	6.238371133804321e-05
6.35	6.197765469551086e-05
6.36	6.172060966491699e-05
6.37	6.137043237686157e-05
6.38	6.081536412239075e-05
6.39	6.044656038284302e-05
6.4	6.0148537158966064e-05
6.41	5.969032645225525e-05
6.42	5.932897329330444e-05
6.43	5.898997187614441e-05
6.44	5.85503876209259e-05
6.45	5.8222562074661255e-05
6.46	5.79245388507843e-05
6.47	5.752593278884888e-05
6.48	5.725771188735962e-05
6.49	5.69857656955719e-05
6.5	5.663931369781494e-05
6.51	5.6453049182891846e-05
6.52	5.62518835067749e-05
6.53	5.5886805057525635e-05
6.54	5.568936467170715e-05
6.55	5.541369318962097e-05
6.56	5.492568016052246e-05
6.57	5.4717063903808594e-05
6.58	5.43743371963501e-05
6.59	5.394965410232544e-05
6.6	5.3748488426208496e-05
6.61	5.338713526725769e-05
6.62	5.295872688293457e-05
6.63	5.270913243293762e-05
6.64	5.2325427532196045e-05
6.65	5.197152495384216e-05
6.66	5.169212818145752e-05
6.67	5.14201819896698e-05
6.68	5.112215876579285e-05
6.69	5.087628960609436e-05
6.7	5.060061812400818e-05
6.71	5.0298869609832764e-05
6.72	4.996731877326965e-05
6.73	4.9579888582229614e-05
6.74	4.933774471282959e-05
6.75	4.900619387626648e-05
6.76	4.8626214265823364e-05
6.77	4.836171865463257e-05
6.78	4.810839891433716e-05
6.79	4.774332046508789e-05
6.8	4.740804433822632e-05
6.81	4.711374640464783e-05
6.82	4.6819448471069336e-05
6.83	4.659965634346008e-05
6.84	4.6294182538986206e-05
6.85	4.6059489250183105e-05
6.86	4.5783817768096924e-05
6.87	4.547089338302612e-05
6.88	4.521012306213379e-05
6.89	4.495680332183838e-05
6.9	4.453212022781372e-05
6.91	4.4345855712890625e-05
6.92	4.3995678424835205e-05
6.93	4.377588629722595e-05
6.94	4.35560941696167e-05
6.95	4.3254345655441284e-05
6.96	4.299357533454895e-05
6.97	4.279240965843201e-05
6.98	4.244968295097351e-05
6.99	4.219263792037964e-05
7.0	4.2010098695755005e-05
7.01	4.168599843978882e-05
7.02	4.1428953409194946e-05
7.03	4.119798541069031e-05
7.04	4.092976450920105e-05
7.05	4.066154360771179e-05
7.06	4.040449857711792e-05
7.07	4.011392593383789e-05
7.08	3.9886683225631714e-05
7.09	3.961101174354553e-05
7.1	3.93204391002655e-05
7.11	3.914162516593933e-05
7.12	3.892555832862854e-05
7.13	3.8661062717437744e-05
7.14	3.847852349281311e-05
7.15	3.831833600997925e-05
7.16	3.8135796785354614e-05
7.17	3.798678517341614e-05
7.18	3.7845224142074585e-05
7.19	3.75993549823761e-05
7.2	3.749877214431763e-05
7.21	3.72081995010376e-05
7.22	3.693997859954834e-05
7.23	3.674253821372986e-05
7.24	3.6519020795822144e-05
7.25	3.613904118537903e-05
7.26	3.601238131523132e-05
7.27	3.567710518836975e-05
7.28	3.539770841598511e-05
7.29	3.523007035255432e-05
7.3	3.499165177345276e-05
7.31	3.478303551673889e-05
7.32	3.463029861450195e-05
7.33	3.4421682357788086e-05
7.34	3.4261494874954224e-05
7.35	3.407523036003113e-05
7.36	3.374367952346802e-05
7.37	3.355741500854492e-05
7.38	3.3371150493621826e-05
7.39	3.302469849586487e-05
7.4	3.2864511013031006e-05
7.41	3.269314765930176e-05
7.42	3.2357871532440186e-05
7.43	3.2182782888412476e-05
7.44	3.1985342502593994e-05
7.45	3.176182508468628e-05
7.46	3.152340650558472e-05
7.47	3.131106495857239e-05
7.48	3.113597631454468e-05
7.49	3.0934810638427734e-05
7.5	3.07522714138031e-05
7.51	3.053620457649231e-05
7.52	3.038346767425537e-05
7.53	3.0156224966049194e-05
7.54	2.9977411031723022e-05
7.55	2.9806047677993774e-05
7.56	2.961978316307068e-05
7.57	2.9440969228744507e-05
7.58	2.9280781745910645e-05
7.59	2.909451723098755e-05
7.6	2.8893351554870605e-05
7.61	2.8673559427261353e-05
7.62	2.8461217880249023e-05
7.63	2.8304755687713623e-05
7.64	2.810731530189514e-05
7.65	2.798810601234436e-05
7.66	2.7842819690704346e-05
7.67	2.7664005756378174e-05
7.68	2.7488917112350464e-05
7.69	2.7351081371307373e-05
7.7	2.707168459892273e-05
7.71	2.6945024728775024e-05
7.72	2.6755034923553467e-05
7.73	2.6524066925048828e-05
7.74	2.6386231184005737e-05
7.75	2.6203691959381104e-05
7.76	2.5976449251174927e-05
7.77	2.5853514671325684e-05
7.78	2.571195363998413e-05
7.79	2.557411789894104e-05
7.8	2.5488436222076416e-05
7.81	2.5369226932525635e-05
7.82	2.5268644094467163e-05
7.83	2.5194138288497925e-05
7.84	2.510473132133484e-05
7.85	2.4925917387008667e-05
7.86	2.4784356355667114e-05
7.87	2.4624168872833252e-05
7.88	2.4333596229553223e-05
7.89	2.421066164970398e-05
7.9	2.4002045392990112e-05
7.91	2.3849308490753174e-05
7.92	2.3756176233291626e-05
7.93	2.3562461137771606e-05
7.94	2.3387372493743896e-05
7.95	2.3264437913894653e-05
7.96	2.31228768825531e-05
7.97	2.2999942302703857e-05
7.98	2.2899359464645386e-05
7.99	2.2727996110916138e-05
8.0	2.265721559524536e-05
8.01	2.2530555725097656e-05
8.02	2.230703830718994e-05
8.03	2.2176653146743774e-05
8.04	2.2001564502716064e-05
8.05	2.183765172958374e-05
8.06	2.1733343601226807e-05
8.07	2.154707908630371e-05
8.08	2.1379441022872925e-05
8.09	2.1245330572128296e-05
8.1	2.111867070198059e-05
8.11	2.0906329154968262e-05
8.12	2.0775943994522095e-05
8.13	2.065300941467285e-05
8.14	2.05114483833313e-05
8.15	2.04332172870636e-05
8.16	2.0310282707214355e-05
8.17	2.0176172256469727e-05
8.18	2.008676528930664e-05
8.19	1.9956380128860474e-05
8.2	1.977384090423584e-05
8.21	1.9647181034088135e-05
8.22	1.9509345293045044e-05
8.23	1.936778426170349e-05
8.24	1.9256025552749634e-05
8.25	1.9155442714691162e-05
8.26	1.9028782844543457e-05
8.27	1.8890947103500366e-05
8.28	1.8756836652755737e-05
8.29	1.866370439529419e-05
8.3	1.8555670976638794e-05
8.31	1.8462538719177246e-05
8.32	1.8358230590820312e-05
8.33	1.823529601097107e-05
8.34	1.8123537302017212e-05
8.35	1.7993152141571045e-05
8.36	1.784786581993103e-05
8.37	1.7736107110977173e-05
8.38	1.7587095499038696e-05
8.39	1.74790620803833e-05
8.4	1.7374753952026367e-05
8.41	1.7229467630386353e-05
8.42	1.7140060663223267e-05
8.43	1.7095357179641724e-05
8.44	1.697242259979248e-05
8.45	1.6916543245315552e-05
8.46	1.6830861568450928e-05
8.47	1.6763806343078613e-05
8.48	1.6644597053527832e-05
8.49	1.6611069440841675e-05
8.5	1.6510486602783203e-05
8.51	1.6372650861740112e-05
8.52	1.629069447517395e-05
8.53	1.6164034605026245e-05
8.54	1.601502299308777e-05
8.55	1.5910714864730835e-05
8.56	1.5780329704284668e-05
8.57	1.5679746866226196e-05
8.58	1.556798815727234e-05
8.59	1.545622944831848e-05
8.6	1.537427306175232e-05
8.61	1.529976725578308e-05
8.62	1.5221536159515381e-05
8.63	1.5169382095336914e-05
8.64	1.5098601579666138e-05
8.65	1.4994293451309204e-05
8.66	1.4919787645339966e-05
8.67	1.4837831258773804e-05
8.68	1.4688819646835327e-05
8.69	1.4588236808776855e-05
8.7	1.4502555131912231e-05
8.71	1.4331191778182983e-05
8.72	1.4230608940124512e-05
8.73	1.4156103134155273e-05
8.74	1.3999640941619873e-05
8.75	1.389533281326294e-05
8.76	1.381710171699524e-05
8.77	1.3723969459533691e-05
8.78	1.3649463653564453e-05
8.79	1.3574957847595215e-05
8.8	1.3474375009536743e-05
8.81	1.3384968042373657e-05
8.82	1.3284385204315186e-05
8.83	1.3183802366256714e-05
8.84	1.309812068939209e-05
8.85	1.2990087270736694e-05
8.86	1.2900680303573608e-05
8.87	1.282617449760437e-05
8.88	1.2706965208053589e-05
8.89	1.2595206499099731e-05
8.9	1.2550503015518188e-05
8.91	1.2435019016265869e-05
8.92	1.233816146850586e-05
8.93	1.2245029211044312e-05
8.94	1.2189149856567383e-05
8.95	1.2099742889404297e-05
8.96	1.2043863534927368e-05
8.97	1.1961907148361206e-05
8.98	1.1906027793884277e-05
8.99	1.1820346117019653e-05
9.0	1.1727213859558105e-05
9.01	1.163780689239502e-05
9.02	1.1570751667022705e-05
9.03	1.1496245861053467e-05
9.04	1.1406838893890381e-05
9.05	1.1354684829711914e-05
9.06	1.1265277862548828e-05
9.07	1.1198222637176514e-05
9.08	1.1119991540908813e-05
9.09	1.1049211025238037e-05
9.1	1.1011958122253418e-05
9.11	1.0959804058074951e-05
9.12	1.0915100574493408e-05
9.13	1.0862946510314941e-05
9.14	1.0795891284942627e-05
9.15	1.0732561349868774e-05
9.16	1.066550612449646e-05
9.17	1.0576099157333374e-05
9.18	1.0468065738677979e-05
9.19	1.0378658771514893e-05
9.2	1.0281801223754883e-05
9.21	1.0188668966293335e-05
9.22	1.0117888450622559e-05
9.23	1.0065734386444092e-05
9.24	1.000240445137024e-05
9.25	9.927898645401001e-06
9.26	9.864568710327148e-06
9.27	9.819865226745605e-06
9.28	9.778887033462524e-06
9.29	9.745359420776367e-06
9.3	9.708106517791748e-06
9.31	9.622424840927124e-06
9.32	9.562820196151733e-06
9.33	9.514391422271729e-06
9.34	9.39890742301941e-06
9.35	9.328126907348633e-06
9.36	9.24617052078247e-06
9.37	9.160488843917847e-06
9.38	9.123235940933228e-06
9.39	9.026378393173218e-06
9.4	8.959323167800903e-06
9.41	8.899718523025513e-06
9.42	8.85501503944397e-06
9.43	8.784234523773193e-06
9.44	8.728355169296265e-06
9.45	8.672475814819336e-06
9.46	8.624047040939331e-06
9.47	8.597970008850098e-06
9.48	8.545815944671631e-06
9.49	8.448958396911621e-06
9.5	8.411705493927002e-06
9.51	8.314847946166992e-06
9.52	8.229166269302368e-06
9.53	8.162111043930054e-06
9.54	8.102506399154663e-06
9.55	7.994472980499268e-06
9.56	7.953494787216187e-06
9.57	7.908791303634644e-06
9.58	7.815659046173096e-06
9.59	7.774680852890015e-06
9.6	7.737427949905396e-06
9.61	7.68899917602539e-06
9.62	7.659196853637695e-06
9.63	7.603317499160767e-06
9.64	7.5660645961761475e-06
9.65	7.499009370803833e-06
9.66	7.443130016326904e-06
9.67	7.394701242446899e-06
9.68	7.3462724685668945e-06
9.69	7.256865501403809e-06
9.7	7.2158873081207275e-06
9.71	7.160007953643799e-06
9.72	7.12275505065918e-06
9.73	7.066875696182251e-06
9.74	7.051974534988403e-06
9.75	7.02589750289917e-06
9.76	6.988644599914551e-06
9.77	6.962567567825317e-06
9.78	6.910413503646851e-06
9.79	6.865710020065308e-06
9.8	6.8247318267822266e-06
9.81	6.761401891708374e-06
9.82	6.690621376037598e-06
9.83	6.642192602157593e-06
9.84	6.545335054397583e-06
9.85	6.50063157081604e-06
9.86	6.4373016357421875e-06
9.87	6.377696990966797e-06
9.88	6.34416937828064e-06
9.89	6.3069164752960205e-06
9.9	6.2622129917144775e-06
9.91	6.239861249923706e-06
9.92	6.213784217834473e-06
9.93	6.195157766342163e-06
9.94	6.157904863357544e-06
9.95	6.143003702163696e-06
9.96	6.0908496379852295e-06
9.97	6.042420864105225e-06
9.98	6.0051679611206055e-06
9.99	5.953013896942139e-06
10.0	5.904585123062134e-06
10.01	5.856156349182129e-06
10.02	5.777925252914429e-06
10.03	5.736947059631348e-06
10.04	5.673617124557495e-06
10.05	5.6438148021698e-06
10.06	5.595386028289795e-06
10.07	5.561858415603638e-06
10.08	5.543231964111328e-06
10.09	5.5246055126190186e-06
10.1	5.494803190231323e-06
10.11	5.476176738739014e-06
10.12	5.420297384262085e-06
10.13	5.3979456424713135e-06
10.14	5.349516868591309e-06
10.15	5.29363751411438e-06
10.16	5.241483449935913e-06
10.17	5.189329385757446e-06
10.18	5.11854887008667e-06
10.19	5.081295967102051e-06
10.2	5.014240741729736e-06
10.21	4.969537258148193e-06
10.22	4.947185516357422e-06
10.23	4.891306161880493e-06
10.24	4.868954420089722e-06
10.25	4.850327968597412e-06
10.26	4.824250936508179e-06
10.27	4.7869980335235596e-06
10.28	4.775822162628174e-06
10.29	4.697591066360474e-06
10.3	4.67151403427124e-06
10.31	4.630535840988159e-06
10.32	4.578381776809692e-06
10.33	4.537403583526611e-06
10.34	4.526227712631226e-06
10.35	4.481524229049683e-06
10.36	4.4442713260650635e-06
10.37	4.43682074546814e-06
10.38	4.410743713378906e-06
10.39	4.392117261886597e-06
10.4	4.3585896492004395e-06
10.41	4.33996319770813e-06
10.42	4.325062036514282e-06
10.43	4.291534423828125e-06
10.44	4.246830940246582e-06
10.45	4.217028617858887e-06
10.46	4.179775714874268e-06
10.47	4.131346940994263e-06
10.48	4.090368747711182e-06
10.49	4.049390554428101e-06
10.5	3.98978590965271e-06
10.51	3.974884748458862e-06
10.52	3.945082426071167e-06
10.53	3.8929283618927e-06
10.54	3.8780272006988525e-06
10.55	3.863126039505005e-06
10.56	3.829598426818848e-06
10.57	3.810971975326538e-06
10.58	3.7960708141326904e-06
10.59	3.777444362640381e-06
10.6	3.7588179111480713e-06
10.61	3.7401914596557617e-06
10.62	3.721565008163452e-06
10.63	3.6731362342834473e-06
10.64	3.635883331298828e-06
10.65	3.606081008911133e-06
10.66	3.557652235031128e-06
10.67	3.4868717193603516e-06
10.68	3.468245267868042e-06
10.69	3.4347176551818848e-06
10.7	3.3974647521972656e-06
10.71	3.382563591003418e-06
10.72	3.3713877201080322e-06
10.73	3.3490359783172607e-06
10.74	3.330409526824951e-06
10.75	3.3192336559295654e-06
10.76	3.300607204437256e-06
10.77	3.285706043243408e-06
10.78	3.248453140258789e-06
10.79	3.2261013984680176e-06
10.8	3.1962990760803223e-06
10.81	3.1515955924987793e-06
10.82	3.1329691410064697e-06
10.83	3.080815076828003e-06
10.84	3.028661012649536e-06
10.85	2.998858690261841e-06
10.86	2.9690563678741455e-06
10.87	2.9355287551879883e-06
10.88	2.9169023036956787e-06
10.89	2.8945505619049072e-06
10.9	2.86102294921875e-06
10.91	2.853572368621826e-06
10.92	2.816319465637207e-06
10.93	2.7976930141448975e-06
10.94	2.78279185295105e-06
10.95	2.734363079071045e-06
10.96	2.726912498474121e-06
10.97	2.7082860469818115e-06
10.98	2.682209014892578e-06
10.99	2.678483724594116e-06
11.0	2.648681402206421e-06
11.01	2.60770320892334e-06
11.02	2.603977918624878e-06
11.03	2.5741755962371826e-06
11.04	2.562999725341797e-06
11.05	2.5480985641479492e-06
11.06	2.5443732738494873e-06
11.07	2.5033950805664062e-06
11.08	2.4996697902679443e-06
11.09	2.469867467880249e-06
11.1	2.4437904357910156e-06
11.11	2.428889274597168e-06
11.12	2.4177134037017822e-06
11.13	2.376735210418701e-06
11.14	2.3692846298217773e-06
11.15	2.33575701713562e-06
11.16	2.291053533554077e-06
11.17	2.2873282432556152e-06
11.18	2.2649765014648438e-06
11.19	2.2388994693756104e-06
11.2	2.2314488887786865e-06
11.21	2.2239983081817627e-06
11.22	2.216547727584839e-06
11.23	2.205371856689453e-06
11.24	2.1904706954956055e-06
11.25	2.1792948246002197e-06
11.26	2.164393663406372e-06
11.27	2.127140760421753e-06
11.28	2.1010637283325195e-06
11.29	2.078711986541748e-06
11.3	2.037733793258667e-06
11.31	2.0191073417663574e-06
11.32	2.0042061805725098e-06
11.33	1.9669532775878906e-06
11.34	1.9334256649017334e-06
11.35	1.9222497940063477e-06
11.36	1.8998980522155762e-06
11.37	1.8849968910217285e-06
11.38	1.8812716007232666e-06
11.39	1.8738210201263428e-06
11.4	1.8700957298278809e-06
11.41	1.8514692783355713e-06
11.42	1.8477439880371094e-06
11.43	1.8440186977386475e-06
11.44	1.7993152141571045e-06
11.45	1.7993152141571045e-06
11.46	1.7695128917694092e-06
11.47	1.7508864402770996e-06
11.48	1.7173588275909424e-06
11.49	1.695007085800171e-06
11.5	1.6652047634124756e-06
11.51	1.6577541828155518e-06
11.52	1.642853021621704e-06
11.53	1.6242265701293945e-06
11.54	1.6205012798309326e-06
11.55	1.601874828338623e-06
11.56	1.5944242477416992e-06
11.57	1.5944242477416992e-06
11.58	1.5720725059509277e-06
11.59	1.5720725059509277e-06
11.6	1.5534460544586182e-06
11.61	1.519918441772461e-06
11.62	1.5124678611755371e-06
11.63	1.4901161193847656e-06
11.64	1.4640390872955322e-06
11.65	1.4603137969970703e-06
11.66	1.4491379261016846e-06
11.67	1.4118850231170654e-06
11.68	1.4081597328186035e-06
11.69	1.4007091522216797e-06
11.7	1.389533281326294e-06
11.71	1.385807991027832e-06
11.72	1.3671815395355225e-06
11.73	1.3634562492370605e-06
11.74	1.3522803783416748e-06
11.75	1.3373792171478271e-06
11.76	1.3075768947601318e-06
11.77	1.30385160446167e-06
11.78	1.2814998626708984e-06
11.79	1.255422830581665e-06
11.8	1.2516975402832031e-06
11.81	1.2405216693878174e-06
11.82	1.2256205081939697e-06
11.83	1.2218952178955078e-06
11.84	1.214444637298584e-06
11.85	1.2069940567016602e-06
11.86	1.2069940567016602e-06
11.87	1.2032687664031982e-06
11.88	1.1995434761047363e-06
11.89	1.1958181858062744e-06
11.9	1.1771917343139648e-06
11.91	1.166015863418579e-06
11.92	1.1622905731201172e-06
11.93	1.12876296043396e-06
11.94	1.1138617992401123e-06
11.95	1.1064112186431885e-06
11.96	1.0691583156585693e-06
11.97	1.0654330253601074e-06
11.98	1.0356307029724121e-06
11.99	1.0170042514801025e-06
12.0	1.0132789611816406e-06
12.01	1.0058283805847168e-06
12.02	9.98377799987793e-07
12.03	9.98377799987793e-07
12.04	9.98377799987793e-07
12.05	9.872019290924072e-07
12.06	9.834766387939453e-07
12.07	9.797513484954834e-07
12.08	9.611248970031738e-07
12.09	9.5367431640625e-07
12.1	9.387731552124023e-07
12.11	9.275972843170166e-07
12.12	9.238719940185547e-07
12.13	8.977949619293213e-07
12.14	8.903443813323975e-07
12.15	8.791685104370117e-07
12.16	8.642673492431641e-07
12.17	8.605420589447021e-07
12.18	8.530914783477783e-07
12.19	8.493661880493164e-07
12.2	8.456408977508545e-07
12.21	8.344650268554688e-07
12.22	8.344650268554688e-07
12.23	8.344650268554688e-07
12.24	8.046627044677734e-07
12.25	8.046627044677734e-07
12.26	7.934868335723877e-07
12.27	7.7858567237854e-07
12.28	7.7858567237854e-07
12.29	7.711350917816162e-07
12.3	7.525086402893066e-07
12.31	7.525086402893066e-07
12.32	7.264316082000732e-07
12.33	7.227063179016113e-07
12.34	7.227063179016113e-07
12.35	7.040798664093018e-07
12.36	7.040798664093018e-07
12.37	7.040798664093018e-07
12.38	6.817281246185303e-07
12.39	6.705522537231445e-07
12.4	6.705522537231445e-07
12.41	6.593763828277588e-07
12.42	6.444752216339111e-07
12.43	6.444752216339111e-07
12.44	6.370246410369873e-07
12.45	6.332993507385254e-07
12.46	6.332993507385254e-07
12.47	6.258487701416016e-07
12.48	6.183981895446777e-07
12.49	6.183981895446777e-07
12.5	6.183981895446777e-07
12.51	6.109476089477539e-07
12.52	6.109476089477539e-07
12.53	6.109476089477539e-07
12.54	6.109476089477539e-07
12.55	6.07222318649292e-07
12.56	5.960464477539062e-07
12.57	5.848705768585205e-07
12.58	5.736947059631348e-07
12.59	5.513429641723633e-07
12.6	5.513429641723633e-07
12.61	5.364418029785156e-07
12.62	5.21540641784668e-07
12.63	5.21540641784668e-07
12.64	5.178153514862061e-07
12.65	4.954636096954346e-07
12.66	4.917383193969727e-07
12.67	4.880130290985107e-07
12.68	4.880130290985107e-07
12.69	4.842877388000488e-07
12.7	4.842877388000488e-07
12.71	4.76837158203125e-07
12.72	4.76837158203125e-07
12.73	4.6193599700927734e-07
12.74	4.5821070671081543e-07
12.75	4.507601261138916e-07
12.76	4.3585896492004395e-07
12.77	4.3213367462158203e-07
12.78	4.284083843231201e-07
12.79	4.1350722312927246e-07
12.8	4.0978193283081055e-07
12.81	4.0605664253234863e-07
12.82	3.986060619354248e-07
12.83	3.986060619354248e-07
12.84	3.986060619354248e-07
12.85	3.948807716369629e-07
12.86	3.948807716369629e-07
12.87	3.91155481338501e-07
12.88	3.91155481338501e-07
12.89	3.91155481338501e-07
12.9	3.7997961044311523e-07
12.91	3.7997961044311523e-07
12.92	3.725290298461914e-07
12.93	3.650784492492676e-07
12.94	3.650784492492676e-07
12.95	3.501772880554199e-07
12.96	3.46451997756958e-07
12.97	3.46451997756958e-07
12.98	3.390014171600342e-07
12.99	3.241002559661865e-07
13.0	3.241002559661865e-07
13.01	3.203749656677246e-07
13.02	3.0919909477233887e-07
13.03	3.0919909477233887e-07
13.04	3.0174851417541504e-07
13.05	3.0174851417541504e-07
13.06	3.0174851417541504e-07
13.07	2.942979335784912e-07
13.08	2.905726432800293e-07
13.09	2.905726432800293e-07
13.1	2.868473529815674e-07
13.11	2.8312206268310547e-07
13.12	2.8312206268310547e-07
13.13	2.8312206268310547e-07
13.14	2.7939677238464355e-07
13.15	2.7939677238464355e-07
13.16	2.7939677238464355e-07
13.17	2.7939677238464355e-07
13.18	2.7939677238464355e-07
13.19	2.7939677238464355e-07
13.2	2.7939677238464355e-07
13.21	2.7939677238464355e-07
13.22	2.644956111907959e-07
13.23	2.60770320892334e-07
13.24	2.5704503059387207e-07
13.25	2.384185791015625e-07
13.26	2.384185791015625e-07
13.27	2.3469328880310059e-07
13.28	2.1979212760925293e-07
13.29	2.1606683731079102e-07
13.3	2.086162567138672e-07
13.31	2.086162567138672e-07
13.32	2.086162567138672e-07
13.33	2.086162567138672e-07
13.34	2.086162567138672e-07
13.35	2.086162567138672e-07
13.36	1.9744038581848145e-07
13.37	1.9744038581848145e-07
13.38	1.9744038581848145e-07
13.39	1.862645149230957e-07
13.4	1.7881393432617188e-07
13.41	1.7881393432617188e-07
13.42	1.6763806343078613e-07
13.43	1.6391277313232422e-07
13.44	1.601874828338623e-07
13.45	1.564621925354004e-07
13.46	1.564621925354004e-07
13.47	1.564621925354004e-07
13.48	1.5273690223693848e-07
13.49	1.5273690223693848e-07
13.5	1.5273690223693848e-07
13.51	1.5273690223693848e-07
13.52	1.5273690223693848e-07
13.53	1.5273690223693848e-07
13.54	1.5273690223693848e-07
13.55	1.4901161193847656e-07
13.56	1.4528632164001465e-07
13.57	1.4528632164001465e-07
13.58	1.4528632164001465e-07
13.59	1.4156103134155273e-07
13.6	1.4156103134155273e-07
13.61	1.4156103134155273e-07
13.62	1.2665987014770508e-07
13.63	1.2665987014770508e-07
13.64	1.1920928955078125e-07
13.65	1.1920928955078125e-07
13.66	1.1920928955078125e-07
13.67	1.1548399925231934e-07
13.68	1.1548399925231934e-07
13.69	1.1548399925231934e-07
13.7	1.0803341865539551e-07
13.71	1.0803341865539551e-07
13.72	1.0803341865539551e-07
13.73	1.0803341865539551e-07
13.74	1.043081283569336e-07
13.75	1.043081283569336e-07
13.76	1.043081283569336e-07
13.77	1.043081283569336e-07
13.78	1.043081283569336e-07
13.79	1.043081283569336e-07
13.8	1.043081283569336e-07
13.81	1.043081283569336e-07
13.82	1.043081283569336e-07
13.83	1.043081283569336e-07
13.84	1.043081283569336e-07
13.85	1.043081283569336e-07
13.86	1.043081283569336e-07
13.87	1.043081283569336e-07
13.88	8.940696716308594e-08
13.89	8.940696716308594e-08
13.9	8.568167686462402e-08
13.91	8.195638656616211e-08
13.92	8.195638656616211e-08
13.93	7.82310962677002e-08
13.94	7.82310962677002e-08
13.95	7.82310962677002e-08
13.96	7.450580596923828e-08
13.97	7.450580596923828e-08
13.98	7.450580596923828e-08
13.99	7.450580596923828e-08
14.0	7.450580596923828e-08
14.01	7.450580596923828e-08
14.02	7.450580596923828e-08
14.03	6.332993507385254e-08
14.04	6.332993507385254e-08
14.05	5.587935447692871e-08
14.06	5.587935447692871e-08
14.07	5.587935447692871e-08
14.08	5.21540641784668e-08
14.09	5.21540641784668e-08
14.1	5.21540641784668e-08
14.11	4.842877388000488e-08
14.12	4.842877388000488e-08
14.13	4.842877388000488e-08
14.14	4.842877388000488e-08
14.15	4.842877388000488e-08
14.16	4.842877388000488e-08
14.17	4.842877388000488e-08
14.18	4.842877388000488e-08
14.19	4.842877388000488e-08
14.2	4.842877388000488e-08
14.21	4.842877388000488e-08
14.22	4.470348358154297e-08
14.23	4.470348358154297e-08
14.24	4.470348358154297e-08
14.25	4.470348358154297e-08
14.26	4.470348358154297e-08
14.27	4.0978193283081055e-08
14.28	4.0978193283081055e-08
14.29	4.0978193283081055e-08
14.3	3.725290298461914e-08
14.31	3.725290298461914e-08
14.32	3.725290298461914e-08
14.33	3.3527612686157227e-08
14.34	3.3527612686157227e-08
14.35	3.3527612686157227e-08
14.36	3.3527612686157227e-08
14.37	3.3527612686157227e-08
14.38	3.3527612686157227e-08
14.39	3.3527612686157227e-08
14.4	3.3527612686157227e-08
14.41	3.3527612686157227e-08
14.42	3.3527612686157227e-08
14.43	3.3527612686157227e-08
14.44	3.3527612686157227e-08
14.45	3.3527612686157227e-08
14.46	3.3527612686157227e-08
14.47	3.3527612686157227e-08
14.48	3.3527612686157227e-08
14.49	3.3527612686157227e-08
14.5	3.3527612686157227e-08
14.51	3.3527612686157227e-08
14.52	3.3527612686157227e-08
14.53	2.9802322387695312e-08
14.54	2.9802322387695312e-08
14.55	2.9802322387695312e-08
14.56	2.9802322387695312e-08
14.57	2.60770320892334e-08
14.58	2.60770320892334e-08
14.59	2.60770320892334e-08
14.6	2.2351741790771484e-08
14.61	2.2351741790771484e-08
14.62	2.2351741790771484e-08
14.63	2.2351741790771484e-08
14.64	2.2351741790771484e-08
14.65	2.2351741790771484e-08
14.66	2.2351741790771484e-08
14.67	2.2351741790771484e-08
14.68	1.862645149230957e-08
14.69	1.862645149230957e-08
14.7	1.862645149230957e-08
14.71	1.4901161193847656e-08
14.72	1.4901161193847656e-08
14.73	1.4901161193847656e-08
14.74	1.1175870895385742e-08
14.75	1.1175870895385742e-08
14.76	1.1175870895385742e-08
14.77	1.1175870895385742e-08
14.78	1.1175870895385742e-08
14.79	1.1175870895385742e-08
14.8	1.1175870895385742e-08
14.81	1.1175870895385742e-08
14.82	1.1175870895385742e-08
14.83	1.1175870895385742e-08
14.84	1.1175870895385742e-08
14.85	1.1175870895385742e-08
14.86	1.1175870895385742e-08
14.87	1.1175870895385742e-08
14.88	1.1175870895385742e-08
14.89	1.1175870895385742e-08
14.9	1.1175870895385742e-08
14.91	1.1175870895385742e-08
14.92	1.1175870895385742e-08
14.93	1.1175870895385742e-08
14.94	7.450580596923828e-09
14.95	7.450580596923828e-09
14.96	7.450580596923828e-09
14.97	7.450580596923828e-09
14.98	7.450580596923828e-09
14.99	7.450580596923828e-09
15.0	7.450580596923828e-09
15.01	7.450580596923828e-09
15.02	7.450580596923828e-09
15.03	7.450580596923828e-09
15.04	7.450580596923828e-09
15.05	7.450580596923828e-09
15.06	7.450580596923828e-09
15.07	7.450580596923828e-09
15.08	7.450580596923828e-09
15.09	7.450580596923828e-09
15.1	7.450580596923828e-09
15.11	7.450580596923828e-09
15.12	7.450580596923828e-09
15.13	7.450580596923828e-09
15.14	7.450580596923828e-09
15.15	7.450580596923828e-09
15.16	7.450580596923828e-09
15.17	7.450580596923828e-09
15.18	7.450580596923828e-09
15.19	7.450580596923828e-09
15.2	3.725290298461914e-09
15.21	3.725290298461914e-09
15.22	3.725290298461914e-09
15.23	3.725290298461914e-09
15.24	3.725290298461914e-09
15.25	3.725290298461914e-09
15.26	3.725290298461914e-09
15.27	3.725290298461914e-09
15.28	3.725290298461914e-09
15.29	3.725290298461914e-09
15.3	3.725290298461914e-09
15.31	3.725290298461914e-09
15.32	3.725290298461914e-09
15.33	3.725290298461914e-09
15.34	0.0
