4.28	0.0005005598068237305
4.29	0.0004966259002685547
4.3	0.0004938244819641113
4.31	0.0004900693893432617
4.32	0.0004875659942626953
4.33	0.00048416852951049805
4.34	0.00048166513442993164
4.35	0.00047665834426879883
4.36	0.0004723072052001953
4.37	0.00047016143798828125
4.38	0.0004668235778808594
4.39	0.0004620552062988281
4.4	0.00046068429946899414
4.41	0.00045567750930786133
4.42	0.000452578067779541
4.43	0.0004509091377258301
4.44	0.0004500150680541992
4.45	0.0004464387893676758
4.46	0.0004445314407348633
4.47	0.0004425048828125
4.48	0.00043970346450805664
4.49	0.0004366636276245117
4.5	0.00043570995330810547
4.51	0.0004328489303588867
4.52	0.000431060791015625
4.53	0.0004291534423828125
4.54	0.00042617321014404297
4.55	0.00042372941970825195
4.56	0.00042051076889038086
4.57	0.0004178285598754883
4.58	0.0004132986068725586
4.59	0.00041157007217407227
4.6	0.00040799379348754883
4.61	0.000405728816986084
4.62	0.0004024505615234375
4.63	0.00039952993392944336
4.64	0.0003952980041503906
4.65	0.0003917813301086426
4.66	0.00038927793502807617
4.67	0.00038570165634155273
4.68	0.0003827810287475586
4.69	0.00037980079650878906
4.7	0.0003770589828491211
4.71	0.00037384033203125
4.72	0.00037229061126708984
4.73	0.0003713369369506836
4.74	0.00037026405334472656
4.75	0.00036787986755371094
4.76	0.0003669261932373047
4.77	0.00036448240280151367
4.78	0.00036340951919555664
4.79	0.00036203861236572266
4.8	0.0003603696823120117
4.81	0.00035768747329711914
4.82	0.0003566741943359375
4.83	0.00035512447357177734
4.84	0.00035184621810913086
4.85	0.0003491640090942383
4.86	0.00034672021865844727
4.87	0.0003414154052734375
4.88	0.00033915042877197266
4.89	0.0003370046615600586
4.9	0.0003342628479003906
4.91	0.0003293156623840332
4.92	0.0003266334533691406
4.93	0.0003237128257751465
4.94	0.0003203153610229492
4.95	0.00031888484954833984
4.96	0.0003166794776916504
4.97	0.0003140568733215332
4.98	0.00031173229217529297
4.99	0.0003101825714111328
5.0	0.00030875205993652344
5.01	0.00030803680419921875
5.02	0.00030744075775146484
5.03	0.00030618906021118164
5.04	0.00030475854873657227
5.05	0.00030434131622314453
5.06	0.0003018379211425781
5.07	0.0003008842468261719
5.08	0.000299990177154541
5.09	0.0002982020378112793
5.1	0.00029730796813964844
5.11	0.0002964138984680176
5.12	0.00029474496841430664
5.13	0.00029277801513671875
5.14	0.00029009580612182617
5.15	0.00028824806213378906
5.16	0.0002853274345397949
5.17	0.0002822279930114746
5.18	0.00028020143508911133
5.19	0.00027829408645629883
5.2	0.00027489662170410156
5.21	0.00027126073837280273
5.22	0.00027048587799072266
5.23	0.0002663135528564453
5.24	0.0002655982971191406
5.25	0.00026351213455200195
5.26	0.0002620816230773926
5.27	0.0002598762512207031
5.28	0.0002588629722595215
5.29	0.00025790929794311523
5.3	0.00025731325149536133
5.31	0.0002560615539550781
5.32	0.000255584716796875
5.33	0.00025349855422973633
5.34	0.000253140926361084
5.35	0.0002516508102416992
5.36	0.000250399112701416
5.37	0.00024962425231933594
5.38	0.00024878978729248047
5.39	0.00024700164794921875
5.4	0.00024628639221191406
5.41	0.00024515390396118164
5.42	0.00024241209030151367
5.43	0.00024116039276123047
5.44	0.00024014711380004883
5.45	0.0002377629280090332
5.46	0.00023573637008666992
5.47	0.00023502111434936523
5.48	0.0002334117889404297
5.49	0.00023114681243896484
5.5	0.00022870302200317383
5.51	0.00022798776626586914
5.52	0.00022667646408081055
5.53	0.00022464990615844727
5.54	0.00022339820861816406
5.55	0.00022268295288085938
5.56	0.0002213120460510254
5.57	0.00022083520889282227
5.58	0.00022035837173461914
5.59	0.0002192854881286621
5.6	0.00021898746490478516
5.61	0.00021702051162719727
5.62	0.00021648406982421875
5.63	0.00021594762802124023
5.64	0.00021404027938842773
5.65	0.00021201372146606445
5.66	0.0002111196517944336
5.67	0.00021016597747802734
5.68	0.00020873546600341797
5.69	0.0002072453498840332
5.7	0.00020694732666015625
5.71	0.00020366907119750977
5.72	0.00020116567611694336
5.73	0.00020003318786621094
5.74	0.00019925832748413086
5.75	0.00019675493240356445
5.76	0.00019603967666625977
5.77	0.00019502639770507812
5.78	0.0001927018165588379
5.79	0.00019210577011108398
5.8	0.00019174814224243164
5.81	0.00019055604934692383
5.82	0.00018924474716186523
5.83	0.0001888275146484375
5.84	0.00018829107284545898
5.85	0.00018709897994995117
5.86	0.00018656253814697266
5.87	0.00018465518951416016
5.88	0.00018423795700073242
5.89	0.00018298625946044922
5.9	0.0001812577247619629
5.91	0.00018042325973510742
5.92	0.0001798868179321289
5.93	0.00017917156219482422
5.94	0.00017601251602172852
5.95	0.00017470121383666992
5.96	0.00017434358596801758
5.97	0.00017201900482177734
5.98	0.00017148256301879883
5.99	0.0001709461212158203
6.0	0.00016891956329345703
6.01	0.0001666545867919922
6.02	0.00016564130783081055
6.03	0.00016516447067260742
6.04	0.00016379356384277344
6.05	0.00016325712203979492
6.06	0.00016289949417114258
6.07	0.00016188621520996094
6.08	0.00015968084335327148
6.09	0.00015920400619506836
6.1	0.0001589655876159668
6.11	0.0001576542854309082
6.12	0.0001569986343383789
6.13	0.00015658140182495117
6.14	0.00015538930892944336
6.15	0.00015497207641601562
6.16	0.00015360116958618164
6.17	0.00015228986740112305
6.18	0.0001519322395324707
6.19	0.00015079975128173828
6.2	0.00014930963516235352
6.21	0.00014859437942504883
6.22	0.00014728307723999023
6.23	0.00014406442642211914
6.24	0.00014317035675048828
6.25	0.00014263391494750977
6.26	0.00014090538024902344
6.27	0.0001391768455505371
6.28	0.0001386404037475586
6.29	0.0001379251480102539
6.3	0.00013500452041625977
6.31	0.00013446807861328125
6.32	0.00013428926467895508
6.33	0.00013297796249389648
6.34	0.00013256072998046875
6.35	0.00013250112533569336
6.36	0.00013214349746704102
6.37	0.00013190507888793945
6.38	0.00013142824172973633
6.39	0.00013113021850585938
6.4	0.00013065338134765625
6.41	0.00013011693954467773
6.42	0.0001296401023864746
6.43	0.00012934207916259766
6.44	0.0001289844512939453
6.45	0.0001277327537536621
6.46	0.00012701749801635742
6.47	0.00012636184692382812
6.48	0.00012487173080444336
6.49	0.00012421607971191406
6.5	0.0001227259635925293
6.51	0.00012236833572387695
6.52	0.0001195669174194336
6.53	0.00011813640594482422
6.54	0.0001176595687866211
6.55	0.00011646747589111328
6.56	0.00011456012725830078
6.57	0.00011390447616577148
6.58	0.00011289119720458984
6.59	0.00011140108108520508
6.6	0.00011086463928222656
6.61	0.00011068582534790039
6.62	0.00010979175567626953
6.63	0.0001093745231628418
6.64	0.00010925531387329102
6.65	0.00010907649993896484
6.66	0.00010877847671508789
6.67	0.00010848045349121094
6.68	0.00010836124420166016
6.69	0.00010710954666137695
6.7	0.00010663270950317383
6.71	0.00010645389556884766
6.72	0.00010603666305541992
6.73	0.00010573863983154297
6.74	0.00010544061660766602
6.75	0.00010389089584350586
6.76	0.00010335445404052734
6.77	0.00010275840759277344
6.78	0.0001010894775390625
6.79	0.00010055303573608398
6.8	0.00010019540786743164
6.81	9.900331497192383e-05
6.82	9.79304313659668e-05
6.83	9.763240814208984e-05
6.84	9.644031524658203e-05
6.85	9.512901306152344e-05
6.86	9.381771087646484e-05
6.87	9.363889694213867e-05
6.88	9.244680404663086e-05
6.89	9.226799011230469e-05
6.9	9.196996688842773e-05
6.91	9.185075759887695e-05
6.92	9.08970832824707e-05
6.93	9.071826934814453e-05
6.94	9.053945541381836e-05
6.95	9.02414321899414e-05
6.96	8.994340896606445e-05
6.97	8.893013000488281e-05
6.98	8.83936882019043e-05
6.99	8.83340835571289e-05
7.0	8.797645568847656e-05
7.01	8.779764175415039e-05
7.02	8.744001388549805e-05
7.03	8.71419906616211e-05
7.04	8.58306884765625e-05
7.05	8.45789909362793e-05
7.06	8.416175842285156e-05
7.07	8.344650268554688e-05
7.08	8.219480514526367e-05
7.09	8.183717727661133e-05
7.1	8.14199447631836e-05
7.11	8.040666580200195e-05
7.12	7.987022399902344e-05
7.13	7.969141006469727e-05
7.14	7.766485214233398e-05
7.15	7.718801498413086e-05
7.16	7.69495964050293e-05
7.17	7.683038711547852e-05
7.18	7.659196853637695e-05
7.19	7.647275924682617e-05
7.2	7.611513137817383e-05
7.21	7.510185241699219e-05
7.22	7.492303848266602e-05
7.23	7.408857345581055e-05
7.24	7.361173629760742e-05
7.25	7.325410842895508e-05
7.26	7.224082946777344e-05
7.27	7.164478302001953e-05
7.28	7.128715515136719e-05
7.29	7.098913192749023e-05
7.3	6.99758529663086e-05
7.31	6.949901580810547e-05
7.32	6.920099258422852e-05
7.33	6.717443466186523e-05
7.34	6.651878356933594e-05
7.35	6.622076034545898e-05
7.36	6.556510925292969e-05
7.37	6.526708602905273e-05
7.38	6.490945816040039e-05
7.39	6.467103958129883e-05
7.4	6.35981559753418e-05
7.41	6.330013275146484e-05
7.42	6.330013275146484e-05
7.43	6.282329559326172e-05
7.44	6.16908073425293e-05
7.45	6.133317947387695e-05
7.46	6.115436553955078e-05
7.47	6.109476089477539e-05
7.48	6.0617923736572266e-05
7.49	6.0439109802246094e-05
7.5	5.936622619628906e-05
7.51	5.918741226196289e-05
7.52	5.799531936645508e-05
7.53	5.7697296142578125e-05
7.54	5.745887756347656e-05
7.55	5.692243576049805e-05
7.56	5.644559860229492e-05
7.57	5.608797073364258e-05
7.58	5.513429641723633e-05
7.59	5.40614128112793e-05
7.6	5.346536636352539e-05
7.61	5.310773849487305e-05
7.62	5.2094459533691406e-05
7.63	5.143880844116211e-05
7.64	5.120038986206055e-05
7.65	5.0902366638183594e-05
7.66	4.982948303222656e-05
7.67	4.947185516357422e-05
7.68	4.941225051879883e-05
7.69	4.851818084716797e-05
7.7	4.8160552978515625e-05
7.71	4.792213439941406e-05
7.72	4.756450653076172e-05
7.73	4.7087669372558594e-05
7.74	4.696846008300781e-05
7.75	4.678964614868164e-05
7.76	4.667043685913086e-05
7.77	4.6372413635253906e-05
7.78	4.607439041137695e-05
7.79	4.57763671875e-05
7.8	4.5299530029296875e-05
7.81	4.4286251068115234e-05
7.82	4.380941390991211e-05
7.83	4.3451786041259766e-05
7.84	4.297494888305664e-05
7.85	4.2498111724853516e-05
7.86	4.214048385620117e-05
7.87	4.202127456665039e-05
7.88	3.999471664428711e-05
7.89	3.9577484130859375e-05
7.9	3.927946090698242e-05
7.91	3.88026237487793e-05
7.92	3.8504600524902344e-05
7.93	3.826618194580078e-05
7.94	3.743171691894531e-05
7.95	3.707408905029297e-05
7.96	3.6835670471191406e-05
7.97	3.6776065826416016e-05
7.98	3.6656856536865234e-05
7.99	3.653764724731445e-05
8.0	3.653764724731445e-05
8.01	3.635883331298828e-05
8.02	3.606081008911133e-05
8.03	3.5881996154785156e-05
8.04	3.5822391510009766e-05
8.05	3.5643577575683594e-05
8.06	3.534555435180664e-05
8.07	3.516674041748047e-05
8.08	3.4809112548828125e-05
8.09	3.451108932495117e-05
8.1	3.421306610107422e-05
8.11	3.3736228942871094e-05
8.12	3.343820571899414e-05
8.13	3.314018249511719e-05
8.14	3.260374069213867e-05
8.15	3.236532211303711e-05
8.16	3.1948089599609375e-05
8.17	3.0994415283203125e-05
8.18	3.039836883544922e-05
8.19	3.0040740966796875e-05
8.2	2.9861927032470703e-05
8.21	2.956390380859375e-05
8.22	2.9385089874267578e-05
8.23	2.9265880584716797e-05
8.24	2.8312206268310547e-05
8.25	2.8073787689208984e-05
8.26	2.8014183044433594e-05
8.27	2.7954578399658203e-05
8.28	2.777576446533203e-05
8.29	2.771615982055664e-05
8.3	2.765655517578125e-05
8.31	2.7477741241455078e-05
8.32	2.7358531951904297e-05
8.33	2.7298927307128906e-05
8.34	2.7120113372802734e-05
8.35	2.7000904083251953e-05
8.36	2.682209014892578e-05
8.37	2.676248550415039e-05
8.38	2.6524066925048828e-05
8.39	2.6166439056396484e-05
8.4	2.586841583251953e-05
8.41	2.5570392608642578e-05
8.42	2.5331974029541016e-05
8.43	2.5153160095214844e-05
8.44	2.491474151611328e-05
8.45	2.467632293701172e-05
8.46	2.4259090423583984e-05
8.47	2.4080276489257812e-05
8.48	2.378225326538086e-05
8.49	2.3663043975830078e-05
8.5	2.3543834686279297e-05
8.51	2.3424625396728516e-05
8.52	2.3365020751953125e-05
8.53	2.3245811462402344e-05
8.54	2.3126602172851562e-05
8.55	2.3066997528076172e-05
8.56	2.288818359375e-05
8.57	2.276897430419922e-05
8.58	2.2649765014648438e-05
8.59	2.2590160369873047e-05
8.6	2.2292137145996094e-05
8.61	2.2292137145996094e-05
8.62	2.2292137145996094e-05
8.63	2.199411392211914e-05
8.64	2.181529998779297e-05
8.65	2.1755695343017578e-05
8.66	2.1696090698242188e-05
8.67	2.1338462829589844e-05
8.68	2.1159648895263672e-05
8.69	2.086162567138672e-05
8.7	2.0623207092285156e-05
8.71	2.0384788513183594e-05
8.72	2.0265579223632812e-05
8.73	2.0205974578857422e-05
8.74	2.002716064453125e-05
8.75	1.9788742065429688e-05
8.76	1.9550323486328125e-05
8.77	1.9371509552001953e-05
8.78	1.9371509552001953e-05
8.79	1.9252300262451172e-05
8.8	1.913309097290039e-05
8.81	1.9073486328125e-05
8.82	1.8894672393798828e-05
8.83	1.8894672393798828e-05
8.84	1.8715858459472656e-05
8.85	1.8656253814697266e-05
8.86	1.8477439880371094e-05
8.87	1.8298625946044922e-05
8.88	1.817941665649414e-05
8.89	1.800060272216797e-05
8.9	1.7881393432617188e-05
8.91	1.7762184143066406e-05
8.92	1.7523765563964844e-05
8.93	1.7344951629638672e-05
8.94	1.71661376953125e-05
8.95	1.710653305053711e-05
8.96	1.6808509826660156e-05
8.97	1.6689300537109375e-05
8.98	1.6629695892333984e-05
8.99	1.633167266845703e-05
9.0	1.627206802368164e-05
9.01	1.621246337890625e-05
9.02	1.615285873413086e-05
9.03	1.5974044799804688e-05
9.04	1.5914440155029297e-05
9.05	1.5795230865478516e-05
9.06	1.5676021575927734e-05
9.07	1.5497207641601562e-05
9.08	1.5497207641601562e-05
9.09	1.52587890625e-05
9.1	1.519918441772461e-05
9.11	1.5139579772949219e-05
9.12	1.5020370483398438e-05
9.13	1.4841556549072266e-05
9.14	1.4722347259521484e-05
9.15	1.4483928680419922e-05
9.16	1.436471939086914e-05
9.17	1.424551010131836e-05
9.18	1.4126300811767578e-05
9.19	1.3947486877441406e-05
9.2	1.3828277587890625e-05
9.21	1.3649463653564453e-05
9.22	1.3530254364013672e-05
9.23	1.33514404296875e-05
9.24	1.3232231140136719e-05
9.25	1.3053417205810547e-05
9.26	1.2874603271484375e-05
9.27	1.2755393981933594e-05
9.28	1.2576580047607422e-05
9.29	1.245737075805664e-05
9.3	1.239776611328125e-05
9.31	1.239776611328125e-05
9.32	1.233816146850586e-05
9.33	1.2218952178955078e-05
9.34	1.2159347534179688e-05
9.35	1.2099742889404297e-05
9.36	1.2099742889404297e-05
9.37	1.2040138244628906e-05
9.38	1.1861324310302734e-05
9.39	1.1861324310302734e-05
9.4	1.1861324310302734e-05
9.41	1.1742115020751953e-05
9.42	1.1622905731201172e-05
9.43	1.1444091796875e-05
9.44	1.1324882507324219e-05
9.45	1.1026859283447266e-05
9.46	1.0967254638671875e-05
9.47	1.0967254638671875e-05
9.48	1.0728836059570312e-05
9.49	1.055002212524414e-05
9.5	1.043081283569336e-05
9.51	1.0251998901367188e-05
9.52	1.0132789611816406e-05
9.53	1.0013580322265625e-05
9.54	9.953975677490234e-06
9.55	9.775161743164062e-06
9.56	9.715557098388672e-06
9.57	9.655952453613281e-06
9.58	9.59634780883789e-06
9.59	9.59634780883789e-06
9.6	9.59634780883789e-06
9.61	9.5367431640625e-06
9.62	9.47713851928711e-06
9.63	9.47713851928711e-06
9.64	9.357929229736328e-06
9.65	9.357929229736328e-06
9.66	9.357929229736328e-06
9.67	9.298324584960938e-06
9.68	9.298324584960938e-06
9.69	9.298324584960938e-06
9.7	9.238719940185547e-06
9.71	9.119510650634766e-06
9.72	9.059906005859375e-06
9.73	9.000301361083984e-06
9.74	8.821487426757812e-06
9.75	8.761882781982422e-06
9.76	8.702278137207031e-06
9.77	8.58306884765625e-06
9.78	8.404254913330078e-06
9.79	8.285045623779297e-06
9.8	8.165836334228516e-06
9.81	8.046627044677734e-06
9.82	7.927417755126953e-06
9.83	7.927417755126953e-06
9.84	7.808208465576172e-06
9.85	7.748603820800781e-06
9.86	7.748603820800781e-06
9.87	7.68899917602539e-06
9.88	7.68899917602539e-06
9.89	7.62939453125e-06
9.9	7.569789886474609e-06
9.91	7.510185241699219e-06
9.92	7.450580596923828e-06
9.93	7.450580596923828e-06
9.94	7.3909759521484375e-06
9.95	7.3909759521484375e-06
9.96	7.3909759521484375e-06
9.97	7.331371307373047e-06
9.98	7.331371307373047e-06
9.99	7.271766662597656e-06
10.0	7.152557373046875e-06
10.01	7.152557373046875e-06
10.02	7.152557373046875e-06
10.03	7.033348083496094e-06
10.04	6.973743438720703e-06
10.05	6.973743438720703e-06
10.06	6.9141387939453125e-06
10.07	6.794929504394531e-06
10.08	6.67572021484375e-06
10.09	6.67572021484375e-06
10.1	6.556510925292969e-06
10.11	6.496906280517578e-06
10.12	6.4373016357421875e-06
10.13	6.4373016357421875e-06
10.14	6.377696990966797e-06
10.15	6.377696990966797e-06
10.16	6.377696990966797e-06
10.17	6.318092346191406e-06
10.18	6.258487701416016e-06
10.19	6.198883056640625e-06
10.2	6.198883056640625e-06
10.21	6.198883056640625e-06
10.22	6.079673767089844e-06
10.23	5.9604644775390625e-06
10.24	5.9604644775390625e-06
10.25	5.900859832763672e-06
10.26	5.841255187988281e-06
10.27	5.841255187988281e-06
10.28	5.7220458984375e-06
10.29	5.602836608886719e-06
10.3	5.543231964111328e-06
10.31	5.543231964111328e-06
10.32	5.543231964111328e-06
10.33	5.424022674560547e-06
10.34	5.424022674560547e-06
10.35	5.364418029785156e-06
10.36	5.245208740234375e-06
10.37	5.245208740234375e-06
10.38	5.245208740234375e-06
10.39	5.185604095458984e-06
10.4	5.125999450683594e-06
10.41	5.125999450683594e-06
10.42	5.125999450683594e-06
10.43	5.066394805908203e-06
10.44	5.066394805908203e-06
10.45	4.947185516357422e-06
10.46	4.887580871582031e-06
10.47	4.887580871582031e-06
10.48	4.76837158203125e-06
10.49	4.76837158203125e-06
10.5	4.76837158203125e-06
10.51	4.708766937255859e-06
10.52	4.589557647705078e-06
10.53	4.5299530029296875e-06
10.54	4.5299530029296875e-06
10.55	4.410743713378906e-06
10.56	4.410743713378906e-06
10.57	4.410743713378906e-06
10.58	4.291534423828125e-06
10.59	4.172325134277344e-06
10.6	4.172325134277344e-06
10.61	4.112720489501953e-06
10.62	4.112720489501953e-06
10.63	4.112720489501953e-06
10.64	4.0531158447265625e-06
10.65	3.933906555175781e-06
10.66	3.933906555175781e-06
10.67	3.933906555175781e-06
10.68	3.933906555175781e-06
10.69	3.874301910400391e-06
10.7	3.874301910400391e-06
10.71	3.874301910400391e-06
10.72	3.814697265625e-06
10.73	3.7550926208496094e-06
10.74	3.6954879760742188e-06
10.75	3.6954879760742188e-06
10.76	3.6954879760742188e-06
10.77	3.5762786865234375e-06
10.78	3.5762786865234375e-06
10.79	3.5762786865234375e-06
10.8	3.516674041748047e-06
10.81	3.337860107421875e-06
10.82	3.337860107421875e-06
10.83	3.337860107421875e-06
10.84	3.159046173095703e-06
10.85	3.159046173095703e-06
10.86	3.159046173095703e-06
10.87	3.0994415283203125e-06
10.88	2.9802322387695312e-06
10.89	2.9802322387695312e-06
10.9	2.9802322387695312e-06
10.91	2.9206275939941406e-06
10.92	2.9206275939941406e-06
10.93	2.9206275939941406e-06
10.94	2.9206275939941406e-06
10.95	2.9206275939941406e-06
10.96	2.9206275939941406e-06
10.97	2.9206275939941406e-06
10.98	2.9206275939941406e-06
10.99	2.9206275939941406e-06
11.0	2.9206275939941406e-06
11.01	2.9206275939941406e-06
11.02	2.9206275939941406e-06
11.03	2.86102294921875e-06
11.04	2.86102294921875e-06
11.05	2.86102294921875e-06
11.06	2.8014183044433594e-06
11.07	2.8014183044433594e-06
11.08	2.7418136596679688e-06
11.09	2.6226043701171875e-06
11.1	2.562999725341797e-06
11.11	2.562999725341797e-06
11.12	2.562999725341797e-06
11.13	2.4437904357910156e-06
11.14	2.384185791015625e-06
11.15	2.384185791015625e-06
11.16	2.3245811462402344e-06
11.17	2.2649765014648438e-06
11.18	2.2649765014648438e-06
11.19	2.2649765014648438e-06
11.2	2.205371856689453e-06
11.21	2.205371856689453e-06
11.22	2.205371856689453e-06
11.23	2.205371856689453e-06
11.24	2.205371856689453e-06
11.25	2.205371856689453e-06
11.26	2.1457672119140625e-06
11.27	2.1457672119140625e-06
11.28	2.1457672119140625e-06
11.29	2.1457672119140625e-06
11.3	2.1457672119140625e-06
11.31	2.1457672119140625e-06
11.32	2.1457672119140625e-06
11.33	2.086162567138672e-06
11.34	2.086162567138672e-06
11.35	2.086162567138672e-06
11.36	2.0265579223632812e-06
11.37	2.0265579223632812e-06
11.38	2.0265579223632812e-06
11.39	1.9669532775878906e-06
11.4	1.9669532775878906e-06
11.41	1.9669532775878906e-06
11.42	1.9073486328125e-06
11.43	1.8477439880371094e-06
11.44	1.7881393432617188e-06
11.45	1.7285346984863281e-06
11.46	1.7285346984863281e-06
11.47	1.7285346984863281e-06
11.48	1.7285346984863281e-06
11.49	1.7285346984863281e-06
11.5	1.6689300537109375e-06
11.51	1.6689300537109375e-06
11.52	1.6689300537109375e-06
11.53	1.6689300537109375e-06
11.54	1.6689300537109375e-06
11.55	1.6093254089355469e-06
11.56	1.6093254089355469e-06
11.57	1.6093254089355469e-06
11.58	1.6093254089355469e-06
11.59	1.6093254089355469e-06
11.6	1.6093254089355469e-06
11.61	1.5497207641601562e-06
11.62	1.4901161193847656e-06
11.63	1.4901161193847656e-06
11.64	1.4901161193847656e-06
11.65	1.430511474609375e-06
11.66	1.430511474609375e-06
11.67	1.430511474609375e-06
11.68	1.430511474609375e-06
11.69	1.3709068298339844e-06
11.7	1.3709068298339844e-06
11.71	1.3709068298339844e-06
11.72	1.2516975402832031e-06
11.73	1.2516975402832031e-06
11.74	1.2516975402832031e-06
11.75	1.2516975402832031e-06
11.76	1.2516975402832031e-06
11.77	1.2516975402832031e-06
11.78	1.2516975402832031e-06
11.79	1.1920928955078125e-06
11.8	1.1920928955078125e-06
11.81	1.1324882507324219e-06
11.82	1.1324882507324219e-06
11.83	1.1324882507324219e-06
11.84	1.0728836059570312e-06
11.85	1.0728836059570312e-06
11.86	1.0728836059570312e-06
11.87	1.0728836059570312e-06
11.88	1.0132789611816406e-06
11.89	1.0132789611816406e-06
11.9	1.0132789611816406e-06
11.91	8.940696716308594e-07
11.92	8.940696716308594e-07
11.93	8.940696716308594e-07
11.94	8.940696716308594e-07
11.95	8.940696716308594e-07
11.96	8.940696716308594e-07
11.97	8.344650268554688e-07
11.98	8.344650268554688e-07
11.99	8.344650268554688e-07
12.0	8.344650268554688e-07
12.01	7.748603820800781e-07
12.02	7.748603820800781e-07
12.03	7.748603820800781e-07
12.04	7.748603820800781e-07
12.05	7.748603820800781e-07
12.06	7.748603820800781e-07
12.07	7.748603820800781e-07
12.08	7.152557373046875e-07
12.09	6.556510925292969e-07
12.1	6.556510925292969e-07
12.11	6.556510925292969e-07
12.12	6.556510925292969e-07
12.13	6.556510925292969e-07
12.14	6.556510925292969e-07
12.15	6.556510925292969e-07
12.16	5.960464477539062e-07
12.17	5.364418029785156e-07
12.18	5.364418029785156e-07
12.19	5.364418029785156e-07
12.2	4.76837158203125e-07
12.21	4.76837158203125e-07
12.22	4.76837158203125e-07
12.23	4.76837158203125e-07
12.24	4.172325134277344e-07
12.25	4.172325134277344e-07
12.26	4.172325134277344e-07
12.27	3.5762786865234375e-07
12.28	3.5762786865234375e-07
12.29	3.5762786865234375e-07
12.3	3.5762786865234375e-07
12.31	3.5762786865234375e-07
12.32	3.5762786865234375e-07
12.33	3.5762786865234375e-07
12.34	3.5762786865234375e-07
12.35	3.5762786865234375e-07
12.36	3.5762786865234375e-07
12.37	3.5762786865234375e-07
12.38	3.5762786865234375e-07
12.39	2.980232238769531e-07
12.4	2.980232238769531e-07
12.41	2.980232238769531e-07
12.42	2.980232238769531e-07
12.43	2.980232238769531e-07
12.44	2.980232238769531e-07
12.45	2.384185791015625e-07
12.46	1.7881393432617188e-07
12.47	1.7881393432617188e-07
12.48	1.7881393432617188e-07
12.49	1.7881393432617188e-07
12.5	1.7881393432617188e-07
12.51	1.7881393432617188e-07
12.52	1.1920928955078125e-07
12.53	1.1920928955078125e-07
12.54	1.1920928955078125e-07
12.55	1.1920928955078125e-07
12.56	1.1920928955078125e-07
12.57	1.1920928955078125e-07
12.58	1.1920928955078125e-07
12.59	1.1920928955078125e-07
12.6	1.1920928955078125e-07
12.61	1.1920928955078125e-07
12.62	1.1920928955078125e-07
12.63	1.1920928955078125e-07
12.64	1.1920928955078125e-07
12.65	1.1920928955078125e-07
12.66	1.1920928955078125e-07
12.67	1.1920928955078125e-07
12.68	1.1920928955078125e-07
12.69	1.1920928955078125e-07
12.7	1.1920928955078125e-07
12.71	1.1920928955078125e-07
12.72	1.1920928955078125e-07
12.73	1.1920928955078125e-07
12.74	1.1920928955078125e-07
12.75	5.960464477539063e-08
12.76	5.960464477539063e-08
12.77	5.960464477539063e-08
12.78	5.960464477539063e-08
12.79	5.960464477539063e-08
12.8	5.960464477539063e-08
12.81	0.0
