4.7	0.0005012143833482696
4.71	0.0004976003743308866
4.72	0.0004940095914776066
4.73	0.0004904063463868624
4.74	0.0004868989846045224
4.75	0.0004833779610748934
4.76	0.0004798801839456246
4.77	0.0004764064207165575
4.78	0.0004729545428858728
4.79	0.00046952579521075677
4.8	0.0004661191650825458
4.81	0.0004627350868418034
4.82	0.00045937317082689333
4.83	0.0004560347475717208
4.84	0.00045271685337411327
4.85	0.00044942188964114393
4.86	0.00044614868113512784
4.87	0.00044289663878771535
4.88	0.0004396662491785719
4.89	0.0004364575271438298
4.9	0.0004332696478854814
4.91	0.0004301036084939369
4.92	0.0004269585543283938
4.93	0.0004238332417116908
4.94	0.00042069885705586785
4.95	0.00041764680759115436
4.96	0.00041458440068709024
4.97	0.0004115426538646716
4.98	0.00040849176969004475
4.99	0.0004055193498970766
5.0	0.0004025382133363564
5.01	0.000399576693155268
5.02	0.000396634924470618
5.03	0.00039371293706835786
5.04	0.0003908111476675913
5.05	0.0003879271134223927
5.06	0.0003850645236411765
5.07	0.0003822202086780635
5.08	0.0003793945687107225
5.09	0.00037658911941207407
5.1	0.00037380168845402295
5.11	0.0003710330046828858
5.12	0.00036828340029160245
5.13	0.00036555246174430067
5.14	0.00036283947378024095
5.15	0.00036014536902939653
5.16	0.0003574687689251732
5.17	0.00035481032927009437
5.18	0.00035217059649994553
5.19	0.0003495220443596736
5.2	0.000346943446743353
5.21	0.0003443572143169149
5.22	0.0003417877914557721
5.23	0.0003392103677697378
5.24	0.0003367020747191418
5.25	0.00033418493421777384
5.26	0.00033168497736824065
5.27	0.0003292021958714031
5.28	0.00032673551794459854
5.29	0.0003242863363084325
5.3	0.00032185439766863055
5.31	0.00031943854821747664
5.32	0.0003170394126073006
5.33	0.0003146572183823082
5.34	0.0003122896663967367
5.35	0.0003099399929169522
5.36	0.0003076060521038926
5.37	0.00030528759845083187
5.38	0.0003029856448506507
5.39	0.00030069946927824276
5.4	0.00029842817292546897
5.41	0.000296173446145076
5.42	0.00029393427109880577
5.43	0.00029171021083129745
5.44	0.0002894799193313702
5.45	0.00028730876692861784
5.46	0.00028513039745803326
5.47	0.0002829671665836031
5.48	0.00028079805002789726
5.49	0.00027868577967637975
5.5	0.00027656782089025
5.51	0.0002744635851854582
5.52	0.0002723743912156351
5.53	0.0002703000626524954
5.54	0.00026824010643622387
5.55	0.0002661937979837603
5.56	0.00026416291018449556
5.57	0.00026214497415821825
5.58	0.000260140973750822
5.59	0.00025815208073254325
5.6	0.0002561768702662448
5.61	0.0002542150724025305
5.62	0.00025226701808378493
5.63	0.00025033248010686293
5.64	0.0002484114784238045
5.65	0.0002465045254780307
5.66	0.0002446100754127656
5.67	0.00024272957102766668
5.68	0.0002408622407870098
5.69	0.00023898937513422425
5.7	0.00023716627754311048
5.71	0.00023533858001201224
5.72	0.00023352320738467824
5.73	0.00023170232407210278
5.74	0.00022993074895794052
5.75	0.0002281529006609162
5.76	0.00022638806660779665
5.77	0.00022463621218093976
5.78	0.00022289598081215445
5.79	0.00022116864874988096
5.8	0.00021945350312080336
5.81	0.00021775011072122652
5.82	0.00021605897734389146
5.83	0.0002143803577041581
5.84	0.00021271272726153256
5.85	0.000211057869933029
5.86	0.00020941423679232685
5.87	0.0002077822123283113
5.88	0.00020616227817527033
5.89	0.0002045537378876361
5.9	0.00020295632600664248
5.91	0.00020137125540031775
5.92	0.00019979665830760496
5.93	0.0001982331507406343
5.94	0.00019666566856813006
5.95	0.00019514071908588448
5.96	0.00019361076795121335
5.97	0.0001920920038855911
5.98	0.00019056939464690004
5.99	0.00018908666180550426
6.0	0.0001876012620414258
6.01	0.00018612552219110512
6.02	0.00018466052870280691
6.03	0.0001832058591162422
6.04	0.00018176186188156862
6.05	0.00018032798448075482
6.06	0.0001789053073366631
6.07	0.00017749226202568025
6.08	0.0001760896934115408
6.09	0.00017469749423071335
6.1	0.00017331499520878424
6.11	0.00017194231435269103
6.12	0.00017057997223446364
6.13	0.00016922742156566528
6.14	0.0001678847263519856
6.15	0.0001665517848437048
6.16	0.00016522804617125075
6.17	0.00016391444859209514
6.18	0.00016261061358591178
6.19	0.0001613032755471977
6.2	0.00016003101683281784
6.21	0.0001587552109185708
6.22	0.00015748856458230875
6.23	0.00015621887888528363
6.24	0.0001549835150740364
6.25	0.00015374436310366946
6.26	0.00015251476395405916
6.27	0.00015129431324112375
6.28	0.0001500820380897494
6.29	0.0001488792946133799
6.3	0.00014768533674214268
6.31	0.0001464998243250193
6.32	0.00014532319585214282
6.33	0.00014415559650160503
6.34	0.00014299598109346334
6.35	0.00014184538156314375
6.36	0.00014070305542190908
6.37	0.0001395695718429124
6.38	0.00013844398608853226
6.39	0.00013732710561953354
6.4	0.00013621756056636514
6.41	0.00013511708328906025
6.42	0.00013402469863876831
6.43	0.00013293997909613608
6.44	0.00013185300679197098
6.45	0.00013079553622219464
6.46	0.00012973494528978335
6.47	0.00012868267003796063
6.48	0.00012762787838482836
6.49	0.00012660097809202853
6.5	0.00012557199380580641
6.51	0.0001245504223561511
6.52	0.00012353625521654976
6.53	0.0001225300427449838
6.54	0.00012153135975268015
6.55	0.00012053996323402316
6.56	0.0001195564763065704
6.57	0.00011857944724624758
6.58	0.00011761055850456614
6.59	0.0001166486799206723
6.6	0.0001156937065047714
6.61	0.00011474612387019079
6.62	0.00011380595645960057
6.63	0.00011287239266266624
6.64	0.00011194599727559762
6.65	0.00011102714165645011
6.66	0.00011011451493914137
6.67	0.00010920895027766164
6.68	0.00010831045824488683
6.69	0.00010741841572325939
6.7	0.000106533250971097
6.71	0.00010565481375124364
6.72	0.00010478289385673634
6.73	0.00010391770058504335
6.74	0.00010305929214382559
6.75	0.00010220698209195689
6.76	0.00010136157351325892
6.77	0.00010052262007320678
6.78	9.968943493277038e-05
6.79	9.886300199468678e-05
6.8	9.804282967706968e-05
6.81	9.722854838400963e-05
6.82	9.642097063533583e-05
6.83	9.561976327177035e-05
6.84	9.482426349904927e-05
6.85	9.403501621818577e-05
6.86	9.325168747409407e-05
6.87	9.247433928294413e-05
6.88	9.170271789571416e-05
6.89	9.093741431343005e-05
6.9	9.017772100605725e-05
6.91	8.942415581714158e-05
6.92	8.867606527473981e-05
6.93	8.793389099537308e-05
6.94	8.71975984182427e-05
6.95	8.646688053204343e-05
6.96	8.574164058927636e-05
6.97	8.502226586415418e-05
6.98	8.430808406956203e-05
6.99	8.359918211908735e-05
7.0	8.28965303867335e-05
7.01	8.21988196548773e-05
7.02	8.150649244953456e-05
7.03	8.08197552260026e-05
7.04	8.013839902787367e-05
7.05	7.946186769913766e-05
7.06	7.879108039787752e-05
7.07	7.812519049821276e-05
7.08	7.746466661728846e-05
7.09	7.680920697339388e-05
7.1	7.61587514830353e-05
7.11	7.551338319444767e-05
7.12	7.48732670103891e-05
7.13	7.423800457218022e-05
7.14	7.360770541708916e-05
7.15	7.298238955399938e-05
7.16	7.236174911895432e-05
7.17	7.174592411729463e-05
7.18	7.113540681302766e-05
7.19	7.052917908367817e-05
7.2	6.992785534976065e-05
7.21	6.933146750043306e-05
7.22	6.873951690522517e-05
7.23	6.815241829372098e-05
7.24	6.75699546945907e-05
7.25	6.69916558422301e-05
7.26	6.641831572551382e-05
7.27	6.584913302276618e-05
7.28	6.528459834953537e-05
7.29	6.472473995700057e-05
7.3	6.416925731400624e-05
7.31	6.361799580645311e-05
7.32	6.307141370598401e-05
7.33	6.252896747582781e-05
7.34	6.199035800591446e-05
7.35	6.145661353684773e-05
7.36	6.092689994829925e-05
7.37	6.040136503315807e-05
7.38	5.987997525380706e-05
7.39	5.9362888464420394e-05
7.4	5.884971562863939e-05
7.41	5.834086658751403e-05
7.42	5.783605723763685e-05
7.43	5.7335183271334245e-05
7.44	5.6838161526684416e-05
7.45	5.634514360508547e-05
7.46	5.5855996436093847e-05
7.47	5.537111985631782e-05
7.48	5.4889853117856546e-05
7.49	5.441242956294445e-05
7.5	5.393904575612396e-05
7.51	5.3469208353362774e-05
7.52	5.300325022972174e-05
7.53	5.2541075262979575e-05
7.54	5.208260853351021e-05
7.55	5.162771446975967e-05
7.56	5.117662465181638e-05
7.57	5.072896465208032e-05
7.58	5.0285100257951854e-05
7.59	4.9844771126572596e-05
7.6	4.940818826071336e-05
7.61	4.897484603816338e-05
7.62	4.854520739172585e-05
7.63	4.811886975630841e-05
7.64	4.7695944147108094e-05
7.65	4.7276623604375345e-05
7.66	4.686047401492033e-05
7.67	4.644790715246927e-05
7.68	4.603872889674676e-05
7.69	4.563260938539315e-05
7.7	4.5230080502278724e-05
7.71	4.483091220208735e-05
7.72	4.443465860504148e-05
7.73	4.404173012062529e-05
7.74	4.365217586155268e-05
7.75	4.326543705701624e-05
7.76	4.2882136312982766e-05
7.77	4.250207683753615e-05
7.78	4.212497958633321e-05
7.79	4.175095801883799e-05
7.8	4.138003828302317e-05
7.81	4.1012037115706335e-05
7.82	4.064719297502961e-05
7.83	4.0285215561652876e-05
7.84	3.99261991219646e-05
7.85	3.957028496870407e-05
7.86	3.9217323319462594e-05
7.87	3.8867154898980516e-05
7.88	3.851996842740846e-05
7.89	3.8175721101652016e-05
7.9	3.7833849376056605e-05
7.91	3.749531407493123e-05
7.92	3.715928539804736e-05
7.93	3.682606944721556e-05
7.94	3.649565974228608e-05
7.95	3.6168055601137894e-05
7.96	3.584303556181112e-05
7.97	3.552090237235461e-05
7.98	3.520126119838096e-05
7.99	3.4884386252542754e-05
8.0	3.45701690775968e-05
8.01	3.425834853487686e-05
8.02	3.394927017552618e-05
8.03	3.3642737491845764e-05
8.04	3.3338668401938776e-05
8.05	3.303728914261228e-05
8.06	3.273861869956818e-05
8.07	3.244208329533649e-05
8.08	3.214818195829139e-05
8.09	3.1856756834258704e-05
8.1	3.156783708391231e-05
8.11	3.1281095346002985e-05
8.12	3.099696738217972e-05
8.13	3.071226137763006e-05
8.14	3.0435566884534637e-05
8.15	3.0158462323015556e-05
8.16	2.9883698857702257e-05
8.17	2.9611311674671015e-05
8.18	2.9341254958126228e-05
8.19	2.907332640234017e-05
8.2	2.8807721605517145e-05
8.21	2.854166865517982e-05
8.22	2.8283130916406662e-05
8.23	2.8024161622397514e-05
8.24	2.776739859200461e-05
8.25	2.7512805161222786e-05
8.26	2.7260424644737213e-05
8.27	2.701004649452443e-05
8.28	2.6761800540953118e-05
8.29	2.6515782906244567e-05
8.3	2.627191275905716e-05
8.31	2.6029853643194656e-05
8.32	2.5790035863337835e-05
8.33	2.5552262741257437e-05
8.34	2.5316519554507977e-05
8.35	2.5082859281155834e-05
8.36	2.4851109856172116e-05
8.37	2.462122347424156e-05
8.38	2.439111534613403e-05
8.39	2.4167545120690193e-05
8.4	2.3943480584875942e-05
8.41	2.3721607988136384e-05
8.42	2.3501455473251553e-05
8.43	2.3283155542230816e-05
8.44	2.3066824837769673e-05
8.45	2.2852400093142933e-05
8.46	2.2637503263922554e-05
8.47	2.2428936574669933e-05
8.48	2.2219836409931304e-05
8.49	2.201261958134637e-05
8.5	2.1807094356063317e-05
8.51	2.1603502432299138e-05
8.52	2.1401596313808113e-05
8.53	2.120147553341667e-05
8.54	2.1003062784075155e-05
8.55	2.0806343968615693e-05
8.56	2.061141395870436e-05
8.57	2.0418048961801105e-05
8.58	2.0226435708536883e-05
8.59	2.003644470960353e-05
8.6	1.984812655564383e-05
8.61	1.9661362046008435e-05
8.62	1.947633592180864e-05
8.63	1.929100875486256e-05
8.64	1.9111095184598526e-05
8.65	1.8930844476017228e-05
8.66	1.875209522950172e-05
8.67	1.857500558344327e-05
8.68	1.8399459804641083e-05
8.69	1.8225274118321977e-05
8.7	1.805283790190515e-05
8.71	1.788013332770788e-05
8.72	1.7712238673084357e-05
8.73	1.754420389943334e-05
8.74	1.7377700544329855e-05
8.75	1.7212597583693423e-05
8.76	1.7049070891062e-05
8.77	1.688675524746941e-05
8.78	1.6725980231058202e-05
8.79	1.6566586396038474e-05
8.8	1.640871721519943e-05
8.81	1.625210194333704e-05
8.82	1.6096968693091185e-05
8.83	1.594323163089939e-05
8.84	1.5790776387802907e-05
8.85	1.5639625871699536e-05
8.86	1.5489881945995876e-05
8.87	1.5341459913997824e-05
8.88	1.5192905038929894e-05
8.89	1.5048534862671659e-05
8.9	1.4903948624578334e-05
8.91	1.4760725605356129e-05
8.92	1.4618799355048395e-05
8.93	1.4478163734565896e-05
8.94	1.4338684763970377e-05
8.95	1.42005419547786e-05
8.96	1.4062213153920311e-05
8.97	1.3927847476224997e-05
8.98	1.3793240100312687e-05
8.99	1.3659965134138474e-05
9.0	1.352785687913638e-05
9.01	1.3396870997439692e-05
9.02	1.3267055351207091e-05
9.03	1.3138509473265003e-05
9.04	1.3011019404984836e-05
9.05	1.2884698321613541e-05
9.06	1.275959505164792e-05
9.07	1.2635529458293604e-05
9.08	1.2512552928001242e-05
9.09	1.2390749645874166e-05
9.1	1.2270031561456562e-05
9.11	1.215032636991964e-05
9.12	1.2031874859985692e-05
9.13	1.1913116452433314e-05
9.14	1.179791564709376e-05
9.15	1.1682578303862101e-05
9.16	1.1568198203804059e-05
9.17	1.1454933485310903e-05
9.18	1.1342683421844413e-05
9.19	1.1231415840029513e-05
9.2	1.112119622348473e-05
9.21	1.1010919479303993e-05
9.22	1.0903741497259034e-05
9.23	1.0796467336149362e-05
9.24	1.0690195551887882e-05
9.25	1.0584880499209248e-05
9.26	1.0480511036803364e-05
9.27	1.0377135254202585e-05
9.28	1.0274690566802747e-05
9.29	1.0173175610361795e-05
9.3	1.0072602265154273e-05
9.31	9.972931763968518e-06
9.32	9.874199122350547e-06
9.33	9.776354090718087e-06
9.34	9.679491768110893e-06
9.35	9.583430880866217e-06
9.36	9.488181092365267e-06
9.37	9.393807715696312e-06
9.38	9.299540238316695e-06
9.39	9.207887046613905e-06
9.4	9.116145065490855e-06
9.41	9.025367035064846e-06
9.42	8.935301593737677e-06
9.43	8.846131606787822e-06
9.44	8.757750777022011e-06
9.45	8.67028904849576e-06
9.46	8.582622115227423e-06
9.47	8.497564806475566e-06
9.48	8.41237368831571e-06
9.49	8.328064097895549e-06
9.5	8.244469711371494e-06
9.51	8.161720586485899e-06
9.52	8.079706219632499e-06
9.53	7.998496243999398e-06
9.54	7.917986863503756e-06
9.55	7.838180920316518e-06
9.56	7.759228253689798e-06
9.57	7.680971918944124e-06
9.58	7.6034854714635e-06
9.59	7.526640729338396e-06
9.6	7.450582586443488e-06
9.61	7.3752042339947366e-06
9.62	7.300566664980579e-06
9.63	7.225891692996811e-06
9.64	7.153375918278471e-06
9.65	7.080765726641403e-06
9.66	7.008842487721267e-06
9.67	6.937607508916699e-06
9.68	6.867057493309403e-06
9.69	6.7972024453410995e-06
9.7	6.727988420607289e-06
9.71	6.658737561338057e-06
9.72	6.591466501504328e-06
9.73	6.524236596305855e-06
9.74	6.457599056375329e-06
9.75	6.391530462224182e-06
9.76	6.326136031020724e-06
9.77	6.261400585572119e-06
9.78	6.197182983669336e-06
9.79	6.133658018825372e-06
9.8	6.070838651339727e-06
9.81	6.008402294810367e-06
9.82	5.946680232682411e-06
9.83	5.885522853077418e-06
9.84	5.824962499900721e-06
9.85	5.764913851180609e-06
9.86	5.705490423224546e-06
9.87	5.6466294608981116e-06
9.88	5.5877862337183615e-06
9.89	5.530615965199104e-06
9.9	5.473450642057287e-06
9.91	5.416869839791616e-06
9.92	5.360753732475132e-06
9.93	5.30521083419444e-06
9.94	5.2502079483929265e-06
9.95	5.1956632773908495e-06
9.96	5.141172664480109e-06
9.97	5.088319369406236e-06
9.98	5.03537188478731e-06
9.99	4.983006931524869e-06
10.0	4.931007595132542e-06
10.01	4.879638026977773e-06
10.02	4.828714963878156e-06
10.03	4.778330264798569e-06
10.04	4.728370129214454e-06
10.05	4.678938125834975e-06
10.06	4.629997135907615e-06
10.07	4.581466271247336e-06
10.08	4.5334895730775315e-06
10.09	4.485965177991602e-06
10.1	4.438847383880784e-06
10.11	4.392211053527717e-06
10.12	4.346047091985383e-06
10.13	4.299789338801929e-06
10.14	4.254940506598359e-06
10.15	4.210132487969531e-06
10.16	4.165765176367131e-06
10.17	4.12178911801675e-06
10.18	4.078279744135216e-06
10.19	4.035200788621296e-06
10.2	3.9925446913002816e-06
10.21	3.949817198645178e-06
10.22	3.908420524112444e-06
10.23	3.866968199872645e-06
10.24	3.825856992989429e-06
10.25	3.785234525821579e-06
10.26	3.7450288914442353e-06
10.27	3.705252254349034e-06
10.28	3.665811675546138e-06
10.29	3.626775310294761e-06
10.3	3.5881392932424205e-06
10.31	3.549806876890216e-06
10.32	3.5119218182444456e-06
10.33	3.4743810033432965e-06
10.34	3.4372252457615105e-06
10.35	3.4004361282313766e-06
10.36	3.3640409355939482e-06
10.37	3.3279754916293314e-06
10.38	3.2919689374466543e-06
10.39	3.2569575978413923e-06
10.4	3.2219958825407957e-06
10.41	3.1873211696620274e-06
10.42	3.153029467739543e-06
10.43	3.119070129287138e-06
10.44	3.0854525334689242e-06
10.45	3.0521790677084937e-06
10.46	3.0189041808625916e-06
10.47	2.9866926070099e-06
10.48	2.9543678010668373e-06
10.49	2.9223710953374393e-06
10.5	2.8907330147376342e-06
10.51	2.8594328682629566e-06
10.52	2.8283698725317663e-06
10.53	2.7976954584119085e-06
10.54	2.7673011686601967e-06
10.55	2.7372345812182175e-06
10.56	2.7074921149505826e-06
10.57	2.678027271940664e-06
10.58	2.6488448270356457e-06
10.59	2.619942392811936e-06
10.6	2.5912927412719e-06
10.61	2.563034399827302e-06
10.62	2.5350115606670443e-06
10.63	2.506969792648306e-06
10.64	2.479812451383623e-06
10.65	2.452656701734668e-06
10.66	2.4257959125861817e-06
10.67	2.3991992748051416e-06
10.68	2.3728480869067425e-06
10.69	2.3467671326216077e-06
10.7	2.3209191226669645e-06
10.71	2.295091235282598e-06
10.72	2.2700576778333925e-06
10.73	2.2450552705777227e-06
10.74	2.2202809191185224e-06
10.75	2.1958011870992777e-06
10.76	2.171547691887099e-06
10.77	2.147489510662126e-06
10.78	2.123717592894536e-06
10.79	2.1002031758143858e-06
10.8	2.0769080038007814e-06
10.81	2.0538112153190013e-06
10.82	2.031037922733958e-06
10.83	2.0084914922335884e-06
10.84	1.986148731702997e-06
10.85	1.964061823400698e-06
10.86	1.9422046761974343e-06
10.87	1.9205032231184305e-06
10.88	1.8988368992722826e-06
10.89	1.8778386561280058e-06
10.9	1.8568366044746654e-06
10.91	1.836047715642053e-06
10.92	1.8155448060497292e-06
10.93	1.7952190773939947e-06
10.94	1.775082864696742e-06
10.95	1.7551708992868953e-06
10.96	1.735266096147825e-06
10.97	1.7159667322630412e-06
10.98	1.6966279758889868e-06
10.99	1.6775181848061038e-06
11.0	1.6586003539487137e-06
11.01	1.6399044397985563e-06
11.02	1.6213956541832886e-06
11.03	1.6031285099415982e-06
11.04	1.5849981309656869e-06
11.05	1.5670964899072715e-06
11.06	1.5493462797167012e-06
11.07	1.5317532984227e-06
11.08	1.5143692735364311e-06
11.09	1.4971716382206068e-06
11.1	1.480160051414714e-06
11.11	1.4633444038736343e-06
11.12	1.4466892821474175e-06
11.13	1.4300595694294316e-06
11.14	1.413950826645305e-06
11.15	1.397825883486803e-06
11.16	1.3818362845086085e-06
11.17	1.3660443300977931e-06
11.18	1.3504238722816808e-06
11.19	1.3349505820769991e-06
11.2	1.3196802797210694e-06
11.21	1.30442742829473e-06
11.22	1.2895803820356377e-06
11.23	1.2747655659950397e-06
11.24	1.2601402090695046e-06
11.25	1.2456453077902552e-06
11.26	1.2312783610468614e-06
11.27	1.2170903005426226e-06
11.28	1.2030480434077617e-06
11.29	1.1891785902662377e-06
11.3	1.1754456181733985e-06
11.31	1.1619000019891246e-06
11.32	1.148488991020713e-06
11.33	1.135160630383325e-06
11.34	1.1220171813874913e-06
11.35	1.1089783811257803e-06
11.36	1.096076516660105e-06
11.37	1.083330118945014e-06
11.38	1.070635562427924e-06
11.39	1.0583021321508568e-06
11.4	1.0459963846187748e-06
11.41	1.033804835515184e-06
11.42	1.0217688668490155e-06
11.43	1.009845107091678e-06
11.44	9.980439017454046e-07
11.45	9.863582022262563e-07
11.46	9.746779028318997e-07
11.47	9.633581043999584e-07
11.48	9.520508115201665e-07
11.49	9.409082508682332e-07
11.5	9.298707936977735e-07
11.51	9.189649290419766e-07
11.52	9.081507528208022e-07
11.53	8.97453674042481e-07
11.54	8.868511827131442e-07
11.55	8.76398360105668e-07
11.56	8.660600769871962e-07
11.57	8.558017157156428e-07
11.58	8.45671706883877e-07
11.59	8.356839771295199e-07
11.6	8.258008392658667e-07
11.61	8.160193374351365e-07
11.62	8.06342143278016e-07
11.63	7.966573321027681e-07
11.64	7.872579317336204e-07
11.65	7.778915573908307e-07
11.66	7.686371645831969e-07
11.67	7.594791213705321e-07
11.68	7.504281711590011e-07
11.69	7.414614060508029e-07
11.7	7.326195259338419e-07
11.71	7.237892987177474e-07
11.72	7.151858767429076e-07
11.73	7.066200851113535e-07
11.74	6.981322258070577e-07
11.75	6.897490720803034e-07
11.76	6.814798325649463e-07
11.77	6.732852284585533e-07
11.78	6.652009574281692e-07
11.79	6.572072948074492e-07
11.8	6.492925876955269e-07
11.81	6.414588824554812e-07
11.82	6.337123181765492e-07
11.83	6.26029930117511e-07
11.84	6.184544645293499e-07
11.85	6.109627292971709e-07
11.86	6.035562023498642e-07
11.87	5.962461955277831e-07
11.88	5.889654630664154e-07
11.89	5.818731096951524e-07
11.9	5.748062790189579e-07
11.91	5.678169827660895e-07
11.92	5.608997071249178e-07
11.93	5.540337610909774e-07
11.94	5.472795123750984e-07
11.95	5.405979095485236e-07
11.96	5.339200015441747e-07
11.97	5.274782211017737e-07
11.98	5.210151243772998e-07
11.99	5.146299031366652e-07
12.0	5.083110750092601e-07
12.01	5.020687581236416e-07
12.02	4.958917543262942e-07
12.03	4.898001861874945e-07
12.04	4.837579581362661e-07
12.05	4.778027573593135e-07
12.06	4.71925147849106e-07
12.07	4.6610989556938875e-07
12.08	4.603680849868397e-07
12.09	4.5466623532774975e-07
12.1	4.490290734793234e-07
12.11	4.434591573954094e-07
12.12	4.3794517523565446e-07
12.13	4.324561473367794e-07
12.14	4.271433908797917e-07
12.15	4.2184865378658287e-07
12.16	4.1660553051769966e-07
12.17	4.1142857298837043e-07
12.18	4.063184633196215e-07
12.19	4.0124120914697414e-07
12.2	3.962172741012182e-07
12.21	3.912004444828199e-07
12.22	3.8634283328065067e-07
12.23	3.815137006313307e-07
12.24	3.76739194507536e-07
12.25	3.720156200870406e-07
12.26	3.6734661534865154e-07
12.27	3.627498017522157e-07
12.28	3.5818015930999536e-07
12.29	3.536831627570791e-07
12.3	3.492179985187249e-07
12.31	3.4479313626434305e-07
12.32	3.4043677032968844e-07
12.33	3.361345761732082e-07
12.34	3.318901917737094e-07
12.35	3.2768878099886933e-07
12.36	3.2354239465348655e-07
12.37	3.1943972089720774e-07
12.38	3.1534784739051247e-07
12.39	3.1137398082137224e-07
12.4	3.0741222190044937e-07
12.41	3.034839437532355e-07
12.42	2.996128500853956e-07
12.43	2.9580218097180477e-07
12.44	2.920426140917698e-07
12.45	2.882985654650838e-07
12.46	2.845732751666219e-07
12.47	2.809677539516997e-07
12.48	2.773596747829288e-07
12.49	2.738043463068607e-07
12.5	2.7028636395698413e-07
12.51	2.6679799702833407e-07
12.52	2.633709641486348e-07
12.53	2.600029347377131e-07
12.54	2.5664979830253287e-07
12.55	2.5335816644656006e-07
12.56	2.5007670956256334e-07
12.57	2.4684351274117944e-07
12.58	2.4363436068597366e-07
12.59	2.4047977831287426e-07
12.6	2.3736845378152793e-07
12.61	2.34285550959612e-07
12.62	2.3123908476918587e-07
12.63	2.2821183165433467e-07
12.64	2.2528297449753154e-07
12.65	2.223526962552569e-07
12.66	2.1945561456959695e-07
12.67	2.165856471947336e-07
12.68	2.1375427650127676e-07
12.69	2.1095007696203538e-07
12.7	2.081928869301919e-07
12.71	2.0544285916912486e-07
12.72	2.027823597927636e-07
12.73	2.0012618051623576e-07
12.74	1.9749660395973478e-07
12.75	1.9490050817694282e-07
12.76	1.9233397097195848e-07
12.77	1.8979949345521163e-07
12.78	1.8729048179011443e-07
12.79	1.8482518271412118e-07
12.8	1.823725597205339e-07
12.81	1.799663778001559e-07
12.82	1.7758475223672576e-07
12.83	1.7523490214443882e-07
12.84	1.7292444454142242e-07
12.85	1.7062859569705324e-07
12.86	1.6835122096381383e-07
12.87	1.6610152897555963e-07
12.88	1.6387417645091773e-07
12.89	1.6171219385796576e-07
12.9	1.5955862409100519e-07
12.91	1.5743302128612413e-07
12.92	1.5533976238657488e-07
12.93	1.53250027778995e-07
12.94	1.5119883300940273e-07
12.95	1.4916986401658505e-07
12.96	1.471544806008751e-07
12.97	1.451905404792342e-07
12.98	1.4322614561024238e-07
12.99	1.4129699366094428e-07
13.0	1.3939722975919722e-07
13.01	1.375295823891065e-07
13.02	1.3567756695920252e-07
13.03	1.3384862995735602e-07
13.04	1.3203629123381688e-07
13.05	1.302421424043132e-07
13.06	1.2847743846577941e-07
13.07	1.2673399396589957e-07
13.08	1.2500487400757265e-07
13.09	1.2330337995081209e-07
13.1	1.2162161056039622e-07
13.11	1.1997434512522887e-07
13.12	1.1834418955913861e-07
13.13	1.1672403843476786e-07
13.14	1.1512980790939764e-07
13.15	1.1355513152011554e-07
13.16	1.1200353355889092e-07
13.17	1.1047302450606367e-07
13.18	1.0895274726863136e-07
13.19	1.0745020517788362e-07
13.2	1.0597966593195451e-07
13.21	1.0451782372911111e-07
13.22	1.0307519460184267e-07
13.23	1.0165888397750678e-07
13.24	1.0024712082667975e-07
13.25	9.885968665912515e-08
13.26	9.749743412612588e-08
13.27	9.615553153707879e-08
13.28	9.481573215452954e-08
13.29	9.35033312998712e-08
13.3	9.221020036420668e-08
13.31	9.093179187402711e-08
13.32	8.966060249804286e-08
13.33	8.841664111969294e-08
13.34	8.717739774510846e-08
13.35	8.595822009738185e-08
13.36	8.475359436488361e-08
13.37	8.357329761565779e-08
13.38	8.240516535806819e-08
13.39	8.124834494083188e-08
13.4	8.010857754925382e-08
13.41	7.898910325820907e-08
13.42	7.7882418736408e-08
13.43	7.678175961700617e-08
13.44	7.569792614958715e-08
13.45	7.46242676541442e-08
13.46	7.357652975770179e-08
13.47	7.253464673340204e-08
13.48	7.151265890570357e-08
13.49	7.049976602502284e-08
13.5	6.949881026230287e-08
13.51	6.850780209788354e-08
13.52	6.753884917998221e-08
13.53	6.65802986077324e-08
13.54	6.562760290762526e-08
13.55	6.469173285950092e-08
13.56	6.376245664796443e-08
13.57	6.284955134105985e-08
13.58	6.19554612057982e-08
13.59	6.107427452661796e-08
13.6	6.01922351961548e-08
13.61	5.9328840507077985e-08
13.62	5.848073669767473e-08
13.63	5.7639681472210214e-08
13.64	5.6804822179401526e-08
13.65	5.599093810815248e-08
13.66	5.51850689589628e-08
13.67	5.4380393521569204e-08
13.68	5.3598114391206764e-08
13.69	5.282521442495636e-08
13.7	5.2056179811188485e-08
13.71	5.1297092795721255e-08
13.72	5.0555627240100875e-08
13.73	4.98228587275662e-08
13.74	4.9093728193838615e-08
13.75	4.838091172132408e-08
13.76	4.767429118146538e-08
13.77	4.6976992962299846e-08
13.78	4.62943603452004e-08
13.79	4.5620481614605524e-08
13.8	4.4955186240258627e-08
13.81	4.429398359206971e-08
13.82	4.363897687653662e-08
13.83	4.299681677366607e-08
13.84	4.2359260987723246e-08
13.85	4.173614343017107e-08
13.86	4.111660700800712e-08
13.87	4.051156565765268e-08
13.88	3.991783614765154e-08
13.89	3.9326323530985974e-08
13.9	3.8747316466469783e-08
13.91	3.817234528469271e-08
13.92	3.760237632377539e-08
13.93	3.7045083445264027e-08
13.94	3.6498306599241914e-08
13.95	3.5947437027061824e-08
13.96	3.5408049825491617e-08
13.97	3.487980393401813e-08
13.98	3.435650341998553e-08
13.99	3.384445790288737e-08
14.0	3.3342416827508714e-08
14.01	3.2842933705978794e-08
14.02	3.2349191769753816e-08
14.03	3.1858007787377574e-08
14.04	3.138438842142932e-08
14.05	3.090940481342841e-08
14.06	3.044107188543421e-08
14.07	2.998382342411787e-08
14.08	2.9528791856137104e-08
14.09	2.908325313910609e-08
14.1	2.8641863991651917e-08
14.11	2.821002453856636e-08
14.12	2.778233465505764e-08
14.13	2.7355156362318667e-08
14.14	2.693968781386502e-08
14.15	2.6530756258580368e-08
14.16	2.6124439500563312e-08
14.17	2.5726365038281074e-08
14.18	2.5333008579764282e-08
14.19	2.4944768028944964e-08
14.2	2.4563462375226663e-08
14.21	2.418408939774963e-08
14.22	2.3809946014807792e-08
14.23	2.3439554297510767e-08
14.24	2.3076950128597673e-08
14.25	2.2723952497472055e-08
14.26	2.2375843400368467e-08
14.27	2.2030803847883362e-08
14.28	2.1686275886168005e-08
14.29	2.1352832391130505e-08
14.3	2.1022401597292628e-08
14.31	2.0693562419182854e-08
14.32	2.036972546193283e-08
14.33	2.0046627469127998e-08
14.34	1.9728986444533803e-08
14.35	1.942635208251886e-08
14.36	1.9126389361190377e-08
14.37	1.882767719507683e-08
14.38	1.8531636669649743e-08
14.39	1.824383843995747e-08
14.4	1.7956153897102922e-08
14.41	1.7671538898866856e-08
14.42	1.739397248456953e-08
14.43	1.7117827155743726e-08
14.44	1.684526296230615e-08
14.45	1.657929260545643e-08
14.46	1.631968871151912e-08
14.47	1.606150590305333e-08
14.48	1.5807813724677544e-08
14.49	1.5553780485788593e-08
14.5	1.530798954263446e-08
14.51	1.5062710190250073e-08
14.52	1.4819306670688093e-08
14.53	1.4584315977117512e-08
14.54	1.435131480320706e-08
14.55	1.4121781077847118e-08
14.56	1.389821591146756e-08
14.57	1.3676981325261295e-08
14.58	1.3457281511364272e-08
14.59	1.3237297480372945e-08
14.6	1.3019928246649215e-08
14.61	1.2811938177037518e-08
14.62	1.2602470178535441e-08
14.63	1.2397379123285646e-08
14.64	1.219996192958206e-08
14.65	1.2002260518784169e-08
14.66	1.1807685496023623e-08
14.67	1.1617885320447385e-08
14.68	1.1428085144871147e-08
14.69	1.1239137620577822e-08
14.7	1.1053657544835005e-08
14.71	1.0872952316276496e-08
14.72	1.0692474461393431e-08
14.73	1.0515293524804292e-08
14.74	1.0347605439164909e-08
14.75	1.0179974196944386e-08
14.76	1.0011774520535255e-08
14.77	9.849031812336762e-09
14.78	9.685152235761052e-09
14.79	9.520533694740152e-09
14.8	9.359439445688622e-09
14.81	9.207553830492543e-09
14.82	9.053053418028867e-09
14.83	8.90338469616836e-09
14.84	8.757410796533804e-09
14.85	8.612119017925579e-09
14.86	8.468248324788874e-09
14.87	8.327788236783817e-09
14.88	8.189601885533193e-09
14.89	8.0507902566751e-09
14.9	7.91436605140916e-09
14.91	7.779419775033602e-09
14.92	7.6484525379783e-09
14.93	7.521180123148952e-09
14.94	7.397147783194669e-09
14.95	7.2701595854596235e-09
14.96	7.146240932343062e-09
14.97	7.024482329143211e-09
14.98	6.904031124577159e-09
14.99	6.785398909414653e-09
15.0	6.669949925708352e-09
15.01	6.554557785420911e-09
15.02	6.444508926506387e-09
15.03	6.338325420074398e-09
15.04	6.231744009710383e-09
15.05	6.122718332335353e-09
15.06	6.015454800945008e-09
15.07	5.910123945795931e-09
15.08	5.80450887355255e-09
15.09	5.703725491912337e-09
15.1	5.606239028566051e-09
15.11	5.508638878382044e-09
15.12	5.412857717601582e-09
15.13	5.323443019733531e-09
15.14	5.2339714784466196e-09
15.15	5.140293524164008e-09
15.16	5.050765139458235e-09
15.17	4.961236754752463e-09
15.18	4.871424152952386e-09
15.19	4.785988494404592e-09
15.2	4.7028265726112295e-09
15.21	4.6202330850064754e-09
15.22	4.540140707831597e-09
15.23	4.462833658180898e-09
15.24	4.383707619126653e-09
15.25	4.305547918193042e-09
15.26	4.228922989568673e-09
15.27	4.152582278038608e-09
15.28	4.0777763388177846e-09
15.29	4.005585196864558e-09
15.3	3.935724635084625e-09
15.31	3.865409325953806e-09
15.32	3.79816356144147e-09
15.33	3.731770448212046e-09
15.34	3.6638425626733806e-09
15.35	3.5981315704702865e-09
15.36	3.5303742151882034e-09
15.37	3.464492692728527e-09
15.38	3.402931270102272e-09
15.39	3.3423930290155113e-09
15.4	3.2836737773322966e-09
15.41	3.224045030947309e-09
15.42	3.1665194910601713e-09
15.43	3.1090507945918944e-09
15.44	3.0512978810293134e-09
15.45	2.9940565582364798e-09
15.46	2.9390889721980784e-09
15.47	2.882416083593853e-09
15.48	2.830006451404188e-09
15.49	2.779074748104904e-09
15.5	2.7288251658319496e-09
15.51	2.6809061637322884e-09
15.52	2.6329871616326272e-09
15.53	2.5832491701294202e-09
15.54	2.533909082558239e-09
15.55	2.484398464730475e-09
15.56	2.4375026441703085e-09
15.57	2.3912321012176108e-09
15.58	2.347292138438206e-09
15.59	2.3055122255755123e-09
15.6	2.262936504848767e-09
15.61	2.2216113393369596e-09
15.62	2.1799451133119874e-09
15.63	2.138278887287015e-09
15.64	2.096498974424321e-09
15.65	2.0567654246406164e-09
15.66	2.0169750314380508e-09
15.67	1.9794015315710567e-09
15.68	1.942623839568114e-09
15.69	1.9055050870520063e-09
15.7	1.870091637101723e-09
15.71	1.8353034647589084e-09
15.72	1.7997194845520426e-09
15.73	1.7632828530622646e-09
15.74	1.7287788978137542e-09
15.75	1.6944454728218261e-09
15.76	1.6617605069768615e-09
15.77	1.6308945305354428e-09
15.78	1.600312771188328e-09
15.79	1.5704699762864038e-09
15.8	1.5412524589919485e-09
15.81	1.5114096640900243e-09
15.82	1.479520506109111e-09
15.83	1.4491092770185787e-09
15.84	1.4201759768184274e-09
15.85	1.3917542673880234e-09
15.86	1.3645262697536964e-09
15.87	1.3396856957115233e-09
15.88	1.313708253292134e-09
15.89	1.2886971489933785e-09
15.9	1.263060767087154e-09
15.91	1.2382770364638418e-09
15.92	1.2128680282330606e-09
15.93	1.1874590200022794e-09
15.94	1.1631868801487144e-09
15.95	1.1391989573894534e-09
15.96	1.1169731806148775e-09
15.97	1.0962253327306826e-09
15.98	1.0752501111710444e-09
15.99	1.054331733030267e-09
16.0	1.0334133548894897e-09
16.01	1.0110738912771922e-09
16.02	9.899849828798324e-10
16.03	9.69691882346524e-10
16.04	9.491145647189114e-10
16.05	9.296741154685151e-10
16.06	9.117684385273606e-10
16.07	8.946017260313965e-10
16.08	8.760707714827731e-10
16.09	8.583924682170618e-10
16.1	8.404299478570465e-10
16.11	8.221832104027271e-10
16.12	8.045617505558766e-10
16.13	7.882476893428247e-10
16.14	7.717630978731904e-10
16.15	7.558469405921642e-10
16.16	7.41692929295823e-10
16.17	7.261746759468224e-10
16.18	7.109974831109866e-10
16.19	6.952518560865428e-10
16.2	6.804157237638719e-10
16.21	6.640448191319592e-10
16.22	6.504592420242261e-10
16.23	6.36589447822189e-10
16.24	6.230607141333167e-10
16.25	6.107825356593821e-10
16.26	5.990159479551949e-10
16.27	5.871925168321468e-10
16.28	5.745732778450474e-10
16.29	5.61954038857948e-10
16.3	5.48652678844519e-10
16.31	5.359765964385588e-10
16.32	5.240963218966499e-10
16.33	5.126707947056275e-10
16.34	5.017000148654915e-10
16.35	4.920366336591542e-10
16.36	4.814069143321831e-10
16.37	4.711750989372376e-10
16.38	4.6134118747431785e-10
16.39	4.511093720793724e-10
16.4	4.403091224958189e-10
16.41	4.3030468077631667e-10
16.42	4.2103920350200497e-10
16.43	4.1171688280883245e-10
16.44	4.0324721339857206e-10
16.45	3.950617610826157e-10
16.46	3.8625103115919046e-10
16.47	3.77212927560322e-10
16.48	3.688001015689224e-10
16.49	3.60330432158662e-10
16.5	3.510081114654895e-10
16.51	3.431068762438372e-10
16.52	3.36342509399401e-10
16.53	3.2872549127205275e-10
16.54	3.2150637707673013e-10
16.55	3.1519675758318044e-10
16.56	3.079776433878578e-10
16.57	3.0047431209823117e-10
16.58	2.9336888474063016e-10
16.59	2.8552449293783866e-10
16.6	2.7830537874251604e-10
16.61	2.724505065998528e-10
16.62	2.6693669497035444e-10
16.63	2.61138666246552e-10
16.64	2.552837941038888e-10
16.65	2.49599452217808e-10
16.66	2.433466761431191e-10
16.67	2.3732127374387346e-10
16.68	2.3175061869551428e-10
16.69	2.2538415578310378e-10
16.7	2.198135007347446e-10
16.71	2.1503865355043672e-10
16.72	2.1032064978498966e-10
16.73	2.0605739337042905e-10
16.74	2.0202151063131168e-10
16.75	1.9673507267725654e-10
16.76	1.921875991683919e-10
16.77	1.8712853488977998e-10
16.78	1.8195578377344646e-10
16.79	1.7718093658913858e-10
16.8	1.730313670122996e-10
16.81	1.6939338820520788e-10
16.82	1.652438186283689e-10
16.83	1.6143530956469476e-10
16.84	1.5830892152735032e-10
16.85	1.5415935195051134e-10
16.86	1.4978240869822912e-10
16.87	1.4648549040430225e-10
16.88	1.4233592082746327e-10
16.89	1.3869794202037156e-10
16.9	1.3568524082074873e-10
16.91	1.326725396211259e-10
16.92	1.2931877790833823e-10
16.93	1.2602185961441137e-10
16.94	1.227249413204845e-10
16.95	1.1937117960769683e-10
16.96	1.1584688763832673e-10
16.97	1.1311840353300795e-10
16.98	1.1016254575224593e-10
16.99	1.070930011337623e-10
17.0	1.0487610779819079e-10
17.01	1.0254552762489766e-10
17.02	1.0027179087046534e-10
17.03	9.765699360286817e-11
17.04	9.498535291641019e-11
17.05	9.208633855450898e-11
17.06	8.924416761146858e-11
17.07	8.679990060045384e-11
17.08	8.463985068374313e-11
17.09	8.276401786133647e-11
17.1	8.0831341620069e-11
17.11	7.884182195994072e-11
17.12	7.696598913753405e-11
17.13	7.51469997339882e-11
17.14	7.270273272297345e-11
17.15	7.082689990056679e-11
17.16	6.87805368215777e-11
17.17	6.644995664828457e-11
17.18	6.474465408246033e-11
17.19	6.349409886752255e-11
17.2	6.212985681486316e-11
17.21	6.048139766789973e-11
17.22	5.88897819397971e-11
17.23	5.7411853049416095e-11
17.24	5.53086465515662e-11
17.25	5.377387424232438e-11
17.26	5.2580162446247414e-11
17.27	5.0590642786119133e-11
17.28	4.928324415232055e-11
17.29	4.8203219193965197e-11
17.3	4.7066350816749036e-11
17.31	4.575895218295045e-11
17.32	4.433786671143025e-11
17.33	4.3144154915353283e-11
17.34	4.160938260611147e-11
17.35	4.035882739117369e-11
17.36	3.927880243281834e-11
17.37	3.8198777474462986e-11
17.38	3.723243935382925e-11
17.39	3.6550318327499554e-11
17.4	3.5413449950283393e-11
17.41	3.427658157306723e-11
17.42	3.296918293926865e-11
17.43	3.177547114319168e-11
17.44	3.086597644141875e-11
17.45	3.001332515850663e-11
17.46	2.9103830456733704e-11
17.47	2.830802259268239e-11
17.48	2.7682744985213503e-11
17.49	2.7000623958883807e-11
17.5	2.637534635141492e-11
17.51	2.5693225325085223e-11
17.52	2.4783730623312294e-11
17.53	2.3646862246096134e-11
17.54	2.290789780090563e-11
17.55	2.2282620193436742e-11
17.56	2.1600499167107046e-11
17.57	2.0975221559638157e-11
17.58	2.063416104647331e-11
17.59	1.9952040020143613e-11
17.6	1.9269918993813917e-11
17.61	1.8758328224066645e-11
17.62	1.7962520360015333e-11
17.63	1.722355591482483e-11
17.64	1.688249540165998e-11
17.65	1.6484591469634324e-11
17.66	1.5973000699887052e-11
17.67	1.5575096767861396e-11
17.68	1.5063505998114124e-11
17.69	1.4551915228366852e-11
17.7	1.404032445861958e-11
17.71	1.3585577107733116e-11
17.72	1.3017142919125035e-11
17.73	1.2391865311656147e-11
17.74	1.2107648217352107e-11
17.75	1.1766587704187259e-11
17.76	1.1482370609883219e-11
17.77	1.1198153515579179e-11
17.78	1.0800249583553523e-11
17.79	1.0402345651527867e-11
17.8	1.000444171950221e-11
17.81	9.549694368615746e-12
17.82	9.208633855450898e-12
17.83	8.86757334228605e-12
17.84	8.58335624798201e-12
17.85	8.469669410260394e-12
17.86	8.29913915367797e-12
17.87	7.958078640513122e-12
17.88	7.617018127348274e-12
17.89	7.275957614183426e-12
17.9	7.048583938740194e-12
17.91	6.764366844436154e-12
17.92	6.480149750132114e-12
17.93	6.366462912410498e-12
17.94	6.139089236967266e-12
17.95	5.8548721426632255e-12
17.96	5.8548721426632255e-12
17.97	5.7980287238024175e-12
17.98	5.4001247917767614e-12
17.99	5.229594535194337e-12
18.0	5.059064278611913e-12
18.01	4.831690603168681e-12
18.02	4.661160346586257e-12
18.03	4.547473508864641e-12
18.04	4.376943252282217e-12
18.05	4.092726157978177e-12
18.06	3.979039320256561e-12
18.07	3.865352482534945e-12
18.08	3.694822225952521e-12
18.09	3.524291969370097e-12
18.1	3.410605131648481e-12
18.11	3.183231456205249e-12
18.12	3.126388037344441e-12
18.13	3.069544618483633e-12
18.14	2.9558577807620168e-12
18.15	2.8421709430404007e-12
18.16	2.7284841053187847e-12
18.17	2.6147972675971687e-12
18.18	2.3874235921539366e-12
18.19	2.2737367544323206e-12
18.2	2.1600499167107046e-12
18.21	2.0463630789890885e-12
18.22	2.0463630789890885e-12
18.23	1.9895196601282805e-12
18.24	1.9326762412674725e-12
18.25	1.9326762412674725e-12
18.26	1.8758328224066645e-12
18.27	1.7621459846850485e-12
18.28	1.6484591469634324e-12
18.29	1.5916157281026244e-12
18.3	1.4210854715202004e-12
18.31	1.3642420526593924e-12
18.32	1.3642420526593924e-12
18.33	1.3073986337985843e-12
18.34	1.2505552149377763e-12
18.35	1.1937117960769683e-12
18.36	1.1368683772161603e-12
18.37	1.0800249583553523e-12
18.38	1.0800249583553523e-12
18.39	1.0231815394945443e-12
18.4	9.663381206337363e-13
18.41	9.094947017729282e-13
18.42	9.094947017729282e-13
18.43	9.094947017729282e-13
18.44	8.526512829121202e-13
18.45	7.389644451905042e-13
18.46	6.821210263296962e-13
18.47	6.252776074688882e-13
18.48	6.252776074688882e-13
18.49	6.252776074688882e-13
18.5	5.684341886080801e-13
18.51	5.684341886080801e-13
18.52	5.115907697472721e-13
18.53	5.115907697472721e-13
18.54	5.115907697472721e-13
18.55	4.547473508864641e-13
18.56	3.979039320256561e-13
18.57	3.410605131648481e-13
18.58	3.410605131648481e-13
18.59	3.410605131648481e-13
18.6	3.410605131648481e-13
18.61	3.410605131648481e-13
18.62	3.410605131648481e-13
18.63	2.8421709430404007e-13
18.64	2.8421709430404007e-13
18.65	2.2737367544323206e-13
18.66	1.7053025658242404e-13
18.67	1.7053025658242404e-13
18.68	1.7053025658242404e-13
18.69	1.7053025658242404e-13
18.7	1.7053025658242404e-13
18.71	1.7053025658242404e-13
18.72	1.7053025658242404e-13
18.73	1.7053025658242404e-13
18.74	1.7053025658242404e-13
18.75	1.7053025658242404e-13
18.76	1.1368683772161603e-13
18.77	1.1368683772161603e-13
18.78	1.1368683772161603e-13
18.79	1.1368683772161603e-13
18.8	1.1368683772161603e-13
18.81	5.684341886080802e-14
18.82	5.684341886080802e-14
18.83	5.684341886080802e-14
18.84	5.684341886080802e-14
18.85	5.684341886080802e-14
18.86	5.684341886080802e-14
18.87	5.684341886080802e-14
18.88	5.684341886080802e-14
18.89	5.684341886080802e-14
18.9	5.684341886080802e-14
18.91	0.0
