5.69	0.0005054473876953125
5.7	0.000499725341796875
5.71	0.0004949569702148438
5.72	0.0004901885986328125
5.73	0.00048828125
5.74	0.00048542022705078125
5.75	0.00048160552978515625
5.76	0.00047779083251953125
5.77	0.0004730224609375
5.78	0.00047016143798828125
5.79	0.0004673004150390625
5.8	0.00046443939208984375
5.81	0.0004596710205078125
5.82	0.0004520416259765625
5.83	0.00044727325439453125
5.84	0.00044345855712890625
5.85	0.000438690185546875
5.86	0.00043392181396484375
5.87	0.00042819976806640625
5.88	0.000423431396484375
5.89	0.00042057037353515625
5.9	0.00041675567626953125
5.91	0.00041294097900390625
5.92	0.0004100799560546875
5.93	0.000408172607421875
5.94	0.0004062652587890625
5.95	0.00040435791015625
5.96	0.00040340423583984375
5.97	0.00040340423583984375
5.98	0.0003986358642578125
5.99	0.000396728515625
6.0	0.00039386749267578125
6.01	0.00038909912109375
6.02	0.0003833770751953125
6.03	0.0003795623779296875
6.04	0.00037670135498046875
6.05	0.00037288665771484375
6.06	0.00036907196044921875
6.07	0.00036525726318359375
6.08	0.000362396240234375
6.09	0.00036144256591796875
6.1	0.0003604888916015625
6.11	0.0003604888916015625
6.12	0.00035762786865234375
6.13	0.00035381317138671875
6.14	0.00034809112548828125
6.15	0.0003452301025390625
6.16	0.00034046173095703125
6.17	0.0003337860107421875
6.18	0.00033092498779296875
6.19	0.00032711029052734375
6.2	0.00032520294189453125
6.21	0.0003204345703125
6.22	0.0003185272216796875
6.23	0.0003185272216796875
6.24	0.0003108978271484375
6.25	0.000308990478515625
6.26	0.0003070831298828125
6.27	0.00030422210693359375
6.28	0.000301361083984375
6.29	0.00029754638671875
6.3	0.0002918243408203125
6.31	0.000286102294921875
6.32	0.000286102294921875
6.33	0.00028324127197265625
6.34	0.00027751922607421875
6.35	0.00027561187744140625
6.36	0.000274658203125
6.37	0.00026702880859375
6.38	0.00026226043701171875
6.39	0.0002613067626953125
6.4	0.0002574920654296875
6.41	0.0002536773681640625
6.42	0.0002536773681640625
6.43	0.0002536773681640625
6.44	0.0002498626708984375
6.45	0.00024700164794921875
6.46	0.0002460479736328125
6.47	0.000244140625
6.48	0.000240325927734375
6.49	0.000240325927734375
6.5	0.00023746490478515625
6.51	0.00023365020751953125
6.52	0.00023365020751953125
6.53	0.00022983551025390625
6.54	0.000225067138671875
6.55	0.00022411346435546875
6.56	0.0002231597900390625
6.57	0.00022220611572265625
6.58	0.00022029876708984375
6.59	0.00022029876708984375
6.6	0.0002193450927734375
6.61	0.000213623046875
6.62	0.000213623046875
6.63	0.00021076202392578125
6.64	0.00020885467529296875
6.65	0.00020694732666015625
6.66	0.00020599365234375
6.67	0.00020503997802734375
6.68	0.00020122528076171875
6.69	0.0001983642578125
6.7	0.0001964569091796875
6.71	0.00019073486328125
6.72	0.00019073486328125
6.73	0.00019073486328125
6.74	0.00018978118896484375
6.75	0.0001888275146484375
6.76	0.000186920166015625
6.77	0.00018596649169921875
6.78	0.00018405914306640625
6.79	0.00018405914306640625
6.8	0.00018310546875
6.81	0.0001811981201171875
6.82	0.0001811981201171875
6.83	0.0001811981201171875
6.84	0.0001773834228515625
6.85	0.00017642974853515625
6.86	0.00017261505126953125
6.87	0.0001697540283203125
6.88	0.0001678466796875
6.89	0.0001659393310546875
6.9	0.00016498565673828125
6.91	0.0001621246337890625
6.92	0.0001621246337890625
6.93	0.0001621246337890625
6.94	0.00016021728515625
6.95	0.00016021728515625
6.96	0.00016021728515625
6.97	0.0001583099365234375
6.98	0.000156402587890625
6.99	0.00015354156494140625
7.0	0.00015163421630859375
7.01	0.000148773193359375
7.02	0.00014495849609375
7.03	0.0001430511474609375
7.04	0.00014019012451171875
7.05	0.0001392364501953125
7.06	0.0001373291015625
7.07	0.00013637542724609375
7.08	0.000133514404296875
7.09	0.000133514404296875
7.1	0.000133514404296875
7.11	0.00013256072998046875
7.12	0.00013256072998046875
7.13	0.0001316070556640625
7.14	0.00013065338134765625
7.15	0.00012969970703125
7.16	0.00012683868408203125
7.17	0.0001239776611328125
7.18	0.0001220703125
7.19	0.00011920928955078125
7.2	0.00011730194091796875
7.21	0.0001163482666015625
7.22	0.0001163482666015625
7.23	0.00011348724365234375
7.24	0.0001087188720703125
7.25	0.0001087188720703125
7.26	0.0001087188720703125
7.27	0.0001087188720703125
7.28	0.0001087188720703125
7.29	0.00010776519775390625
7.3	0.0001068115234375
7.31	0.00010585784912109375
7.32	0.00010585784912109375
7.33	0.00010204315185546875
7.34	0.0001010894775390625
7.35	0.0001010894775390625
7.36	9.918212890625e-05
7.37	9.72747802734375e-05
7.38	9.72747802734375e-05
7.39	9.5367431640625e-05
7.4	9.5367431640625e-05
7.41	9.5367431640625e-05
7.42	9.5367431640625e-05
7.43	9.441375732421875e-05
7.44	9.250640869140625e-05
7.45	9.1552734375e-05
7.46	8.869171142578125e-05
7.47	8.7738037109375e-05
7.48	8.58306884765625e-05
7.49	8.296966552734375e-05
7.5	8.0108642578125e-05
7.51	8.0108642578125e-05
7.52	8.0108642578125e-05
7.53	7.534027099609375e-05
7.54	7.43865966796875e-05
7.55	7.2479248046875e-05
7.56	6.961822509765625e-05
7.57	6.866455078125e-05
7.58	6.866455078125e-05
7.59	6.866455078125e-05
7.6	6.771087646484375e-05
7.61	6.771087646484375e-05
7.62	6.771087646484375e-05
7.63	6.67572021484375e-05
7.64	6.580352783203125e-05
7.65	6.4849853515625e-05
7.66	6.389617919921875e-05
7.67	6.198883056640625e-05
7.68	6.198883056640625e-05
7.69	6.198883056640625e-05
7.7	5.7220458984375e-05
7.71	5.7220458984375e-05
7.72	5.7220458984375e-05
7.73	5.53131103515625e-05
7.74	5.53131103515625e-05
7.75	5.53131103515625e-05
7.76	5.53131103515625e-05
7.77	5.435943603515625e-05
7.78	5.435943603515625e-05
7.79	5.435943603515625e-05
7.8	5.340576171875e-05
7.81	5.245208740234375e-05
7.82	5.245208740234375e-05
7.83	5.245208740234375e-05
7.84	5.14984130859375e-05
7.85	5.054473876953125e-05
7.86	4.863739013671875e-05
7.87	4.673004150390625e-05
7.88	4.57763671875e-05
7.89	4.57763671875e-05
7.9	4.57763671875e-05
7.91	4.57763671875e-05
7.92	4.57763671875e-05
7.93	4.57763671875e-05
7.94	4.482269287109375e-05
7.95	4.482269287109375e-05
7.96	4.38690185546875e-05
7.97	4.38690185546875e-05
7.98	4.38690185546875e-05
7.99	4.38690185546875e-05
8.0	4.1961669921875e-05
8.01	4.00543212890625e-05
8.02	4.00543212890625e-05
8.03	3.910064697265625e-05
8.04	3.814697265625e-05
8.05	3.719329833984375e-05
8.06	3.62396240234375e-05
8.07	3.4332275390625e-05
8.08	3.4332275390625e-05
8.09	3.4332275390625e-05
8.1	3.4332275390625e-05
8.11	3.4332275390625e-05
8.12	3.4332275390625e-05
8.13	3.4332275390625e-05
8.14	3.4332275390625e-05
8.15	3.4332275390625e-05
8.16	3.4332275390625e-05
8.17	3.24249267578125e-05
8.18	3.147125244140625e-05
8.19	3.0517578125e-05
8.2	3.0517578125e-05
8.21	3.0517578125e-05
8.22	3.0517578125e-05
8.23	3.0517578125e-05
8.24	3.0517578125e-05
8.25	3.0517578125e-05
8.26	3.0517578125e-05
8.27	3.0517578125e-05
8.28	2.956390380859375e-05
8.29	2.86102294921875e-05
8.3	2.86102294921875e-05
8.31	2.765655517578125e-05
8.32	2.6702880859375e-05
8.33	2.384185791015625e-05
8.34	2.288818359375e-05
8.35	2.09808349609375e-05
8.36	1.9073486328125e-05
8.37	1.9073486328125e-05
8.38	1.9073486328125e-05
8.39	1.9073486328125e-05
8.4	1.9073486328125e-05
8.41	1.9073486328125e-05
8.42	1.9073486328125e-05
8.43	1.9073486328125e-05
8.44	1.9073486328125e-05
8.45	1.9073486328125e-05
8.46	1.9073486328125e-05
8.47	1.9073486328125e-05
8.48	1.811981201171875e-05
8.49	1.71661376953125e-05
8.5	1.71661376953125e-05
8.51	1.71661376953125e-05
8.52	1.71661376953125e-05
8.53	1.52587890625e-05
8.54	1.52587890625e-05
8.55	1.52587890625e-05
8.56	1.33514404296875e-05
8.57	1.33514404296875e-05
8.58	1.33514404296875e-05
8.59	1.33514404296875e-05
8.6	1.33514404296875e-05
8.61	1.33514404296875e-05
8.62	1.33514404296875e-05
8.63	1.33514404296875e-05
8.64	1.33514404296875e-05
8.65	1.33514404296875e-05
8.66	1.1444091796875e-05
8.67	1.1444091796875e-05
8.68	1.1444091796875e-05
8.69	9.5367431640625e-06
8.7	9.5367431640625e-06
8.71	9.5367431640625e-06
8.72	9.5367431640625e-06
8.73	9.5367431640625e-06
8.74	9.5367431640625e-06
8.75	9.5367431640625e-06
8.76	8.58306884765625e-06
8.77	8.58306884765625e-06
8.78	8.58306884765625e-06
8.79	7.62939453125e-06
8.8	7.62939453125e-06
8.81	7.62939453125e-06
8.82	5.7220458984375e-06
8.83	5.7220458984375e-06
8.84	5.7220458984375e-06
8.85	5.7220458984375e-06
8.86	5.7220458984375e-06
8.87	5.7220458984375e-06
8.88	5.7220458984375e-06
8.89	5.7220458984375e-06
8.9	5.7220458984375e-06
8.91	5.7220458984375e-06
8.92	5.7220458984375e-06
8.93	5.7220458984375e-06
8.94	5.7220458984375e-06
8.95	5.7220458984375e-06
8.96	5.7220458984375e-06
8.97	5.7220458984375e-06
8.98	5.7220458984375e-06
8.99	5.7220458984375e-06
9.0	5.7220458984375e-06
9.01	5.7220458984375e-06
9.02	5.7220458984375e-06
9.03	5.7220458984375e-06
9.04	5.7220458984375e-06
9.05	5.7220458984375e-06
9.06	5.7220458984375e-06
9.07	5.7220458984375e-06
9.08	5.7220458984375e-06
9.09	5.7220458984375e-06
9.1	5.7220458984375e-06
9.11	5.7220458984375e-06
9.12	5.7220458984375e-06
9.13	5.7220458984375e-06
9.14	5.7220458984375e-06
9.15	5.7220458984375e-06
9.16	4.76837158203125e-06
9.17	3.814697265625e-06
9.18	1.9073486328125e-06
9.19	1.9073486328125e-06
9.2	1.9073486328125e-06
9.21	1.9073486328125e-06
9.22	1.9073486328125e-06
9.23	1.9073486328125e-06
9.24	1.9073486328125e-06
9.25	1.9073486328125e-06
9.26	1.9073486328125e-06
9.27	1.9073486328125e-06
9.28	1.9073486328125e-06
9.29	1.9073486328125e-06
9.3	1.9073486328125e-06
9.31	1.9073486328125e-06
9.32	1.9073486328125e-06
9.33	1.9073486328125e-06
9.34	1.9073486328125e-06
9.35	1.9073486328125e-06
9.36	1.9073486328125e-06
9.37	1.9073486328125e-06
9.38	1.9073486328125e-06
9.39	1.9073486328125e-06
9.4	1.9073486328125e-06
9.41	1.9073486328125e-06
9.42	1.9073486328125e-06
9.43	1.9073486328125e-06
9.44	1.9073486328125e-06
9.45	1.9073486328125e-06
9.46	1.9073486328125e-06
9.47	1.9073486328125e-06
9.48	1.9073486328125e-06
9.49	1.9073486328125e-06
9.5	1.9073486328125e-06
9.51	1.9073486328125e-06
9.52	1.9073486328125e-06
9.53	1.9073486328125e-06
9.54	1.9073486328125e-06
9.55	1.9073486328125e-06
9.56	1.9073486328125e-06
9.57	1.9073486328125e-06
9.58	1.9073486328125e-06
9.59	1.9073486328125e-06
9.6	1.9073486328125e-06
9.61	1.9073486328125e-06
9.62	1.9073486328125e-06
9.63	1.9073486328125e-06
9.64	1.9073486328125e-06
9.65	0.0
