5.7	0.0005011558532714844
5.71	0.0004980564117431641
5.72	0.0004923343658447266
5.73	0.0004894733428955078
5.74	0.000484466552734375
5.75	0.0004780292510986328
5.76	0.0004725456237792969
5.77	0.0004684925079345703
5.78	0.0004634857177734375
5.79	0.000457763671875
5.8	0.0004527568817138672
5.81	0.00045013427734375
5.82	0.0004458427429199219
5.83	0.0004417896270751953
5.84	0.00043582916259765625
5.85	0.0004324913024902344
5.86	0.0004305839538574219
5.87	0.00042510032653808594
5.88	0.00041961669921875
5.89	0.00041604042053222656
5.9	0.0004112720489501953
5.91	0.000408172607421875
5.92	0.00040340423583984375
5.93	0.000400543212890625
5.94	0.000396728515625
5.95	0.0003943443298339844
5.96	0.0003898143768310547
5.97	0.0003838539123535156
5.98	0.0003809928894042969
5.99	0.0003788471221923828
6.0	0.0003731250762939453
6.01	0.0003693103790283203
6.02	0.0003654956817626953
6.03	0.00036263465881347656
6.04	0.0003592967987060547
6.05	0.0003559589385986328
6.06	0.00035262107849121094
6.07	0.00035071372985839844
6.08	0.00034689903259277344
6.09	0.0003421306610107422
6.1	0.00033736228942871094
6.11	0.00033545494079589844
6.12	0.00033283233642578125
6.13	0.00032830238342285156
6.14	0.0003256797790527344
6.15	0.0003223419189453125
6.16	0.0003204345703125
6.17	0.0003185272216796875
6.18	0.00031495094299316406
6.19	0.0003108978271484375
6.2	0.0003085136413574219
6.21	0.0003058910369873047
6.22	0.00030112266540527344
6.23	0.0002980232238769531
6.24	0.0002951622009277344
6.25	0.0002923011779785156
6.26	0.0002887248992919922
6.27	0.00028586387634277344
6.28	0.0002841949462890625
6.29	0.00028252601623535156
6.3	0.0002803802490234375
6.31	0.0002777576446533203
6.32	0.0002741813659667969
6.33	0.0002722740173339844
6.34	0.00026869773864746094
6.35	0.00026535987854003906
6.36	0.0002617835998535156
6.37	0.0002598762512207031
6.38	0.0002567768096923828
6.39	0.00025391578674316406
6.4	0.0002503395080566406
6.41	0.0002493858337402344
6.42	0.000247955322265625
6.43	0.00024580955505371094
6.44	0.00024127960205078125
6.45	0.0002391338348388672
6.46	0.00023651123046875
6.47	0.0002353191375732422
6.48	0.0002319812774658203
6.49	0.0002295970916748047
6.5	0.00022721290588378906
6.51	0.00022482872009277344
6.52	0.00022268295288085938
6.53	0.00021910667419433594
6.54	0.0002167224884033203
6.55	0.00021529197692871094
6.56	0.00021219253540039062
6.57	0.00020837783813476562
6.58	0.0002071857452392578
6.59	0.00020503997802734375
6.6	0.00020241737365722656
6.61	0.00019979476928710938
6.62	0.00019741058349609375
6.63	0.00019550323486328125
6.64	0.00019407272338867188
6.65	0.0001914501190185547
6.66	0.00018906593322753906
6.67	0.00018668174743652344
6.68	0.00018596649169921875
6.69	0.00018215179443359375
6.7	0.00017952919006347656
6.71	0.00017833709716796875
6.72	0.00017642974853515625
6.73	0.00017404556274414062
6.74	0.00017189979553222656
6.75	0.0001697540283203125
6.76	0.0001690387725830078
6.77	0.00016808509826660156
6.78	0.00016570091247558594
6.79	0.0001628398895263672
6.8	0.0001609325408935547
6.81	0.0001595020294189453
6.82	0.00015664100646972656
6.83	0.0001544952392578125
6.84	0.0001533031463623047
6.85	0.0001518726348876953
6.86	0.00015044212341308594
6.87	0.00014853477478027344
6.88	0.0001468658447265625
6.89	0.00014591217041015625
6.9	0.0001442432403564453
6.91	0.0001418590545654297
6.92	0.0001392364501953125
6.93	0.00013828277587890625
6.94	0.0001361370086669922
6.95	0.0001327991485595703
6.96	0.0001323223114013672
6.97	0.00013065338134765625
6.98	0.00012946128845214844
6.99	0.00012803077697753906
7.0	0.00012636184692382812
7.01	0.0001246929168701172
7.02	0.0001239776611328125
7.03	0.0001232624053955078
7.04	0.00012040138244628906
7.05	0.00011873245239257812
7.06	0.00011777877807617188
7.07	0.0001163482666015625
7.08	0.00011348724365234375
7.09	0.00011205673217773438
7.1	0.00011134147644042969
7.11	0.00010967254638671875
7.12	0.0001087188720703125
7.13	0.0001068115234375
7.14	0.00010633468627929688
7.15	0.00010561943054199219
7.16	0.00010395050048828125
7.17	0.00010156631469726562
7.18	0.00010061264038085938
7.19	9.942054748535156e-05
7.2	9.870529174804688e-05
7.21	9.679794311523438e-05
7.22	9.5367431640625e-05
7.23	9.393692016601562e-05
7.24	9.322166442871094e-05
7.25	9.250640869140625e-05
7.26	9.012222290039062e-05
7.27	8.893013000488281e-05
7.28	8.869171142578125e-05
7.29	8.58306884765625e-05
7.3	8.463859558105469e-05
7.31	8.392333984375e-05
7.32	8.344650268554688e-05
7.33	8.249282836914062e-05
7.34	8.20159912109375e-05
7.35	8.0108642578125e-05
7.36	7.891654968261719e-05
7.37	7.867813110351562e-05
7.38	7.748603820800781e-05
7.39	7.557868957519531e-05
7.4	7.462501525878906e-05
7.41	7.319450378417969e-05
7.42	7.224082946777344e-05
7.43	7.081031799316406e-05
7.44	7.05718994140625e-05
7.45	6.961822509765625e-05
7.46	6.914138793945312e-05
7.47	6.866455078125e-05
7.48	6.723403930664062e-05
7.49	6.699562072753906e-05
7.5	6.628036499023438e-05
7.51	6.508827209472656e-05
7.52	6.341934204101562e-05
7.53	6.29425048828125e-05
7.54	6.222724914550781e-05
7.55	6.103515625e-05
7.56	6.031990051269531e-05
7.57	5.984306335449219e-05
7.58	5.9604644775390625e-05
7.59	5.91278076171875e-05
7.6	5.841255187988281e-05
7.61	5.698204040527344e-05
7.62	5.626678466796875e-05
7.63	5.5789947509765625e-05
7.64	5.435943603515625e-05
7.65	5.2928924560546875e-05
7.66	5.2928924560546875e-05
7.67	5.221366882324219e-05
7.68	5.1975250244140625e-05
7.69	5.125999450683594e-05
7.7	5.030632019042969e-05
7.71	4.982948303222656e-05
7.72	4.9591064453125e-05
7.73	4.863739013671875e-05
7.74	4.792213439941406e-05
7.75	4.744529724121094e-05
7.76	4.673004150390625e-05
7.77	4.553794860839844e-05
7.78	4.506111145019531e-05
7.79	4.458427429199219e-05
7.8	4.410743713378906e-05
7.81	4.291534423828125e-05
7.82	4.220008850097656e-05
7.83	4.124641418457031e-05
7.84	4.100799560546875e-05
7.85	4.0531158447265625e-05
7.86	3.981590270996094e-05
7.87	3.933906555175781e-05
7.88	3.910064697265625e-05
7.89	3.838539123535156e-05
7.9	3.7670135498046875e-05
7.91	3.6716461181640625e-05
7.92	3.6716461181640625e-05
7.93	3.647804260253906e-05
7.94	3.552436828613281e-05
7.95	3.4332275390625e-05
7.96	3.3855438232421875e-05
7.97	3.337860107421875e-05
7.98	3.314018249511719e-05
7.99	3.170967102050781e-05
8.0	3.170967102050781e-05
8.01	3.147125244140625e-05
8.02	3.123283386230469e-05
8.03	3.0994415283203125e-05
8.04	3.075599670410156e-05
8.05	3.0279159545898438e-05
8.06	3.0279159545898438e-05
8.07	2.956390380859375e-05
8.08	2.8848648071289062e-05
8.09	2.8371810913085938e-05
8.1	2.8133392333984375e-05
8.11	2.7179718017578125e-05
8.12	2.6702880859375e-05
8.13	2.6226043701171875e-05
8.14	2.6226043701171875e-05
8.15	2.5987625122070312e-05
8.16	2.574920654296875e-05
8.17	2.5510787963867188e-05
8.18	2.5033950805664062e-05
8.19	2.5033950805664062e-05
8.2	2.4557113647460938e-05
8.21	2.384185791015625e-05
8.22	2.384185791015625e-05
8.23	2.3603439331054688e-05
8.24	2.3126602172851562e-05
8.25	2.2411346435546875e-05
8.26	2.193450927734375e-05
8.27	2.193450927734375e-05
8.28	2.193450927734375e-05
8.29	2.1696090698242188e-05
8.3	2.09808349609375e-05
8.31	2.0742416381835938e-05
8.32	2.0503997802734375e-05
8.33	2.0265579223632812e-05
8.34	2.002716064453125e-05
8.35	1.9788742065429688e-05
8.36	1.9788742065429688e-05
8.37	1.9550323486328125e-05
8.38	1.9311904907226562e-05
8.39	1.9311904907226562e-05
8.4	1.9073486328125e-05
8.41	1.8835067749023438e-05
8.42	1.8358230590820312e-05
8.43	1.7881393432617188e-05
8.44	1.7881393432617188e-05
8.45	1.7642974853515625e-05
8.46	1.7404556274414062e-05
8.47	1.71661376953125e-05
8.48	1.71661376953125e-05
8.49	1.6927719116210938e-05
8.5	1.6927719116210938e-05
8.51	1.6450881958007812e-05
8.52	1.621246337890625e-05
8.53	1.5974044799804688e-05
8.54	1.5974044799804688e-05
8.55	1.5497207641601562e-05
8.56	1.5020370483398438e-05
8.57	1.5020370483398438e-05
8.58	1.4781951904296875e-05
8.59	1.430511474609375e-05
8.6	1.430511474609375e-05
8.61	1.4066696166992188e-05
8.62	1.4066696166992188e-05
8.63	1.3589859008789062e-05
8.64	1.3589859008789062e-05
8.65	1.33514404296875e-05
8.66	1.3113021850585938e-05
8.67	1.239776611328125e-05
8.68	1.1920928955078125e-05
8.69	1.1920928955078125e-05
8.7	1.1682510375976562e-05
8.71	1.1682510375976562e-05
8.72	1.1444091796875e-05
8.73	1.1205673217773438e-05
8.74	1.1205673217773438e-05
8.75	1.1205673217773438e-05
8.76	1.1205673217773438e-05
8.77	1.0728836059570312e-05
8.78	1.0728836059570312e-05
8.79	1.0728836059570312e-05
8.8	1.0251998901367188e-05
8.81	9.775161743164062e-06
8.82	9.5367431640625e-06
8.83	9.5367431640625e-06
8.84	9.059906005859375e-06
8.85	9.059906005859375e-06
8.86	8.821487426757812e-06
8.87	8.821487426757812e-06
8.88	8.821487426757812e-06
8.89	8.821487426757812e-06
8.9	8.344650268554688e-06
8.91	8.106231689453125e-06
8.92	8.106231689453125e-06
8.93	7.867813110351562e-06
8.94	7.152557373046875e-06
8.95	7.152557373046875e-06
8.96	6.9141387939453125e-06
8.97	6.9141387939453125e-06
8.98	6.67572021484375e-06
8.99	6.67572021484375e-06
9.0	6.4373016357421875e-06
9.01	6.4373016357421875e-06
9.02	5.7220458984375e-06
9.03	5.4836273193359375e-06
9.04	5.4836273193359375e-06
9.05	5.245208740234375e-06
9.06	5.245208740234375e-06
9.07	5.0067901611328125e-06
9.08	5.0067901611328125e-06
9.09	5.0067901611328125e-06
9.1	5.0067901611328125e-06
9.11	5.0067901611328125e-06
9.12	4.76837158203125e-06
9.13	4.76837158203125e-06
9.14	4.76837158203125e-06
9.15	3.814697265625e-06
9.16	3.814697265625e-06
9.17	3.814697265625e-06
9.18	3.5762786865234375e-06
9.19	3.5762786865234375e-06
9.2	3.5762786865234375e-06
9.21	3.5762786865234375e-06
9.22	3.5762786865234375e-06
9.23	3.5762786865234375e-06
9.24	3.5762786865234375e-06
9.25	3.337860107421875e-06
9.26	3.337860107421875e-06
9.27	3.337860107421875e-06
9.28	2.6226043701171875e-06
9.29	2.6226043701171875e-06
9.3	2.6226043701171875e-06
9.31	2.6226043701171875e-06
9.32	2.6226043701171875e-06
9.33	2.6226043701171875e-06
9.34	2.6226043701171875e-06
9.35	2.6226043701171875e-06
9.36	2.6226043701171875e-06
9.37	2.6226043701171875e-06
9.38	2.384185791015625e-06
9.39	2.384185791015625e-06
9.4	2.1457672119140625e-06
9.41	2.1457672119140625e-06
9.42	2.1457672119140625e-06
9.43	2.1457672119140625e-06
9.44	2.1457672119140625e-06
9.45	2.1457672119140625e-06
9.46	2.1457672119140625e-06
9.47	2.1457672119140625e-06
9.48	2.1457672119140625e-06
9.49	2.1457672119140625e-06
9.5	1.9073486328125e-06
9.51	1.9073486328125e-06
9.52	1.9073486328125e-06
9.53	1.6689300537109375e-06
9.54	1.6689300537109375e-06
9.55	1.6689300537109375e-06
9.56	1.6689300537109375e-06
9.57	1.6689300537109375e-06
9.58	1.6689300537109375e-06
9.59	1.6689300537109375e-06
9.6	1.6689300537109375e-06
9.61	1.6689300537109375e-06
9.62	1.430511474609375e-06
9.63	1.1920928955078125e-06
9.64	1.1920928955078125e-06
9.65	1.1920928955078125e-06
9.66	1.1920928955078125e-06
9.67	1.1920928955078125e-06
9.68	1.1920928955078125e-06
9.69	1.1920928955078125e-06
9.7	1.1920928955078125e-06
9.71	1.1920928955078125e-06
9.72	9.5367431640625e-07
9.73	9.5367431640625e-07
9.74	7.152557373046875e-07
9.75	7.152557373046875e-07
9.76	7.152557373046875e-07
9.77	7.152557373046875e-07
9.78	7.152557373046875e-07
9.79	7.152557373046875e-07
9.8	7.152557373046875e-07
9.81	7.152557373046875e-07
9.82	7.152557373046875e-07
9.83	7.152557373046875e-07
9.84	4.76837158203125e-07
9.85	4.76837158203125e-07
9.86	4.76837158203125e-07
9.87	4.76837158203125e-07
9.88	2.384185791015625e-07
9.89	2.384185791015625e-07
9.9	2.384185791015625e-07
9.91	2.384185791015625e-07
9.92	2.384185791015625e-07
9.93	2.384185791015625e-07
9.94	2.384185791015625e-07
9.95	2.384185791015625e-07
9.96	2.384185791015625e-07
9.97	2.384185791015625e-07
9.98	0.0
