4.33	0.000501774251461029
4.34	0.000498846173286438
4.35	0.0004958026111125946
4.36	0.0004927143454551697
4.37	0.0004899352788925171
4.38	0.0004870779812335968
4.39	0.00048396363854408264
4.4	0.00048065558075904846
4.41	0.0004776120185852051
4.42	0.00047464296221733093
4.43	0.0004714950919151306
4.44	0.000468473881483078
4.45	0.0004657246172428131
4.46	0.00046319514513015747
4.47	0.0004604160785675049
4.48	0.0004575774073600769
4.49	0.0004549100995063782
4.5	0.00045216456055641174
4.51	0.0004490986466407776
4.52	0.00044624507427215576
4.53	0.0004435628652572632
4.54	0.00044080987572669983
4.55	0.0004380345344543457
4.56	0.00043519213795661926
4.57	0.00043256208300590515
4.58	0.00042978301644325256
4.59	0.00042689964175224304
4.6	0.00042392686009407043
4.61	0.0004211403429508209
4.62	0.0004182495176792145
4.63	0.0004156157374382019
4.64	0.0004132390022277832
4.65	0.0004106871783733368
4.66	0.00040800124406814575
4.67	0.00040541961789131165
4.68	0.0004029199481010437
4.69	0.00040015578269958496
4.7	0.0003974437713623047
4.71	0.00039497390389442444
4.72	0.00039234384894371033
4.73	0.0003899000585079193
4.74	0.0003876425325870514
4.75	0.00038538873195648193
4.76	0.00038294121623039246
4.77	0.0003804638981819153
4.78	0.0003780834376811981
4.79	0.0003757104277610779
4.8	0.00037315860390663147
4.81	0.000370565801858902
4.82	0.00036819279193878174
4.83	0.0003660432994365692
4.84	0.0003637634217739105
4.85	0.00036140531301498413
4.86	0.00035910680890083313
4.87	0.000356823205947876
4.88	0.0003543272614479065
4.89	0.0003521256148815155
4.9	0.0003499723970890045
4.91	0.00034780800342559814
4.92	0.00034544244408607483
4.93	0.0003433525562286377
4.94	0.00034146010875701904
4.95	0.00033922120928764343
4.96	0.00033701956272125244
4.97	0.00033470988273620605
4.98	0.0003324560821056366
4.99	0.0003302730619907379
5.0	0.00032816454768180847
5.01	0.00032621994614601135
5.02	0.0003240630030632019
5.03	0.0003219209611415863
5.04	0.0003199465572834015
5.05	0.0003179721534252167
5.06	0.00031556934118270874
5.07	0.0003132820129394531
5.08	0.00031111761927604675
5.09	0.00030900537967681885
5.1	0.0003068782389163971
5.11	0.0003049299120903015
5.12	0.00030298158526420593
5.13	0.00030091404914855957
5.14	0.00029901042580604553
5.15	0.00029718130826950073
5.16	0.000295393168926239
5.17	0.00029336661100387573
5.18	0.0002915039658546448
5.19	0.0002897195518016815
5.2	0.00028822943568229675
5.21	0.0002864152193069458
5.22	0.00028463080525398254
5.23	0.0002828240394592285
5.24	0.0002810359001159668
5.25	0.00027917325496673584
5.26	0.0002771206200122833
5.27	0.0002752840518951416
5.28	0.0002733990550041199
5.29	0.00027135759592056274
5.3	0.00026962533593177795
5.31	0.0002680756151676178
5.32	0.000266246497631073
5.33	0.0002644546329975128
5.34	0.00026270002126693726
5.35	0.000261012464761734
5.36	0.00025914236903190613
5.37	0.0002573356032371521
5.38	0.0002557039260864258
5.39	0.00025407224893569946
5.4	0.00025254860520362854
5.41	0.00025089457631111145
5.42	0.0002494640648365021
5.43	0.0002477504312992096
5.44	0.0002457723021507263
5.45	0.0002441816031932831
5.46	0.0002425163984298706
5.47	0.00024063512682914734
5.48	0.000238906592130661
5.49	0.0002373047173023224
5.5	0.00023556500673294067
5.51	0.00023406371474266052
5.52	0.00023242086172103882
5.53	0.00023086369037628174
5.54	0.00022919103503227234
5.55	0.00022754818201065063
5.56	0.00022602081298828125
5.57	0.00022464245557785034
5.58	0.00022310391068458557
5.59	0.00022163242101669312
5.6	0.00022024661302566528
5.61	0.0002188757061958313
5.62	0.00021743401885032654
5.63	0.00021583959460258484
5.64	0.0002143867313861847
5.65	0.00021303445100784302
5.66	0.00021149590611457825
5.67	0.00020984932780265808
5.68	0.0002086646854877472
5.69	0.0002073235809803009
5.7	0.00020577386021614075
5.71	0.00020435824990272522
5.72	0.00020305439829826355
5.73	0.00020151212811470032
5.74	0.00020015612244606018
5.75	0.00019887089729309082
5.76	0.00019759312272071838
5.77	0.00019640102982521057
5.78	0.0001951567828655243
5.79	0.00019403919577598572
5.8	0.00019276142120361328
5.81	0.00019124150276184082
5.82	0.00018983334302902222
5.83	0.000188436359167099
5.84	0.00018687918782234192
5.85	0.00018548965454101562
5.86	0.0001842007040977478
5.87	0.0001828894019126892
5.88	0.000181637704372406
5.89	0.00018047913908958435
5.9	0.000179290771484375
5.91	0.00017802417278289795
5.92	0.0001767762005329132
5.93	0.00017546117305755615
5.94	0.0001743994653224945
5.95	0.00017327070236206055
5.96	0.0001719743013381958
5.97	0.0001709088683128357
5.98	0.00016979500651359558
5.99	0.0001686587929725647
6.0	0.00016749277710914612
6.01	0.00016633793711662292
6.02	0.0001652054488658905
6.03	0.00016392767429351807
6.04	0.00016266852617263794
6.05	0.00016169995069503784
6.06	0.0001606270670890808
6.07	0.00015934184193611145
6.08	0.00015814229846000671
6.09	0.0001571550965309143
6.1	0.00015597045421600342
6.11	0.00015469267964363098
6.12	0.00015364959836006165
6.13	0.00015253201127052307
6.14	0.00015152990818023682
6.15	0.00015063956379890442
6.16	0.00014975666999816895
6.17	0.00014885887503623962
6.18	0.00014784932136535645
6.19	0.00014678388833999634
6.2	0.00014584138989448547
6.21	0.00014471262693405151
6.22	0.00014348328113555908
6.23	0.00014244765043258667
6.24	0.00014137476682662964
6.25	0.00014041364192962646
6.26	0.00013946369290351868
6.27	0.00013848021626472473
6.28	0.0001374371349811554
6.29	0.00013627111911773682
6.3	0.00013525784015655518
6.31	0.00013434886932373047
6.32	0.00013336166739463806
6.33	0.0001323111355304718
6.34	0.0001313425600528717
6.35	0.00013060122728347778
6.36	0.00012972578406333923
6.37	0.00012883543968200684
6.38	0.00012788549065589905
6.39	0.0001270100474357605
6.4	0.00012611597776412964
6.41	0.00012514367699623108
6.42	0.0001242905855178833
6.43	0.00012346357107162476
6.44	0.00012249872088432312
6.45	0.00012163445353507996
6.46	0.00012087449431419373
6.47	0.00011992081999778748
6.48	0.00011888518929481506
6.49	0.00011796876788139343
6.5	0.00011712312698364258
6.51	0.00011624768376350403
6.52	0.00011538341641426086
6.53	0.00011460855603218079
6.54	0.00011382624506950378
6.55	0.00011298432946205139
6.56	0.00011216849088668823
6.57	0.00011133775115013123
6.58	0.00011052936315536499
6.59	0.00010961666703224182
6.6	0.00010884180665016174
6.61	0.00010814890265464783
6.62	0.00010743364691734314
6.63	0.00010670721530914307
6.64	0.00010599195957183838
6.65	0.0001052170991897583
6.66	0.00010437518358230591
6.67	0.0001035146415233612
6.68	0.00010267645120620728
6.69	0.00010187551379203796
6.7	0.00010096654295921326
6.71	0.00010022521018981934
6.72	9.956210851669312e-05
6.73	9.88990068435669e-05
6.74	9.818747639656067e-05
6.75	9.740516543388367e-05
6.76	9.67271625995636e-05
6.77	9.600445628166199e-05
6.78	9.517371654510498e-05
6.79	9.442493319511414e-05
6.8	9.3802809715271e-05
6.81	9.310245513916016e-05
6.82	9.234249591827393e-05
6.83	9.174644947052002e-05
6.84	9.11317765712738e-05
6.85	9.033083915710449e-05
6.86	8.96751880645752e-05
6.87	8.900091052055359e-05
6.88	8.830428123474121e-05
6.89	8.76300036907196e-05
6.9	8.70637595653534e-05
6.91	8.651241660118103e-05
6.92	8.590146899223328e-05
6.93	8.527562022209167e-05
6.94	8.470192551612854e-05
6.95	8.40499997138977e-05
6.96	8.337199687957764e-05
6.97	8.267909288406372e-05
6.98	8.211657404899597e-05
6.99	8.151307702064514e-05
7.0	8.099153637886047e-05
7.01	8.045509457588196e-05
7.02	7.991120219230652e-05
7.03	7.930770516395569e-05
7.04	7.868185639381409e-05
7.05	7.805973291397095e-05
7.06	7.741525769233704e-05
7.07	7.675960659980774e-05
7.08	7.609277963638306e-05
7.09	7.555261254310608e-05
7.1	7.503852248191833e-05
7.11	7.449090480804443e-05
7.12	7.393211126327515e-05
7.13	7.337331771850586e-05
7.14	7.28406012058258e-05
7.15	7.225573062896729e-05
7.16	7.170438766479492e-05
7.17	7.121637463569641e-05
7.18	7.070228457450867e-05
7.19	7.016211748123169e-05
7.2	6.969273090362549e-05
7.21	6.926432251930237e-05
7.22	6.863847374916077e-05
7.23	6.802380084991455e-05
7.24	6.748363375663757e-05
7.25	6.698444485664368e-05
7.26	6.634369492530823e-05
7.27	6.584078073501587e-05
7.28	6.540492177009583e-05
7.29	6.485730409622192e-05
7.3	6.436556577682495e-05
7.31	6.394460797309875e-05
7.32	6.333738565444946e-05
7.33	6.288290023803711e-05
7.34	6.230175495147705e-05
7.35	6.186217069625854e-05
7.36	6.146728992462158e-05
7.37	6.1023980379104614e-05
7.38	6.056949496269226e-05
7.39	6.015598773956299e-05
7.4	5.9738755226135254e-05
7.41	5.9276819229125977e-05
7.42	5.885213613510132e-05
7.43	5.8379024267196655e-05
7.44	5.784258246421814e-05
7.45	5.737319588661194e-05
7.46	5.700066685676575e-05
7.47	5.6609511375427246e-05
7.48	5.622580647468567e-05
7.49	5.573779344558716e-05
7.5	5.529075860977173e-05
7.51	5.489960312843323e-05
7.52	5.435571074485779e-05
7.53	5.391612648963928e-05
7.54	5.343928933143616e-05
7.55	5.299225449562073e-05
7.56	5.255267024040222e-05
7.57	5.223602056503296e-05
7.58	5.187466740608215e-05
7.59	5.14984130859375e-05
7.6	5.105510354042053e-05
7.61	5.0712376832962036e-05
7.62	5.036592483520508e-05
7.63	4.9870461225509644e-05
7.64	4.947558045387268e-05
7.65	4.9132853746414185e-05
7.66	4.881620407104492e-05
7.67	4.840642213821411e-05
7.68	4.808977246284485e-05
7.69	4.7709792852401733e-05
7.7	4.722177982330322e-05
7.71	4.684552550315857e-05
7.72	4.6469271183013916e-05
7.73	4.604458808898926e-05
7.74	4.568323493003845e-05
7.75	4.531070590019226e-05
7.76	4.4927000999450684e-05
7.77	4.4640153646469116e-05
7.78	4.425644874572754e-05
7.79	4.3876469135284424e-05
7.8	4.353746771812439e-05
7.81	4.314631223678589e-05
7.82	4.273653030395508e-05
7.83	4.2419880628585815e-05
7.84	4.2125582695007324e-05
7.85	4.1775405406951904e-05
7.86	4.148110747337341e-05
7.87	4.1194260120391846e-05
7.88	4.0937215089797974e-05
7.89	4.056468605995178e-05
7.9	4.0259212255477905e-05
7.91	3.987923264503479e-05
7.92	3.958866000175476e-05
7.93	3.923475742340088e-05
7.94	3.8936734199523926e-05
7.95	3.865361213684082e-05
7.96	3.828480839729309e-05
7.97	3.7964433431625366e-05
7.98	3.770366311073303e-05
7.99	3.740191459655762e-05
8.0	3.705918788909912e-05
8.01	3.6776065826416016e-05
8.02	3.657490015029907e-05
8.03	3.635883331298828e-05
8.04	3.6057084798812866e-05
8.05	3.5822391510009766e-05
8.06	3.557279706001282e-05
8.07	3.525242209434509e-05
8.08	3.490224480628967e-05
8.09	3.460794687271118e-05
8.1	3.431737422943115e-05
8.11	3.40193510055542e-05
8.12	3.37548553943634e-05
8.13	3.345310688018799e-05
8.14	3.325939178466797e-05
8.15	3.3020973205566406e-05
8.16	3.2749027013778687e-05
8.17	3.2473355531692505e-05
8.18	3.224983811378479e-05
8.19	3.1925737857818604e-05
8.2	3.166869282722473e-05
8.21	3.141537308692932e-05
8.22	3.116205334663391e-05
8.23	3.09087336063385e-05
8.24	3.0703842639923096e-05
8.25	3.0547380447387695e-05
8.26	3.0267983675003052e-05
8.27	3.001466393470764e-05
8.28	2.9750168323516846e-05
8.29	2.954527735710144e-05
8.3	2.9217451810836792e-05
8.31	2.8967857360839844e-05
8.32	2.880394458770752e-05
8.33	2.8520822525024414e-05
8.34	2.8286129236221313e-05
8.35	2.8099864721298218e-05
8.36	2.787262201309204e-05
8.37	2.757832407951355e-05
8.38	2.7339905500411987e-05
8.39	2.7138739824295044e-05
8.4	2.6952475309371948e-05
8.41	2.6777386665344238e-05
8.42	2.6576220989227295e-05
8.43	2.641230821609497e-05
8.44	2.6211142539978027e-05
8.45	2.594664692878723e-05
8.46	2.5752931833267212e-05
8.47	2.549588680267334e-05
8.48	2.5209039449691772e-05
8.49	2.494826912879944e-05
8.5	2.4687498807907104e-05
8.51	2.4493783712387085e-05
8.52	2.4318695068359375e-05
8.53	2.4065375328063965e-05
8.54	2.3808330297470093e-05
8.55	2.362951636314392e-05
8.56	2.3387372493743896e-05
8.57	2.3130327463150024e-05
8.58	2.294406294822693e-05
8.59	2.2761523723602295e-05
8.6	2.2541731595993042e-05
8.61	2.2374093532562256e-05
8.62	2.22623348236084e-05
8.63	2.2079795598983765e-05
8.64	2.1923333406448364e-05
8.65	2.1707266569137573e-05
8.66	2.154707908630371e-05
8.67	2.131238579750061e-05
8.68	2.1103769540786743e-05
8.69	2.0984560251235962e-05
8.7	2.0775943994522095e-05
8.71	2.0544975996017456e-05
8.72	2.0403414964675903e-05
8.73	2.024322748184204e-05
8.74	2.004578709602356e-05
8.75	1.983344554901123e-05
8.76	1.9673258066177368e-05
8.77	1.9531697034835815e-05
8.78	1.9360333681106567e-05
8.79	1.9215047359466553e-05
8.8	1.9080936908721924e-05
8.81	1.8928200006484985e-05
8.82	1.87605619430542e-05
8.83	1.8611550331115723e-05
8.84	1.8477439880371094e-05
8.85	1.8268823623657227e-05
8.86	1.8123537302017212e-05
8.87	1.7974525690078735e-05
8.88	1.7851591110229492e-05
8.89	1.7721205949783325e-05
8.9	1.7561018466949463e-05
8.91	1.7371028661727905e-05
8.92	1.7181038856506348e-05
8.93	1.6983598470687866e-05
8.94	1.6748905181884766e-05
8.95	1.6551464796066284e-05
8.96	1.6354024410247803e-05
8.97	1.6186386346817017e-05
8.98	1.6033649444580078e-05
8.99	1.5951693058013916e-05
9.0	1.583993434906006e-05
9.01	1.5694648027420044e-05
9.02	1.5564262866973877e-05
9.03	1.5459954738616943e-05
9.04	1.5307217836380005e-05
9.05	1.5124678611755371e-05
9.06	1.5038996934890747e-05
9.07	1.4904886484146118e-05
9.08	1.4767050743103027e-05
9.09	1.4688819646835327e-05
9.1	1.4603137969970703e-05
9.11	1.446157693862915e-05
9.12	1.4297664165496826e-05
9.13	1.4182180166244507e-05
9.14	1.4074146747589111e-05
9.15	1.3947486877441406e-05
9.16	1.3813376426696777e-05
9.17	1.3731420040130615e-05
9.18	1.3653188943862915e-05
9.19	1.354515552520752e-05
9.2	1.34296715259552e-05
9.21	1.333281397819519e-05
9.22	1.317635178565979e-05
9.23	1.3057142496109009e-05
9.24	1.2930482625961304e-05
9.25	1.2837350368499756e-05
9.26	1.2759119272232056e-05
9.27	1.2677162885665894e-05
9.28	1.2539327144622803e-05
9.29	1.2438744306564331e-05
9.3	1.2323260307312012e-05
9.31	1.2166798114776611e-05
9.32	1.1991709470748901e-05
9.33	1.1865049600601196e-05
9.34	1.1742115020751953e-05
9.35	1.1589378118515015e-05
9.36	1.1507421731948853e-05
9.37	1.1410564184188843e-05
9.38	1.1298805475234985e-05
9.39	1.1194497346878052e-05
9.4	1.1127442121505737e-05
9.41	1.1011958122253418e-05
9.42	1.0866671800613403e-05
9.43	1.0792165994644165e-05
9.44	1.0717660188674927e-05
9.45	1.0613352060317993e-05
9.46	1.0542571544647217e-05
9.47	1.0456889867782593e-05
9.48	1.035258173942566e-05
9.49	1.0214745998382568e-05
9.5	1.0106712579727173e-05
9.51	1.0032206773757935e-05
9.52	9.88692045211792e-06
9.53	9.7714364528656e-06
9.54	9.696930646896362e-06
9.55	9.626150131225586e-06
9.56	9.551644325256348e-06
9.57	9.462237358093262e-06
9.58	9.402632713317871e-06
9.59	9.313225746154785e-06
9.6	9.24617052078247e-06
9.61	9.160488843917847e-06
9.62	9.082257747650146e-06
9.63	9.026378393173218e-06
9.64	8.955597877502441e-06
9.65	8.851289749145508e-06
9.66	8.750706911087036e-06
9.67	8.665025234222412e-06
9.68	8.545815944671631e-06
9.69	8.385628461837769e-06
9.7	8.277595043182373e-06
9.71	8.188188076019287e-06
9.72	8.061528205871582e-06
9.73	7.990747690200806e-06
9.74	7.949769496917725e-06
9.75	7.849186658859253e-06
9.76	7.737427949905396e-06
9.77	7.670372724533081e-06
9.78	7.580965757369995e-06
9.79	7.45430588722229e-06
9.8	7.402151823043823e-06
9.81	7.327646017074585e-06
9.82	7.256865501403809e-06
9.83	7.212162017822266e-06
9.84	7.18235969543457e-06
9.85	7.137656211853027e-06
9.86	7.051974534988403e-06
9.87	6.984919309616089e-06
9.88	6.92903995513916e-06
9.89	6.821006536483765e-06
9.9	6.7427754402160645e-06
9.91	6.67572021484375e-06
9.92	6.631016731262207e-06
9.93	6.5676867961883545e-06
9.94	6.5267086029052734e-06
9.95	6.493180990219116e-06
9.96	6.42240047454834e-06
9.97	6.3516199588775635e-06
9.98	6.292015314102173e-06
9.99	6.251037120819092e-06
10.0	6.202608346939087e-06
10.01	6.146728992462158e-06
10.02	6.075948476791382e-06
10.03	6.031244993209839e-06
10.04	5.97536563873291e-06
10.05	5.923211574554443e-06
10.06	5.833804607391357e-06
10.07	5.7220458984375e-06
10.08	5.662441253662109e-06
10.09	5.584210157394409e-06
10.1	5.509704351425171e-06
10.11	5.476176738739014e-06
10.12	5.405396223068237e-06
10.13	5.323439836502075e-06
10.14	5.29363751411438e-06
10.15	5.237758159637451e-06
10.16	5.133450031280518e-06
10.17	5.085021257400513e-06
10.18	5.029141902923584e-06
10.19	4.973262548446655e-06
10.2	4.913657903671265e-06
10.21	4.887580871582031e-06
10.22	4.827976226806641e-06
10.23	4.764646291732788e-06
10.24	4.727393388748169e-06
10.25	4.712492227554321e-06
10.26	4.645437002182007e-06
10.27	4.604458808898926e-06
10.28	4.5709311962127686e-06
10.29	4.567205905914307e-06
10.3	4.533678293228149e-06
10.31	4.49642539024353e-06
10.32	4.4852495193481445e-06
10.33	4.429370164871216e-06
10.34	4.3995678424835205e-06
10.35	4.369765520095825e-06
10.36	4.325062036514282e-06
10.37	4.287809133529663e-06
10.38	4.250556230545044e-06
10.39	4.220753908157349e-06
10.4	4.1835010051727295e-06
10.41	4.157423973083496e-06
10.42	4.127621650695801e-06
10.43	4.064291715621948e-06
10.44	4.015862941741943e-06
10.45	3.978610038757324e-06
10.46	3.930181264877319e-06
10.47	3.8929283618927e-06
10.48	3.848224878311157e-06
10.49	3.8333237171173096e-06
10.5	3.7848949432373047e-06
10.51	3.7476420402526855e-06
10.52	3.732740879058838e-06
10.53	3.6694109439849854e-06
10.54	3.606081008911133e-06
10.55	3.5874545574188232e-06
10.56	3.5390257835388184e-06
10.57	3.471970558166504e-06
10.58	3.4533441066741943e-06
10.59	3.419816493988037e-06
10.6	3.378838300704956e-06
10.61	3.341585397720337e-06
10.62	3.3229589462280273e-06
10.63	3.252178430557251e-06
10.64	3.214925527572632e-06
10.65	3.1813979148864746e-06
10.66	3.170222043991089e-06
10.67	3.1366944313049316e-06
10.68	3.1031668186187744e-06
10.69	3.0882656574249268e-06
10.7	3.0659139156341553e-06
10.71	3.043562173843384e-06
10.72	2.991408109664917e-06
10.73	2.9616057872772217e-06
10.74	2.9243528842926025e-06
10.75	2.8945505619049072e-06
10.76	2.8498470783233643e-06
10.77	2.808868885040283e-06
10.78	2.7939677238464355e-06
10.79	2.7567148208618164e-06
10.8	2.7157366275787354e-06
10.81	2.682209014892578e-06
10.82	2.6561319828033447e-06
10.83	2.603977918624878e-06
10.84	2.566725015640259e-06
10.85	2.5406479835510254e-06
10.86	2.518296241760254e-06
10.87	2.4922192096710205e-06
10.88	2.466142177581787e-06
10.89	2.4586915969848633e-06
10.9	2.4177134037017822e-06
10.91	2.3618340492248535e-06
10.92	2.33575701713562e-06
10.93	2.2873282432556152e-06
10.94	2.2351741790771484e-06
10.95	2.205371856689453e-06
10.96	2.1904706954956055e-06
10.97	2.1532177925109863e-06
10.98	2.130866050720215e-06
10.99	2.130866050720215e-06
11.0	2.1047890186309814e-06
11.01	2.078711986541748e-06
11.02	2.0563602447509766e-06
11.03	2.0526349544525146e-06
11.04	2.041459083557129e-06
11.05	2.0191073417663574e-06
11.06	2.0116567611694336e-06
11.07	2.0042061805725098e-06
11.08	1.9855797290802e-06
11.09	1.9669532775878906e-06
11.1	1.959502696990967e-06
11.11	1.9334256649017334e-06
11.12	1.9222497940063477e-06
11.13	1.8961727619171143e-06
11.14	1.8812716007232666e-06
11.15	1.8775463104248047e-06
11.16	1.8589198589324951e-06
11.17	1.821666955947876e-06
11.18	1.7955899238586426e-06
11.19	1.773238182067871e-06
11.2	1.7285346984863281e-06
11.21	1.7099082469940186e-06
11.22	1.687556505203247e-06
11.23	1.6614794731140137e-06
11.24	1.6577541828155518e-06
11.25	1.650303602218628e-06
11.26	1.642853021621704e-06
11.27	1.6354024410247803e-06
11.28	1.601874828338623e-06
11.29	1.5795230865478516e-06
11.3	1.560896635055542e-06
11.31	1.516193151473999e-06
11.32	1.4975666999816895e-06
11.33	1.4789402484893799e-06
11.34	1.4603137969970703e-06
11.35	1.4491379261016846e-06
11.36	1.4454126358032227e-06
11.37	1.4193356037139893e-06
11.38	1.389533281326294e-06
11.39	1.3746321201324463e-06
11.4	1.3709068298339844e-06
11.41	1.3597309589385986e-06
11.42	1.3336539268493652e-06
11.43	1.3299286365509033e-06
11.44	1.3262033462524414e-06
11.45	1.3262033462524414e-06
11.46	1.3150274753570557e-06
11.47	1.300126314163208e-06
11.48	1.2777745723724365e-06
11.49	1.2665987014770508e-06
11.5	1.2665987014770508e-06
11.51	1.2367963790893555e-06
11.52	1.2367963790893555e-06
11.53	1.2330710887908936e-06
11.54	1.218169927597046e-06
11.55	1.1995434761047363e-06
11.56	1.1958181858062744e-06
11.57	1.173466444015503e-06
11.58	1.1511147022247314e-06
11.59	1.12876296043396e-06
11.6	1.1175870895385742e-06
11.61	1.1026859283447266e-06
11.62	1.0989606380462646e-06
11.63	1.0989606380462646e-06
11.64	1.087784767150879e-06
11.65	1.0766088962554932e-06
11.66	1.0617077350616455e-06
11.67	1.0542571544647217e-06
11.68	1.0319054126739502e-06
11.69	1.0170042514801025e-06
11.7	1.0132789611816406e-06
11.71	1.0095536708831787e-06
11.72	9.909272193908691e-07
11.73	9.909272193908691e-07
11.74	9.797513484954834e-07
11.75	9.611248970031738e-07
11.76	9.499490261077881e-07
11.77	9.387731552124023e-07
11.78	9.313225746154785e-07
11.79	9.08970832824707e-07
11.8	9.015202522277832e-07
11.81	9.015202522277832e-07
11.82	8.977949619293213e-07
11.83	8.903443813323975e-07
11.84	8.717179298400879e-07
11.85	8.605420589447021e-07
11.86	8.568167686462402e-07
11.87	8.493661880493164e-07
11.88	8.307397365570068e-07
11.89	8.270144462585449e-07
11.9	8.23289155960083e-07
11.91	8.121132850646973e-07
11.92	7.748603820800781e-07
11.93	7.674098014831543e-07
11.94	7.487833499908447e-07
11.95	7.227063179016113e-07
11.96	7.040798664093018e-07
11.97	6.966292858123779e-07
11.98	6.742775440216064e-07
11.99	6.631016731262207e-07
12.0	6.593763828277588e-07
12.01	6.556510925292969e-07
12.02	6.332993507385254e-07
12.03	6.221234798431396e-07
12.04	6.146728992462158e-07
12.05	5.923211574554443e-07
12.06	5.736947059631348e-07
12.07	5.736947059631348e-07
12.08	5.699694156646729e-07
12.09	5.662441253662109e-07
12.1	5.662441253662109e-07
12.11	5.662441253662109e-07
12.12	5.587935447692871e-07
12.13	5.438923835754395e-07
12.14	5.364418029785156e-07
12.15	5.327165126800537e-07
12.16	5.103647708892822e-07
12.17	5.066394805908203e-07
12.18	5.066394805908203e-07
12.19	5.066394805908203e-07
12.2	5.066394805908203e-07
12.21	5.066394805908203e-07
12.22	4.917383193969727e-07
12.23	4.917383193969727e-07
12.24	4.917383193969727e-07
12.25	4.880130290985107e-07
12.26	4.842877388000488e-07
12.27	4.842877388000488e-07
12.28	4.805624485015869e-07
12.29	4.6938657760620117e-07
12.3	4.6938657760620117e-07
12.31	4.6193599700927734e-07
12.32	4.507601261138916e-07
12.33	4.3213367462158203e-07
12.34	4.246830940246582e-07
12.35	4.1350722312927246e-07
12.36	4.023313522338867e-07
12.37	4.023313522338867e-07
12.38	3.986060619354248e-07
12.39	3.7997961044311523e-07
12.4	3.7997961044311523e-07
12.41	3.688037395477295e-07
12.42	3.5762786865234375e-07
12.43	3.501772880554199e-07
12.44	3.501772880554199e-07
12.45	3.501772880554199e-07
12.46	3.427267074584961e-07
12.47	3.427267074584961e-07
12.48	3.427267074584961e-07
12.49	3.3527612686157227e-07
12.5	3.3527612686157227e-07
12.51	3.2782554626464844e-07
12.52	3.2782554626464844e-07
12.53	3.166496753692627e-07
12.54	3.129243850708008e-07
12.55	3.129243850708008e-07
12.56	3.129243850708008e-07
12.57	3.129243850708008e-07
12.58	3.129243850708008e-07
12.59	2.980232238769531e-07
12.6	2.980232238769531e-07
12.61	2.980232238769531e-07
12.62	2.980232238769531e-07
12.63	2.868473529815674e-07
12.64	2.8312206268310547e-07
12.65	2.8312206268310547e-07
12.66	2.7939677238464355e-07
12.67	2.7567148208618164e-07
12.68	2.7567148208618164e-07
12.69	2.682209014892578e-07
12.7	2.644956111907959e-07
12.71	2.60770320892334e-07
12.72	2.5331974029541016e-07
12.73	2.4586915969848633e-07
12.74	2.4586915969848633e-07
12.75	2.4586915969848633e-07
12.76	2.384185791015625e-07
12.77	2.3096799850463867e-07
12.78	2.3096799850463867e-07
12.79	2.1979212760925293e-07
12.8	2.086162567138672e-07
12.81	2.086162567138672e-07
12.82	2.086162567138672e-07
12.83	2.0116567611694336e-07
12.84	2.0116567611694336e-07
12.85	2.0116567611694336e-07
12.86	2.0116567611694336e-07
12.87	1.9744038581848145e-07
12.88	1.9371509552001953e-07
12.89	1.9371509552001953e-07
12.9	1.862645149230957e-07
12.91	1.862645149230957e-07
12.92	1.862645149230957e-07
12.93	1.862645149230957e-07
12.94	1.862645149230957e-07
12.95	1.862645149230957e-07
12.96	1.862645149230957e-07
12.97	1.862645149230957e-07
12.98	1.862645149230957e-07
12.99	1.825392246246338e-07
13.0	1.7136335372924805e-07
13.01	1.7136335372924805e-07
13.02	1.7136335372924805e-07
13.03	1.6391277313232422e-07
13.04	1.6391277313232422e-07
13.05	1.6391277313232422e-07
13.06	1.564621925354004e-07
13.07	1.5273690223693848e-07
13.08	1.4901161193847656e-07
13.09	1.4156103134155273e-07
13.1	1.341104507446289e-07
13.11	1.341104507446289e-07
13.12	1.341104507446289e-07
13.13	1.2293457984924316e-07
13.14	1.1920928955078125e-07
13.15	1.1920928955078125e-07
13.16	1.043081283569336e-07
13.17	9.685754776000977e-08
13.18	8.940696716308594e-08
13.19	8.940696716308594e-08
13.2	7.82310962677002e-08
13.21	7.450580596923828e-08
13.22	7.450580596923828e-08
13.23	7.450580596923828e-08
13.24	7.450580596923828e-08
13.25	7.450580596923828e-08
13.26	7.450580596923828e-08
13.27	7.450580596923828e-08
13.28	7.450580596923828e-08
13.29	7.450580596923828e-08
13.3	7.450580596923828e-08
13.31	7.450580596923828e-08
13.32	7.450580596923828e-08
13.33	7.450580596923828e-08
13.34	7.450580596923828e-08
13.35	7.450580596923828e-08
13.36	7.450580596923828e-08
13.37	7.078051567077637e-08
13.38	6.705522537231445e-08
13.39	6.705522537231445e-08
13.4	6.705522537231445e-08
13.41	6.705522537231445e-08
13.42	6.705522537231445e-08
13.43	6.705522537231445e-08
13.44	6.705522537231445e-08
13.45	6.705522537231445e-08
13.46	6.705522537231445e-08
13.47	6.705522537231445e-08
13.48	6.705522537231445e-08
13.49	6.705522537231445e-08
13.5	6.705522537231445e-08
13.51	6.705522537231445e-08
13.52	6.705522537231445e-08
13.53	6.705522537231445e-08
13.54	5.960464477539063e-08
13.55	5.21540641784668e-08
13.56	5.21540641784668e-08
13.57	4.0978193283081055e-08
13.58	3.725290298461914e-08
13.59	3.725290298461914e-08
13.6	3.725290298461914e-08
13.61	3.725290298461914e-08
13.62	3.725290298461914e-08
13.63	3.725290298461914e-08
13.64	3.725290298461914e-08
13.65	3.725290298461914e-08
13.66	3.725290298461914e-08
13.67	3.725290298461914e-08
13.68	3.725290298461914e-08
13.69	3.725290298461914e-08
13.7	3.725290298461914e-08
13.71	3.725290298461914e-08
13.72	3.725290298461914e-08
13.73	3.725290298461914e-08
13.74	3.3527612686157227e-08
13.75	2.9802322387695312e-08
13.76	2.9802322387695312e-08
13.77	2.9802322387695312e-08
13.78	2.9802322387695312e-08
13.79	2.9802322387695312e-08
13.8	2.9802322387695312e-08
13.81	2.9802322387695312e-08
13.82	2.9802322387695312e-08
13.83	2.9802322387695312e-08
13.84	2.9802322387695312e-08
13.85	2.9802322387695312e-08
13.86	2.9802322387695312e-08
13.87	2.9802322387695312e-08
13.88	2.9802322387695312e-08
13.89	2.9802322387695312e-08
13.9	2.9802322387695312e-08
13.91	2.9802322387695312e-08
13.92	2.2351741790771484e-08
13.93	2.2351741790771484e-08
13.94	2.2351741790771484e-08
13.95	1.4901161193847656e-08
13.96	1.4901161193847656e-08
13.97	1.4901161193847656e-08
13.98	1.4901161193847656e-08
13.99	1.4901161193847656e-08
14.0	1.4901161193847656e-08
14.01	1.4901161193847656e-08
14.02	1.4901161193847656e-08
14.03	1.4901161193847656e-08
14.04	1.4901161193847656e-08
14.05	1.4901161193847656e-08
14.06	1.4901161193847656e-08
14.07	1.4901161193847656e-08
14.08	1.4901161193847656e-08
14.09	1.4901161193847656e-08
14.1	1.4901161193847656e-08
14.11	1.4901161193847656e-08
14.12	1.4901161193847656e-08
14.13	1.4901161193847656e-08
14.14	1.4901161193847656e-08
14.15	1.4901161193847656e-08
14.16	1.4901161193847656e-08
14.17	1.4901161193847656e-08
14.18	1.4901161193847656e-08
14.19	1.4901161193847656e-08
14.2	1.4901161193847656e-08
14.21	1.4901161193847656e-08
14.22	1.4901161193847656e-08
14.23	1.4901161193847656e-08
14.24	1.4901161193847656e-08
14.25	1.4901161193847656e-08
14.26	1.4901161193847656e-08
14.27	1.4901161193847656e-08
14.28	1.4901161193847656e-08
14.29	7.450580596923828e-09
14.3	7.450580596923828e-09
14.31	3.725290298461914e-09
14.32	0.0
