5.64	0.0005047321319580078
5.65	0.0004982948303222656
5.66	0.0004909038543701172
5.67	0.0004870891571044922
5.68	0.00048089027404785156
5.69	0.00047516822814941406
5.7	0.0004706382751464844
5.71	0.0004661083221435547
5.72	0.00046181678771972656
5.73	0.0004570484161376953
5.74	0.00045299530029296875
5.75	0.0004494190216064453
5.76	0.00044536590576171875
5.77	0.0004432201385498047
5.78	0.00043702125549316406
5.79	0.000431060791015625
5.8	0.0004241466522216797
5.81	0.0004189014434814453
5.82	0.0004127025604248047
5.83	0.00040984153747558594
5.84	0.0004050731658935547
5.85	0.0004012584686279297
5.86	0.00039839744567871094
5.87	0.0003933906555175781
5.88	0.0003895759582519531
5.89	0.0003845691680908203
5.9	0.00037932395935058594
5.91	0.0003719329833984375
5.92	0.0003681182861328125
5.93	0.0003662109375
5.94	0.000362396240234375
5.95	0.00035881996154785156
5.96	0.00035500526428222656
5.97	0.0003516674041748047
5.98	0.0003476142883300781
5.99	0.00034546852111816406
6.0	0.00033974647521972656
6.01	0.0003368854522705078
6.02	0.00033211708068847656
6.03	0.0003287792205810547
6.04	0.0003254413604736328
6.05	0.0003216266632080078
6.06	0.000316619873046875
6.07	0.00031256675720214844
6.08	0.0003104209899902344
6.09	0.0003058910369873047
6.1	0.0003032684326171875
6.11	0.0002970695495605469
6.12	0.0002942085266113281
6.13	0.00028824806213378906
6.14	0.00028514862060546875
6.15	0.00028014183044433594
6.16	0.0002758502960205078
6.17	0.00027108192443847656
6.18	0.0002675056457519531
6.19	0.0002636909484863281
6.2	0.0002613067626953125
6.21	0.00025653839111328125
6.22	0.00025463104248046875
6.23	0.0002512931823730469
6.24	0.00024890899658203125
6.25	0.00024628639221191406
6.26	0.0002448558807373047
6.27	0.00024127960205078125
6.28	0.00023627281188964844
6.29	0.00023365020751953125
6.3	0.00023055076599121094
6.31	0.00022721290588378906
6.32	0.00022554397583007812
6.33	0.00022411346435546875
6.34	0.0002231597900390625
6.35	0.00022149085998535156
6.36	0.00021886825561523438
6.37	0.00021648406982421875
6.38	0.0002117156982421875
6.39	0.00020885467529296875
6.4	0.0002052783966064453
6.41	0.00020432472229003906
6.42	0.000202178955078125
6.43	0.0002002716064453125
6.44	0.00019860267639160156
6.45	0.00019693374633789062
6.46	0.00019407272338867188
6.47	0.00019073486328125
6.48	0.0001881122589111328
6.49	0.000186920166015625
6.5	0.0001838207244873047
6.51	0.00018286705017089844
6.52	0.00018095970153808594
6.53	0.00017952919006347656
6.54	0.00017762184143066406
6.55	0.00017595291137695312
6.56	0.00017380714416503906
6.57	0.00017213821411132812
6.58	0.0001704692840576172
6.59	0.0001690387725830078
6.6	0.00016570091247558594
6.61	0.0001633167266845703
6.62	0.00016021728515625
6.63	0.00015854835510253906
6.64	0.00015592575073242188
6.65	0.00015497207641601562
6.66	0.00015234947204589844
6.67	0.0001506805419921875
6.68	0.000148773193359375
6.69	0.00014662742614746094
6.7	0.0001437664031982422
6.71	0.00014019012451171875
6.72	0.00013828277587890625
6.73	0.00013518333435058594
6.74	0.000133514404296875
6.75	0.00013065338134765625
6.76	0.00012874603271484375
6.77	0.0001266002655029297
6.78	0.00012564659118652344
6.79	0.00012421607971191406
6.8	0.00012350082397460938
6.81	0.00012230873107910156
6.82	0.00012087821960449219
6.83	0.00011873245239257812
6.84	0.00011682510375976562
6.85	0.00011515617370605469
6.86	0.00011348724365234375
6.87	0.00011086463928222656
6.88	0.00010967254638671875
6.89	0.0001087188720703125
6.9	0.00010800361633300781
6.91	0.00010728836059570312
6.92	0.00010609626770019531
6.93	0.00010466575622558594
6.94	0.00010323524475097656
6.95	0.00010156631469726562
6.96	0.00010061264038085938
6.97	9.870529174804688e-05
6.98	9.751319885253906e-05
6.99	9.655952453613281e-05
7.0	9.584426879882812e-05
7.01	9.489059448242188e-05
7.02	9.34600830078125e-05
7.03	9.250640869140625e-05
7.04	9.083747863769531e-05
7.05	8.96453857421875e-05
7.06	8.893013000488281e-05
7.07	8.7738037109375e-05
7.08	8.630752563476562e-05
7.09	8.58306884765625e-05
7.1	8.416175842285156e-05
7.11	8.392333984375e-05
7.12	8.273124694824219e-05
7.13	8.177757263183594e-05
7.14	8.058547973632812e-05
7.15	7.963180541992188e-05
7.16	7.843971252441406e-05
7.17	7.748603820800781e-05
7.18	7.557868957519531e-05
7.19	7.43865966796875e-05
7.2	7.295608520507812e-05
7.21	7.224082946777344e-05
7.22	7.104873657226562e-05
7.23	7.033348083496094e-05
7.24	6.937980651855469e-05
7.25	6.818771362304688e-05
7.26	6.747245788574219e-05
7.27	6.651878356933594e-05
7.28	6.532669067382812e-05
7.29	6.437301635742188e-05
7.3	6.29425048828125e-05
7.31	6.127357482910156e-05
7.32	6.031990051269531e-05
7.33	5.9604644775390625e-05
7.34	5.8650970458984375e-05
7.35	5.745887756347656e-05
7.36	5.698204040527344e-05
7.37	5.650520324707031e-05
7.38	5.650520324707031e-05
7.39	5.602836608886719e-05
7.4	5.5789947509765625e-05
7.41	5.412101745605469e-05
7.42	5.364418029785156e-05
7.43	5.1975250244140625e-05
7.44	5.125999450683594e-05
7.45	5.0067901611328125e-05
7.46	4.9591064453125e-05
7.47	4.9114227294921875e-05
7.48	4.863739013671875e-05
7.49	4.839897155761719e-05
7.5	4.792213439941406e-05
7.51	4.673004150390625e-05
7.52	4.601478576660156e-05
7.53	4.482269287109375e-05
7.54	4.458427429199219e-05
7.55	4.410743713378906e-05
7.56	4.3392181396484375e-05
7.57	4.267692565917969e-05
7.58	4.267692565917969e-05
7.59	4.1961669921875e-05
7.6	4.172325134277344e-05
7.61	4.0531158447265625e-05
7.62	4.00543212890625e-05
7.63	3.933906555175781e-05
7.64	3.886222839355469e-05
7.65	3.8623809814453125e-05
7.66	3.838539123535156e-05
7.67	3.790855407714844e-05
7.68	3.743171691894531e-05
7.69	3.695487976074219e-05
7.7	3.600120544433594e-05
7.71	3.5762786865234375e-05
7.72	3.4809112548828125e-05
7.73	3.457069396972656e-05
7.74	3.337860107421875e-05
7.75	3.314018249511719e-05
7.76	3.24249267578125e-05
7.77	3.170967102050781e-05
7.78	3.0994415283203125e-05
7.79	3.0040740966796875e-05
7.8	2.9087066650390625e-05
7.81	2.86102294921875e-05
7.82	2.7894973754882812e-05
7.83	2.7418136596679688e-05
7.84	2.6702880859375e-05
7.85	2.6226043701171875e-05
7.86	2.5510787963867188e-05
7.87	2.5272369384765625e-05
7.88	2.4557113647460938e-05
7.89	2.4080276489257812e-05
7.9	2.3603439331054688e-05
7.91	2.2649765014648438e-05
7.92	2.2411346435546875e-05
7.93	2.2172927856445312e-05
7.94	2.1696090698242188e-05
7.95	2.1457672119140625e-05
7.96	2.1219253540039062e-05
7.97	2.1219253540039062e-05
7.98	2.09808349609375e-05
7.99	2.0742416381835938e-05
8.0	2.0265579223632812e-05
8.01	1.9550323486328125e-05
8.02	1.9311904907226562e-05
8.03	1.8596649169921875e-05
8.04	1.811981201171875e-05
8.05	1.811981201171875e-05
8.06	1.7881393432617188e-05
8.07	1.7881393432617188e-05
8.08	1.7642974853515625e-05
8.09	1.7642974853515625e-05
8.1	1.7642974853515625e-05
8.11	1.71661376953125e-05
8.12	1.6927719116210938e-05
8.13	1.6689300537109375e-05
8.14	1.6689300537109375e-05
8.15	1.6689300537109375e-05
8.16	1.6450881958007812e-05
8.17	1.621246337890625e-05
8.18	1.621246337890625e-05
8.19	1.621246337890625e-05
8.2	1.621246337890625e-05
8.21	1.5974044799804688e-05
8.22	1.5974044799804688e-05
8.23	1.5497207641601562e-05
8.24	1.52587890625e-05
8.25	1.5020370483398438e-05
8.26	1.4781951904296875e-05
8.27	1.4543533325195312e-05
8.28	1.4543533325195312e-05
8.29	1.430511474609375e-05
8.3	1.4066696166992188e-05
8.31	1.3828277587890625e-05
8.32	1.3113021850585938e-05
8.33	1.3113021850585938e-05
8.34	1.239776611328125e-05
8.35	1.2159347534179688e-05
8.36	1.1444091796875e-05
8.37	1.1205673217773438e-05
8.38	1.049041748046875e-05
8.39	1.049041748046875e-05
8.4	1.0013580322265625e-05
8.41	1.0013580322265625e-05
8.42	9.5367431640625e-06
8.43	9.5367431640625e-06
8.44	9.059906005859375e-06
8.45	8.821487426757812e-06
8.46	8.58306884765625e-06
8.47	8.344650268554688e-06
8.48	7.867813110351562e-06
8.49	7.3909759521484375e-06
8.5	7.152557373046875e-06
8.51	6.9141387939453125e-06
8.52	6.67572021484375e-06
8.53	6.67572021484375e-06
8.54	6.67572021484375e-06
8.55	6.67572021484375e-06
8.56	6.67572021484375e-06
8.57	6.67572021484375e-06
8.58	6.4373016357421875e-06
8.59	5.9604644775390625e-06
8.6	5.4836273193359375e-06
8.61	5.245208740234375e-06
8.62	5.245208740234375e-06
8.63	5.245208740234375e-06
8.64	5.245208740234375e-06
8.65	5.245208740234375e-06
8.66	5.245208740234375e-06
8.67	5.245208740234375e-06
8.68	5.245208740234375e-06
8.69	5.245208740234375e-06
8.7	5.245208740234375e-06
8.71	5.245208740234375e-06
8.72	5.245208740234375e-06
8.73	5.245208740234375e-06
8.74	5.245208740234375e-06
8.75	5.245208740234375e-06
8.76	5.245208740234375e-06
8.77	5.245208740234375e-06
8.78	5.245208740234375e-06
8.79	5.245208740234375e-06
8.8	5.245208740234375e-06
8.81	5.0067901611328125e-06
8.82	5.0067901611328125e-06
8.83	4.76837158203125e-06
8.84	4.76837158203125e-06
8.85	4.76837158203125e-06
8.86	4.76837158203125e-06
8.87	4.76837158203125e-06
8.88	4.76837158203125e-06
8.89	4.76837158203125e-06
8.9	4.76837158203125e-06
8.91	4.5299530029296875e-06
8.92	4.291534423828125e-06
8.93	4.0531158447265625e-06
8.94	3.814697265625e-06
8.95	3.814697265625e-06
8.96	3.814697265625e-06
8.97	3.814697265625e-06
8.98	3.814697265625e-06
8.99	3.814697265625e-06
9.0	3.814697265625e-06
9.01	3.814697265625e-06
9.02	3.5762786865234375e-06
9.03	3.5762786865234375e-06
9.04	3.0994415283203125e-06
9.05	2.86102294921875e-06
9.06	2.6226043701171875e-06
9.07	2.384185791015625e-06
9.08	2.1457672119140625e-06
9.09	2.1457672119140625e-06
9.1	2.1457672119140625e-06
9.11	2.1457672119140625e-06
9.12	2.1457672119140625e-06
9.13	1.9073486328125e-06
9.14	1.9073486328125e-06
9.15	1.6689300537109375e-06
9.16	1.430511474609375e-06
9.17	9.5367431640625e-07
9.18	9.5367431640625e-07
9.19	9.5367431640625e-07
9.2	9.5367431640625e-07
9.21	9.5367431640625e-07
9.22	9.5367431640625e-07
9.23	9.5367431640625e-07
9.24	9.5367431640625e-07
9.25	9.5367431640625e-07
9.26	9.5367431640625e-07
9.27	9.5367431640625e-07
9.28	9.5367431640625e-07
9.29	9.5367431640625e-07
9.3	9.5367431640625e-07
9.31	9.5367431640625e-07
9.32	9.5367431640625e-07
9.33	9.5367431640625e-07
9.34	9.5367431640625e-07
9.35	9.5367431640625e-07
9.36	9.5367431640625e-07
9.37	9.5367431640625e-07
9.38	9.5367431640625e-07
9.39	9.5367431640625e-07
9.4	9.5367431640625e-07
9.41	9.5367431640625e-07
9.42	9.5367431640625e-07
9.43	9.5367431640625e-07
9.44	9.5367431640625e-07
9.45	9.5367431640625e-07
9.46	9.5367431640625e-07
9.47	9.5367431640625e-07
9.48	9.5367431640625e-07
9.49	9.5367431640625e-07
9.5	9.5367431640625e-07
9.51	9.5367431640625e-07
9.52	9.5367431640625e-07
9.53	9.5367431640625e-07
9.54	9.5367431640625e-07
9.55	9.5367431640625e-07
9.56	9.5367431640625e-07
9.57	9.5367431640625e-07
9.58	9.5367431640625e-07
9.59	9.5367431640625e-07
9.6	9.5367431640625e-07
9.61	9.5367431640625e-07
9.62	7.152557373046875e-07
9.63	7.152557373046875e-07
9.64	4.76837158203125e-07
9.65	4.76837158203125e-07
9.66	4.76837158203125e-07
9.67	4.76837158203125e-07
9.68	4.76837158203125e-07
9.69	4.76837158203125e-07
9.7	4.76837158203125e-07
9.71	4.76837158203125e-07
9.72	2.384185791015625e-07
9.73	0.0
