5.64	0.00054931640625
5.65	0.00048828125
5.66	0.00048828125
5.67	0.00048828125
5.68	0.00048828125
5.69	0.00048828125
5.7	0.00048828125
5.71	0.00048828125
5.72	0.00042724609375
5.73	0.0003662109375
5.74	0.0003662109375
5.75	0.0003662109375
5.76	0.0003662109375
5.77	0.0003662109375
5.78	0.0003662109375
5.79	0.0003662109375
5.8	0.0003662109375
5.81	0.0003662109375
5.82	0.0003662109375
5.83	0.0003662109375
5.84	0.0003662109375
5.85	0.0003662109375
5.86	0.0003662109375
5.87	0.0003662109375
5.88	0.0003662109375
5.89	0.0003662109375
5.9	0.0003662109375
5.91	0.0003662109375
5.92	0.0003662109375
5.93	0.0003662109375
5.94	0.0003662109375
5.95	0.0003662109375
5.96	0.0003662109375
5.97	0.0003662109375
5.98	0.0003662109375
5.99	0.0003662109375
6.0	0.0003662109375
6.01	0.0003662109375
6.02	0.0003662109375
6.03	0.0003662109375
6.04	0.0003662109375
6.05	0.0003662109375
6.06	0.0003662109375
6.07	0.0003662109375
6.08	0.0003662109375
6.09	0.0003662109375
6.1	0.0003662109375
6.11	0.0003662109375
6.12	0.0003662109375
6.13	0.0003662109375
6.14	0.0003662109375
6.15	0.0003662109375
6.16	0.0003662109375
6.17	0.0003662109375
6.18	0.0003662109375
6.19	0.0003662109375
6.2	0.0003662109375
6.21	0.0003662109375
6.22	0.0003662109375
6.23	0.0003662109375
6.24	0.0003662109375
6.25	0.0003662109375
6.26	0.0003662109375
6.27	0.0003662109375
6.28	0.0003662109375
6.29	0.0003662109375
6.3	0.0003662109375
6.31	0.0003662109375
6.32	0.0003662109375
6.33	0.0003662109375
6.34	0.0003662109375
6.35	0.0003662109375
6.36	0.0003662109375
6.37	0.0003662109375
6.38	0.0003662109375
6.39	0.0003662109375
6.4	0.0003662109375
6.41	0.0003662109375
6.42	0.0003662109375
6.43	0.0003662109375
6.44	0.0003662109375
6.45	0.0003662109375
6.46	0.0003662109375
6.47	0.0003662109375
6.48	0.0003662109375
6.49	0.0003662109375
6.5	0.0003662109375
6.51	0.0003662109375
6.52	0.0003662109375
6.53	0.0003662109375
6.54	0.0003662109375
6.55	0.0003662109375
6.56	0.0003662109375
6.57	0.00030517578125
6.58	0.00030517578125
6.59	0.00030517578125
6.6	0.00030517578125
6.61	0.00030517578125
6.62	0.00030517578125
6.63	0.00030517578125
6.64	0.00030517578125
6.65	0.00030517578125
6.66	0.00030517578125
6.67	0.00030517578125
6.68	0.00030517578125
6.69	0.000244140625
6.7	0.000244140625
6.71	0.000244140625
6.72	0.000244140625
6.73	0.000244140625
6.74	0.000244140625
6.75	0.000244140625
6.76	0.000244140625
6.77	0.000244140625
6.78	0.000244140625
6.79	0.000244140625
6.8	0.000244140625
6.81	0.00018310546875
6.82	0.00018310546875
6.83	0.00018310546875
6.84	0.00018310546875
6.85	0.00018310546875
6.86	0.00018310546875
6.87	0.00018310546875
6.88	0.00018310546875
6.89	0.00018310546875
6.9	0.00018310546875
6.91	0.00018310546875
6.92	0.00018310546875
6.93	0.0001220703125
6.94	0.0001220703125
6.95	0.0001220703125
6.96	0.0001220703125
6.97	0.0001220703125
6.98	0.0001220703125
6.99	0.0001220703125
7.0	0.0001220703125
7.01	0.0001220703125
7.02	0.0001220703125
7.03	0.0001220703125
7.04	0.0001220703125
7.05	6.103515625e-05
7.06	6.103515625e-05
7.07	6.103515625e-05
7.08	6.103515625e-05
7.09	6.103515625e-05
7.1	6.103515625e-05
7.11	6.103515625e-05
7.12	6.103515625e-05
7.13	6.103515625e-05
7.14	6.103515625e-05
7.15	6.103515625e-05
7.16	6.103515625e-05
7.17	0.0
