3.83	0.0005010980676161125
3.84	0.0004980343219358474
3.85	0.000495041414978914
3.86	0.0004920563515042886
3.87	0.0004890848504146561
3.88	0.00048615508421789855
3.89	0.0004832074191654101
3.9	0.0004802698385901749
3.91	0.0004773223045049235
3.92	0.00047442145296372473
3.93	0.00047158858797047287
3.94	0.00046868243953213096
3.95	0.00046582995855715126
3.96	0.00046300343819893897
3.97	0.0004602053522830829
3.98	0.0004573514743242413
3.99	0.0004545546689769253
4.0	0.000451812069513835
4.01	0.0004490221035666764
4.02	0.00044628306932281703
4.03	0.00044359301682561636
4.04	0.00044085882836952806
4.05	0.0004381701728561893
4.06	0.0004354644479462877
4.07	0.0004328037175582722
4.08	0.0004301945009501651
4.09	0.00042755683534778655
4.1	0.00042491780186537653
4.11	0.00042232459236402065
4.12	0.00041974302439484745
4.13	0.0004171493201283738
4.14	0.0004145495331613347
4.15	0.00041204523586202413
4.16	0.0004095080366823822
4.17	0.00040694304334465414
4.18	0.00040445000922773033
4.19	0.00040190758591052145
4.2	0.0003994805447291583
4.21	0.00039699437911622226
4.22	0.00039453156932722777
4.23	0.0003920820163330063
4.24	0.00038970066816546023
4.25	0.00038728192157577723
4.26	0.00038488929567392915
4.27	0.00038252676313277334
4.28	0.00038017269980628043
4.29	0.00037778340629301965
4.3	0.00037547171814367175
4.31	0.00037314556539058685
4.32	0.00037083459028508514
4.33	0.00036853921483270824
4.34	0.0003662226372398436
4.35	0.0003639572678366676
4.36	0.0003616752219386399
4.37	0.00035941075475420803
4.38	0.00035721377935260534
4.39	0.00035496694908943027
4.4	0.0003527364751789719
4.41	0.00035050381848122925
4.42	0.00034831509401556104
4.43	0.00034612473973538727
4.44	0.00034394637623336166
4.45	0.0003418069245526567
4.46	0.0003396746760699898
4.47	0.0003375457163201645
4.48	0.00033539155265316367
4.49	0.00033327992423437536
4.5	0.00033123196044471115
4.51	0.0003291497123427689
4.52	0.00032708037178963423
4.53	0.00032503796683158726
4.54	0.0003229650465073064
4.55	0.0003209770657122135
4.56	0.0003189431154169142
4.57	0.00031695570214651525
4.58	0.0003149670665152371
4.59	0.0003129662509309128
4.6	0.00031100516207516193
4.61	0.0003090550017077476
4.62	0.0003071149840252474
4.63	0.0003051623934879899
4.64	0.00030322126985993236
4.65	0.0003013257519342005
4.66	0.00029939964588265866
4.67	0.0002975051902467385
4.68	0.0002956087118946016
4.69	0.00029371530399657786
4.7	0.0002918896061601117
4.71	0.0002900025574490428
4.72	0.0002881523541873321
4.73	0.0002863243571482599
4.74	0.00028451060643419623
4.75	0.00028273556381464005
4.76	0.00028091583226341754
4.77	0.0002791276929201558
4.78	0.0002773515443550423
4.79	0.0002755824680207297
4.8	0.00027381558902561665
4.81	0.0002720764168770984
4.82	0.00027035671519115567
4.83	0.00026861579681281
4.84	0.00026688053912948817
4.85	0.0002651922550285235
4.86	0.0002634677803143859
4.87	0.0002618031430756673
4.88	0.00026011055160779506
4.89	0.00025841860042419285
4.9	0.00025677401572465897
4.91	0.0002550945500843227
4.92	0.0002534667291911319
4.93	0.00025182499666698277
4.94	0.0002502090501366183
4.95	0.00024859448603820056
4.96	0.0002469821920385584
4.97	0.0002454170607961714
4.98	0.00024381336697842926
4.99	0.0002422561519779265
5.0	0.0002407190331723541
5.01	0.0002391384623479098
5.02	0.00023763005447108299
5.03	0.00023608525225427002
5.04	0.00023455188784282655
5.05	0.000233065482461825
5.06	0.0002315525198355317
5.07	0.00023004162358120084
5.08	0.00022855673159938306
5.09	0.0002270631812280044
5.1	0.00022560918296221644
5.11	0.0002241274924017489
5.12	0.00022270680346991867
5.13	0.0002212402323493734
5.14	0.00021978201402816921
5.15	0.0002183481410611421
5.16	0.00021691595611628145
5.17	0.00021551517420448363
5.18	0.00021408009342849255
5.19	0.00021268081036396325
5.2	0.000211304024560377
5.21	0.00020990452321711928
5.22	0.00020854266767855734
5.23	0.0002071515191346407
5.24	0.00020580457930918783
5.25	0.0002044608409050852
5.26	0.00020310924446675926
5.27	0.00020177983969915658
5.28	0.00020046922145411372
5.29	0.00019916151359211653
5.3	0.0001978422369575128
5.31	0.00019655608048196882
5.32	0.0001952664606506005
5.33	0.00019397087453398854
5.34	0.0001927158300532028
5.35	0.0001914384338306263
5.36	0.0001901608338812366
5.37	0.00018893793458119035
5.38	0.0001876799506135285
5.39	0.00018644155352376401
5.4	0.00018521469610277563
5.41	0.0001839694014051929
5.42	0.0001827520172810182
5.43	0.00018155109137296677
5.44	0.00018034032837022096
5.45	0.0001791610848158598
5.46	0.0001779692101990804
5.47	0.00017680901510175318
5.48	0.0001756082201609388
5.49	0.00017447092977818102
5.5	0.00017331790877506137
5.51	0.00017216936976183206
5.52	0.00017101761477533728
5.53	0.00016987031267490238
5.54	0.00016877258894965053
5.55	0.00016764341853559017
5.56	0.00016651542682666332
5.57	0.0001654059742577374
5.58	0.0001642917632125318
5.59	0.0001631966297281906
5.6	0.00016210332978516817
5.61	0.00016100237553473562
5.62	0.00015993477427400649
5.63	0.00015885787433944643
5.64	0.0001577764778630808
5.65	0.00015672830340918154
5.66	0.00015567713126074523
5.67	0.00015461577277164906
5.68	0.0001535649789730087
5.69	0.00015254633035510778
5.7	0.00015152936975937337
5.71	0.00015049152716528624
5.72	0.00014949367323424667
5.73	0.00014845585974399
5.74	0.00014748079411219805
5.75	0.00014648051001131535
5.76	0.00014549653860740364
5.77	0.00014452540199272335
5.78	0.00014355164603330195
5.79	0.0001425764203304425
5.8	0.00014161167200654745
5.81	0.00014065607683733106
5.82	0.0001397099404130131
5.83	0.0001387430529575795
5.84	0.00013783160829916596
5.85	0.0001368926023133099
5.86	0.00013596033386420459
5.87	0.0001350425445707515
5.88	0.00013410250539891422
5.89	0.00013319688150659204
5.9	0.00013228310854174197
5.91	0.00013138529902789742
5.92	0.00013050132838543504
5.93	0.00012961053289473057
5.94	0.00012870588398072869
5.95	0.00012782856356352568
5.96	0.00012695651093963534
5.97	0.0001260914868908003
5.98	0.00012521301687229425
5.99	0.00012436872930265963
6.0	0.00012351208715699613
6.01	0.00012267286365386099
6.02	0.00012183254875708371
6.03	0.00012098331353627145
6.04	0.00012016732944175601
6.05	0.00011932903726119548
6.06	0.00011848911526612937
6.07	0.00011768736294470727
6.08	0.00011686523794196546
6.09	0.00011606821499299258
6.1	0.00011525140143930912
6.11	0.00011446530697867274
6.12	0.00011366326361894608
6.13	0.00011287401139270514
6.14	0.0001120836241170764
6.15	0.00011130477651022375
6.16	0.00011054852802772075
6.17	0.00010979048965964466
6.18	0.00010901896166615188
6.19	0.00010827161895576864
6.2	0.00010751695663202554
6.21	0.00010677301906980574
6.22	0.0001060396753018722
6.23	0.00010529527207836509
6.24	0.00010458998440299183
6.25	0.00010385371570009738
6.26	0.00010312798258382827
6.27	0.00010241700510960072
6.28	0.00010170626046601683
6.29	0.00010099147038999945
6.3	0.00010027176176663488
6.31	9.957293514162302e-05
6.32	9.888109343592077e-05
6.33	9.818014223128557e-05
6.34	9.750427852850407e-05
6.35	9.681045776233077e-05
6.36	9.613428846932948e-05
6.37	9.544836939312518e-05
6.38	9.47728258324787e-05
6.39	9.411571954842657e-05
6.4	9.344663703814149e-05
6.41	9.2796326498501e-05
6.42	9.214304736815393e-05
6.43	9.148387471213937e-05
6.44	9.08466026885435e-05
6.45	9.019620483741164e-05
6.46	8.956226520240307e-05
6.47	8.892496407497674e-05
6.48	8.830774459056556e-05
6.49	8.76790436450392e-05
6.5	8.706077642273158e-05
6.51	8.645029447507113e-05
6.52	8.582697773817927e-05
6.53	8.520907431375235e-05
6.54	8.462104597128928e-05
6.55	8.402040111832321e-05
6.56	8.343262015841901e-05
6.57	8.283145143650472e-05
6.58	8.223317854572088e-05
6.59	8.166387851815671e-05
6.6	8.106777386274189e-05
6.61	8.049556345213205e-05
6.62	7.992166501935571e-05
6.63	7.935926259960979e-05
6.64	7.87825119914487e-05
6.65	7.822236511856318e-05
6.66	7.768069917801768e-05
6.67	7.712097431067377e-05
6.68	7.65684962971136e-05
6.69	7.6027397881262e-05
6.7	7.547435234300792e-05
6.71	7.495348108932376e-05
6.72	7.442213245667517e-05
6.73	7.388310041278601e-05
6.74	7.335894042626023e-05
6.75	7.282894512172788e-05
6.76	7.230298069771379e-05
6.77	7.17791699571535e-05
6.78	7.126136915758252e-05
6.79	7.075617031659931e-05
6.8	7.023614307399839e-05
6.81	6.97263894835487e-05
6.82	6.922235479578376e-05
6.83	6.871920777484775e-05
6.84	6.820606358814985e-05
6.85	6.77212665323168e-05
6.86	6.723286060150713e-05
6.87	6.67363201500848e-05
6.88	6.625652895309031e-05
6.89	6.578367901965976e-05
6.9	6.530326209031045e-05
6.91	6.483163451775908e-05
6.92	6.436616240534931e-05
6.93	6.389370537362993e-05
6.94	6.344013672787696e-05
6.95	6.297387881204486e-05
6.96	6.252412276808172e-05
6.97	6.206879334058613e-05
6.98	6.1626938986592e-05
6.99	6.117737211752683e-05
7.0	6.072747055441141e-05
7.01	6.0289952671155334e-05
7.02	5.984323797747493e-05
7.03	5.9412981499917805e-05
7.04	5.898023664485663e-05
7.05	5.8547419030219316e-05
7.06	5.812452582176775e-05
7.07	5.7689467212185264e-05
7.08	5.7269338867627084e-05
7.09	5.685827636625618e-05
7.1	5.6433171266689897e-05
7.11	5.601890734396875e-05
7.12	5.560294084716588e-05
7.13	5.520174454431981e-05
7.14	5.4796983022242785e-05
7.15	5.4392992751672864e-05
7.16	5.3998519433662295e-05
7.17	5.3593365009874105e-05
7.18	5.318807961884886e-05
7.19	5.2797768148593605e-05
7.2	5.2418443374335766e-05
7.21	5.203390901442617e-05
7.22	5.164722097106278e-05
7.23	5.1270893891341984e-05
7.24	5.088350735604763e-05
7.25	5.050092295277864e-05
7.26	5.01367321703583e-05
7.27	4.976475611329079e-05
7.28	4.9393740482628345e-05
7.29	4.902872024103999e-05
7.3	4.865540540777147e-05
7.31	4.829798126593232e-05
7.32	4.793284460902214e-05
7.33	4.757661372423172e-05
7.34	4.7219698899425566e-05
7.35	4.6864442992955446e-05
7.36	4.6515517169609666e-05
7.37	4.616005753632635e-05
7.38	4.582724068313837e-05
7.39	4.548508150037378e-05
7.4	4.514180182013661e-05
7.41	4.480745701584965e-05
7.42	4.446999810170382e-05
7.43	4.41432639490813e-05
7.44	4.3818174162879586e-05
7.45	4.3488151277415454e-05
7.46	4.316910053603351e-05
7.47	4.2845364077948034e-05
7.48	4.252463986631483e-05
7.49	4.2202911572530866e-05
7.5	4.188808088656515e-05
7.51	4.157137300353497e-05
7.52	4.1256455006077886e-05
7.53	4.0954124415293336e-05
7.54	4.064019594807178e-05
7.55	4.0327286114916205e-05
7.56	4.0024257032200694e-05
7.57	3.971671685576439e-05
7.58	3.9418067899532616e-05
7.59	3.9123042370192707e-05
7.6	3.881739394273609e-05
7.61	3.8528727600350976e-05
7.62	3.8233003579080105e-05
7.63	3.7945719668641686e-05
7.64	3.765217843465507e-05
7.65	3.736386133823544e-05
7.66	3.7079749745316803e-05
7.67	3.679588553495705e-05
7.68	3.651341830845922e-05
7.69	3.623304655775428e-05
7.7	3.596271562855691e-05
7.71	3.568842657841742e-05
7.72	3.540444595273584e-05
7.73	3.5142264096066356e-05
7.74	3.486590867396444e-05
7.75	3.460039442870766e-05
7.76	3.434286918491125e-05
7.77	3.407691838219762e-05
7.78	3.3816584618762136e-05
7.79	3.3557837014086545e-05
7.8	3.3296411857008934e-05
7.81	3.304464917164296e-05
7.82	3.2791620469652116e-05
7.83	3.25354776578024e-05
7.84	3.228455898351967e-05
7.85	3.204202221240848e-05
7.86	3.179516352247447e-05
7.87	3.154539444949478e-05
7.88	3.131017729174346e-05
7.89	3.105921496171504e-05
7.9	3.082175680901855e-05
7.91	3.0583905754610896e-05
7.92	3.0346636776812375e-05
7.93	3.0118084396235645e-05
7.94	2.988324558828026e-05
7.95	2.96497019007802e-05
7.96	2.9417918995022774e-05
7.97	2.918709651567042e-05
7.98	2.896459773182869e-05
7.99	2.8732232749462128e-05
8.0	2.850881719496101e-05
8.01	2.828759897965938e-05
8.02	2.8067355742678046e-05
8.03	2.784145181067288e-05
8.04	2.7622925699688494e-05
8.05	2.7407819288782775e-05
8.06	2.718786709010601e-05
8.07	2.6972469640895724e-05
8.08	2.676801523193717e-05
8.09	2.6552501367405057e-05
8.1	2.6346140657551587e-05
8.11	2.613644755911082e-05
8.12	2.5929068215191364e-05
8.13	2.57304054684937e-05
8.14	2.5528177502565086e-05
8.15	2.5325236492790282e-05
8.16	2.5128349079750478e-05
8.17	2.4931374355219305e-05
8.18	2.4734297767281532e-05
8.19	2.4535213015042245e-05
8.2	2.4347042199224234e-05
8.21	2.4151915567927063e-05
8.22	2.3957196390256286e-05
8.23	2.3771353880874813e-05
8.24	2.3576358216814697e-05
8.25	2.3395754396915436e-05
8.26	2.3207481717690825e-05
8.27	2.3022148525342345e-05
8.28	2.284318907186389e-05
8.29	2.265918010380119e-05
8.3	2.2479609469883144e-05
8.31	2.2302352590486407e-05
8.32	2.212697290815413e-05
8.33	2.195232082158327e-05
8.34	2.1773637854494154e-05
8.35	2.1602390916086733e-05
8.36	2.143044548574835e-05
8.37	2.1258412743918598e-05
8.38	2.108776243403554e-05
8.39	2.0917635993100703e-05
8.4	2.0752748241648078e-05
8.41	2.0583276636898518e-05
8.42	2.0413528545759618e-05
8.43	2.0255567505955696e-05
8.44	2.009051968343556e-05
8.45	1.992531178984791e-05
8.46	1.9760598661378026e-05
8.47	1.9602099200710654e-05
8.48	1.9445185898803174e-05
8.49	1.9288272596895695e-05
8.5	1.9131708540953696e-05
8.51	1.8976046703755856e-05
8.52	1.8823062418960035e-05
8.53	1.8666250980459154e-05
8.54	1.851320848800242e-05
8.55	1.836866431403905e-05
8.56	1.8220074707642198e-05
8.57	1.8070670193992555e-05
8.58	1.792691182345152e-05
8.59	1.7775892047211528e-05
8.6	1.7638711142353714e-05
8.61	1.7492813640274107e-05
8.62	1.735282421577722e-05
8.63	1.7215570551343262e-05
8.64	1.707355841062963e-05
8.65	1.6937658074311912e-05
8.66	1.6801379388198256e-05
8.67	1.666546449996531e-05
8.68	1.6530771972611547e-05
8.69	1.639424590393901e-05
8.7	1.626112498342991e-05
8.71	1.6124729881994426e-05
8.72	1.5993573470041156e-05
8.73	1.5861456631682813e-05
8.74	1.573139161337167e-05
8.75	1.5604309737682343e-05
8.76	1.547050487715751e-05
8.77	1.5340658137574792e-05
8.78	1.5216835890896618e-05
8.79	1.5089928638190031e-05
8.8	1.49712577695027e-05
8.81	1.484312815591693e-05
8.82	1.4721110346727073e-05
8.83	1.4600183931179345e-05
8.84	1.4477642253041267e-05
8.85	1.4359058695845306e-05
8.86	1.4242061297409236e-05
8.87	1.4125180314294994e-05
8.88	1.4004937838762999e-05
8.89	1.3888318790122867e-05
8.9	1.3774581020697951e-05
8.91	1.3657729141414165e-05
8.92	1.3546334230341017e-05
8.93	1.3433018466457725e-05
8.94	1.3318538549356163e-05
8.95	1.321003946941346e-05
8.96	1.3093784218654037e-05
8.97	1.2988006346859038e-05
8.98	1.2878997949883342e-05
8.99	1.2770979083143175e-05
9.0	1.2663338566198945e-05
9.01	1.2557720765471458e-05
9.02	1.2455871910788119e-05
9.03	1.2351738405413926e-05
9.04	1.2247139238752425e-05
9.05	1.214792428072542e-05
9.06	1.2042408343404531e-05
9.07	1.1946627637371421e-05
9.08	1.1846816050820053e-05
9.09	1.1746262316592038e-05
9.1	1.165321737062186e-05
9.11	1.1552299838513136e-05
9.12	1.1454976629465818e-05
9.13	1.135855563916266e-05
9.14	1.1262294719927013e-05
9.15	1.1170050129294395e-05
9.16	1.1074749636463821e-05
9.17	1.0984338587149978e-05
9.18	1.0891060810536146e-05
9.19	1.079532376024872e-05
9.2	1.0705043678171933e-05
9.21	1.0611285688355565e-05
9.22	1.052427978720516e-05
9.23	1.0430696420371532e-05
9.24	1.0342744644731283e-05
9.25	1.0254661901853979e-05
9.26	1.0163072147406638e-05
9.27	1.0079005733132362e-05
9.28	9.991315891966224e-06
9.29	9.904455509968102e-06
9.3	9.820549166761339e-06
9.31	9.734343620948493e-06
9.32	9.65337676461786e-06
9.33	9.572337148711085e-06
9.34	9.489813237451017e-06
9.35	9.409515769220889e-06
9.36	9.330338798463345e-06
9.37	9.250754374079406e-06
9.38	9.170660632662475e-06
9.39	9.09630034584552e-06
9.4	9.018258424475789e-06
9.41	8.938048267737031e-06
9.42	8.865768904797733e-06
9.43	8.787246770225465e-06
9.44	8.712479029782116e-06
9.45	8.639355655759573e-06
9.46	8.560382411815226e-06
9.47	8.488772436976433e-06
9.48	8.415954653173685e-06
9.49	8.34293314255774e-06
9.5	8.2726328400895e-06
9.51	8.198738214559853e-06
9.52	8.130125934258103e-06
9.53	8.058486855588853e-06
9.54	7.990471203811467e-06
9.55	7.923023076727986e-06
9.56	7.853552233427763e-06
9.57	7.785492925904691e-06
9.58	7.71555642131716e-06
9.59	7.651455234736204e-06
9.6	7.584560080431402e-06
9.61	7.516777259297669e-06
9.62	7.452821591868997e-06
9.63	7.384849595837295e-06
9.64	7.321927114389837e-06
9.65	7.2574766818434e-06
9.66	7.191207259893417e-06
9.67	7.1290560299530625e-06
9.68	7.065958925522864e-06
9.69	7.00193049851805e-06
9.7	6.942369509488344e-06
9.71	6.879359716549516e-06
9.72	6.8179069785401225e-06
9.73	6.757545634172857e-06
9.74	6.7006913013756275e-06
9.75	6.640781066380441e-06
9.76	6.5798667492344975e-06
9.77	6.523230695165694e-06
9.78	6.4632040448486805e-06
9.79	6.407601176761091e-06
9.8	6.350921466946602e-06
9.81	6.2947801779955626e-06
9.82	6.241709343157709e-06
9.83	6.185640813782811e-06
9.84	6.13031443208456e-06
9.85	6.076719728298485e-06
9.86	6.022804882377386e-06
9.87	5.970345227979124e-06
9.88	5.9142912505194545e-06
9.89	5.865527782589197e-06
9.9	5.813868483528495e-06
9.91	5.7616562116891146e-06
9.92	5.711655830964446e-06
9.93	5.6565331760793924e-06
9.94	5.607769708149135e-06
9.95	5.556401447393e-06
9.96	5.504392902366817e-06
9.97	5.458103260025382e-06
9.98	5.407448043115437e-06
9.99	5.358568159863353e-06
10.0	5.309993866831064e-06
10.01	5.261565092951059e-06
10.02	5.213543772697449e-06
10.03	5.166148184798658e-06
10.04	5.118403350934386e-06
10.05	5.0727976486086845e-06
10.06	5.02748298458755e-06
10.07	4.982444806955755e-06
10.08	4.935893230140209e-06
10.09	4.893168807029724e-06
10.1	4.848188837058842e-06
10.11	4.801200702786446e-06
10.12	4.76097920909524e-06
10.13	4.714529495686293e-06
10.14	4.673755029216409e-06
10.15	4.629066097550094e-06
10.16	4.588058800436556e-06
10.17	4.545945557765663e-06
10.18	4.5034539652988315e-06
10.19	4.461180651560426e-06
10.2	4.4208281906321645e-06
10.21	4.379980964586139e-06
10.22	4.341782187111676e-06
10.23	4.300731234252453e-06
10.24	4.262154106982052e-06
10.25	4.222805728204548e-06
10.26	4.184126737527549e-06
10.27	4.147252184338868e-06
10.28	4.108325811102986e-06
10.29	4.073706804774702e-06
10.3	4.034343874081969e-06
10.31	3.996785380877554e-06
10.32	3.961904440075159e-06
10.33	3.924942575395107e-06
10.34	3.888955689035356e-06
10.35	3.850858774967492e-06
10.36	3.816268872469664e-06
10.37	3.7818681448698044e-06
10.38	3.7443969631567597e-06
10.39	3.7108693504706025e-06
10.4	3.675901098176837e-06
10.41	3.641151124611497e-06
10.42	3.606008249334991e-06
10.43	3.571971319615841e-06
10.44	3.5394623409956694e-06
10.45	3.5057164495810866e-06
10.46	3.4724798751994967e-06
10.47	3.440844011493027e-06
10.48	3.407083568163216e-06
10.49	3.376815584488213e-06
10.5	3.342385753057897e-06
10.51	3.311841282993555e-06
10.52	3.2802054192870855e-06
10.53	3.249762812629342e-06
10.54	3.2191892387345433e-06
10.55	3.189430572092533e-06
10.56	3.1595263862982392e-06
10.57	3.1293602660298347e-06
10.58	3.0984811019152403e-06
10.59	3.0709634302183986e-06
10.6	3.0420051189139485e-06
10.61	3.0146038625389338e-06
10.62	2.9858347261324525e-06
10.63	2.956614480353892e-06
10.64	2.930915798060596e-06
10.65	2.900604158639908e-06
10.66	2.8737413231283426e-06
10.67	2.847576979547739e-06
10.68	2.820524969138205e-06
10.69	2.792119630612433e-06
10.7	2.766420948319137e-06
10.71	2.741464413702488e-06
10.72	2.715329173952341e-06
10.73	2.688349923118949e-06
10.74	2.6640627766028047e-06
10.75	2.637505531311035e-06
10.76	2.6139605324715376e-06
10.77	2.5891349650919437e-06
10.78	2.564192982390523e-06
10.79	2.5408953661099076e-06
10.8	2.5151966838166118e-06
10.81	2.4914188543334603e-06
10.82	2.4678156478330493e-06
10.83	2.442451659590006e-06
10.84	2.4199107429012656e-06
10.85	2.394852344878018e-06
10.86	2.372209564782679e-06
10.87	2.3494212655350566e-06
10.88	2.3261382011696696e-06
10.89	2.3019674699753523e-06
10.9	2.280532498843968e-06
10.91	2.2582535166293383e-06
10.92	2.2355379769578576e-06
10.93	2.213855623267591e-06
10.94	2.1934974938631058e-06
10.95	2.171655069105327e-06
10.96	2.1508749341592193e-06
10.97	2.1306914277374744e-06
10.98	2.1093437680974603e-06
10.99	2.0903971744701266e-06
11.0	2.0683655748143792e-06
11.01	2.0501611288636923e-06
11.02	2.0296574803069234e-06
11.03	2.0106235751882195e-06
11.04	1.9917788449674845e-06
11.05	1.9716244423761964e-06
11.06	1.952532329596579e-06
11.07	1.9327999325469136e-06
11.08	1.9143917597830296e-06
11.09	1.8963473848998547e-06
11.1	1.8774298951029778e-06
11.11	1.8597638700157404e-06
11.12	1.8405262380838394e-06
11.13	1.8224818632006645e-06
11.14	1.8054124666377902e-06
11.15	1.786844222806394e-06
11.16	1.7696438590064645e-06
11.17	1.751221134327352e-06
11.18	1.7346465028822422e-06
11.19	1.7177226254716516e-06
11.2	1.7004931578412652e-06
11.21	1.6834965208545327e-06
11.22	1.6662816051393747e-06
11.23	1.6482372302561998e-06
11.24	1.6326084733009338e-06
11.25	1.6170815797522664e-06
11.26	1.6011908883228898e-06
11.27	1.584732672199607e-06
11.28	1.5694531612098217e-06
11.29	1.5531550161540508e-06
11.3	1.537133357487619e-06
11.31	1.5224650269374251e-06
11.32	1.507345587015152e-06
11.33	1.4920224202796817e-06
11.34	1.4777033356949687e-06
11.35	1.4618271961808205e-06
11.36	1.4478573575615883e-06
11.37	1.4325196389108896e-06
11.38	1.4177639968693256e-06
11.39	1.403619535267353e-06
11.4	1.3887765817344189e-06
11.41	1.3750104699283838e-06
11.42	1.360502210445702e-06
11.43	1.3474636944010854e-06
11.44	1.3339013094082475e-06
11.45	1.3197277439758182e-06
11.46	1.3073295122012496e-06
11.47	1.2937671272084117e-06
11.48	1.281208824366331e-06
11.49	1.2687232811003923e-06
11.5	1.2555101420730352e-06
11.51	1.2439122656360269e-06
11.52	1.231383066624403e-06
11.53	1.2189993867650628e-06
11.54	1.2066157069057226e-06
11.55	1.1943920981138945e-06
11.56	1.1815718607977033e-06
11.57	1.1696101864799857e-06
11.58	1.1578231351450086e-06
11.59	1.1458032531663775e-06
11.6	1.1332740541547537e-06
11.61	1.1219526641070843e-06
11.62	1.1094525689259171e-06
11.63	1.098262146115303e-06
11.64	1.0870426194742322e-06
11.65	1.0749208740890026e-06
11.66	1.0643125278875232e-06
11.67	1.0528310667723417e-06
11.68	1.041931682266295e-06
11.69	1.0308722266927361e-06
11.7	1.0196672519668937e-06
11.71	1.0091025615110993e-06
11.72	9.983923519030213e-07
11.73	9.876530384644866e-07
11.74	9.77277522906661e-07
11.75	9.674549801275134e-07
11.76	9.573850547894835e-07
11.77	9.466457413509488e-07
11.78	9.373034117743373e-07
11.79	9.272189345210791e-07
11.8	9.174545994028449e-07
11.81	9.085633791983128e-07
11.82	8.985953172668815e-07
11.83	8.896604413166642e-07
11.84	8.803617674857378e-07
11.85	8.709321264177561e-07
11.86	8.624047040939331e-07
11.87	8.52684024721384e-07
11.88	8.434290066361427e-07
11.89	8.346250979229808e-07
11.9	8.261122275143862e-07
11.91	8.174538379535079e-07
11.92	8.084462024271488e-07
11.93	7.999042281880975e-07
11.94	7.907510735094547e-07
11.95	7.823255145922303e-07
11.96	7.74060026742518e-07
11.97	7.658236427232623e-07
11.98	7.580529199913144e-07
11.99	7.497728802263737e-07
12.0	7.41652911528945e-07
12.01	7.339258445426822e-07
12.02	7.258640835061669e-07
12.03	7.181806722655892e-07
12.04	7.098715286701918e-07
12.05	7.022317731752992e-07
12.06	6.947520887479186e-07
12.07	6.872433004900813e-07
12.08	6.796472007408738e-07
12.09	6.721238605678082e-07
12.1	6.644550012424588e-07
12.11	6.568734534084797e-07
12.12	6.492482498288155e-07
12.13	6.428599590435624e-07
12.14	6.35584001429379e-07
12.15	6.285990821197629e-07
12.16	6.216869223862886e-07
12.17	6.148184183984995e-07
12.18	6.084301276132464e-07
12.19	6.014597602188587e-07
12.2	5.948822945356369e-07
12.21	5.886249709874392e-07
12.22	5.822221282869577e-07
12.23	5.758192855864763e-07
12.24	5.692272679880261e-07
12.25	5.632900865748525e-07
12.26	5.569745553657413e-07
12.27	5.504407454282045e-07
12.28	5.446927389129996e-07
12.29	5.381007213145494e-07
12.3	5.325127858668566e-07
12.31	5.263864295557141e-07
12.32	5.20551111549139e-07
12.33	5.152978701516986e-07
12.34	5.090696504339576e-07
12.35	5.033216439187527e-07
12.36	4.981411620974541e-07
12.37	4.92625986225903e-07
12.38	4.87110810354352e-07
12.39	4.814937710762024e-07
12.4	4.7615321818739176e-07
12.41	4.706962499767542e-07
12.42	4.653848009184003e-07
12.43	4.60058799944818e-07
12.44	4.547473508864641e-07
12.45	4.496105248108506e-07
12.46	4.442554200068116e-07
12.47	4.388275556266308e-07
12.48	4.341709427535534e-07
12.49	4.2900501284748316e-07
12.5	4.237517714500427e-07
12.51	4.188914317637682e-07
12.52	4.1382736526429653e-07
12.53	4.093162715435028e-07
12.54	4.0438317228108644e-07
12.55	3.998866304755211e-07
12.56	3.9517180994153023e-07
12.57	3.9045698940753937e-07
12.58	3.8562575355172157e-07
12.59	3.8111465983092785e-07
12.6	3.768800524994731e-07
12.61	3.7254358176141977e-07
12.62	3.680906957015395e-07
12.63	3.64103470928967e-07
12.64	3.595923772081733e-07
12.65	3.5582343116402626e-07
12.66	3.5144330468028784e-07
12.67	3.475142875686288e-07
12.68	3.439199645072222e-07
12.69	3.3975811675190926e-07
12.7	3.3612013794481754e-07
12.71	3.321911208331585e-07
12.72	3.2848038244992495e-07
12.73	3.248132998123765e-07
12.74	3.2084062695503235e-07
12.75	3.1718809623271227e-07
12.76	3.132736310362816e-07
12.77	3.092718543484807e-07
12.78	3.0569208320230246e-07
12.79	3.02025000564754e-07
12.8	2.986053004860878e-07
12.81	2.946180757135153e-07
12.82	2.907472662627697e-07
12.83	2.8742942959070206e-07
12.84	2.838060026988387e-07
12.85	2.8067734092473984e-07
12.86	2.7706846594810486e-07
12.87	2.736778696998954e-07
12.88	2.705055521801114e-07
12.89	2.6710040401667356e-07
12.9	2.640153979882598e-07
12.91	2.6095949579030275e-07
12.92	2.5780173018574715e-07
12.93	2.545712050050497e-07
12.94	2.514570951461792e-07
12.95	2.4845940060913563e-07
12.96	2.453161869198084e-07
12.97	2.424494596198201e-07
12.98	2.3953907657414675e-07
12.99	2.363958628848195e-07
13.0	2.3377651814371347e-07
13.01	2.306042006239295e-07
13.02	2.2781023290008307e-07
13.03	2.2505992092192173e-07
13.04	2.2220774553716183e-07
13.05	2.1951564121991396e-07
13.06	2.169545041397214e-07
13.07	2.1437881514430046e-07
13.08	2.1191954147070646e-07
13.09	2.091401256620884e-07
13.1	2.0669540390372276e-07
13.11	2.0394509192556143e-07
13.12	2.0179140847176313e-07
13.13	1.991720637306571e-07
13.14	1.967127900570631e-07
13.15	1.946900738403201e-07
13.16	1.9202707335352898e-07
13.17	1.8966966308653355e-07
13.18	1.8744322005659342e-07
13.19	1.8495484255254269e-07
13.2	1.828448148444295e-07
13.21	1.804728526622057e-07
13.22	1.7839192878454924e-07
13.23	1.7623824533075094e-07
13.24	1.7373531591147184e-07
13.25	1.7159618437290192e-07
13.26	1.694133970886469e-07
13.27	1.6740523278713226e-07
13.28	1.650187186896801e-07
13.29	1.628650352358818e-07
13.3	1.6078411135822535e-07
13.31	1.5838304534554482e-07
13.32	1.5656405594199896e-07
13.33	1.5446858014911413e-07
13.34	1.5235855244100094e-07
13.35	1.5046680346131325e-07
13.36	1.4837132766842842e-07
13.37	1.4661054592579603e-07
13.38	1.447333488613367e-07
13.39	1.4281249605119228e-07
13.4	1.4108081813901663e-07
13.41	1.3930548448115587e-07
13.42	1.3755925465375185e-07
13.43	1.3597309589385986e-07
13.44	1.3427052181214094e-07
13.45	1.326261553913355e-07
13.46	1.3074895832687616e-07
13.47	1.292792148888111e-07
13.48	1.2747477740049362e-07
13.49	1.2583041097968817e-07
13.5	1.2438977137207985e-07
13.51	1.22570781968534e-07
13.52	1.2105738278478384e-07
13.53	1.195003278553486e-07
13.54	1.178705133497715e-07
13.55	1.1647352948784828e-07
13.56	1.1471274774521589e-07
13.57	1.1331576388329268e-07
13.58	1.1180236469954252e-07
13.59	1.103617250919342e-07
13.6	1.0911026038229465e-07
13.61	1.0749499779194593e-07
13.62	1.0614166967570782e-07
13.63	1.045700628310442e-07
13.64	1.0331859812140465e-07
13.65	1.0187795851379633e-07
13.66	1.0043731890618801e-07
13.67	9.9127646535635e-08
13.68	9.759969543665648e-08
13.69	9.633367881178856e-08
13.7	9.505311027169228e-08
13.71	9.364157449454069e-08
13.72	9.240466170012951e-08
13.73	9.109498932957649e-08
13.74	8.965434972196817e-08
13.75	8.856295607984066e-08
13.76	8.725328370928764e-08
13.77	8.598726708441973e-08
13.78	8.475035429000854e-08
13.79	8.377537596970797e-08
13.8	8.258211892098188e-08
13.81	8.12142388895154e-08
13.82	8.023926056921482e-08
13.83	7.894414011389017e-08
13.84	7.789640221744776e-08
13.85	7.681956049054861e-08
13.86	7.57281668484211e-08
13.87	7.486960384994745e-08
13.88	7.376365829259157e-08
13.89	7.265771273523569e-08
13.9	7.179914973676205e-08
13.91	7.075141184031963e-08
13.92	6.977643352001905e-08
13.93	6.868503987789154e-08
13.94	6.7870132625103e-08
13.95	6.698246579617262e-08
13.96	6.596383173018694e-08
13.97	6.51489244773984e-08
13.98	6.399932317435741e-08
13.99	6.32135197520256e-08
14.0	6.216578185558319e-08
14.01	6.117625162005424e-08
14.02	6.04486558586359e-08
14.03	5.940091796219349e-08
14.04	5.8542354963719845e-08
14.05	5.76837919652462e-08
14.06	5.6781573221087456e-08
14.07	5.592301022261381e-08
14.08	5.5078999139368534e-08
14.09	5.416222847998142e-08
14.1	5.349284037947655e-08
14.11	5.2619725465774536e-08
14.12	5.186302587389946e-08
14.13	5.106267053633928e-08
14.14	5.043693818151951e-08
14.15	4.96947905048728e-08
14.16	4.877801984548569e-08
14.17	4.825415089726448e-08
14.18	4.7351932153105736e-08
14.19	4.672619979828596e-08
14.2	4.589674063026905e-08
14.21	4.5271008275449276e-08
14.22	4.46016201749444e-08
14.23	4.387402441352606e-08
14.24	4.323374014347792e-08
14.25	4.2593455873429775e-08
14.26	4.186586011201143e-08
14.27	4.132743924856186e-08
14.28	4.0599843487143517e-08
14.29	3.998866304755211e-08
14.3	3.943569026887417e-08
14.31	3.879540599882603e-08
14.32	3.835884854197502e-08
14.33	3.767490852624178e-08
14.34	3.7282006815075874e-08
14.35	3.65689629688859e-08
14.36	3.597233444452286e-08
14.37	3.5564880818128586e-08
14.38	3.495370037853718e-08
14.39	3.444438334554434e-08
14.4	3.3818650990724564e-08
14.41	3.332388587296009e-08
14.42	3.2887328416109085e-08
14.43	3.221794031560421e-08
14.44	3.175227902829647e-08
14.45	3.124296199530363e-08
14.46	3.066088538616896e-08
14.47	3.015156835317612e-08
14.48	2.9642251320183277e-08
14.49	2.9176590032875538e-08
14.5	2.8667272999882698e-08
14.51	2.8128852136433125e-08
14.52	2.7765054255723953e-08
14.53	2.7197529561817646e-08
14.54	2.684828359633684e-08
14.55	2.62079993262887e-08
14.56	2.5829649530351162e-08
14.57	2.5407643988728523e-08
14.58	2.4941982701420784e-08
14.59	2.4563632905483246e-08
14.6	2.4228938855230808e-08
14.61	2.3792381398379803e-08
14.62	2.3414031602442265e-08
14.63	2.2948370315134525e-08
14.64	2.264278009533882e-08
14.65	2.227898221462965e-08
14.66	2.1987943910062313e-08
14.67	2.1653249859809875e-08
14.68	2.126034814864397e-08
14.69	2.10711732506752e-08
14.7	2.051820047199726e-08
14.71	2.0227162167429924e-08
14.72	1.9936123862862587e-08
14.73	1.9586877897381783e-08
14.74	1.9193976186215878e-08
14.75	1.8932041712105274e-08
14.76	1.8641003407537937e-08
14.77	1.8379068933427334e-08
14.78	1.7957063391804695e-08
14.79	1.7695128917694092e-08
14.8	1.7345882952213287e-08
14.81	1.7083948478102684e-08
14.82	1.6807462088763714e-08
14.83	1.6516423784196377e-08
14.84	1.6298145055770874e-08
14.85	1.5934347175061703e-08
14.86	1.5701516531407833e-08
14.87	1.5454133972525597e-08
14.88	1.507578417658806e-08
14.89	1.4857505448162556e-08
14.9	1.4479155652225018e-08
14.91	1.4304532669484615e-08
14.92	1.4071702025830746e-08
14.93	1.3766111806035042e-08
14.94	1.3445969671010971e-08
14.95	1.3285898603498936e-08
14.96	1.3009412214159966e-08
14.97	1.2762029655277729e-08
14.98	1.252919901162386e-08
14.99	1.2383679859340191e-08
15.0	1.2078089639544487e-08
15.01	1.1903466656804085e-08
15.02	1.1728843674063683e-08
15.03	1.1496013030409813e-08
15.04	1.1379597708582878e-08
15.05	1.1059455573558807e-08
15.06	1.0972144082188606e-08
15.07	1.0739313438534737e-08
15.08	1.0550138540565968e-08
15.09	1.0419171303510666e-08
15.1	1.021544449031353e-08
15.11	1.0011717677116394e-08
15.12	9.837094694375992e-09
15.13	9.647919796407223e-09
15.14	9.546056389808655e-09
15.15	9.327777661383152e-09
15.16	9.19681042432785e-09
15.17	8.993083611130714e-09
15.18	8.847564458847046e-09
15.19	8.68749339133501e-09
15.2	8.527422323822975e-09
15.21	8.381903171539307e-09
15.22	8.163624443113804e-09
15.23	8.032657206058502e-09
15.24	7.9016899690032e-09
15.25	7.727066986262798e-09
15.26	7.58154783397913e-09
15.27	7.4069248512387276e-09
15.28	7.174094207584858e-09
15.29	7.086782716214657e-09
15.3	6.941263563930988e-09
15.31	6.83940015733242e-09
15.32	6.664777174592018e-09
15.33	6.548361852765083e-09
15.34	6.417394615709782e-09
15.35	6.257323548197746e-09
15.36	6.170012056827545e-09
15.37	6.05359673500061e-09
15.38	5.908077582716942e-09
15.39	5.8353180065751076e-09
15.4	5.675246939063072e-09
15.41	5.631591193377972e-09
15.42	5.486072041094303e-09
15.43	5.326000973582268e-09
15.44	5.238689482212067e-09
15.45	5.122274160385132e-09
15.46	5.005858838558197e-09
15.47	4.918547347187996e-09
15.48	4.816683940589428e-09
15.49	4.743924364447594e-09
15.5	4.612957127392292e-09
15.51	4.5693013817071915e-09
15.52	4.452886059880257e-09
15.53	4.409230314195156e-09
15.54	4.307366907596588e-09
15.55	4.220055416226387e-09
15.56	4.190951585769653e-09
15.57	4.103640094399452e-09
15.58	4.045432433485985e-09
15.59	3.9726728573441505e-09
15.6	3.8708094507455826e-09
15.61	3.754394128918648e-09
15.62	3.6961864680051804e-09
15.63	3.5943230614066124e-09
15.64	3.550667315721512e-09
15.65	3.41970007866621e-09
15.66	3.3614924177527428e-09
15.67	3.259629011154175e-09
15.68	3.2014213502407074e-09
15.69	3.1141098588705063e-09
15.7	3.0122464522719383e-09
15.71	2.9685907065868378e-09
15.72	2.86672729998827e-09
15.73	2.7939677238464355e-09
15.74	2.735760062932968e-09
15.75	2.663000486791134e-09
15.76	2.6047928258776665e-09
15.77	2.5320332497358322e-09
15.78	2.473825588822365e-09
15.79	2.4010660126805305e-09
15.8	2.35741026699543e-09
15.81	2.3137545213103294e-09
15.82	2.255546860396862e-09
15.83	2.2118911147117615e-09
15.84	2.1827872842550278e-09
15.85	2.1245796233415604e-09
15.86	2.1100277081131935e-09
15.87	2.0372681319713593e-09
15.88	2.0227162167429924e-09
15.89	1.979060471057892e-09
15.9	1.949956640601158e-09
15.91	1.9208528101444244e-09
15.92	1.8480932340025902e-09
15.93	1.8044374883174896e-09
15.94	1.760781742632389e-09
15.95	1.7316779121756554e-09
15.96	1.6880221664905548e-09
15.97	1.6152625903487206e-09
15.98	1.5570549294352531e-09
15.99	1.5133991837501526e-09
16.0	1.469743438065052e-09
16.01	1.4406396076083183e-09
16.02	1.3969838619232178e-09
16.03	1.367880031466484e-09
16.04	1.3242242857813835e-09
16.05	1.280568540096283e-09
16.06	1.2660166248679161e-09
16.07	1.2514647096395493e-09
16.08	1.2223608791828156e-09
16.09	1.1641532182693481e-09
16.1	1.1350493878126144e-09
16.11	1.1204974725842476e-09
16.12	1.0913936421275139e-09
16.13	1.076841726899147e-09
16.14	1.0622898116707802e-09
16.15	9.89530235528946e-10
16.16	9.604264050722122e-10
16.17	9.313225746154785e-10
16.18	9.313225746154785e-10
16.19	9.022187441587448e-10
16.2	8.731149137020111e-10
16.21	8.585629984736443e-10
16.22	8.294591680169106e-10
16.23	8.149072527885437e-10
16.24	7.712515071034431e-10
16.25	7.712515071034431e-10
16.26	7.566995918750763e-10
16.27	7.275957614183426e-10
16.28	7.130438461899757e-10
16.29	6.984919309616089e-10
16.3	6.693881005048752e-10
16.31	6.548361852765083e-10
16.32	6.402842700481415e-10
16.33	6.111804395914078e-10
16.34	5.820766091346741e-10
16.35	5.675246939063072e-10
16.36	5.529727786779404e-10
16.37	5.529727786779404e-10
16.38	5.529727786779404e-10
16.39	5.093170329928398e-10
16.4	4.94765117764473e-10
16.41	4.94765117764473e-10
16.42	4.802132025361061e-10
16.43	4.656612873077393e-10
16.44	4.511093720793724e-10
16.45	4.3655745685100555e-10
16.46	4.220055416226387e-10
16.47	4.0745362639427185e-10
16.48	3.92901711165905e-10
16.49	3.92901711165905e-10
16.5	3.4924596548080444e-10
16.51	3.346940502524376e-10
16.52	3.2014213502407074e-10
16.53	3.055902197957039e-10
16.54	2.9103830456733704e-10
16.55	2.764863893389702e-10
16.56	2.6193447411060333e-10
16.57	2.3283064365386963e-10
16.58	2.3283064365386963e-10
16.59	2.0372681319713593e-10
16.6	2.0372681319713593e-10
16.61	1.8917489796876907e-10
16.62	1.7462298274040222e-10
16.63	1.6007106751203537e-10
16.64	1.6007106751203537e-10
16.65	1.4551915228366852e-10
16.66	1.3096723705530167e-10
16.67	1.3096723705530167e-10
16.68	1.3096723705530167e-10
16.69	1.1641532182693481e-10
16.7	1.1641532182693481e-10
16.71	1.1641532182693481e-10
16.72	1.1641532182693481e-10
16.73	1.1641532182693481e-10
16.74	1.1641532182693481e-10
16.75	1.1641532182693481e-10
16.76	1.0186340659856796e-10
16.77	1.0186340659856796e-10
16.78	1.0186340659856796e-10
16.79	1.0186340659856796e-10
16.8	1.0186340659856796e-10
16.81	8.731149137020111e-11
16.82	5.820766091346741e-11
16.83	5.820766091346741e-11
16.84	5.820766091346741e-11
16.85	5.820766091346741e-11
16.86	4.3655745685100555e-11
16.87	2.9103830456733704e-11
16.88	1.4551915228366852e-11
16.89	1.4551915228366852e-11
16.9	1.4551915228366852e-11
16.91	1.4551915228366852e-11
16.92	0.0
