5.37	0.00054931640625
5.38	0.00048828125
5.39	0.00048828125
5.4	0.0004730224609375
5.41	0.0004730224609375
5.42	0.0004730224609375
5.43	0.0004730224609375
5.44	0.0004730224609375
5.45	0.0004730224609375
5.46	0.0004730224609375
5.47	0.0004730224609375
5.48	0.0004730224609375
5.49	0.0004425048828125
5.5	0.0004425048828125
5.51	0.0004425048828125
5.52	0.0004425048828125
5.53	0.0004425048828125
5.54	0.0004425048828125
5.55	0.0004425048828125
5.56	0.0004425048828125
5.57	0.0004119873046875
5.58	0.0004119873046875
5.59	0.0004119873046875
5.6	0.0004119873046875
5.61	0.0004119873046875
5.62	0.0004119873046875
5.63	0.0004119873046875
5.64	0.0003509521484375
5.65	0.0003509521484375
5.66	0.0002899169921875
5.67	0.000274658203125
5.68	0.000274658203125
5.69	0.000274658203125
5.7	0.000274658203125
5.71	0.000274658203125
5.72	0.000274658203125
5.73	0.000274658203125
5.74	0.0002593994140625
5.75	0.0002593994140625
5.76	0.0002593994140625
5.77	0.0002593994140625
5.78	0.0002593994140625
5.79	0.0002593994140625
5.8	0.0002593994140625
5.81	0.0002593994140625
5.82	0.0002593994140625
5.83	0.0002288818359375
5.84	0.0001983642578125
5.85	0.0001983642578125
5.86	0.0001983642578125
5.87	0.0001983642578125
5.88	0.0001983642578125
5.89	0.0001983642578125
5.9	0.0001983642578125
5.91	0.0001983642578125
5.92	0.0001983642578125
5.93	0.0001983642578125
5.94	0.0001983642578125
5.95	0.0001983642578125
5.96	0.0001983642578125
5.97	0.0001983642578125
5.98	0.0001983642578125
5.99	0.0001983642578125
6.0	0.0001983642578125
6.01	0.00018310546875
6.02	0.00018310546875
6.03	0.00018310546875
6.04	0.00018310546875
6.05	0.00018310546875
6.06	0.00018310546875
6.07	0.00018310546875
6.08	0.00018310546875
6.09	0.00018310546875
6.1	0.00018310546875
6.11	0.0001220703125
6.12	0.0001220703125
6.13	0.0001220703125
6.14	0.0001220703125
6.15	0.0001220703125
6.16	0.0001220703125
6.17	0.0001220703125
6.18	0.0001220703125
6.19	0.0001220703125
6.2	0.0001220703125
6.21	0.0001220703125
6.22	0.0001220703125
6.23	0.0001220703125
6.24	0.0001220703125
6.25	0.0001220703125
6.26	0.0001220703125
6.27	0.0001220703125
6.28	6.103515625e-05
6.29	6.103515625e-05
6.3	6.103515625e-05
6.31	6.103515625e-05
6.32	6.103515625e-05
6.33	6.103515625e-05
6.34	6.103515625e-05
6.35	6.103515625e-05
6.36	6.103515625e-05
6.37	6.103515625e-05
6.38	6.103515625e-05
6.39	6.103515625e-05
6.4	6.103515625e-05
6.41	6.103515625e-05
6.42	6.103515625e-05
6.43	6.103515625e-05
6.44	6.103515625e-05
6.45	6.103515625e-05
6.46	6.103515625e-05
6.47	6.103515625e-05
6.48	6.103515625e-05
6.49	6.103515625e-05
6.5	6.103515625e-05
6.51	6.103515625e-05
6.52	6.103515625e-05
6.53	6.103515625e-05
6.54	6.103515625e-05
6.55	6.103515625e-05
6.56	6.103515625e-05
6.57	4.57763671875e-05
6.58	4.57763671875e-05
6.59	4.57763671875e-05
6.6	4.57763671875e-05
6.61	4.57763671875e-05
6.62	4.57763671875e-05
6.63	4.57763671875e-05
6.64	4.57763671875e-05
6.65	4.57763671875e-05
6.66	4.57763671875e-05
6.67	4.57763671875e-05
6.68	4.57763671875e-05
6.69	4.57763671875e-05
6.7	4.57763671875e-05
6.71	4.57763671875e-05
6.72	4.57763671875e-05
6.73	4.57763671875e-05
6.74	1.52587890625e-05
6.75	1.52587890625e-05
6.76	1.52587890625e-05
6.77	1.52587890625e-05
6.78	1.52587890625e-05
6.79	1.52587890625e-05
6.8	1.52587890625e-05
6.81	1.52587890625e-05
6.82	1.52587890625e-05
6.83	1.52587890625e-05
6.84	1.52587890625e-05
6.85	1.52587890625e-05
6.86	1.52587890625e-05
6.87	1.52587890625e-05
6.88	1.52587890625e-05
6.89	1.52587890625e-05
6.9	1.52587890625e-05
6.91	0.0
