3.7	0.0005017740186303854
3.71	0.0004990556044504046
3.72	0.0004963482497259974
3.73	0.0004936598124913871
3.74	0.0004909649142064154
3.75	0.0004883039509877563
3.76	0.0004856439772993326
3.77	0.00048299605259671807
3.78	0.0004803597112186253
3.79	0.0004777217982336879
3.8	0.00047510472359135747
3.81	0.00047250062925741076
3.82	0.000469905324280262
3.83	0.00046734249917790294
3.84	0.0004647807218134403
3.85	0.0004622371634468436
3.86	0.00045969017082825303
3.87	0.0004571762983687222
3.88	0.0004546568961814046
3.89	0.00045214296551421285
3.9	0.0004496644251048565
3.91	0.0004471631837077439
3.92	0.00044468382839113474
3.93	0.00044222507858648896
3.94	0.00043975975131615996
3.95	0.0004373415722511709
3.96	0.0004349152441136539
3.97	0.0004325047484599054
3.98	0.0004301150911487639
3.99	0.0004277311381883919
4.0	0.000425362610258162
4.01	0.00042300898348912597
4.02	0.00042068096809089184
4.03	0.00041834963485598564
4.04	0.00041603652061894536
4.05	0.000413741625379771
4.06	0.00041142787085846066
4.07	0.00040914403507485986
4.08	0.0004068586858920753
4.09	0.0004045860841870308
4.1	0.0004023209912702441
4.11	0.00040006142808124423
4.12	0.0003978215390816331
4.13	0.00039557827403768897
4.14	0.000393362483009696
4.15	0.00039116095285862684
4.16	0.0003889660583809018
4.17	0.0003867754712700844
4.18	0.0003846081090159714
4.19	0.0003824263112619519
4.2	0.00038029038114473224
4.21	0.00037815660471096635
4.22	0.0003760235267691314
4.23	0.00037388509372249246
4.24	0.0003717991057783365
4.25	0.0003696868661791086
4.26	0.0003675940097309649
4.27	0.0003655119799077511
4.28	0.00036343082319945097
4.29	0.0003613813896663487
4.3	0.0003593357978388667
4.31	0.000357302138581872
4.32	0.0003552916459739208
4.33	0.0003532809787429869
4.34	0.00035128730814903975
4.35	0.00034929788671433926
4.36	0.00034731742925941944
4.37	0.0003453477402217686
4.38	0.00034337834222242236
4.39	0.00034142815275117755
4.4	0.00033947068732231855
4.41	0.0003375280066393316
4.42	0.0003355934750288725
4.43	0.00033366901334375143
4.44	0.0003317316877655685
4.45	0.000329837785102427
4.46	0.00032794004073366523
4.47	0.00032605434535071254
4.48	0.0003241459489800036
4.49	0.00032231531804427505
4.5	0.00032045814441516995
4.51	0.00031861604657024145
4.52	0.0003167898394167423
4.53	0.000314959732349962
4.54	0.0003131496487185359
4.55	0.00031133851734921336
4.56	0.00030953693203628063
4.57	0.00030775496270507574
4.58	0.0003059702576138079
4.59	0.000304197717923671
4.6	0.00030243454966694117
4.61	0.0003006843035109341
4.62	0.0002989480271935463
4.63	0.00029721122700721025
4.64	0.00029549322789534926
4.65	0.0002937697572633624
4.66	0.000292062119115144
4.67	0.00029037933563813567
4.68	0.000288684677798301
4.69	0.0002869925810955465
4.7	0.0002853291225619614
4.71	0.0002836654311977327
4.72	0.00028200424276292324
4.73	0.00028032175032421947
4.74	0.0002787045668810606
4.75	0.00027705897809937596
4.76	0.0002754322485998273
4.77	0.0002738129114732146
4.78	0.0002722006174735725
4.79	0.0002706001978367567
4.8	0.0002689991961233318
4.81	0.0002674194984138012
4.82	0.00026584212901070714
4.83	0.00026427401462569833
4.84	0.00026271824026480317
4.85	0.00026116345543414354
4.86	0.0002596350386738777
4.87	0.0002581044682301581
4.88	0.00025658373488113284
4.89	0.0002550778444856405
4.9	0.0002535616513341665
4.91	0.00025207322323694825
4.92	0.0002505718148313463
4.93	0.0002490812912583351
4.94	0.00024759332882240415
4.95	0.0002461373805999756
4.96	0.00024467846378684044
4.97	0.00024320802185684443
4.98	0.00024175335420295596
4.99	0.00024031440261751413
5.0	0.000238876324146986
5.01	0.00023744680220261216
5.02	0.0002360193757340312
5.03	0.0002346090623177588
5.04	0.0002332013682462275
5.05	0.000231801881454885
5.06	0.0002304230583831668
5.07	0.00022903451463207603
5.08	0.00022765679750591516
5.09	0.0002262886264361441
5.1	0.00022491556592285633
5.11	0.0002235569409094751
5.12	0.0002222024486400187
5.13	0.00022086012177169323
5.14	0.0002195283304899931
5.15	0.00021820515394210815
5.16	0.00021688395645469427
5.17	0.00021557003492489457
5.18	0.0002142696757800877
5.19	0.00021296250633895397
5.2	0.00021169910905882716
5.21	0.00021042063599452376
5.22	0.0002091418718919158
5.23	0.0002078720135614276
5.24	0.00020662497263401747
5.25	0.0002053634962067008
5.26	0.00020411930745467544
5.27	0.00020286254584789276
5.28	0.00020161544671282172
5.29	0.00020037504145875573
5.3	0.0001991335884667933
5.31	0.0001979095977731049
5.32	0.00019668671302497387
5.33	0.00019548239652067423
5.34	0.00019428733503445983
5.35	0.00019308732589706779
5.36	0.00019190582679584622
5.37	0.00019072287250310183
5.38	0.00018955470295622945
5.39	0.00018838589312508702
5.4	0.000187230936717242
5.41	0.00018607958918437362
5.42	0.00018491828814148903
5.43	0.00018378195818513632
5.44	0.00018263107631355524
5.45	0.000181504525244236
5.46	0.0001803825725801289
5.47	0.00017925328575074673
5.48	0.00017813913291320205
5.49	0.0001770415692590177
5.5	0.00017594813834875822
5.51	0.00017486599972471595
5.52	0.00017379014752805233
5.53	0.00017271866090595722
5.54	0.00017164513701573014
5.55	0.00017057947115972638
5.56	0.00016951205907389522
5.57	0.00016845413483679295
5.58	0.00016739999409765005
5.59	0.00016634032363072038
5.6	0.0001652901410125196
5.61	0.00016424187924712896
5.62	0.00016320444410666823
5.63	0.00016217032680287957
5.64	0.0001611409243196249
5.65	0.0001601334079168737
5.66	0.00015912111848592758
5.67	0.0001581188989803195
5.68	0.00015713251195847988
5.69	0.00015613262075930834
5.7	0.00015516206622123718
5.71	0.00015418627299368382
5.72	0.00015322340186685324
5.73	0.0001522403908893466
5.74	0.00015128625091165304
5.75	0.0001503247767686844
5.76	0.00014936469960957766
5.77	0.00014842284144833684
5.78	0.00014747236855328083
5.79	0.00014653062680736184
5.8	0.00014560477575287223
5.81	0.0001446763053536415
5.82	0.0001437647151760757
5.83	0.00014284817734733224
5.84	0.00014193443348631263
5.85	0.00014103652210906148
5.86	0.00014013994950801134
5.87	0.00013924227096140385
5.88	0.00013834732817485929
5.89	0.0001374578569084406
5.9	0.00013656722148880363
5.91	0.00013568269787356257
5.92	0.00013480160851031542
5.93	0.000133928086142987
5.94	0.0001330524100922048
5.95	0.00013219320680946112
5.96	0.00013133889297023416
5.97	0.00013049179688096046
5.98	0.0001296378904953599
5.99	0.0001288136700168252
6.0	0.00012798717943951488
6.01	0.00012715754564851522
6.02	0.00012633606093004346
6.03	0.0001255262177437544
6.04	0.00012470874935388565
6.05	0.00012390757910907269
6.06	0.0001231076312251389
6.07	0.00012230523861944675
6.08	0.00012151419650763273
6.09	0.0001207175082527101
6.1	0.00011993781663477421
6.11	0.00011914910282939672
6.12	0.0001183718559332192
6.13	0.00011759577319025993
6.14	0.00011682684998959303
6.15	0.0001160643296316266
6.16	0.0001152971526607871
6.17	0.00011454254854470491
6.18	0.00011379102943465114
6.19	0.0001130379387177527
6.2	0.00011230219388380647
6.21	0.0001115524210035801
6.22	0.00011081830598413944
6.23	0.00011007260764017701
6.24	0.00010935828322544694
6.25	0.00010863930219784379
6.26	0.00010791351087391376
6.27	0.00010720512364059687
6.28	0.00010649638716131449
6.29	0.00010578555520623922
6.3	0.00010508648119866848
6.31	0.00010439276229590178
6.32	0.00010369956726208329
6.33	0.00010301097063347697
6.34	0.00010233744978904724
6.35	0.0001016574096865952
6.36	0.00010098441271111369
6.37	0.00010032067075371742
6.38	9.96545422822237e-05
6.39	9.900564327836037e-05
6.4	9.834003867581487e-05
6.41	9.768153540790081e-05
6.42	9.702658280730247e-05
6.43	9.637681068852544e-05
6.44	9.572785347700119e-05
6.45	9.508809307590127e-05
6.46	9.444233728572726e-05
6.47	9.380589472129941e-05
6.48	9.316194336861372e-05
6.49	9.253708412870765e-05
6.5	9.190692799165845e-05
6.51	9.129010140895844e-05
6.52	9.066856000572443e-05
6.53	9.005883475765586e-05
6.54	8.94509139470756e-05
6.55	8.884596172720194e-05
6.56	8.825166150927544e-05
6.57	8.765386883169413e-05
6.58	8.705834625288844e-05
6.59	8.647242793813348e-05
6.6	8.587836055085063e-05
6.61	8.529162732884288e-05
6.62	8.471118053421378e-05
6.63	8.41350993141532e-05
6.64	8.35628597997129e-05
6.65	8.29932396300137e-05
6.66	8.242693729698658e-05
6.67	8.186243940144777e-05
6.68	8.13063234090805e-05
6.69	8.075748337432742e-05
6.7	8.020969107747078e-05
6.71	7.966137491166592e-05
6.72	7.912138244137168e-05
6.73	7.857877062633634e-05
6.74	7.803714834153652e-05
6.75	7.749703945592046e-05
6.76	7.69599573686719e-05
6.77	7.642741547897458e-05
6.78	7.588427979499102e-05
6.79	7.535616168752313e-05
6.8	7.482594810426235e-05
6.81	7.430394180119038e-05
6.82	7.379066664725542e-05
6.83	7.327372441068292e-05
6.84	7.276900578290224e-05
6.85	7.226323941722512e-05
6.86	7.176492363214493e-05
6.87	7.127254502847791e-05
6.88	7.077812915667892e-05
6.89	7.028959225863218e-05
6.9	6.98025687597692e-05
6.91	6.932276301085949e-05
6.92	6.883725291118026e-05
6.93	6.835750536993146e-05
6.94	6.788055179640651e-05
6.95	6.73960312269628e-05
6.96	6.692495662719011e-05
6.97	6.645428948104382e-05
6.98	6.59874058328569e-05
6.99	6.552430568262935e-05
7.0	6.506493082270026e-05
7.01	6.461370503529906e-05
7.02	6.416015094146132e-05
7.03	6.370886694639921e-05
7.04	6.3261017203331e-05
7.05	6.281444802880287e-05
7.06	6.237486377358437e-05
7.07	6.192742148414254e-05
7.08	6.148649845272303e-05
7.09	6.104481872171164e-05
7.1	6.060779560357332e-05
7.11	6.01724605076015e-05
7.12	5.97333419136703e-05
7.13	5.930941551923752e-05
7.14	5.887873703613877e-05
7.15	5.8459758292883635e-05
7.16	5.8043282479047775e-05
7.17	5.762901855632663e-05
7.18	5.722703645005822e-05
7.19	5.682359915226698e-05
7.2	5.641538882628083e-05
7.21	5.6023942306637764e-05
7.22	5.5623764637857676e-05
7.23	5.522771971300244e-05
7.24	5.4827716667205095e-05
7.25	5.443632835522294e-05
7.26	5.4044765420258045e-05
7.27	5.365186370909214e-05
7.28	5.326693644747138e-05
7.29	5.287729436531663e-05
7.3	5.249504465609789e-05
7.31	5.211599636822939e-05
7.32	5.173357203602791e-05
7.33	5.135929677635431e-05
7.34	5.098269321024418e-05
7.35	5.061522824689746e-05
7.36	5.024962592869997e-05
7.37	4.988216096535325e-05
7.38	4.952377639710903e-05
7.39	4.916277248412371e-05
7.4	4.879792686551809e-05
7.41	4.8438902013003826e-05
7.42	4.8080284614115953e-05
7.43	4.7726614866405725e-05
7.44	4.737329436466098e-05
7.45	4.7019508201628923e-05
7.46	4.66788187623024e-05
7.47	4.6334287617355585e-05
7.48	4.599674139171839e-05
7.49	4.566024290397763e-05
7.5	4.5332417357712984e-05
7.51	4.49988292530179e-05
7.52	4.466710379347205e-05
7.53	4.434766015037894e-05
7.54	4.401896148920059e-05
7.55	4.370178794488311e-05
7.56	4.338199505582452e-05
7.57	4.3060630559921265e-05
7.58	4.274159437045455e-05
7.59	4.2422383558005095e-05
7.6	4.2103929445147514e-05
7.61	4.179147072136402e-05
7.62	4.1475286707282066e-05
7.63	4.1165389120578766e-05
7.64	4.0856481064110994e-05
7.65	4.054885357618332e-05
7.66	4.0248967707157135e-05
7.67	3.994640428572893e-05
7.68	3.9649836253374815e-05
7.69	3.935146378353238e-05
7.7	3.905931953340769e-05
7.71	3.876612754538655e-05
7.72	3.847584594041109e-05
7.73	3.8190220948308706e-05
7.74	3.790151095017791e-05
7.75	3.76226962544024e-05
7.76	3.733678022399545e-05
7.77	3.7053192500025034e-05
7.78	3.677525091916323e-05
7.79	3.649177961051464e-05
7.8	3.622070653364062e-05
7.81	3.594905138015747e-05
7.82	3.5678036510944366e-05
7.83	3.541173646226525e-05
7.84	3.51482885889709e-05
7.85	3.488454967737198e-05
7.86	3.461661981418729e-05
7.87	3.4360040444880724e-05
7.88	3.4100201446563005e-05
7.89	3.384036244824529e-05
7.9	3.358488902449608e-05
7.91	3.3321441151201725e-05
7.92	3.307050792500377e-05
7.93	3.281538374722004e-05
7.94	3.256055060774088e-05
7.95	3.231334267184138e-05
7.96	3.2056705094873905e-05
7.97	3.1809438951313496e-05
7.98	3.156118327751756e-05
7.99	3.131950506940484e-05
8.0	3.107864176854491e-05
8.01	3.0839990358799696e-05
8.02	3.060331800952554e-05
8.03	3.036815905943513e-05
8.04	3.0139402952045202e-05
8.05	2.990802749991417e-05
8.06	2.9676593840122223e-05
8.07	2.9450224246829748e-05
8.08	2.9223505407571793e-05
8.09	2.9001443181186914e-05
8.1	2.877693623304367e-05
8.11	2.8550100978463888e-05
8.12	2.8334325179457664e-05
8.13	2.8110924176871777e-05
8.14	2.7892179787158966e-05
8.15	2.7672387659549713e-05
8.16	2.7454167138785124e-05
8.17	2.7239962946623564e-05
8.18	2.7029251214116812e-05
8.19	2.6818248443305492e-05
8.2	2.6612309738993645e-05
8.21	2.6398571208119392e-05
8.22	2.6196008548140526e-05
8.23	2.5991583243012428e-05
8.24	2.578448038548231e-05
8.25	2.5580578949302435e-05
8.26	2.5378598365932703e-05
8.27	2.5175395421683788e-05
8.28	2.4975102860480547e-05
8.29	2.4780340027064085e-05
8.3	2.4580920580774546e-05
8.31	2.438208321109414e-05
8.32	2.41899979300797e-05
8.33	2.3998552933335304e-05
8.34	2.380897058174014e-05
8.35	2.362346276640892e-05
8.36	2.3437372874468565e-05
8.37	2.325768582522869e-05
8.38	2.3074622731655836e-05
8.39	2.2895459551364183e-05
8.4	2.271711127832532e-05
8.41	2.253882121294737e-05
8.42	2.2361695300787687e-05
8.43	2.2182997781783342e-05
8.44	2.2003892809152603e-05
8.45	2.1823099814355373e-05
8.46	2.1646847017109394e-05
8.47	2.1473621018230915e-05
8.48	2.1297717466950417e-05
8.49	2.1128449589014053e-05
8.5	2.09553400054574e-05
8.51	2.0788167603313923e-05
8.52	2.062023850157857e-05
8.53	2.0449922885745764e-05
8.54	2.0291423425078392e-05
8.55	2.0129838958382607e-05
8.56	1.9965169485658407e-05
8.57	1.9805796910077333e-05
8.58	1.9644445274025202e-05
8.59	1.948344288393855e-05
8.6	1.9323022570461035e-05
8.61	1.9165279809385538e-05
8.62	1.9005266949534416e-05
8.63	1.884449739009142e-05
8.64	1.8694496247917414e-05
8.65	1.8536869902163744e-05
8.66	1.839140895754099e-05
8.67	1.8243910744786263e-05
8.68	1.8094549886882305e-05
8.69	1.7952232155948877e-05
8.7	1.7806363757699728e-05
8.71	1.7665850464254618e-05
8.72	1.7522892449051142e-05
8.73	1.7379235941916704e-05
8.74	1.7238024156540632e-05
8.75	1.7097103409469128e-05
8.76	1.6953563317656517e-05
8.77	1.6809441149234772e-05
8.78	1.6666832379996777e-05
8.79	1.652655191719532e-05
8.8	1.638836693018675e-05
8.81	1.624802825972438e-05
8.82	1.6110192518681288e-05
8.83	1.59762566909194e-05
8.84	1.5844067092984915e-05
8.85	1.5714787878096104e-05
8.86	1.5586672816425562e-05
8.87	1.5456462278962135e-05
8.88	1.532846363261342e-05
8.89	1.5204015653580427e-05
8.9	1.5075085684657097e-05
8.91	1.4949298929423094e-05
8.92	1.4823628589510918e-05
8.93	1.4696619473397732e-05
8.94	1.4573161024600267e-05
8.95	1.4451798051595688e-05
8.96	1.4327815733850002e-05
8.97	1.4207558706402779e-05
8.98	1.4087825547903776e-05
8.99	1.3970129657536745e-05
9.0	1.3854354619979858e-05
9.01	1.3738288544118404e-05
9.02	1.3624201528728008e-05
9.03	1.3511569704860449e-05
9.04	1.3401440810412169e-05
9.05	1.3287062756717205e-05
9.06	1.3176293577998877e-05
9.07	1.3062905054539442e-05
9.08	1.2949865777045488e-05
9.09	1.2837990652769804e-05
9.1	1.2725242413580418e-05
9.11	1.2615462765097618e-05
9.12	1.2504169717431068e-05
9.13	1.2397184036672115e-05
9.14	1.2292119208723307e-05
9.15	1.2184318620711565e-05
9.16	1.208198955282569e-05
9.17	1.197942765429616e-05
9.18	1.1877622455358505e-05
9.19	1.1775409802794456e-05
9.2	1.1677911970764399e-05
9.21	1.1576747056096792e-05
9.22	1.1478143278509378e-05
9.23	1.138448715209961e-05
9.24	1.1285068467259407e-05
9.25	1.1188618373125792e-05
9.26	1.1091702617704868e-05
9.27	1.0992633178830147e-05
9.28	1.089851139113307e-05
9.29	1.0804971680045128e-05
9.3	1.071032602339983e-05
9.31	1.061952207237482e-05
9.32	1.0527786798775196e-05
9.33	1.0437564924359322e-05
9.34	1.0346120689064264e-05
9.35	1.0253919754177332e-05
9.36	1.0164338164031506e-05
9.37	1.0077550541609526e-05
9.38	9.989074897021055e-06
9.39	9.898911230266094e-06
9.4	9.812181815505028e-06
9.41	9.726383723318577e-06
9.42	9.640527423471212e-06
9.43	9.555427823215723e-06
9.44	9.468174539506435e-06
9.45	9.385170415043831e-06
9.46	9.300827514380217e-06
9.47	9.216717444360256e-06
9.48	9.13720577955246e-06
9.49	9.055365808308125e-06
9.5	8.97690188139677e-06
9.51	8.89867078512907e-06
9.52	8.819508366286755e-06
9.53	8.744129445403814e-06
9.54	8.668226655572653e-06
9.55	8.592149242758751e-06
9.56	8.517410606145859e-06
9.57	8.442963007837534e-06
9.58	8.369795978069305e-06
9.59	8.294009603559971e-06
9.6	8.221657481044531e-06
9.61	8.14627856016159e-06
9.62	8.074450306594372e-06
9.63	8.000293746590614e-06
9.64	7.924623787403107e-06
9.65	7.853959687054157e-06
9.66	7.783412002027035e-06
9.67	7.711525540798903e-06
9.68	7.641618140041828e-06
9.69	7.573573384433985e-06
9.7	7.506634574383497e-06
9.71	7.4391718953847885e-06
9.72	7.370836101472378e-06
9.73	7.304479368031025e-06
9.74	7.239519618451595e-06
9.75	7.173221092671156e-06
9.76	7.110240403562784e-06
9.77	7.044465746730566e-06
9.78	6.981659680604935e-06
9.79	6.918096914887428e-06
9.8	6.853893864899874e-06
9.81	6.7891087383031845e-06
9.82	6.728165317326784e-06
9.83	6.666057743132114e-06
9.84	6.6042994149029255e-06
9.85	6.547488737851381e-06
9.86	6.489281076937914e-06
9.87	6.431597284972668e-06
9.88	6.374611984938383e-06
9.89	6.316578947007656e-06
9.9	6.262096576392651e-06
9.91	6.20534410700202e-06
9.92	6.145797669887543e-06
9.93	6.088812369853258e-06
9.94	6.0309539549052715e-06
9.95	5.973968654870987e-06
9.96	5.9166341088712215e-06
9.97	5.861686076968908e-06
9.98	5.804817192256451e-06
9.99	5.750276613980532e-06
10.0	5.696783773601055e-06
10.01	5.639391019940376e-06
10.02	5.589274223893881e-06
10.03	5.537469405680895e-06
10.04	5.488458555191755e-06
10.05	5.440146196633577e-06
10.06	5.387293640524149e-06
10.07	5.340436473488808e-06
10.08	5.290319677442312e-06
10.09	5.241250619292259e-06
10.1	5.191133823245764e-06
10.11	5.141948349773884e-06
10.12	5.0933449529111385e-06
10.13	5.042704287916422e-06
10.14	4.996254574507475e-06
10.15	4.948931746184826e-06
10.16	4.902074579149485e-06
10.17	4.856439772993326e-06
10.18	4.8112706281244755e-06
10.19	4.767091013491154e-06
10.2	4.721397999674082e-06
10.21	4.676345270127058e-06
10.22	4.6345521695911884e-06
10.23	4.590488970279694e-06
10.24	4.547240678220987e-06
10.25	4.5040505938231945e-06
10.26	4.457193426787853e-06
10.27	4.414236173033714e-06
10.28	4.369881935417652e-06
10.29	4.325411282479763e-06
10.3	4.282570444047451e-06
10.31	4.2389146983623505e-06
10.32	4.199973773211241e-06
10.33	4.159286618232727e-06
10.34	4.120345693081617e-06
10.35	4.081230144947767e-06
10.36	4.04485035687685e-06
10.37	4.0076556615531445e-06
10.38	3.968656528741121e-06
10.39	3.933266270905733e-06
10.4	3.895489498972893e-06
10.41	3.857363481074572e-06
10.42	3.821332938969135e-06
10.43	3.783788997679949e-06
10.44	3.7475256249308586e-06
10.45	3.709457814693451e-06
10.46	3.6716810427606106e-06
10.47	3.6350684240460396e-06
10.48	3.59915429726243e-06
10.49	3.564637154340744e-06
10.5	3.5300618037581444e-06
10.51	3.4956028684973717e-06
10.52	3.4633558243513107e-06
10.53	3.4315744414925575e-06
10.54	3.3965916372835636e-06
10.55	3.36312223225832e-06
10.56	3.3304677344858646e-06
10.57	3.2973475754261017e-06
10.58	3.26341250911355e-06
10.59	3.230874426662922e-06
10.6	3.197637852281332e-06
10.61	3.1656818464398384e-06
10.62	3.1344243325293064e-06
10.63	3.1004310585558414e-06
10.64	3.0708615668118e-06
10.65	3.040593583136797e-06
10.66	3.01009276881814e-06
10.67	2.98122176900506e-06
10.68	2.952932845801115e-06
10.69	2.926390152424574e-06
10.7	2.898508682847023e-06
10.71	2.8702779673039913e-06
10.72	2.841698005795479e-06
10.73	2.814922481775284e-06
10.74	2.7887290343642235e-06
10.75	2.7579371817409992e-06
10.76	2.7303467504680157e-06
10.77	2.7021742425858974e-06
10.78	2.6735360734164715e-06
10.79	2.646935172379017e-06
10.8	2.6195193640887737e-06
10.81	2.5947229005396366e-06
10.82	2.566142939031124e-06
10.83	2.539250999689102e-06
10.84	2.5135232135653496e-06
10.85	2.4872133508324623e-06
10.86	2.463406417518854e-06
10.87	2.4393084459006786e-06
10.88	2.413056790828705e-06
10.89	2.3899483494460583e-06
10.9	2.3659667931497097e-06
10.91	2.341694198548794e-06
10.92	2.3155007511377335e-06
10.93	2.292159479111433e-06
10.94	2.2691674530506134e-06
10.95	2.2451276890933514e-06
10.96	2.2228341549634933e-06
10.97	2.1990854293107986e-06
10.98	2.1792948246002197e-06
10.99	2.158281859010458e-06
11.0	2.13447492569685e-06
11.01	2.1136365830898285e-06
11.02	2.0915758796036243e-06
11.03	2.07085395231843e-06
11.04	2.0502484403550625e-06
11.05	2.0301085896790028e-06
11.06	2.0096777006983757e-06
11.07	1.988897565752268e-06
11.08	1.968233846127987e-06
11.09	1.9473955035209656e-06
11.1	1.9273720681667328e-06
11.11	1.9074068404734135e-06
11.12	1.8863356672227383e-06
11.13	1.864624209702015e-06
11.14	1.8448918126523495e-06
11.15	1.8260907381772995e-06
11.16	1.8069404177367687e-06
11.17	1.786684151738882e-06
11.18	1.7684069462120533e-06
11.19	1.75106106325984e-06
11.2	1.7317943274974823e-06
11.21	1.714448444545269e-06
11.22	1.6962294466793537e-06
11.23	1.6799313016235828e-06
11.24	1.6627018339931965e-06
11.25	1.6447738744318485e-06
11.26	1.6285921446979046e-06
11.27	1.6122357919812202e-06
11.28	1.5951809473335743e-06
11.29	1.5773694030940533e-06
11.3	1.5614787116646767e-06
11.31	1.544831320643425e-06
11.32	1.528649590909481e-06
11.33	1.5126424841582775e-06
11.34	1.4959950931370258e-06
11.35	1.4816178008913994e-06
11.36	1.466367393732071e-06
11.37	1.4496035873889923e-06
11.38	1.4341785572469234e-06
11.39	1.4197430573403835e-06
11.4	1.4040851965546608e-06
11.41	1.390173565596342e-06
11.42	1.3741664588451385e-06
11.43	1.3595563359558582e-06
11.44	1.3444805517792702e-06
11.45	1.3288226909935474e-06
11.46	1.3140379451215267e-06
11.47	1.2987293303012848e-06
11.48	1.2845848686993122e-06
11.49	1.268868800252676e-06
11.5	1.2552482075989246e-06
11.51	1.2411619536578655e-06
11.52	1.228530891239643e-06
11.53	1.2168893590569496e-06
11.54	1.2032687664031982e-06
11.55	1.1918600648641586e-06
11.56	1.1798692867159843e-06
11.57	1.1669471859931946e-06
11.58	1.1548982001841068e-06
11.59	1.1421507224440575e-06
11.6	1.130509190261364e-06
11.61	1.1185766197741032e-06
11.62	1.1041411198675632e-06
11.63	1.092266757041216e-06
11.64	1.0798103176057339e-06
11.65	1.067877747118473e-06
11.66	1.0551302693784237e-06
11.67	1.043081283569336e-06
11.68	1.0314397513866425e-06
11.69	1.0197400115430355e-06
11.7	1.0090298019349575e-06
11.71	9.979121387004852e-07
11.72	9.881914593279362e-07
11.73	9.773066267371178e-07
11.74	9.657233022153378e-07
11.75	9.550130926072598e-07
11.76	9.436043910682201e-07
11.77	9.320792742073536e-07
11.78	9.217183105647564e-07
11.79	9.101349860429764e-07
11.8	8.993665687739849e-07
11.81	8.895294740796089e-07
11.82	8.784700185060501e-07
11.83	8.682254701852798e-07
11.84	8.59028659760952e-07
11.85	8.498900569975376e-07
11.86	8.41217115521431e-07
11.87	8.316128514707088e-07
11.88	8.234055712819099e-07
11.89	8.158967830240726e-07
11.9	8.071656338870525e-07
11.91	7.975613698363304e-07
11.92	7.894705049693584e-07
11.93	7.803319022059441e-07
11.94	7.708440534770489e-07
11.95	7.610069587826729e-07
11.96	7.505877874791622e-07
11.97	7.416820153594017e-07
11.98	7.333583198487759e-07
11.99	7.24161509424448e-07
12.0	7.164198905229568e-07
12.01	7.082126103341579e-07
12.02	7.00121745467186e-07
12.03	6.921472959220409e-07
12.04	6.837071850895882e-07
12.05	6.762566044926643e-07
12.06	6.692716851830482e-07
12.07	6.614136509597301e-07
12.08	6.527407094836235e-07
12.09	6.462214514613152e-07
12.1	6.38479832559824e-07
12.11	6.294576451182365e-07
12.12	6.22414518147707e-07
12.13	6.140908226370811e-07
12.14	6.069312803447247e-07
12.15	6.00004568696022e-07
12.16	5.923793651163578e-07
12.17	5.872570909559727e-07
12.18	5.809706635773182e-07
12.19	5.747424438595772e-07
12.2	5.683978088200092e-07
12.21	5.614128895103931e-07
12.22	5.560577847063541e-07
12.23	5.495385266840458e-07
12.24	5.422625690698624e-07
12.25	5.352776497602463e-07
12.26	5.28641976416111e-07
12.27	5.214824341237545e-07
12.28	5.152542144060135e-07
12.29	5.083857104182243e-07
12.3	5.025649443268776e-07
12.31	4.957546480000019e-07
12.32	4.899920895695686e-07
12.33	4.835310392081738e-07
12.34	4.78583388030529e-07
12.35	4.734029062092304e-07
12.36	4.673493094742298e-07
12.37	4.6263448894023895e-07
12.38	4.573957994580269e-07
12.39	4.513422027230263e-07
12.4	4.46452759206295e-07
12.41	4.4069020077586174e-07
12.42	4.35742549598217e-07
12.43	4.2980536818504333e-07
12.44	4.246830940246582e-07
12.45	4.1921157389879227e-07
12.46	4.150206223130226e-07
12.47	4.101893864572048e-07
12.48	4.048924893140793e-07
12.49	3.9977021515369415e-07
12.5	3.9517180994153023e-07
12.51	3.9051519706845284e-07
12.52	3.8620783016085625e-07
12.53	3.818422555923462e-07
12.54	3.7776771932840347e-07
12.55	3.732857294380665e-07
12.56	3.68745531886816e-07
12.57	3.6385608837008476e-07
12.58	3.5890843719244003e-07
12.59	3.541354089975357e-07
12.6	3.498280420899391e-07
12.61	3.4511322155594826e-07
12.62	3.4080585464835167e-07
12.63	3.36614903062582e-07
12.64	3.325403667986393e-07
12.65	3.28640453517437e-07
12.66	3.2508978620171547e-07
12.67	3.203749656677246e-07
12.68	3.168242983520031e-07
12.69	3.129243850708008e-07
12.7	3.08966264128685e-07
12.71	3.055902197957039e-07
12.72	3.0262162908911705e-07
12.73	2.9848888516426086e-07
12.74	2.9528746381402016e-07
12.75	2.9173679649829865e-07
12.76	2.8853537514805794e-07
12.77	2.84810084849596e-07
12.78	2.809683792293072e-07
12.79	2.7794158086180687e-07
12.8	2.7439091354608536e-07
12.81	2.707238309085369e-07
12.82	2.6694033294916153e-07
12.83	2.637389115989208e-07
12.84	2.611195668578148e-07
12.85	2.573360688984394e-07
12.86	2.541346475481987e-07
12.87	2.50060111284256e-07
12.88	2.472079358994961e-07
12.89	2.443557605147362e-07
12.9	2.4115433916449547e-07
12.91	2.3865140974521637e-07
12.92	2.3568281903862953e-07
12.93	2.323649823665619e-07
12.94	2.2962922230362892e-07
12.95	2.2631138563156128e-07
12.96	2.2345921024680138e-07
12.97	2.208980731666088e-07
12.98	2.1740561351180077e-07
12.99	2.1461164578795433e-07
13.0	2.121669240295887e-07
13.01	2.093147486448288e-07
13.02	2.064625732600689e-07
13.03	2.041342668235302e-07
13.04	2.0192237570881844e-07
13.05	1.9889557734131813e-07
13.06	1.968001015484333e-07
13.07	1.9406434148550034e-07
13.08	1.9243452697992325e-07
13.09	1.903972588479519e-07
13.1	1.8748687580227852e-07
13.11	1.850421540439129e-07
13.12	1.823646016418934e-07
13.13	1.8009450286626816e-07
13.14	1.7759157344698906e-07
13.15	1.7415732145309448e-07
13.16	1.7171259969472885e-07
13.17	1.6961712390184402e-07
13.18	1.6711419448256493e-07
13.19	1.651933416724205e-07
13.2	1.6344711184501648e-07
13.21	1.614680513739586e-07
13.22	1.5960540622472763e-07
13.23	1.5739351511001587e-07
13.24	1.5523983165621758e-07
13.25	1.536100171506405e-07
13.26	1.5157274901866913e-07
13.27	1.493026502430439e-07
13.28	1.4761462807655334e-07
13.29	1.4540273696184158e-07
13.3	1.4330726116895676e-07
13.31	1.4103716239333153e-07
13.32	1.387670636177063e-07
13.33	1.3684621080756187e-07
13.34	1.3515818864107132e-07
13.35	1.334119588136673e-07
13.36	1.317821443080902e-07
13.37	1.3061799108982086e-07
13.38	1.2922100722789764e-07
13.39	1.275329850614071e-07
13.4	1.2601958587765694e-07
13.41	1.2421514838933945e-07
13.42	1.2281816452741623e-07
13.43	1.2078089639544487e-07
13.44	1.1851079761981964e-07
13.45	1.1693919077515602e-07
13.46	1.1507654562592506e-07
13.47	1.130392774939537e-07
13.48	1.1146767064929008e-07
13.49	1.0937219485640526e-07
13.5	1.078587956726551e-07
13.51	1.0675285011529922e-07
13.52	1.048319973051548e-07
13.53	1.0378425940871239e-07
13.54	1.0238727554678917e-07
13.55	1.0157236829400063e-07
13.56	1.0058283805847168e-07
13.57	9.918585419654846e-08
13.58	9.784707799553871e-08
13.59	9.650830179452896e-08
13.6	9.48202796280384e-08
13.61	9.319046512246132e-08
13.62	9.167706593871117e-08
13.63	9.033828973770142e-08
13.64	8.85920599102974e-08
13.65	8.754432201385498e-08
13.66	8.655479177832603e-08
13.67	8.533243089914322e-08
13.68	8.422648534178734e-08
13.69	8.271308615803719e-08
13.7	8.195638656616211e-08
13.71	8.09086486697197e-08
13.72	7.927883416414261e-08
13.73	7.852213457226753e-08
13.74	7.700873538851738e-08
13.75	7.613562047481537e-08
13.76	7.497146725654602e-08
13.77	7.334165275096893e-08
13.78	7.188646122813225e-08
13.79	7.07223080098629e-08
13.8	6.973277777433395e-08
13.81	6.83940015733242e-08
13.82	6.763730198144913e-08
13.83	6.653135642409325e-08
13.84	6.583286449313164e-08
13.85	6.525078788399696e-08
13.86	6.408663466572762e-08
13.87	6.3388142734766e-08
13.88	6.245682016015053e-08
13.89	6.187474355101585e-08
13.9	6.111804395914078e-08
13.91	6.05359673500061e-08
13.92	5.908077582716942e-08
13.93	5.820766091346741e-08
13.94	5.7159923017024994e-08
13.95	5.6461431086063385e-08
13.96	5.547190085053444e-08
13.97	5.448237061500549e-08
13.98	5.3551048040390015e-08
13.99	5.2852556109428406e-08
14.0	5.21540641784668e-08
14.01	5.139736458659172e-08
14.02	5.075708031654358e-08
14.03	5.00003807246685e-08
14.04	4.9301888793706894e-08
14.05	4.866160452365875e-08
14.06	4.7322828322649e-08
14.07	4.668254405260086e-08
14.08	4.598405212163925e-08
14.09	4.516914486885071e-08
14.1	4.4528860598802567e-08
14.11	4.3888576328754425e-08
14.12	4.3015461415052414e-08
14.13	4.2549800127744675e-08
14.14	4.202593117952347e-08
14.15	4.1385646909475327e-08
14.16	4.068715497851372e-08
14.17	4.0279701352119446e-08
14.18	3.9639417082071304e-08
14.19	3.9406586438417435e-08
14.2	3.899913281202316e-08
14.21	3.841705620288849e-08
14.22	3.789318725466728e-08
14.23	3.719469532370567e-08
14.24	3.6496203392744064e-08
14.25	3.614695742726326e-08
14.26	3.527384251356125e-08
14.27	3.480818122625351e-08
14.28	3.42843122780323e-08
14.29	3.3760443329811096e-08
14.3	3.323657438158989e-08
14.31	3.247987478971481e-08
14.32	3.2247044146060944e-08
14.33	3.1781382858753204e-08
14.34	3.102468326687813e-08
14.35	3.050081431865692e-08
14.36	2.9976945370435715e-08
14.37	2.9685907065868378e-08
14.38	2.922024577856064e-08
14.39	2.8870999813079834e-08
14.4	2.8463546186685562e-08
14.41	2.805609256029129e-08
14.42	2.7881469577550888e-08
14.43	2.718297764658928e-08
14.44	2.6833731681108475e-08
14.45	2.6426278054714203e-08
14.46	2.60770320892334e-08
14.47	2.584420144557953e-08
14.48	2.5320332497358322e-08
14.49	2.4971086531877518e-08
14.5	2.450542524456978e-08
14.51	2.421438694000244e-08
14.52	2.3748725652694702e-08
14.53	2.35741026699543e-08
14.54	2.3050233721733093e-08
14.55	2.2584572434425354e-08
14.56	2.2409949451684952e-08
14.57	2.223532646894455e-08
14.58	2.1827872842550278e-08
14.59	2.1420419216156006e-08
14.6	2.10711732506752e-08
14.61	2.0838342607021332e-08
14.62	2.0489096641540527e-08
14.63	2.0023435354232788e-08
14.64	1.955777406692505e-08
14.65	1.9150320440530777e-08
14.66	1.885928213596344e-08
14.67	1.862645149230957e-08
14.68	1.8277205526828766e-08
14.69	1.792795956134796e-08
14.7	1.7811544239521027e-08
14.71	1.7578713595867157e-08
14.72	1.728767529129982e-08
14.73	1.728767529129982e-08
14.74	1.6938429325819016e-08
14.75	1.682201400399208e-08
14.76	1.6763806343078613e-08
14.77	1.6472768038511276e-08
14.78	1.6065314412117004e-08
14.79	1.5832483768463135e-08
14.8	1.548323780298233e-08
14.81	1.5308614820241928e-08
14.82	1.501757651567459e-08
14.83	1.461012288928032e-08
14.84	1.4435499906539917e-08
14.85	1.414446160197258e-08
14.86	1.3969838619232178e-08
14.87	1.3853423297405243e-08
14.88	1.3387762010097504e-08
14.89	1.3271346688270569e-08
14.9	1.30385160446167e-08
14.91	1.2863893061876297e-08
14.92	1.2747477740049362e-08
14.93	1.2456439435482025e-08
14.94	1.2223608791828156e-08
14.95	1.1990778148174286e-08
14.96	1.1757947504520416e-08
14.97	1.1350493878126144e-08
14.98	1.100124791264534e-08
14.99	1.0884832590818405e-08
15.0	1.0593794286251068e-08
15.01	1.0593794286251068e-08
15.02	1.0360963642597198e-08
15.03	1.0302755981683731e-08
15.04	1.0302755981683731e-08
15.05	1.0186340659856796e-08
15.06	1.0011717677116394e-08
15.07	9.953510016202927e-09
15.08	9.720679372549057e-09
15.09	9.604264050722122e-09
15.1	9.487848728895187e-09
15.11	9.19681042432785e-09
15.12	9.022187441587448e-09
15.13	8.789356797933578e-09
15.14	8.556526154279709e-09
15.15	8.440110832452774e-09
15.16	8.32369551062584e-09
15.17	7.916241884231567e-09
15.18	7.741618901491165e-09
15.19	7.62520357966423e-09
15.2	7.508788257837296e-09
15.21	7.392372936010361e-09
15.22	7.275957614183426e-09
15.23	7.275957614183426e-09
15.24	7.2177499532699585e-09
15.25	6.984919309616089e-09
15.26	6.752088665962219e-09
15.27	6.577465683221817e-09
15.28	6.2282197177410126e-09
15.29	6.111804395914078e-09
15.3	6.111804395914078e-09
15.31	5.820766091346741e-09
15.32	5.820766091346741e-09
15.33	5.762558430433273e-09
15.34	5.6461431086063385e-09
15.35	5.587935447692871e-09
15.36	5.529727786779404e-09
15.37	5.529727786779404e-09
15.38	5.529727786779404e-09
15.39	5.471520125865936e-09
15.4	5.413312464952469e-09
15.41	5.296897143125534e-09
15.42	5.0640664994716644e-09
15.43	5.005858838558197e-09
15.44	4.94765117764473e-09
15.45	4.71482053399086e-09
15.46	4.598405212163925e-09
15.47	4.423782229423523e-09
15.48	4.3655745685100555e-09
15.49	4.249159246683121e-09
15.5	4.0745362639427185e-09
15.51	4.0745362639427185e-09
15.52	4.016328603029251e-09
15.53	3.899913281202316e-09
15.54	3.841705620288849e-09
15.55	3.7834979593753815e-09
15.56	3.6088749766349792e-09
15.57	3.6088749766349792e-09
15.58	3.6088749766349792e-09
15.59	3.434251993894577e-09
15.6	3.3178366720676422e-09
15.61	3.259629011154175e-09
15.62	3.14321368932724e-09
15.63	3.14321368932724e-09
15.64	3.026798367500305e-09
15.65	3.026798367500305e-09
15.66	2.9685907065868378e-09
15.67	2.9103830456733704e-09
15.68	2.9103830456733704e-09
15.69	2.852175384759903e-09
15.7	2.852175384759903e-09
15.71	2.852175384759903e-09
15.72	2.7939677238464355e-09
15.73	2.6775524020195007e-09
15.74	2.6193447411060333e-09
15.75	2.444721758365631e-09
15.76	2.3865140974521637e-09
15.77	2.3865140974521637e-09
15.78	2.3865140974521637e-09
15.79	2.2118911147117615e-09
15.8	2.153683453798294e-09
15.81	2.0954757928848267e-09
15.82	2.0954757928848267e-09
15.83	2.0372681319713593e-09
15.84	1.9208528101444244e-09
15.85	1.9208528101444244e-09
15.86	1.9208528101444244e-09
15.87	1.862645149230957e-09
15.88	1.8044374883174896e-09
15.89	1.8044374883174896e-09
15.9	1.6880221664905548e-09
15.91	1.6880221664905548e-09
15.92	1.6880221664905548e-09
15.93	1.6298145055770874e-09
15.94	1.6298145055770874e-09
15.95	1.6298145055770874e-09
15.96	1.6298145055770874e-09
15.97	1.57160684466362e-09
15.98	1.5133991837501526e-09
15.99	1.5133991837501526e-09
16.0	1.4551915228366852e-09
16.01	1.4551915228366852e-09
16.02	1.3969838619232178e-09
16.03	1.3969838619232178e-09
16.04	1.3387762010097504e-09
16.05	1.3387762010097504e-09
16.06	1.3387762010097504e-09
16.07	1.2223608791828156e-09
16.08	1.2223608791828156e-09
16.09	1.1059455573558807e-09
16.1	1.1059455573558807e-09
16.11	1.1059455573558807e-09
16.12	1.1059455573558807e-09
16.13	1.0477378964424133e-09
16.14	1.0477378964424133e-09
16.15	1.0477378964424133e-09
16.16	9.89530235528946e-10
16.17	9.89530235528946e-10
16.18	9.313225746154785e-10
16.19	9.313225746154785e-10
16.2	9.313225746154785e-10
16.21	9.313225746154785e-10
16.22	9.313225746154785e-10
16.23	9.313225746154785e-10
16.24	9.313225746154785e-10
16.25	9.313225746154785e-10
16.26	9.313225746154785e-10
16.27	9.313225746154785e-10
16.28	8.731149137020111e-10
16.29	8.731149137020111e-10
16.3	8.731149137020111e-10
16.31	8.149072527885437e-10
16.32	8.149072527885437e-10
16.33	7.566995918750763e-10
16.34	7.566995918750763e-10
16.35	7.566995918750763e-10
16.36	6.984919309616089e-10
16.37	6.984919309616089e-10
16.38	6.402842700481415e-10
16.39	6.402842700481415e-10
16.4	6.402842700481415e-10
16.41	6.402842700481415e-10
16.42	6.402842700481415e-10
16.43	6.402842700481415e-10
16.44	5.820766091346741e-10
16.45	5.820766091346741e-10
16.46	5.820766091346741e-10
16.47	5.238689482212067e-10
16.48	5.238689482212067e-10
16.49	5.238689482212067e-10
16.5	5.238689482212067e-10
16.51	5.238689482212067e-10
16.52	5.238689482212067e-10
16.53	5.238689482212067e-10
16.54	5.238689482212067e-10
16.55	5.238689482212067e-10
16.56	5.238689482212067e-10
16.57	5.238689482212067e-10
16.58	5.238689482212067e-10
16.59	5.238689482212067e-10
16.6	5.238689482212067e-10
16.61	5.238689482212067e-10
16.62	4.656612873077393e-10
16.63	4.656612873077393e-10
16.64	4.0745362639427185e-10
16.65	4.0745362639427185e-10
16.66	4.0745362639427185e-10
16.67	3.4924596548080444e-10
16.68	3.4924596548080444e-10
16.69	3.4924596548080444e-10
16.7	3.4924596548080444e-10
16.71	3.4924596548080444e-10
16.72	3.4924596548080444e-10
16.73	3.4924596548080444e-10
16.74	3.4924596548080444e-10
16.75	2.9103830456733704e-10
16.76	2.9103830456733704e-10
16.77	2.9103830456733704e-10
16.78	2.3283064365386963e-10
16.79	2.3283064365386963e-10
16.8	2.3283064365386963e-10
16.81	2.3283064365386963e-10
16.82	2.3283064365386963e-10
16.83	2.3283064365386963e-10
16.84	2.3283064365386963e-10
16.85	2.3283064365386963e-10
16.86	2.3283064365386963e-10
16.87	2.3283064365386963e-10
16.88	2.3283064365386963e-10
16.89	2.3283064365386963e-10
16.9	2.3283064365386963e-10
16.91	2.3283064365386963e-10
16.92	2.3283064365386963e-10
16.93	2.3283064365386963e-10
16.94	2.3283064365386963e-10
16.95	1.7462298274040222e-10
16.96	1.7462298274040222e-10
16.97	1.7462298274040222e-10
16.98	1.1641532182693481e-10
16.99	1.1641532182693481e-10
17.0	1.1641532182693481e-10
17.01	1.1641532182693481e-10
17.02	1.1641532182693481e-10
17.03	1.1641532182693481e-10
17.04	1.1641532182693481e-10
17.05	1.1641532182693481e-10
17.06	1.1641532182693481e-10
17.07	1.1641532182693481e-10
17.08	1.1641532182693481e-10
17.09	5.820766091346741e-11
17.1	5.820766091346741e-11
17.11	5.820766091346741e-11
17.12	5.820766091346741e-11
17.13	5.820766091346741e-11
17.14	5.820766091346741e-11
17.15	5.820766091346741e-11
17.16	5.820766091346741e-11
17.17	5.820766091346741e-11
17.18	5.820766091346741e-11
17.19	5.820766091346741e-11
17.2	5.820766091346741e-11
17.21	5.820766091346741e-11
17.22	5.820766091346741e-11
17.23	5.820766091346741e-11
17.24	5.820766091346741e-11
17.25	5.820766091346741e-11
17.26	5.820766091346741e-11
17.27	5.820766091346741e-11
17.28	5.820766091346741e-11
17.29	0.0
