4.93	0.0005021095275878906
4.94	0.0004990100860595703
4.95	0.0004949569702148438
4.96	0.0004916191101074219
4.97	0.0004892349243164062
4.98	0.00048542022705078125
4.99	0.0004830360412597656
5.0	0.00047898292541503906
5.01	0.0004749298095703125
5.02	0.00047135353088378906
5.03	0.00046825408935546875
5.04	0.0004658699035644531
5.05	0.00046181678771972656
5.06	0.0004584789276123047
5.07	0.00045490264892578125
5.08	0.0004534721374511719
5.09	0.0004506111145019531
5.1	0.0004477500915527344
5.11	0.0004448890686035156
5.12	0.00044226646423339844
5.13	0.000438690185546875
5.14	0.0004355907440185547
5.15	0.00043320655822753906
5.16	0.00042939186096191406
5.17	0.00042724609375
5.18	0.00042438507080078125
5.19	0.0004227161407470703
5.2	0.0004200935363769531
5.21	0.00041747093200683594
5.22	0.0004150867462158203
5.23	0.00041174888610839844
5.24	0.0004096031188964844
5.25	0.00040721893310546875
5.26	0.00040435791015625
5.27	0.0004012584686279297
5.28	0.00039958953857421875
5.29	0.0003962516784667969
5.3	0.000392913818359375
5.31	0.0003905296325683594
5.32	0.0003886222839355469
5.33	0.00038552284240722656
5.34	0.00038242340087890625
5.35	0.0003795623779296875
5.36	0.000377655029296875
5.37	0.0003764629364013672
5.38	0.00037407875061035156
5.39	0.0003714561462402344
5.4	0.00036907196044921875
5.41	0.0003662109375
5.42	0.0003643035888671875
5.43	0.0003609657287597656
5.44	0.0003590583801269531
5.45	0.0003554821014404297
5.46	0.0003540515899658203
5.47	0.00035119056701660156
5.48	0.0003495216369628906
5.49	0.0003459453582763672
5.5	0.00034356117248535156
5.51	0.00034117698669433594
5.52	0.0003387928009033203
5.53	0.0003364086151123047
5.54	0.0003345012664794922
5.55	0.000331878662109375
5.56	0.0003294944763183594
5.57	0.00032782554626464844
5.58	0.0003254413604736328
5.59	0.0003235340118408203
5.6	0.0003223419189453125
5.61	0.0003192424774169922
5.62	0.00031566619873046875
5.63	0.00031375885009765625
5.64	0.0003123283386230469
5.65	0.000308990478515625
5.66	0.0003058910369873047
5.67	0.00030350685119628906
5.68	0.0003006458282470703
5.69	0.0002987384796142578
5.7	0.0002970695495605469
5.71	0.0002949237823486328
5.72	0.0002932548522949219
5.73	0.0002911090850830078
5.74	0.0002887248992919922
5.75	0.00028777122497558594
5.76	0.0002856254577636719
5.77	0.0002834796905517578
5.78	0.0002803802490234375
5.79	0.00027871131896972656
5.8	0.0002758502960205078
5.81	0.00027441978454589844
5.82	0.00027251243591308594
5.83	0.0002703666687011719
5.84	0.0002675056457519531
5.85	0.00026535987854003906
5.86	0.0002646446228027344
5.87	0.00026297569274902344
5.88	0.00026154518127441406
5.89	0.0002589225769042969
5.9	0.00025725364685058594
5.91	0.000255584716796875
5.92	0.0002543926239013672
5.93	0.0002522468566894531
5.94	0.00025010108947753906
5.95	0.000247955322265625
5.96	0.0002460479736328125
5.97	0.0002446174621582031
5.98	0.00024318695068359375
5.99	0.00024127960205078125
6.0	0.0002391338348388672
6.01	0.00023746490478515625
6.02	0.00023627281188964844
6.03	0.00023508071899414062
6.04	0.00023436546325683594
6.05	0.00023293495178222656
6.06	0.0002319812774658203
6.07	0.0002300739288330078
6.08	0.00022864341735839844
6.09	0.0002276897430419922
6.1	0.0002257823944091797
6.11	0.0002243518829345703
6.12	0.00022268295288085938
6.13	0.00022101402282714844
6.14	0.00021982192993164062
6.15	0.00021839141845703125
6.16	0.00021648406982421875
6.17	0.00021600723266601562
6.18	0.00021409988403320312
6.19	0.00021386146545410156
6.2	0.0002129077911376953
6.21	0.00021219253540039062
6.22	0.00021147727966308594
6.23	0.00020956993103027344
6.24	0.0002090930938720703
6.25	0.00020742416381835938
6.26	0.00020551681518554688
6.27	0.0002040863037109375
6.28	0.00020265579223632812
6.29	0.00020003318786621094
6.3	0.0001983642578125
6.31	0.00019741058349609375
6.32	0.0001957416534423828
6.33	0.00019431114196777344
6.34	0.00019240379333496094
6.35	0.00019121170043945312
6.36	0.00018978118896484375
6.37	0.0001895427703857422
6.38	0.00018906593322753906
6.39	0.00018787384033203125
6.4	0.00018668174743652344
6.41	0.0001857280731201172
6.42	0.00018405914306640625
6.43	0.0001823902130126953
6.44	0.00018024444580078125
6.45	0.00017762184143066406
6.46	0.00017690658569335938
6.47	0.00017595291137695312
6.48	0.0001747608184814453
6.49	0.00017333030700683594
6.5	0.0001723766326904297
6.51	0.00017142295837402344
6.52	0.0001709461212158203
6.53	0.0001697540283203125
6.54	0.00016808509826660156
6.55	0.0001671314239501953
6.56	0.00016617774963378906
6.57	0.000164031982421875
6.58	0.0001628398895263672
6.59	0.0001614093780517578
6.6	0.00015926361083984375
6.61	0.0001575946807861328
6.62	0.00015592575073242188
6.63	0.00015473365783691406
6.64	0.00015354156494140625
6.65	0.00015211105346679688
6.66	0.00015091896057128906
6.67	0.0001494884490966797
6.68	0.0001480579376220703
6.69	0.0001468658447265625
6.7	0.0001456737518310547
6.71	0.00014448165893554688
6.72	0.0001430511474609375
6.73	0.0001423358917236328
6.74	0.00014066696166992188
6.75	0.00013947486877441406
6.76	0.00013828277587890625
6.77	0.0001361370086669922
6.78	0.0001342296600341797
6.79	0.00013256072998046875
6.8	0.0001316070556640625
6.81	0.00013017654418945312
6.82	0.00012969970703125
6.83	0.00012803077697753906
6.84	0.0001270771026611328
6.85	0.000125885009765625
6.86	0.0001251697540283203
6.87	0.00012445449829101562
6.88	0.00012254714965820312
6.89	0.00012111663818359375
6.9	0.00011992454528808594
6.91	0.00011897087097167969
6.92	0.00011777877807617188
6.93	0.00011682510375976562
6.94	0.00011491775512695312
6.95	0.00011348724365234375
6.96	0.0001125335693359375
6.97	0.00011181831359863281
6.98	0.00011134147644042969
6.99	0.00011038780212402344
7.0	0.00010991096496582031
7.01	0.0001087188720703125
7.02	0.00010776519775390625
7.03	0.0001068115234375
7.04	0.00010609626770019531
7.05	0.0001049041748046875
7.06	0.00010371208190917969
7.07	0.000102996826171875
7.08	0.00010204315185546875
7.09	0.00010132789611816406
7.1	0.00010061264038085938
7.11	9.942054748535156e-05
7.12	9.870529174804688e-05
7.13	9.822845458984375e-05
7.14	9.775161743164062e-05
7.15	9.655952453613281e-05
7.16	9.608268737792969e-05
7.17	9.465217590332031e-05
7.18	9.393692016601562e-05
7.19	9.322166442871094e-05
7.2	9.250640869140625e-05
7.21	9.107589721679688e-05
7.22	9.059906005859375e-05
7.23	8.940696716308594e-05
7.24	8.845329284667969e-05
7.25	8.845329284667969e-05
7.26	8.749961853027344e-05
7.27	8.678436279296875e-05
7.28	8.606910705566406e-05
7.29	8.58306884765625e-05
7.3	8.487701416015625e-05
7.31	8.416175842285156e-05
7.32	8.344650268554688e-05
7.33	8.296966552734375e-05
7.34	8.249282836914062e-05
7.35	8.130073547363281e-05
7.36	8.058547973632812e-05
7.37	8.0108642578125e-05
7.38	7.939338684082031e-05
7.39	7.772445678710938e-05
7.4	7.724761962890625e-05
7.41	7.677078247070312e-05
7.42	7.62939453125e-05
7.43	7.534027099609375e-05
7.44	7.510185241699219e-05
7.45	7.43865966796875e-05
7.46	7.390975952148438e-05
7.47	7.319450378417969e-05
7.48	7.224082946777344e-05
7.49	7.104873657226562e-05
7.5	7.05718994140625e-05
7.51	6.985664367675781e-05
7.52	6.866455078125e-05
7.53	6.842613220214844e-05
7.54	6.818771362304688e-05
7.55	6.723403930664062e-05
7.56	6.628036499023438e-05
7.57	6.556510925292969e-05
7.58	6.508827209472656e-05
7.59	6.413459777832031e-05
7.6	6.365776062011719e-05
7.61	6.270408630371094e-05
7.62	6.198883056640625e-05
7.63	6.127357482910156e-05
7.64	6.079673767089844e-05
7.65	6.031990051269531e-05
7.66	5.936622619628906e-05
7.67	5.841255187988281e-05
7.68	5.793571472167969e-05
7.69	5.7220458984375e-05
7.7	5.626678466796875e-05
7.71	5.602836608886719e-05
7.72	5.53131103515625e-05
7.73	5.4836273193359375e-05
7.74	5.435943603515625e-05
7.75	5.3882598876953125e-05
7.76	5.364418029785156e-05
7.77	5.316734313964844e-05
7.78	5.245208740234375e-05
7.79	5.173683166503906e-05
7.8	5.14984130859375e-05
7.81	5.078315734863281e-05
7.82	5.0067901611328125e-05
7.83	4.9114227294921875e-05
7.84	4.8160552978515625e-05
7.85	4.792213439941406e-05
7.86	4.792213439941406e-05
7.87	4.744529724121094e-05
7.88	4.673004150390625e-05
7.89	4.6253204345703125e-05
7.9	4.553794860839844e-05
7.91	4.5299530029296875e-05
7.92	4.5299530029296875e-05
7.93	4.458427429199219e-05
7.94	4.4345855712890625e-05
7.95	4.410743713378906e-05
7.96	4.363059997558594e-05
7.97	4.291534423828125e-05
7.98	4.291534423828125e-05
7.99	4.267692565917969e-05
8.0	4.2438507080078125e-05
8.01	4.1484832763671875e-05
8.02	4.124641418457031e-05
8.03	4.076957702636719e-05
8.04	4.076957702636719e-05
8.05	4.029273986816406e-05
8.06	3.981590270996094e-05
8.07	3.981590270996094e-05
8.08	3.981590270996094e-05
8.09	3.981590270996094e-05
8.1	3.9577484130859375e-05
8.11	3.933906555175781e-05
8.12	3.933906555175781e-05
8.13	3.8623809814453125e-05
8.14	3.838539123535156e-05
8.15	3.790855407714844e-05
8.16	3.7670135498046875e-05
8.17	3.695487976074219e-05
8.18	3.695487976074219e-05
8.19	3.6716461181640625e-05
8.2	3.62396240234375e-05
8.21	3.5762786865234375e-05
8.22	3.528594970703125e-05
8.23	3.504753112792969e-05
8.24	3.4809112548828125e-05
8.25	3.4809112548828125e-05
8.26	3.4809112548828125e-05
8.27	3.457069396972656e-05
8.28	3.4332275390625e-05
8.29	3.4332275390625e-05
8.3	3.409385681152344e-05
8.31	3.3855438232421875e-05
8.32	3.337860107421875e-05
8.33	3.337860107421875e-05
8.34	3.314018249511719e-05
8.35	3.2901763916015625e-05
8.36	3.2901763916015625e-05
8.37	3.266334533691406e-05
8.38	3.218650817871094e-05
8.39	3.218650817871094e-05
8.4	3.147125244140625e-05
8.41	3.147125244140625e-05
8.42	3.147125244140625e-05
8.43	3.123283386230469e-05
8.44	3.0517578125e-05
8.45	3.0517578125e-05
8.46	3.0517578125e-05
8.47	3.0279159545898438e-05
8.48	2.956390380859375e-05
8.49	2.9087066650390625e-05
8.5	2.86102294921875e-05
8.51	2.8371810913085938e-05
8.52	2.8371810913085938e-05
8.53	2.8371810913085938e-05
8.54	2.7894973754882812e-05
8.55	2.765655517578125e-05
8.56	2.765655517578125e-05
8.57	2.7179718017578125e-05
8.58	2.6941299438476562e-05
8.59	2.6941299438476562e-05
8.6	2.6464462280273438e-05
8.61	2.6226043701171875e-05
8.62	2.5510787963867188e-05
8.63	2.5510787963867188e-05
8.64	2.5272369384765625e-05
8.65	2.5033950805664062e-05
8.66	2.47955322265625e-05
8.67	2.4080276489257812e-05
8.68	2.384185791015625e-05
8.69	2.3603439331054688e-05
8.7	2.3603439331054688e-05
8.71	2.288818359375e-05
8.72	2.2649765014648438e-05
8.73	2.2411346435546875e-05
8.74	2.2172927856445312e-05
8.75	2.193450927734375e-05
8.76	2.193450927734375e-05
8.77	2.1696090698242188e-05
8.78	2.1457672119140625e-05
8.79	2.09808349609375e-05
8.8	2.09808349609375e-05
8.81	2.0742416381835938e-05
8.82	2.0265579223632812e-05
8.83	1.9788742065429688e-05
8.84	1.9550323486328125e-05
8.85	1.9311904907226562e-05
8.86	1.9311904907226562e-05
8.87	1.9311904907226562e-05
8.88	1.9073486328125e-05
8.89	1.9073486328125e-05
8.9	1.9073486328125e-05
8.91	1.8835067749023438e-05
8.92	1.8358230590820312e-05
8.93	1.8358230590820312e-05
8.94	1.8358230590820312e-05
8.95	1.7881393432617188e-05
8.96	1.71661376953125e-05
8.97	1.71661376953125e-05
8.98	1.71661376953125e-05
8.99	1.6689300537109375e-05
9.0	1.6450881958007812e-05
9.01	1.621246337890625e-05
9.02	1.5974044799804688e-05
9.03	1.5974044799804688e-05
9.04	1.5974044799804688e-05
9.05	1.5735626220703125e-05
9.06	1.52587890625e-05
9.07	1.52587890625e-05
9.08	1.5020370483398438e-05
9.09	1.4781951904296875e-05
9.1	1.4781951904296875e-05
9.11	1.4543533325195312e-05
9.12	1.4543533325195312e-05
9.13	1.4543533325195312e-05
9.14	1.4543533325195312e-05
9.15	1.4543533325195312e-05
9.16	1.430511474609375e-05
9.17	1.430511474609375e-05
9.18	1.430511474609375e-05
9.19	1.430511474609375e-05
9.2	1.430511474609375e-05
9.21	1.4066696166992188e-05
9.22	1.3828277587890625e-05
9.23	1.3828277587890625e-05
9.24	1.3828277587890625e-05
9.25	1.3828277587890625e-05
9.26	1.33514404296875e-05
9.27	1.33514404296875e-05
9.28	1.33514404296875e-05
9.29	1.3113021850585938e-05
9.3	1.3113021850585938e-05
9.31	1.2874603271484375e-05
9.32	1.2874603271484375e-05
9.33	1.2636184692382812e-05
9.34	1.2636184692382812e-05
9.35	1.239776611328125e-05
9.36	1.239776611328125e-05
9.37	1.239776611328125e-05
9.38	1.2159347534179688e-05
9.39	1.1920928955078125e-05
9.4	1.1920928955078125e-05
9.41	1.1920928955078125e-05
9.42	1.1682510375976562e-05
9.43	1.1682510375976562e-05
9.44	1.1444091796875e-05
9.45	1.1444091796875e-05
9.46	1.1205673217773438e-05
9.47	1.1205673217773438e-05
9.48	1.1205673217773438e-05
9.49	1.0967254638671875e-05
9.5	1.0967254638671875e-05
9.51	1.0728836059570312e-05
9.52	1.0728836059570312e-05
9.53	1.049041748046875e-05
9.54	1.049041748046875e-05
9.55	1.0251998901367188e-05
9.56	1.0013580322265625e-05
9.57	9.775161743164062e-06
9.58	9.775161743164062e-06
9.59	9.775161743164062e-06
9.6	9.298324584960938e-06
9.61	9.059906005859375e-06
9.62	9.059906005859375e-06
9.63	8.821487426757812e-06
9.64	8.821487426757812e-06
9.65	8.58306884765625e-06
9.66	8.58306884765625e-06
9.67	8.58306884765625e-06
9.68	8.58306884765625e-06
9.69	8.344650268554688e-06
9.7	8.344650268554688e-06
9.71	8.344650268554688e-06
9.72	8.344650268554688e-06
9.73	7.867813110351562e-06
9.74	7.62939453125e-06
9.75	7.62939453125e-06
9.76	7.62939453125e-06
9.77	7.3909759521484375e-06
9.78	7.152557373046875e-06
9.79	7.152557373046875e-06
9.8	7.152557373046875e-06
9.81	7.152557373046875e-06
9.82	7.152557373046875e-06
9.83	6.9141387939453125e-06
9.84	6.9141387939453125e-06
9.85	6.9141387939453125e-06
9.86	6.9141387939453125e-06
9.87	6.67572021484375e-06
9.88	6.67572021484375e-06
9.89	6.67572021484375e-06
9.9	6.67572021484375e-06
9.91	6.4373016357421875e-06
9.92	6.4373016357421875e-06
9.93	6.4373016357421875e-06
9.94	6.4373016357421875e-06
9.95	6.198883056640625e-06
9.96	6.198883056640625e-06
9.97	6.198883056640625e-06
9.98	6.198883056640625e-06
9.99	6.198883056640625e-06
10.0	6.198883056640625e-06
10.01	6.198883056640625e-06
10.02	6.198883056640625e-06
10.03	6.198883056640625e-06
10.04	6.198883056640625e-06
10.05	6.198883056640625e-06
10.06	6.198883056640625e-06
10.07	5.9604644775390625e-06
10.08	5.9604644775390625e-06
10.09	5.9604644775390625e-06
10.1	5.9604644775390625e-06
10.11	5.7220458984375e-06
10.12	5.7220458984375e-06
10.13	5.7220458984375e-06
10.14	5.7220458984375e-06
10.15	5.7220458984375e-06
10.16	5.7220458984375e-06
10.17	5.7220458984375e-06
10.18	5.7220458984375e-06
10.19	5.7220458984375e-06
10.2	5.7220458984375e-06
10.21	5.4836273193359375e-06
10.22	5.4836273193359375e-06
10.23	5.4836273193359375e-06
10.24	5.4836273193359375e-06
10.25	5.4836273193359375e-06
10.26	5.4836273193359375e-06
10.27	5.4836273193359375e-06
10.28	5.4836273193359375e-06
10.29	5.4836273193359375e-06
10.3	5.4836273193359375e-06
10.31	5.4836273193359375e-06
10.32	5.4836273193359375e-06
10.33	5.4836273193359375e-06
10.34	5.4836273193359375e-06
10.35	5.4836273193359375e-06
10.36	5.4836273193359375e-06
10.37	5.245208740234375e-06
10.38	5.0067901611328125e-06
10.39	5.0067901611328125e-06
10.4	5.0067901611328125e-06
10.41	5.0067901611328125e-06
10.42	5.0067901611328125e-06
10.43	5.0067901611328125e-06
10.44	5.0067901611328125e-06
10.45	5.0067901611328125e-06
10.46	5.0067901611328125e-06
10.47	5.0067901611328125e-06
10.48	5.0067901611328125e-06
10.49	5.0067901611328125e-06
10.5	5.0067901611328125e-06
10.51	5.0067901611328125e-06
10.52	4.76837158203125e-06
10.53	4.76837158203125e-06
10.54	4.76837158203125e-06
10.55	4.291534423828125e-06
10.56	4.0531158447265625e-06
10.57	4.0531158447265625e-06
10.58	4.0531158447265625e-06
10.59	4.0531158447265625e-06
10.6	4.0531158447265625e-06
10.61	3.814697265625e-06
10.62	3.814697265625e-06
10.63	3.814697265625e-06
10.64	3.814697265625e-06
10.65	3.5762786865234375e-06
10.66	3.5762786865234375e-06
10.67	3.5762786865234375e-06
10.68	3.5762786865234375e-06
10.69	3.5762786865234375e-06
10.7	3.5762786865234375e-06
10.71	3.337860107421875e-06
10.72	3.337860107421875e-06
10.73	3.0994415283203125e-06
10.74	3.0994415283203125e-06
10.75	3.0994415283203125e-06
10.76	3.0994415283203125e-06
10.77	3.0994415283203125e-06
10.78	3.0994415283203125e-06
10.79	3.0994415283203125e-06
10.8	3.0994415283203125e-06
10.81	3.0994415283203125e-06
10.82	3.0994415283203125e-06
10.83	3.0994415283203125e-06
10.84	3.0994415283203125e-06
10.85	3.0994415283203125e-06
10.86	3.0994415283203125e-06
10.87	2.86102294921875e-06
10.88	2.86102294921875e-06
10.89	2.6226043701171875e-06
10.9	2.384185791015625e-06
10.91	2.384185791015625e-06
10.92	2.384185791015625e-06
10.93	2.384185791015625e-06
10.94	2.384185791015625e-06
10.95	2.384185791015625e-06
10.96	2.1457672119140625e-06
10.97	2.1457672119140625e-06
10.98	2.1457672119140625e-06
10.99	1.9073486328125e-06
11.0	1.9073486328125e-06
11.01	1.9073486328125e-06
11.02	1.9073486328125e-06
11.03	1.9073486328125e-06
11.04	1.9073486328125e-06
11.05	1.9073486328125e-06
11.06	1.9073486328125e-06
11.07	1.9073486328125e-06
11.08	1.9073486328125e-06
11.09	1.9073486328125e-06
11.1	1.9073486328125e-06
11.11	1.9073486328125e-06
11.12	1.9073486328125e-06
11.13	1.9073486328125e-06
11.14	1.9073486328125e-06
11.15	1.9073486328125e-06
11.16	1.6689300537109375e-06
11.17	1.6689300537109375e-06
11.18	1.6689300537109375e-06
11.19	1.6689300537109375e-06
11.2	1.6689300537109375e-06
11.21	1.6689300537109375e-06
11.22	1.6689300537109375e-06
11.23	1.6689300537109375e-06
11.24	1.6689300537109375e-06
11.25	1.430511474609375e-06
11.26	1.430511474609375e-06
11.27	1.430511474609375e-06
11.28	1.430511474609375e-06
11.29	1.430511474609375e-06
11.3	1.430511474609375e-06
11.31	1.430511474609375e-06
11.32	1.430511474609375e-06
11.33	1.430511474609375e-06
11.34	1.1920928955078125e-06
11.35	1.1920928955078125e-06
11.36	1.1920928955078125e-06
11.37	1.1920928955078125e-06
11.38	1.1920928955078125e-06
11.39	1.1920928955078125e-06
11.4	1.1920928955078125e-06
11.41	1.1920928955078125e-06
11.42	1.1920928955078125e-06
11.43	9.5367431640625e-07
11.44	9.5367431640625e-07
11.45	9.5367431640625e-07
11.46	9.5367431640625e-07
11.47	9.5367431640625e-07
11.48	9.5367431640625e-07
11.49	9.5367431640625e-07
11.5	7.152557373046875e-07
11.51	7.152557373046875e-07
11.52	7.152557373046875e-07
11.53	7.152557373046875e-07
11.54	7.152557373046875e-07
11.55	7.152557373046875e-07
11.56	7.152557373046875e-07
11.57	7.152557373046875e-07
11.58	7.152557373046875e-07
11.59	7.152557373046875e-07
11.6	4.76837158203125e-07
11.61	4.76837158203125e-07
11.62	4.76837158203125e-07
11.63	4.76837158203125e-07
11.64	4.76837158203125e-07
11.65	4.76837158203125e-07
11.66	4.76837158203125e-07
11.67	4.76837158203125e-07
11.68	2.384185791015625e-07
11.69	2.384185791015625e-07
11.7	2.384185791015625e-07
11.71	2.384185791015625e-07
11.72	2.384185791015625e-07
11.73	2.384185791015625e-07
11.74	2.384185791015625e-07
11.75	2.384185791015625e-07
11.76	2.384185791015625e-07
11.77	0.0
