5.57	0.0005026161670684814
5.58	0.0004976391792297363
5.59	0.0004936158657073975
5.6	0.0004889369010925293
5.61	0.00048401951789855957
5.62	0.0004797428846359253
5.63	0.00047488510608673096
5.64	0.00046990811824798584
5.65	0.0004657953977584839
5.66	0.0004606693983078003
5.67	0.00045599043369293213
5.68	0.0004516392946243286
5.69	0.0004475116729736328
5.7	0.00044314563274383545
5.71	0.00043867528438568115
5.72	0.00043426454067230225
5.73	0.0004305541515350342
5.74	0.00042641162872314453
5.75	0.0004218071699142456
5.76	0.0004179626703262329
5.77	0.00041390955448150635
5.78	0.0004105120897293091
5.79	0.00040608644485473633
5.8	0.00040240585803985596
5.81	0.0003986954689025879
5.82	0.0003952533006668091
5.83	0.000391349196434021
5.84	0.000388219952583313
5.85	0.00038430094718933105
5.86	0.00038048624992370605
5.87	0.0003763437271118164
5.88	0.00037288665771484375
5.89	0.0003696829080581665
5.9	0.0003657042980194092
5.91	0.0003619194030761719
5.92	0.00035847723484039307
5.93	0.00035466253757476807
5.94	0.00035099685192108154
5.95	0.00034743547439575195
5.96	0.00034393370151519775
5.97	0.0003402978181838989
5.98	0.00033676624298095703
5.99	0.0003335922956466675
6.0	0.00033035874366760254
6.01	0.00032702088356018066
6.02	0.00032354891300201416
6.03	0.0003207176923751831
6.04	0.00031745433807373047
6.05	0.00031450390815734863
6.06	0.00031113624572753906
6.07	0.00030829012393951416
6.08	0.0003049522638320923
6.09	0.00030185282230377197
6.1	0.00029858946800231934
6.11	0.0002955198287963867
6.12	0.0002921968698501587
6.13	0.0002898871898651123
6.14	0.00028711557388305664
6.15	0.0002842545509338379
6.16	0.0002814829349517822
6.17	0.00027842819690704346
6.18	0.00027589499950408936
6.19	0.00027310848236083984
6.2	0.00027057528495788574
6.21	0.0002680569887161255
6.22	0.00026550889015197754
6.23	0.00026254355907440186
6.24	0.00025998055934906006
6.25	0.00025728344917297363
6.26	0.0002550482749938965
6.27	0.0002522766590118408
6.28	0.0002496093511581421
6.29	0.0002475529909133911
6.3	0.0002449601888656616
6.31	0.00024259090423583984
6.32	0.00024013221263885498
6.33	0.0002380162477493286
6.34	0.0002355724573135376
6.35	0.00023281574249267578
6.36	0.00023037195205688477
6.37	0.00022824108600616455
6.38	0.00022549927234649658
6.39	0.00022314488887786865
6.4	0.00022073090076446533
6.41	0.00021855533123016357
6.42	0.00021579861640930176
6.43	0.00021384656429290771
6.44	0.00021155178546905518
6.45	0.0002095252275466919
6.46	0.0002071857452392578
6.47	0.0002054274082183838
6.48	0.00020347535610198975
6.49	0.0002012699842453003
6.5	0.0001990795135498047
6.51	0.00019747018814086914
6.52	0.00019539892673492432
6.53	0.0001932382583618164
6.54	0.00019088387489318848
6.55	0.0001892000436782837
6.56	0.00018714368343353271
6.57	0.00018483400344848633
6.58	0.00018271803855895996
6.59	0.0001808851957321167
6.6	0.00017890334129333496
6.61	0.00017680227756500244
6.62	0.00017511844635009766
6.63	0.00017304718494415283
6.64	0.00017124414443969727
6.65	0.00016929209232330322
6.66	0.00016757845878601074
6.67	0.00016574561595916748
6.68	0.00016386806964874268
6.69	0.000162467360496521
6.7	0.00016038119792938232
6.71	0.0001586228609085083
6.72	0.00015707314014434814
6.73	0.00015510618686676025
6.74	0.00015348196029663086
6.75	0.0001516193151473999
6.76	0.0001502782106399536
6.77	0.00014869868755340576
6.78	0.00014728307723999023
6.79	0.0001455545425415039
6.8	0.0001439303159713745
6.81	0.00014227628707885742
6.82	0.00014065206050872803
6.83	0.0001388341188430786
6.84	0.0001373589038848877
6.85	0.0001360476016998291
6.86	0.00013440847396850586
6.87	0.00013297796249389648
6.88	0.00013165175914764404
6.89	0.00013020634651184082
6.9	0.00012888014316558838
6.91	0.00012765824794769287
6.92	0.00012612342834472656
6.93	0.00012496113777160645
6.94	0.00012382864952087402
6.95	0.00012260675430297852
6.96	0.00012132525444030762
6.97	0.00011973083019256592
6.98	0.00011855363845825195
6.99	0.00011712312698364258
7.0	0.00011593103408813477
7.01	0.00011463463306427002
7.02	0.00011314451694488525
7.03	0.00011205673217773438
7.04	0.00011076033115386963
7.05	0.0001093745231628418
7.06	0.00010816752910614014
7.07	0.00010693073272705078
7.08	0.00010558962821960449
7.09	0.000104561448097229
7.1	0.00010356307029724121
7.11	0.00010241568088531494
7.12	0.00010129809379577637
7.13	9.991228580474854e-05
7.14	9.919703006744385e-05
7.15	9.794533252716064e-05
7.16	9.6932053565979e-05
7.17	9.578466415405273e-05
7.18	9.47713851928711e-05
7.19	9.359419345855713e-05
7.2	9.267032146453857e-05
7.21	9.144842624664307e-05
7.22	9.056925773620605e-05
7.23	8.969008922576904e-05
7.24	8.860230445861816e-05
7.25	8.769333362579346e-05
7.26	8.654594421386719e-05
7.27	8.560717105865479e-05
7.28	8.438527584075928e-05
7.29	8.334219455718994e-05
7.3	8.262693881988525e-05
7.31	8.152425289154053e-05
7.32	8.060038089752197e-05
7.33	7.964670658111572e-05
7.34	7.872283458709717e-05
7.35	7.790327072143555e-05
7.36	7.714331150054932e-05
7.37	7.62641429901123e-05
7.38	7.529556751251221e-05
7.39	7.463991641998291e-05
7.4	7.380545139312744e-05
7.41	7.303059101104736e-05
7.42	7.215142250061035e-05
7.43	7.148087024688721e-05
7.44	7.052719593048096e-05
7.45	6.951391696929932e-05
7.46	6.870925426483154e-05
7.47	6.787478923797607e-05
7.48	6.701052188873291e-05
7.49	6.619095802307129e-05
7.5	6.540119647979736e-05
7.51	6.462633609771729e-05
7.52	6.389617919921875e-05
7.53	6.307661533355713e-05
7.54	6.243586540222168e-05
7.55	6.16908073425293e-05
7.56	6.090104579925537e-05
7.57	6.015598773956299e-05
7.58	5.963444709777832e-05
7.59	5.882978439331055e-05
7.6	5.81890344619751e-05
7.61	5.751848220825195e-05
7.62	5.6877732276916504e-05
7.63	5.6162476539611816e-05
7.64	5.549192428588867e-05
7.65	5.501508712768555e-05
7.66	5.440413951873779e-05
7.67	5.3495168685913086e-05
7.68	5.2988529205322266e-05
7.69	5.219876766204834e-05
7.7	5.155801773071289e-05
7.71	5.0649046897888184e-05
7.72	5.017220973968506e-05
7.73	4.9680471420288086e-05
7.74	4.8920512199401855e-05
7.75	4.836916923522949e-05
7.76	4.766881465911865e-05
7.77	4.711747169494629e-05
7.78	4.653632640838623e-05
7.79	4.5925378799438477e-05
7.8	4.531443119049072e-05
7.81	4.4852495193481445e-05
7.82	4.433095455169678e-05
7.83	4.385411739349365e-05
7.84	4.3392181396484375e-05
7.85	4.2885541915893555e-05
7.86	4.245340824127197e-05
7.87	4.194676876068115e-05
7.88	4.1291117668151855e-05
7.89	4.075467586517334e-05
7.9	4.023313522338867e-05
7.91	3.962218761444092e-05
7.92	3.9070844650268555e-05
7.93	3.8504600524902344e-05
7.94	3.813207149505615e-05
7.95	3.765523433685303e-05
7.96	3.719329833984375e-05
7.97	3.6776065826416016e-05
7.98	3.644824028015137e-05
7.99	3.591179847717285e-05
8.0	3.555417060852051e-05
8.01	3.4928321838378906e-05
8.02	3.460049629211426e-05
8.03	3.419816493988037e-05
8.04	3.384053707122803e-05
8.05	3.3482909202575684e-05
8.06	3.311038017272949e-05
8.07	3.260374069213867e-05
8.08	3.221631050109863e-05
8.09	3.172457218170166e-05
8.1	3.1381845474243164e-05
8.11	3.094971179962158e-05
8.12	3.0502676963806152e-05
8.13	3.0159950256347656e-05
8.14	2.9712915420532227e-05
8.15	2.9385089874267578e-05
8.16	2.8908252716064453e-05
8.17	2.8640031814575195e-05
8.18	2.8252601623535156e-05
8.19	2.7820467948913574e-05
8.2	2.7492642402648926e-05
8.21	2.7239322662353516e-05
8.22	2.6598572731018066e-05
8.23	2.6300549507141113e-05
8.24	2.5913119316101074e-05
8.25	2.562999725341797e-05
8.26	2.5287270545959473e-05
8.27	2.5004148483276367e-05
8.28	2.4706125259399414e-05
8.29	2.446770668029785e-05
8.3	2.4124979972839355e-05
8.31	2.384185791015625e-05
8.32	2.3558735847473145e-05
8.33	2.3171305656433105e-05
8.34	2.2917985916137695e-05
8.35	2.2590160369873047e-05
8.36	2.2336840629577637e-05
8.37	2.2023916244506836e-05
8.38	2.1710991859436035e-05
8.39	2.1472573280334473e-05
8.4	2.1189451217651367e-05
8.41	2.0876526832580566e-05
8.42	2.0563602447509766e-05
8.43	2.0295381546020508e-05
8.44	2.0042061805725098e-05
8.45	1.977384090423584e-05
8.46	1.9624829292297363e-05
8.47	1.940131187438965e-05
8.48	1.9162893295288086e-05
8.49	1.8894672393798828e-05
8.5	1.8715858459472656e-05
8.51	1.837313175201416e-05
8.52	1.811981201171875e-05
8.53	1.7955899238586426e-05
8.54	1.7657876014709473e-05
8.55	1.7315149307250977e-05
8.56	1.7121434211730957e-05
8.57	1.6942620277404785e-05
8.58	1.6644597053527832e-05
8.59	1.6391277313232422e-05
8.6	1.6197562217712402e-05
8.61	1.6003847122192383e-05
8.62	1.5750527381896973e-05
8.63	1.5541911125183105e-05
8.64	1.5228986740112305e-05
8.65	1.5079975128173828e-05
8.66	1.4796853065490723e-05
8.67	1.449882984161377e-05
8.68	1.4349818229675293e-05
8.69	1.424551010131836e-05
8.7	1.399219036102295e-05
8.71	1.3872981071472168e-05
8.72	1.3738870620727539e-05
8.73	1.3530254364013672e-05
8.74	1.329183578491211e-05
8.75	1.3172626495361328e-05
8.76	1.2964010238647461e-05
8.77	1.284480094909668e-05
8.78	1.2621283531188965e-05
8.79	1.2502074241638184e-05
8.8	1.233816146850586e-05
8.81	1.208484172821045e-05
8.82	1.1995434761047363e-05
8.83	1.17570161819458e-05
8.84	1.1593103408813477e-05
8.85	1.1339783668518066e-05
8.86	1.1146068572998047e-05
8.87	1.093745231628418e-05
8.88	1.080334186553955e-05
8.89	1.0639429092407227e-05
8.9	1.0520219802856445e-05
8.91	1.0401010513305664e-05
8.92	1.0251998901367188e-05
8.93	1.0088086128234863e-05
8.94	9.968876838684082e-06
8.95	9.834766387939453e-06
8.96	9.641051292419434e-06
8.97	9.447336196899414e-06
8.98	9.34302806854248e-06
8.99	9.253621101379395e-06
9.0	9.074807167053223e-06
9.01	8.970499038696289e-06
9.02	8.791685104370117e-06
9.03	8.627772331237793e-06
9.04	8.568167686462402e-06
9.05	8.374452590942383e-06
9.06	8.240342140197754e-06
9.07	8.150935173034668e-06
9.08	8.016824722290039e-06
9.09	7.987022399902344e-06
9.1	7.808208465576172e-06
9.11	7.748603820800781e-06
9.12	7.584691047668457e-06
9.13	7.539987564086914e-06
9.14	7.450580596923828e-06
9.15	7.331371307373047e-06
9.16	7.227063179016113e-06
9.17	7.167458534240723e-06
9.18	6.9588422775268555e-06
9.19	6.899237632751465e-06
9.2	6.8247318267822266e-06
9.21	6.720423698425293e-06
9.22	6.616115570068359e-06
9.23	6.4820051193237305e-06
9.24	6.407499313354492e-06
9.25	6.303191184997559e-06
9.26	6.154179573059082e-06
9.27	6.094574928283691e-06
9.28	5.945563316345215e-06
9.29	5.751848220825195e-06
9.3	5.632638931274414e-06
9.31	5.5730342864990234e-06
9.32	5.4389238357543945e-06
9.33	5.349516868591309e-06
9.34	5.304813385009766e-06
9.35	5.245208740234375e-06
9.36	5.170702934265137e-06
9.37	5.066394805908203e-06
9.38	5.0067901611328125e-06
9.39	4.872679710388184e-06
9.4	4.813075065612793e-06
9.41	4.693865776062012e-06
9.42	4.678964614868164e-06
9.43	4.604458808898926e-06
9.44	4.51505184173584e-06
9.45	4.455447196960449e-06
9.46	4.395842552185059e-06
9.47	4.32133674621582e-06
9.48	4.246830940246582e-06
9.49	4.231929779052734e-06
9.5	4.172325134277344e-06
9.51	4.0978193283081055e-06
9.52	4.06801700592041e-06
9.53	4.023313522338867e-06
9.54	3.948807716369629e-06
9.55	3.859400749206543e-06
9.56	3.829598426818848e-06
9.57	3.769993782043457e-06
9.58	3.7103891372680664e-06
9.59	3.6656856536865234e-06
9.6	3.591179847717285e-06
9.61	3.56137752532959e-06
9.62	3.5315752029418945e-06
9.63	3.4868717193603516e-06
9.64	3.4570693969726562e-06
9.65	3.4123659133911133e-06
9.66	3.3229589462280273e-06
9.67	3.2782554626464844e-06
9.68	3.1888484954833984e-06
9.69	3.11434268951416e-06
9.7	3.084540367126465e-06
9.71	3.0249357223510742e-06
9.72	2.9802322387695312e-06
9.73	2.905726432800293e-06
9.74	2.8461217880249023e-06
9.75	2.771615982055664e-06
9.76	2.726912498474121e-06
9.77	2.652406692504883e-06
9.78	2.652406692504883e-06
9.79	2.6226043701171875e-06
9.8	2.592802047729492e-06
9.81	2.5480985641479492e-06
9.82	2.5480985641479492e-06
9.83	2.4884939193725586e-06
9.84	2.4437904357910156e-06
9.85	2.3990869522094727e-06
9.86	2.384185791015625e-06
9.87	2.339482307434082e-06
9.88	2.294778823852539e-06
9.89	2.2351741790771484e-06
9.9	2.1904706954956055e-06
9.91	2.130866050720215e-06
9.92	2.0712614059448242e-06
9.93	1.9818544387817383e-06
9.94	1.952052116394043e-06
9.95	1.9222497940063477e-06
9.96	1.8775463104248047e-06
9.97	1.862645149230957e-06
9.98	1.8328428268432617e-06
9.99	1.7881393432617188e-06
10.0	1.7285346984863281e-06
10.01	1.6987323760986328e-06
10.02	1.6391277313232422e-06
10.03	1.6093254089355469e-06
10.04	1.564621925354004e-06
10.05	1.564621925354004e-06
10.06	1.519918441772461e-06
10.07	1.5050172805786133e-06
10.08	1.475214958190918e-06
10.09	1.4603137969970703e-06
10.1	1.4156103134155273e-06
10.11	1.4007091522216797e-06
10.12	1.341104507446289e-06
10.13	1.341104507446289e-06
10.14	1.296401023864746e-06
10.15	1.296401023864746e-06
10.16	1.2814998626708984e-06
10.17	1.2516975402832031e-06
10.18	1.2367963790893555e-06
10.19	1.1920928955078125e-06
10.2	1.1771917343139648e-06
10.21	1.1771917343139648e-06
10.22	1.1473894119262695e-06
10.23	1.1473894119262695e-06
10.24	1.1473894119262695e-06
10.25	1.1473894119262695e-06
10.26	1.1324882507324219e-06
10.27	1.1175870895385742e-06
10.28	1.0728836059570312e-06
10.29	1.0579824447631836e-06
10.3	1.0579824447631836e-06
10.31	1.043081283569336e-06
10.32	9.98377799987793e-07
10.33	9.834766387939453e-07
10.34	9.834766387939453e-07
10.35	9.238719940185547e-07
10.36	8.940696716308594e-07
10.37	8.493661880493164e-07
10.38	8.344650268554688e-07
10.39	7.897615432739258e-07
10.4	7.897615432739258e-07
10.41	7.897615432739258e-07
10.42	7.599592208862305e-07
10.43	7.450580596923828e-07
10.44	7.301568984985352e-07
10.45	7.301568984985352e-07
10.46	6.854534149169922e-07
10.47	6.854534149169922e-07
10.48	6.556510925292969e-07
10.49	6.556510925292969e-07
10.5	6.556510925292969e-07
10.51	6.407499313354492e-07
10.52	6.407499313354492e-07
10.53	6.407499313354492e-07
10.54	6.258487701416016e-07
10.55	6.109476089477539e-07
10.56	5.960464477539062e-07
10.57	5.662441253662109e-07
10.58	5.662441253662109e-07
10.59	5.662441253662109e-07
10.6	5.662441253662109e-07
10.61	5.513429641723633e-07
10.62	5.21540641784668e-07
10.63	5.066394805908203e-07
10.64	4.76837158203125e-07
10.65	4.470348358154297e-07
10.66	4.470348358154297e-07
10.67	4.3213367462158203e-07
10.68	4.3213367462158203e-07
10.69	4.3213367462158203e-07
10.7	4.3213367462158203e-07
10.71	4.172325134277344e-07
10.72	4.172325134277344e-07
10.73	4.172325134277344e-07
10.74	4.172325134277344e-07
10.75	4.023313522338867e-07
10.76	4.023313522338867e-07
10.77	3.8743019104003906e-07
10.78	3.8743019104003906e-07
10.79	3.8743019104003906e-07
10.8	3.5762786865234375e-07
10.81	3.5762786865234375e-07
10.82	3.427267074584961e-07
10.83	3.427267074584961e-07
10.84	3.2782554626464844e-07
10.85	3.2782554626464844e-07
10.86	3.129243850708008e-07
10.87	3.129243850708008e-07
10.88	3.129243850708008e-07
10.89	3.129243850708008e-07
10.9	3.129243850708008e-07
10.91	2.980232238769531e-07
10.92	2.980232238769531e-07
10.93	2.980232238769531e-07
10.94	2.980232238769531e-07
10.95	2.980232238769531e-07
10.96	2.980232238769531e-07
10.97	2.980232238769531e-07
10.98	2.8312206268310547e-07
10.99	2.682209014892578e-07
11.0	2.384185791015625e-07
11.01	2.384185791015625e-07
11.02	2.086162567138672e-07
11.03	2.086162567138672e-07
11.04	2.086162567138672e-07
11.05	1.9371509552001953e-07
11.06	1.6391277313232422e-07
11.07	1.6391277313232422e-07
11.08	1.4901161193847656e-07
11.09	1.341104507446289e-07
11.1	1.1920928955078125e-07
11.11	1.1920928955078125e-07
11.12	1.1920928955078125e-07
11.13	1.1920928955078125e-07
11.14	1.1920928955078125e-07
11.15	1.1920928955078125e-07
11.16	1.1920928955078125e-07
11.17	1.1920928955078125e-07
11.18	1.1920928955078125e-07
11.19	1.1920928955078125e-07
11.2	1.043081283569336e-07
11.21	1.043081283569336e-07
11.22	1.043081283569336e-07
11.23	1.043081283569336e-07
11.24	1.043081283569336e-07
11.25	1.043081283569336e-07
11.26	1.043081283569336e-07
11.27	1.043081283569336e-07
11.28	8.940696716308594e-08
11.29	8.940696716308594e-08
11.3	8.940696716308594e-08
11.31	8.940696716308594e-08
11.32	8.940696716308594e-08
11.33	8.940696716308594e-08
11.34	8.940696716308594e-08
11.35	8.940696716308594e-08
11.36	8.940696716308594e-08
11.37	8.940696716308594e-08
11.38	8.940696716308594e-08
11.39	8.940696716308594e-08
11.4	8.940696716308594e-08
11.41	8.940696716308594e-08
11.42	8.940696716308594e-08
11.43	7.450580596923828e-08
11.44	7.450580596923828e-08
11.45	5.960464477539063e-08
11.46	5.960464477539063e-08
11.47	5.960464477539063e-08
11.48	5.960464477539063e-08
11.49	5.960464477539063e-08
11.5	5.960464477539063e-08
11.51	5.960464477539063e-08
11.52	5.960464477539063e-08
11.53	4.470348358154297e-08
11.54	4.470348358154297e-08
11.55	4.470348358154297e-08
11.56	4.470348358154297e-08
11.57	4.470348358154297e-08
11.58	4.470348358154297e-08
11.59	4.470348358154297e-08
11.6	4.470348358154297e-08
11.61	4.470348358154297e-08
11.62	4.470348358154297e-08
11.63	4.470348358154297e-08
11.64	4.470348358154297e-08
11.65	4.470348358154297e-08
11.66	4.470348358154297e-08
11.67	4.470348358154297e-08
11.68	4.470348358154297e-08
11.69	4.470348358154297e-08
11.7	4.470348358154297e-08
11.71	2.9802322387695312e-08
11.72	2.9802322387695312e-08
11.73	1.4901161193847656e-08
11.74	1.4901161193847656e-08
11.75	1.4901161193847656e-08
11.76	1.4901161193847656e-08
11.77	1.4901161193847656e-08
11.78	1.4901161193847656e-08
11.79	1.4901161193847656e-08
11.8	1.4901161193847656e-08
11.81	1.4901161193847656e-08
11.82	1.4901161193847656e-08
11.83	1.4901161193847656e-08
11.84	1.4901161193847656e-08
11.85	1.4901161193847656e-08
11.86	1.4901161193847656e-08
11.87	1.4901161193847656e-08
11.88	1.4901161193847656e-08
11.89	1.4901161193847656e-08
11.9	1.4901161193847656e-08
11.91	1.4901161193847656e-08
11.92	1.4901161193847656e-08
11.93	1.4901161193847656e-08
11.94	1.4901161193847656e-08
11.95	1.4901161193847656e-08
11.96	1.4901161193847656e-08
11.97	1.4901161193847656e-08
11.98	1.4901161193847656e-08
11.99	1.4901161193847656e-08
12.0	1.4901161193847656e-08
12.01	1.4901161193847656e-08
12.02	1.4901161193847656e-08
12.03	1.4901161193847656e-08
12.04	1.4901161193847656e-08
12.05	1.4901161193847656e-08
12.06	1.4901161193847656e-08
12.07	1.4901161193847656e-08
12.08	1.4901161193847656e-08
12.09	1.4901161193847656e-08
12.1	1.4901161193847656e-08
12.11	1.4901161193847656e-08
12.12	1.4901161193847656e-08
12.13	1.4901161193847656e-08
12.14	1.4901161193847656e-08
12.15	1.4901161193847656e-08
12.16	0.0
