4.63	0.0005025863647460938
4.64	0.0004994533956050873
4.65	0.0004963204264640808
4.66	0.0004933131858706474
4.67	0.0004902919754385948
4.68	0.00048728659749031067
4.69	0.0004841173067688942
4.7	0.00048111844807863235
4.71	0.0004779789596796036
4.72	0.0004749717190861702
4.73	0.00047196540981531143
4.74	0.00046903081238269806
4.75	0.00046602077782154083
4.76	0.0004631783813238144
4.77	0.00046017952263355255
4.78	0.0004572393372654915
4.79	0.0004542795941233635
4.8	0.0004515247419476509
4.81	0.00044865719974040985
4.82	0.0004458008334040642
4.83	0.00044307485222816467
4.84	0.00044024083763360977
4.85	0.000437428243458271
4.86	0.00043468084186315536
4.87	0.00043192319571971893
4.88	0.00042922981083393097
4.89	0.00042656343430280685
4.9	0.00042393431067466736
4.91	0.0004211738705635071
4.92	0.00041846465319395065
4.93	0.00041582807898521423
4.94	0.00041308626532554626
4.95	0.00041039567440748215
4.96	0.00040786899626255035
4.97	0.00040525104850530624
4.98	0.00040264707058668137
4.99	0.00040012970566749573
5.0	0.00039758626371622086
5.01	0.00039493199437856674
5.02	0.000392409972846508
5.03	0.00038994383066892624
5.04	0.0003875093534588814
5.05	0.0003850022330880165
5.06	0.0003826441243290901
5.07	0.00038020871579647064
5.08	0.00037773046642541885
5.09	0.00037529971450567245
5.1	0.0003729378804564476
5.11	0.0003705443814396858
5.12	0.0003682216629385948
5.13	0.0003659585490822792
5.14	0.0003635929897427559
5.15	0.0003611994907259941
5.16	0.0003588711842894554
5.17	0.0003564637154340744
5.18	0.00035407859832048416
5.19	0.0003518667072057724
5.2	0.0003496110439300537
5.21	0.0003473246470093727
5.22	0.0003449823707342148
5.23	0.0003427509218454361
5.24	0.00034037884324789047
5.25	0.0003381678834557533
5.26	0.0003360128030180931
5.27	0.00033378228545188904
5.28	0.0003315461799502373
5.29	0.0003294544294476509
5.3	0.000327269546687603
5.31	0.000325055792927742
5.32	0.00032293517142534256
5.33	0.0003208629786968231
5.34	0.0003187665715813637
5.35	0.000316619873046875
5.36	0.0003146342933177948
5.37	0.0003124671056866646
5.38	0.00031040050089359283
5.39	0.0003082985058426857
5.4	0.00030621234327554703
5.41	0.00030416157096624374
5.42	0.0003021974116563797
5.43	0.0003001522272825241
5.44	0.00029810238629579544
5.45	0.0002960851415991783
5.46	0.0002941181883215904
5.47	0.000292033888399601
5.48	0.0002900436520576477
5.49	0.00028812140226364136
5.5	0.00028615910559892654
5.51	0.0002842117100954056
5.52	0.0002823825925588608
5.53	0.00028043240308761597
5.54	0.0002784533426165581
5.55	0.00027654413133859634
5.56	0.00027476344257593155
5.57	0.0002728961408138275
5.58	0.0002710465341806412
5.59	0.00026929937303066254
5.6	0.0002673892304301262
5.61	0.00026550423353910446
5.62	0.0002637375146150589
5.63	0.0002618907019495964
5.64	0.0002601230517029762
5.65	0.00025841500610113144
5.66	0.00025665201246738434
5.67	0.00025479216128587723
5.68	0.0002530869096517563
5.69	0.0002513248473405838
5.7	0.0002495488151907921
5.71	0.0002478118985891342
5.72	0.0002461504191160202
5.73	0.00024438556283712387
5.74	0.00024278834462165833
5.75	0.00024113524705171585
5.76	0.00023947842419147491
5.77	0.00023777596652507782
5.78	0.0002361619845032692
5.79	0.00023457687348127365
5.8	0.00023298989981412888
5.81	0.00023142341524362564
5.82	0.0002299230545759201
5.83	0.00022830907255411148
5.84	0.00022664200514554977
5.85	0.00022509507834911346
5.86	0.00022355839610099792
5.87	0.00022204965353012085
5.88	0.00022058095782995224
5.89	0.000219062902033329
5.9	0.00021744798868894577
5.91	0.0002159811556339264
5.92	0.00021444819867610931
5.93	0.00021289382129907608
5.94	0.0002114269882440567
5.95	0.00021004397422075272
5.96	0.00020856969058513641
5.97	0.00020710844546556473
5.98	0.0002056686207652092
5.99	0.0002042362466454506
6.0	0.00020271353423595428
6.01	0.00020136311650276184
6.02	0.00020001456141471863
6.03	0.0001985393464565277
6.04	0.00019719265401363373
6.05	0.0001958496868610382
6.06	0.00019446760416030884
6.07	0.00019303616136312485
6.08	0.0001917099580168724
6.09	0.00019034557044506073
6.1	0.0001890268176794052
6.11	0.00018768105655908585
6.12	0.00018641259521245956
6.13	0.00018499046564102173
6.14	0.00018369033932685852
6.15	0.00018236320465803146
6.16	0.00018099043518304825
6.17	0.00017969682812690735
6.18	0.000178484246134758
6.19	0.0001771673560142517
6.2	0.0001758737489581108
6.21	0.00017464812844991684
6.22	0.0001733759418129921
6.23	0.00017203856259584427
6.24	0.000170842744410038
6.25	0.00016967859119176865
6.26	0.00016839150339365005
6.27	0.00016721710562705994
6.28	0.00016606319695711136
6.29	0.00016477610915899277
6.3	0.00016353465616703033
6.31	0.0001624012365937233
6.32	0.0001612650230526924
6.33	0.00016006920486688614
6.34	0.00015894044190645218
6.35	0.0001577623188495636
6.36	0.00015651900321245193
6.37	0.0001554042100906372
6.38	0.00015428103506565094
6.39	0.00015309173613786697
6.4	0.00015200767666101456
6.41	0.00015087146311998367
6.42	0.0001497594639658928
6.43	0.000148640014231205
6.44	0.00014760345220565796
6.45	0.00014648213982582092
6.46	0.00014535989612340927
6.47	0.00014428608119487762
6.48	0.00014325324445962906
6.49	0.00014217663556337357
6.5	0.00014120712876319885
6.51	0.0001401631161570549
6.52	0.00013909488916397095
6.53	0.0001379912719130516
6.54	0.00013705063611268997
6.55	0.00013608112931251526
6.56	0.00013504642993211746
6.57	0.00013407506048679352
6.58	0.00013310741633176804
6.59	0.0001320764422416687
6.6	0.00013108830899000168
6.61	0.00013015419244766235
6.62	0.00012917164713144302
6.63	0.0001282310113310814
6.64	0.00012730993330478668
6.65	0.0001263776794075966
6.66	0.00012539327144622803
6.67	0.00012451782822608948
6.68	0.00012358278036117554
6.69	0.00012257788330316544
6.7	0.00012175459414720535
6.71	0.00012088660150766373
6.72	0.00011996366083621979
6.73	0.00011909008026123047
6.74	0.00011824723333120346
6.75	0.00011732988059520721
6.76	0.00011645723134279251
6.77	0.00011561717838048935
6.78	0.0001147957518696785
6.79	0.00011390168219804764
6.8	0.0001131175085902214
6.81	0.00011226069182157516
6.82	0.00011139549314975739
6.83	0.00011055730283260345
6.84	0.00010975264012813568
6.85	0.00010890979319810867
6.86	0.00010807812213897705
6.87	0.00010728929191827774
6.88	0.00010651163756847382
6.89	0.00010566785931587219
6.9	0.00010490603744983673
6.91	0.00010408461093902588
6.92	0.00010322686284780502
6.93	0.00010251719504594803
6.94	0.00010180193930864334
6.95	0.00010103732347488403
6.96	0.00010024290531873703
6.97	9.952671825885773e-05
6.98	9.873043745756149e-05
6.99	9.795650839805603e-05
7.0	9.727012366056442e-05
7.01	9.655579924583435e-05
7.02	9.58004966378212e-05
7.03	9.509827941656113e-05
7.04	9.436346590518951e-05
7.05	9.358115494251251e-05
7.06	9.287334978580475e-05
7.07	9.220745414495468e-05
7.08	9.14987176656723e-05
7.09	9.074248373508453e-05
7.1	9.009800851345062e-05
7.11	8.936133235692978e-05
7.12	8.867587894201279e-05
7.13	8.802209049463272e-05
7.14	8.731987327337265e-05
7.15	8.659623563289642e-05
7.16	8.596107363700867e-05
7.17	8.527562022209167e-05
7.18	8.461903780698776e-05
7.19	8.397921919822693e-05
7.2	8.337479084730148e-05
7.21	8.267723023891449e-05
7.22	8.19917768239975e-05
7.23	8.138176053762436e-05
7.24	8.076056838035583e-05
7.25	8.0120749771595e-05
7.26	7.95433297753334e-05
7.27	7.890909910202026e-05
7.28	7.823575288057327e-05
7.29	7.759220898151398e-05
7.3	7.703807204961777e-05
7.31	7.644854485988617e-05
7.32	7.579941302537918e-05
7.33	7.526110857725143e-05
7.34	7.463432848453522e-05
7.35	7.402617484331131e-05
7.36	7.347017526626587e-05
7.37	7.288064807653427e-05
7.38	7.23050907254219e-05
7.39	7.177237421274185e-05
7.4	7.121916860342026e-05
7.41	7.064174860715866e-05
7.42	7.012486457824707e-05
7.43	6.962474435567856e-05
7.44	6.904825568199158e-05
7.45	6.845779716968536e-05
7.46	6.79846853017807e-05
7.47	6.743427366018295e-05
7.48	6.692763417959213e-05
7.49	6.640143692493439e-05
7.5	6.590504199266434e-05
7.51	6.535183638334274e-05
7.52	6.484426558017731e-05
7.53	6.433296948671341e-05
7.54	6.383191794157028e-05
7.55	6.331037729978561e-05
7.56	6.288103759288788e-05
7.57	6.23827800154686e-05
7.58	6.187800318002701e-05
7.59	6.139464676380157e-05
7.6	6.0900114476680756e-05
7.61	6.042700260877609e-05
7.62	5.9981830418109894e-05
7.63	5.955155938863754e-05
7.64	5.904678255319595e-05
7.65	5.859881639480591e-05
7.66	5.81592321395874e-05
7.67	5.768239498138428e-05
7.68	5.7221390306949615e-05
7.69	5.682092159986496e-05
7.7	5.639065057039261e-05
7.71	5.5919401347637177e-05
7.72	5.548633635044098e-05
7.73	5.508493632078171e-05
7.74	5.461741238832474e-05
7.75	5.4185278713703156e-05
7.76	5.380529910326004e-05
7.77	5.33517450094223e-05
7.78	5.292240530252457e-05
7.79	5.253497511148453e-05
7.8	5.210191011428833e-05
7.81	5.166046321392059e-05
7.82	5.127955228090286e-05
7.83	5.0856731832027435e-05
7.84	5.044415593147278e-05
7.85	5.001947283744812e-05
7.86	4.9666501581668854e-05
7.87	4.92660328745842e-05
7.88	4.889443516731262e-05
7.89	4.8504211008548737e-05
7.9	4.8092566430568695e-05
7.91	4.766508936882019e-05
7.92	4.7334469854831696e-05
7.93	4.697777330875397e-05
7.94	4.65884804725647e-05
7.95	4.622898995876312e-05
7.96	4.587974399328232e-05
7.97	4.5437365770339966e-05
7.98	4.505552351474762e-05
7.99	4.473235458135605e-05
8.0	4.436355084180832e-05
8.01	4.399195313453674e-05
8.02	4.3628737330436707e-05
8.03	4.324968904256821e-05
8.04	4.287250339984894e-05
8.05	4.2523257434368134e-05
8.06	4.220101982355118e-05
8.07	4.182383418083191e-05
8.08	4.146527498960495e-05
8.09	4.113372415304184e-05
8.1	4.079006612300873e-05
8.11	4.045665264129639e-05
8.12	4.015769809484482e-05
8.13	3.9793550968170166e-05
8.14	3.945454955101013e-05
8.15	3.9128586649894714e-05
8.16	3.882311284542084e-05
8.17	3.849156200885773e-05
8.18	3.8232654333114624e-05
8.19	3.791414201259613e-05
8.2	3.75453382730484e-05
8.21	3.7204474210739136e-05
8.22	3.692414611577988e-05
8.23	3.662239760160446e-05
8.24	3.634113818407059e-05
8.25	3.6036595702171326e-05
8.26	3.5723671317100525e-05
8.27	3.54032963514328e-05
8.28	3.5102479159832e-05
8.29	3.4839846193790436e-05
8.3	3.453437238931656e-05
8.31	3.425031900405884e-05
8.32	3.398768603801727e-05
8.33	3.372412174940109e-05
8.34	3.342423588037491e-05
8.35	3.3182092010974884e-05
8.36	3.2899901270866394e-05
8.37	3.262888640165329e-05
8.38	3.2347626984119415e-05
8.39	3.2102689146995544e-05
8.4	3.183633089065552e-05
8.41	3.161560744047165e-05
8.42	3.136880695819855e-05
8.43	3.106798976659775e-05
8.44	3.080163151025772e-05
8.45	3.057066351175308e-05
8.46	3.0309893190860748e-05
8.47	3.0045397579669952e-05
8.48	2.981536090373993e-05
8.49	2.9578804969787598e-05
8.5	2.9313378036022186e-05
8.51	2.9044225811958313e-05
8.52	2.882257103919983e-05
8.53	2.8551556169986725e-05
8.54	2.8342939913272858e-05
8.55	2.8131529688835144e-05
8.56	2.7894973754882812e-05
8.57	2.765003591775894e-05
8.58	2.7437694370746613e-05
8.59	2.7191825211048126e-05
8.6	2.6958994567394257e-05
8.61	2.674851566553116e-05
8.62	2.655480057001114e-05
8.63	2.6318244636058807e-05
8.64	2.6142224669456482e-05
8.65	2.5921501219272614e-05
8.66	2.5667250156402588e-05
8.67	2.5442801415920258e-05
8.68	2.5277957320213318e-05
8.69	2.5068409740924835e-05
8.7	2.484116703271866e-05
8.71	2.4648383259773254e-05
8.72	2.443511039018631e-05
8.73	2.4180859327316284e-05
8.74	2.3968517780303955e-05
8.75	2.3787841200828552e-05
8.76	2.3560598492622375e-05
8.77	2.33575701713562e-05
8.78	2.315826714038849e-05
8.79	2.2931024432182312e-05
8.8	2.2727996110916138e-05
8.81	2.254825085401535e-05
8.82	2.23405659198761e-05
8.83	2.2098422050476074e-05
8.84	2.1928921341896057e-05
8.85	2.1744519472122192e-05
8.86	2.1568499505519867e-05
8.87	2.138689160346985e-05
8.88	2.1200627088546753e-05
8.89	2.0959414541721344e-05
8.9	2.077687531709671e-05
8.91	2.0602717995643616e-05
8.92	2.042669802904129e-05
8.93	2.0236708223819733e-05
8.94	2.0089559257030487e-05
8.95	1.9896775484085083e-05
8.96	1.9665807485580444e-05
8.97	1.9484199583530426e-05
8.98	1.9325874745845795e-05
8.99	1.9130297005176544e-05
9.0	1.8971972167491913e-05
9.01	1.880992203950882e-05
9.02	1.8641352653503418e-05
9.03	1.8460676074028015e-05
9.04	1.829676330089569e-05
9.05	1.8137507140636444e-05
9.06	1.79363414645195e-05
9.07	1.780688762664795e-05
9.08	1.7665326595306396e-05
9.09	1.7515383660793304e-05
9.1	1.736171543598175e-05
9.11	1.7201527953147888e-05
9.12	1.7031095921993256e-05
9.13	1.687370240688324e-05
9.14	1.6723759472370148e-05
9.15	1.6577541828155518e-05
9.16	1.6432255506515503e-05
9.17	1.6314908862113953e-05
9.18	1.6157515347003937e-05
9.19	1.5961937606334686e-05
9.2	1.5822239220142365e-05
9.21	1.5674158930778503e-05
9.22	1.552049070596695e-05
9.23	1.5370547771453857e-05
9.24	1.5255995094776154e-05
9.25	1.5106983482837677e-05
9.26	1.4958903193473816e-05
9.27	1.4812685549259186e-05
9.28	1.4667399227619171e-05
9.29	1.451093703508377e-05
9.3	1.442059874534607e-05
9.31	1.4310702681541443e-05
9.32	1.41877681016922e-05
9.33	1.4063902199268341e-05
9.34	1.3935379683971405e-05
9.35	1.3793818652629852e-05
9.36	1.36643648147583e-05
9.37	1.35740265250206e-05
9.38	1.3464130461215973e-05
9.39	1.3333745300769806e-05
9.4	1.3227574527263641e-05
9.41	1.3088807463645935e-05
9.42	1.2939795851707458e-05
9.43	1.2830831110477448e-05
9.44	1.2731179594993591e-05
9.45	1.25933438539505e-05
9.46	1.2473203241825104e-05
9.47	1.237727701663971e-05
9.48	1.2257136404514313e-05
9.49	1.2113712728023529e-05
9.5	1.2006610631942749e-05
9.51	1.1875294148921967e-05
9.52	1.17449089884758e-05
9.53	1.1662952601909637e-05
9.54	1.1564232409000397e-05
9.55	1.1431984603404999e-05
9.56	1.1336058378219604e-05
9.57	1.1222437024116516e-05
9.58	1.1100433766841888e-05
9.59	1.0957010090351105e-05
9.6	1.0899268090724945e-05
9.61	1.079309731721878e-05
9.62	1.0691583156585693e-05
9.63	1.058727502822876e-05
9.64	1.0470859706401825e-05
9.65	1.0312534868717194e-05
9.66	1.0232441127300262e-05
9.67	1.0146759450435638e-05
9.68	1.0046176612377167e-05
9.69	9.947456419467926e-06
9.7	9.858980774879456e-06
9.71	9.72207635641098e-06
9.72	9.598210453987122e-06
9.73	9.512528777122498e-06
9.74	9.411945939064026e-06
9.75	9.32253897190094e-06
9.76	9.227544069290161e-06
9.77	9.146519005298615e-06
9.78	9.041279554367065e-06
9.79	8.961185812950134e-06
9.8	8.863396942615509e-06
9.81	8.756294846534729e-06
9.82	8.657574653625488e-06
9.83	8.595176041126251e-06
9.84	8.512288331985474e-06
9.85	8.429400622844696e-06
9.86	8.342787623405457e-06
9.87	8.239410817623138e-06
9.88	8.130446076393127e-06
9.89	8.045695722103119e-06
9.9	7.970258593559265e-06
9.91	7.869675755500793e-06
9.92	7.800757884979248e-06
9.93	7.73649662733078e-06
9.94	7.62939453125e-06
9.95	7.506459951400757e-06
9.96	7.42543488740921e-06
9.97	7.353723049163818e-06
9.98	7.2801485657691956e-06
9.99	7.202848792076111e-06
10.0	7.144175469875336e-06
10.01	7.057562470436096e-06
10.02	6.9784000515937805e-06
10.03	6.907619535923004e-06
10.04	6.818212568759918e-06
10.05	6.752088665962219e-06
10.06	6.701797246932983e-06
10.07	6.637535989284515e-06
10.08	6.561167538166046e-06
10.09	6.504356861114502e-06
10.1	6.425194442272186e-06
10.11	6.348825991153717e-06
10.12	6.27618283033371e-06
10.13	6.215646862983704e-06
10.14	6.148591637611389e-06
10.15	6.0927122831344604e-06
10.16	6.041489541530609e-06
10.17	5.953013896942139e-06
10.18	5.867332220077515e-06
10.19	5.804933607578278e-06
10.2	5.7462602853775024e-06
10.21	5.67268580198288e-06
10.22	5.627050995826721e-06
10.23	5.570240318775177e-06
10.24	5.499459803104401e-06
10.25	5.427747964859009e-06
10.26	5.3746625781059265e-06
10.27	5.295500159263611e-06
10.28	5.252659320831299e-06
10.29	5.214475095272064e-06
10.3	5.165114998817444e-06
10.31	5.088746547698975e-06
10.32	5.043111741542816e-06
10.33	4.973262548446655e-06
10.34	4.908069968223572e-06
10.35	4.8549845814704895e-06
10.36	4.819594323635101e-06
10.37	4.75812703371048e-06
10.38	4.712492227554321e-06
10.39	4.650093615055084e-06
10.4	4.581175744533539e-06
10.41	4.5066699385643005e-06
10.42	4.470348358154297e-06
10.43	4.421919584274292e-06
10.44	4.363246262073517e-06
10.45	4.319474101066589e-06
10.46	4.2691826820373535e-06
10.47	4.195608198642731e-06
10.48	4.1387975215911865e-06
10.49	4.0996819734573364e-06
10.5	4.03914600610733e-06
10.51	4.001893103122711e-06
10.52	3.964640200138092e-06
10.53	3.909692168235779e-06
10.54	3.855675458908081e-06
10.55	3.820285201072693e-06
10.56	3.7634745240211487e-06
10.57	3.7010759115219116e-06
10.58	3.661029040813446e-06
10.59	3.6330893635749817e-06
10.6	3.5874545574188232e-06
10.61	3.541819751262665e-06
10.62	3.4999102354049683e-06
10.63	3.427267074584961e-06
10.64	3.3741816878318787e-06
10.65	3.3387914299964905e-06
10.66	3.300607204437256e-06
10.67	3.246590495109558e-06
10.68	3.2205134630203247e-06
10.69	3.1795352697372437e-06
10.7	3.1152740120887756e-06
10.71	3.073364496231079e-06
10.72	3.0351802706718445e-06
10.73	2.983957529067993e-06
10.74	2.9578804969787598e-06
10.75	2.9336661100387573e-06
10.76	2.8936192393302917e-06
10.77	2.855435013771057e-06
10.78	2.820044755935669e-06
10.79	2.7762725949287415e-06
10.8	2.7259811758995056e-06
10.81	2.6999041438102722e-06
10.82	2.6756897568702698e-06
10.83	2.6365742087364197e-06
10.84	2.5993213057518005e-06
10.85	2.5639310479164124e-06
10.86	2.518296241760254e-06
10.87	2.4745240807533264e-06
10.88	2.4437904357910156e-06
10.89	2.4102628231048584e-06
10.9	2.3739412426948547e-06
10.91	2.3497268557548523e-06
10.92	2.32551246881485e-06
10.93	2.2705644369125366e-06
10.94	2.237968146800995e-06
10.95	2.209097146987915e-06
10.96	2.1811574697494507e-06
10.97	2.15042382478714e-06
10.98	2.1355226635932922e-06
10.99	2.1047890186309814e-06
11.0	2.073124051094055e-06
11.01	2.037733793258667e-06
11.02	2.01445072889328e-06
11.03	1.979060471057892e-06
11.04	1.9650906324386597e-06
11.05	1.9455328583717346e-06
11.06	1.9203871488571167e-06
11.07	1.889653503894806e-06
11.08	1.86823308467865e-06
11.09	1.8347054719924927e-06
11.1	1.8011778593063354e-06
11.11	1.7872080206871033e-06
11.12	1.7685815691947937e-06
11.13	1.735985279083252e-06
11.14	1.7173588275909424e-06
11.15	1.6884878277778625e-06
11.16	1.650303602218628e-06
11.17	1.6279518604278564e-06
11.18	1.6121193766593933e-06
11.19	1.58604234457016e-06
11.2	1.5599653124809265e-06
11.21	1.5404075384140015e-06
11.22	1.5189871191978455e-06
11.23	1.4919787645339966e-06
11.24	1.469627022743225e-06
11.25	1.4463439583778381e-06
11.26	1.4193356037139893e-06
11.27	1.409091055393219e-06
11.28	1.3932585716247559e-06
11.29	1.368112862110138e-06
11.3	1.3504177331924438e-06
11.31	1.3271346688270569e-06
11.32	1.300126314163208e-06
11.33	1.2684613466262817e-06
11.34	1.2600794434547424e-06
11.35	1.2461096048355103e-06
11.36	1.2256205081939697e-06
11.37	1.2042000889778137e-06
11.38	1.1799857020378113e-06
11.39	1.146458089351654e-06
11.4	1.1343508958816528e-06
11.41	1.1157244443893433e-06
11.42	1.105479896068573e-06
11.43	1.087784767150879e-06
11.44	1.0738149285316467e-06
11.45	1.0514631867408752e-06
11.46	1.0291114449501038e-06
11.47	1.0151416063308716e-06
11.48	9.96515154838562e-07
11.49	9.806826710700989e-07
11.5	9.704381227493286e-07
11.51	9.592622518539429e-07
11.52	9.378418326377869e-07
11.53	9.248033165931702e-07
11.54	9.080395102500916e-07
11.55	8.819624781608582e-07
11.56	8.633360266685486e-07
11.57	8.568167686462402e-07
11.58	8.409842848777771e-07
11.59	8.260831236839294e-07
11.6	8.102506399154663e-07
11.61	7.888302206993103e-07
11.62	7.683411240577698e-07
11.63	7.59027898311615e-07
11.64	7.469207048416138e-07
11.65	7.245689630508423e-07
11.66	7.14324414730072e-07
11.67	7.096678018569946e-07
11.68	6.92903995513916e-07
11.69	6.7148357629776e-07
11.7	6.621703505516052e-07
11.71	6.50063157081604e-07
11.72	6.388872861862183e-07
11.73	6.351619958877563e-07
11.74	6.30505383014679e-07
11.75	6.128102540969849e-07
11.76	5.997717380523682e-07
11.77	5.904585123062134e-07
11.78	5.736947059631348e-07
11.79	5.671754479408264e-07
11.8	5.662441253662109e-07
11.81	5.532056093215942e-07
11.82	5.41098415851593e-07
11.83	5.336478352546692e-07
11.84	5.21540641784668e-07
11.85	5.103647708892822e-07
11.86	5.029141902923584e-07
11.87	4.954636096954346e-07
11.88	4.852190613746643e-07
11.89	4.7404319047927856e-07
11.9	4.721805453300476e-07
11.91	4.6193599700927734e-07
11.92	4.4889748096466064e-07
11.93	4.4051557779312134e-07
11.94	4.33996319770813e-07
11.95	4.246830940246582e-07
11.96	4.2188912630081177e-07
11.97	4.163011908531189e-07
11.98	4.0605664253234863e-07
11.99	3.948807716369629e-07
12.0	3.902241587638855e-07
12.01	3.771856427192688e-07
12.02	3.7532299757003784e-07
12.03	3.725290298461914e-07
12.04	3.67872416973114e-07
12.05	3.548339009284973e-07
12.06	3.46451997756958e-07
12.07	3.380700945854187e-07
12.08	3.3061951398849487e-07
12.09	3.2316893339157104e-07
12.1	3.2223761081695557e-07
12.11	3.157183527946472e-07
12.12	3.082677721977234e-07
12.13	3.026798367500305e-07
12.14	2.9336661100387573e-07
12.15	2.8219074010849e-07
12.16	2.8032809495925903e-07
12.17	2.784654498100281e-07
12.18	2.7194619178771973e-07
12.19	2.7194619178771973e-07
12.2	2.654269337654114e-07
12.21	2.5704503059387207e-07
12.22	2.477318048477173e-07
12.23	2.4586915969848633e-07
12.24	2.384185791015625e-07
12.25	2.3748725652694702e-07
12.26	2.3283064365386963e-07
12.27	2.2817403078079224e-07
12.28	2.1886080503463745e-07
12.29	2.1513551473617554e-07
12.3	2.076849341392517e-07
12.31	2.0209699869155884e-07
12.32	1.9650906324386597e-07
12.33	1.9278377294540405e-07
12.34	1.8812716007232666e-07
12.35	1.8067657947540283e-07
12.36	1.7881393432617188e-07
12.37	1.7043203115463257e-07
12.38	1.648440957069397e-07
12.39	1.6111880540847778e-07
12.4	1.5832483768463135e-07
12.41	1.5366822481155396e-07
12.42	1.5273690223693848e-07
12.43	1.4808028936386108e-07
12.44	1.424923539161682e-07
12.45	1.3783574104309082e-07
12.46	1.341104507446289e-07
12.47	1.30385160446167e-07
12.48	1.30385160446167e-07
12.49	1.2945383787155151e-07
12.5	1.257285475730896e-07
12.51	1.210719347000122e-07
12.52	1.1827796697616577e-07
12.53	1.1362135410308838e-07
12.54	1.0989606380462646e-07
12.55	1.0803341865539551e-07
12.56	1.0803341865539551e-07
12.57	1.043081283569336e-07
12.58	1.0151416063308716e-07
12.59	9.96515154838562e-08
12.6	9.685754776000977e-08
12.61	9.313225746154785e-08
12.62	9.12696123123169e-08
12.63	8.847564458847046e-08
12.64	8.754432201385498e-08
12.65	8.754432201385498e-08
12.66	8.568167686462402e-08
12.67	8.009374141693115e-08
12.68	7.82310962677002e-08
12.69	7.729977369308472e-08
12.7	7.636845111846924e-08
12.71	7.636845111846924e-08
12.72	7.543712854385376e-08
12.73	7.171183824539185e-08
12.74	6.891787052154541e-08
12.75	6.705522537231445e-08
12.76	6.612390279769897e-08
12.77	6.426125764846802e-08
12.78	6.426125764846802e-08
12.79	6.239861249923706e-08
12.8	5.960464477539063e-08
12.81	5.774199962615967e-08
12.82	5.681067705154419e-08
12.83	5.4016709327697754e-08
12.84	5.3085386753082275e-08
12.85	5.3085386753082275e-08
12.86	5.122274160385132e-08
12.87	5.029141902923584e-08
12.88	5.029141902923584e-08
12.89	4.936009645462036e-08
12.9	4.563480615615845e-08
12.91	4.563480615615845e-08
12.92	4.563480615615845e-08
12.93	4.470348358154297e-08
12.94	4.470348358154297e-08
12.95	4.470348358154297e-08
12.96	4.284083843231201e-08
12.97	4.0046870708465576e-08
12.98	3.91155481338501e-08
12.99	3.818422555923462e-08
13.0	3.632158041000366e-08
13.01	3.632158041000366e-08
13.02	3.632158041000366e-08
13.03	3.259629011154175e-08
13.04	3.259629011154175e-08
13.05	3.166496753692627e-08
13.06	3.073364496231079e-08
13.07	2.7008354663848877e-08
13.08	2.7008354663848877e-08
13.09	2.60770320892334e-08
13.1	2.514570951461792e-08
13.11	2.421438694000244e-08
13.12	2.3283064365386963e-08
13.13	2.1420419216156006e-08
13.14	2.0489096641540527e-08
13.15	1.955777406692505e-08
13.16	1.955777406692505e-08
13.17	1.955777406692505e-08
13.18	1.862645149230957e-08
13.19	1.7695128917694092e-08
13.2	1.4901161193847656e-08
13.21	1.4901161193847656e-08
13.22	1.3969838619232178e-08
13.23	1.3969838619232178e-08
13.24	1.3969838619232178e-08
13.25	1.3969838619232178e-08
13.26	1.210719347000122e-08
13.27	1.210719347000122e-08
13.28	1.210719347000122e-08
13.29	1.1175870895385742e-08
13.3	1.0244548320770264e-08
13.31	1.0244548320770264e-08
13.32	1.0244548320770264e-08
13.33	1.0244548320770264e-08
13.34	1.0244548320770264e-08
13.35	9.313225746154785e-09
13.36	8.381903171539307e-09
13.37	8.381903171539307e-09
13.38	8.381903171539307e-09
13.39	8.381903171539307e-09
13.4	8.381903171539307e-09
13.41	8.381903171539307e-09
13.42	7.450580596923828e-09
13.43	6.51925802230835e-09
13.44	6.51925802230835e-09
13.45	6.51925802230835e-09
13.46	6.51925802230835e-09
13.47	6.51925802230835e-09
13.48	5.587935447692871e-09
13.49	4.6566128730773926e-09
13.5	4.6566128730773926e-09
13.51	4.6566128730773926e-09
13.52	4.6566128730773926e-09
13.53	4.6566128730773926e-09
13.54	4.6566128730773926e-09
13.55	3.725290298461914e-09
13.56	3.725290298461914e-09
13.57	3.725290298461914e-09
13.58	3.725290298461914e-09
13.59	3.725290298461914e-09
13.6	3.725290298461914e-09
13.61	3.725290298461914e-09
13.62	3.725290298461914e-09
13.63	3.725290298461914e-09
13.64	3.725290298461914e-09
13.65	3.725290298461914e-09
13.66	3.725290298461914e-09
13.67	3.725290298461914e-09
13.68	3.725290298461914e-09
13.69	3.725290298461914e-09
13.7	3.725290298461914e-09
13.71	3.725290298461914e-09
13.72	3.725290298461914e-09
13.73	3.725290298461914e-09
13.74	3.725290298461914e-09
13.75	2.7939677238464355e-09
13.76	2.7939677238464355e-09
13.77	2.7939677238464355e-09
13.78	2.7939677238464355e-09
13.79	2.7939677238464355e-09
13.8	2.7939677238464355e-09
13.81	1.862645149230957e-09
13.82	1.862645149230957e-09
13.83	1.862645149230957e-09
13.84	1.862645149230957e-09
13.85	1.862645149230957e-09
13.86	1.862645149230957e-09
13.87	1.862645149230957e-09
13.88	9.313225746154785e-10
13.89	9.313225746154785e-10
13.9	9.313225746154785e-10
13.91	9.313225746154785e-10
13.92	9.313225746154785e-10
13.93	9.313225746154785e-10
13.94	9.313225746154785e-10
13.95	0.0
