5.28	0.000501512143291194
5.29	0.0004972312855890948
5.3	0.0004929883561501924
5.31	0.0004887536507141022
5.32	0.0004845842140461798
5.33	0.00048042813790161176
5.34	0.0004763029451488876
5.35	0.000472228457535806
5.36	0.0004681577539003001
5.37	0.00046414645160552936
5.38	0.00046014388119886007
5.39	0.0004561790450861025
5.4	0.0004522548271985727
5.41	0.0004483511041559751
5.42	0.0004444744707488013
5.43	0.00044064147828137834
5.44	0.0004367871488071273
5.45	0.00043304625309481537
5.46	0.0004293027680528638
5.47	0.0004255747827475176
5.48	0.0004218542451202012
5.49	0.000418225418879814
5.5	0.0004145953406755609
5.51	0.00041099420986512314
5.52	0.0004074187181810629
5.53	0.00040387226423987954
5.54	0.0004003559043610494
5.55	0.0003968615053526747
5.56	0.00039340057698922237
5.57	0.0003899683369095186
5.58	0.00038655140616938866
5.59	0.00038317926574116257
5.6	0.0003798222243815985
5.61	0.0003764955725156227
5.62	0.0003731989203519248
5.63	0.00036992260172752367
5.64	0.00036667708912219155
5.65	0.0003634581716145391
5.66	0.0003602595735898717
5.67	0.00035709051520704804
5.68	0.0003539481455359095
5.69	0.00035079164731754986
5.7	0.000347732307472981
5.71	0.00034465656281490453
5.72	0.00034160951226880343
5.73	0.00033855744378108454
5.74	0.00033559058527288244
5.75	0.00033261908284920594
5.76	0.00032967005164863394
5.77	0.0003267478345883035
5.78	0.0003238438182080472
5.79	0.0003209751130981431
5.8	0.00031811595657238456
5.81	0.0003152922515514689
5.82	0.0003124843531807642
5.83	0.00030969826828020075
5.84	0.00030693911354973125
5.85	0.0003041980357743057
5.86	0.0003014817117428237
5.87	0.00029878623071333266
5.88	0.0002961138599228974
5.89	0.0002934586705709563
5.9	0.00029083647345196084
5.91	0.0002882215678745581
5.92	0.00028564067898884105
5.93	0.0002830758180429882
5.94	0.0002805047195675314
5.95	0.0002780128903321355
5.96	0.00027550466934300744
5.97	0.00027302963596831376
5.98	0.0002705440575212492
5.99	0.00026812271077325533
6.0	0.000265707255465486
6.01	0.0002633044780235849
6.02	0.0002609195324474456
6.03	0.00025856474257501816
6.04	0.00025621524648755667
6.05	0.00025389602870795613
6.06	0.00025159451618606
6.07	0.0002493033999417804
6.08	0.00024705043266415316
6.09	0.0002447967508913962
6.1	0.00024257046897879775
6.11	0.00024036732361309987
6.12	0.0002381726189160105
6.13	0.00023600204826479398
6.14	0.00023385022533162214
6.15	0.00023171151963374825
6.16	0.00022959802180722022
6.17	0.00022749255336940166
6.18	0.00022540825670525066
6.19	0.00022332635705346604
6.2	0.00022129071820842228
6.21	0.00021926493338675357
6.22	0.0002172497220946923
6.23	0.00021523135040268926
6.24	0.00021327106905211224
6.25	0.00021130762742060938
6.26	0.00020936060619192176
6.27	0.00020743233887721146
6.28	0.0002055164780720986
6.29	0.00020361920510936216
6.3	0.00020174121110549947
6.31	0.00019987071315874516
6.32	0.00019802365969745495
6.33	0.00019618730723713895
6.34	0.000194368844399051
6.35	0.00019256554233670897
6.36	0.00019077728981109487
6.37	0.00018900275987654425
6.38	0.000187246027318011
6.39	0.00018550335252598416
6.4	0.00018377527447555053
6.41	0.0001820653457080823
6.42	0.00018036625103157178
6.43	0.00017868548749255808
6.44	0.0001769991869160492
6.45	0.00017536184698307977
6.46	0.00017372232611201355
6.47	0.00017209573551113522
6.48	0.00017046596028968963
6.49	0.00016888257674274598
6.5	0.0001672973382671472
6.51	0.00016572410097559498
6.52	0.00016416586695022772
6.53	0.00016261951377138928
6.54	0.0001610891893530919
6.55	0.0001595693925118269
6.56	0.00015806654416117283
6.57	0.00015657441843686115
6.58	0.00015509420279435915
6.59	0.00015362976590438393
6.6	0.00015217603604789076
6.61	0.000150736080971825
6.62	0.00014930704213256263
6.63	0.00014789404947457285
6.64	0.00014648851157161857
6.65	0.00014509920706906598
6.66	0.00014371813895763808
6.67	0.00014235101888893098
6.68	0.00014099696120872807
6.69	0.00013965182118624853
6.7	0.0001383205590581582
6.71	0.00013700185428788814
6.72	0.00013569270445934478
6.73	0.00013439488744104722
6.74	0.00013311264721416194
6.75	0.00013183557986451433
6.76	0.00013057658253501359
6.77	0.00012932303340384976
6.78	0.00012808178611756205
6.79	0.00012685488053243432
6.8	0.00012563153621236722
6.81	0.0001244263042785576
6.82	0.00012322790139585038
6.83	0.00012203906467789238
6.84	0.00012086348707640582
6.85	0.00011969685012935827
6.86	0.00011854003694722337
6.87	0.00011739675417388185
6.88	0.00011625836377326948
6.89	0.0001151358531981117
6.9	0.00011402241380764622
6.91	0.00011291452167583316
6.92	0.00011182570023571259
6.93	0.00011073618833457033
6.94	0.00010966382752641834
6.95	0.00010859877866487011
6.96	0.00010753994493306607
6.97	0.0001064962413543924
6.98	0.00010545658637006738
6.99	0.00010442580308911431
7.0	0.00010340874193381921
7.01	0.0001023974696714447
7.02	0.00010139436923495282
7.03	0.00010040513486053726
7.04	9.941845793370874e-05
7.05	9.844695918381774e-05
7.06	9.74797988018139e-05
7.07	9.65232859737597e-05
7.08	9.557740048826702e-05
7.09	9.463742052950863e-05
7.1	9.370668433916762e-05
7.11	9.27852637975235e-05
7.12	9.187112945774345e-05
7.13	9.096409544540052e-05
7.14	9.006705746905652e-05
7.15	8.917607560476881e-05
7.16	8.829529521214852e-05
7.17	8.742114899185083e-05
7.18	8.655579207683672e-05
7.19	8.569766248101018e-05
7.2	8.484912772921405e-05
7.21	8.400690800591804e-05
7.22	8.317252339473669e-05
7.23	8.234751804359064e-05
7.24	8.152744392297961e-05
7.25	8.071802442621845e-05
7.26	7.991328263123876e-05
7.27	7.911736324750507e-05
7.28	7.832844823596474e-05
7.29	7.754572896701006e-05
7.3	7.677133874395281e-05
7.31	7.60034697737666e-05
7.32	7.524193510555222e-05
7.33	7.448803261134174e-05
7.34	7.374098114887317e-05
7.35	7.299925926673723e-05
7.36	7.226795079873227e-05
7.37	7.15403079301069e-05
7.38	7.08212345568171e-05
7.39	7.010901788362389e-05
7.4	6.940207875061333e-05
7.41	6.870329563035682e-05
7.42	6.80108549300229e-05
7.43	6.732442751022916e-05
7.44	6.6644203259969e-05
7.45	6.597022813359388e-05
7.46	6.530287949502167e-05
7.47	6.464196444078141e-05
7.48	6.398520177519629e-05
7.49	6.333718581608139e-05
7.5	6.26933617411396e-05
7.51	6.205549746063355e-05
7.52	6.142561564637106e-05
7.53	6.079982257034544e-05
7.54	6.0180444055646376e-05
7.55	5.9568073066174065e-05
7.56	5.896002537397749e-05
7.57	5.83597506498279e-05
7.58	5.776412142388665e-05
7.59	5.717265806026717e-05
7.6	5.6590362881081546e-05
7.61	5.600903086211417e-05
7.62	5.5435419620053494e-05
7.63	5.486790292152932e-05
7.64	5.430242655890538e-05
7.65	5.3745942345528874e-05
7.66	5.3192067309026925e-05
7.67	5.2643977443977974e-05
7.68	5.210284078671634e-05
7.69	5.156404563244621e-05
7.7	5.103245963766767e-05
7.71	5.050744849910416e-05
7.72	4.9983552065313575e-05
7.73	4.9468486837511705e-05
7.74	4.895705460050692e-05
7.75	4.844909719103896e-05
7.76	4.794958408460559e-05
7.77	4.7450345427080265e-05
7.78	4.695922227071492e-05
7.79	4.647114795552909e-05
7.8	4.598732814820039e-05
7.81	4.55092221951503e-05
7.82	4.503458108828795e-05
7.83	4.4565341450919504e-05
7.84	4.409988732412273e-05
7.85	4.363948007934937e-05
7.86	4.31836138492514e-05
7.87	4.2732505164622125e-05
7.88	4.2284476712950436e-05
7.89	4.184300440890354e-05
7.9	4.1403525724348356e-05
7.91	4.097081925280577e-05
7.92	4.054065055036915e-05
7.93	4.011494174527286e-05
7.94	3.969411101323317e-05
7.95	3.927570082851162e-05
7.96	3.886275212217072e-05
7.97	3.845228892807029e-05
7.98	3.804704406284998e-05
7.99	3.764530180916381e-05
8.0	3.724695794460331e-05
8.01	3.685265463460041e-05
8.02	3.646361234821427e-05
8.03	3.607674779892989e-05
8.04	3.5694945742292816e-05
8.05	3.531690408919985e-05
8.06	3.494196738884625e-05
8.07	3.457196397071982e-05
8.08	3.420386452468449e-05
8.09	3.3841197879525e-05
8.1	3.348011998127731e-05
8.11	3.3123664804790565e-05
8.12	3.277051818884047e-05
8.13	3.241677715237756e-05
8.14	3.2074036822038465e-05
8.15	3.173030053638115e-05
8.16	3.139035030841342e-05
8.17	3.1054366155913726e-05
8.18	3.072124449943203e-05
8.19	3.0391250527728175e-05
8.2	3.006638996083666e-05
8.21	2.9739744958234837e-05
8.22	2.9423714977383497e-05
8.23	2.910734106542634e-05
8.24	2.8793812662186724e-05
8.25	2.8484510400161867e-05
8.26	2.8176567314019962e-05
8.27	2.787266756065776e-05
8.28	2.7571582593921562e-05
8.29	2.727277413860918e-05
8.3	2.6977316588627787e-05
8.31	2.6685330174913702e-05
8.32	2.6395135316548135e-05
8.33	2.6109232813098515e-05
8.34	2.5825381667843317e-05
8.35	2.5544248968500938e-05
8.36	2.526733267949055e-05
8.37	2.4991567743271048e-05
8.38	2.4716786063194718e-05
8.39	2.4451189249319327e-05
8.4	2.4183674030453517e-05
8.41	2.392051440303078e-05
8.42	2.365938433435133e-05
8.43	2.3400231286885287e-05
8.44	2.314452221341412e-05
8.45	2.2890595964497606e-05
8.46	2.2637457254504056e-05
8.47	2.239153285898965e-05
8.48	2.2144819274316774e-05
8.49	2.1902183124922203e-05
8.5	2.166100357214873e-05
8.51	2.1422261577086488e-05
8.52	2.1187005915024315e-05
8.53	2.0953270132295643e-05
8.54	2.0722464284972375e-05
8.55	2.0493806923482794e-05
8.56	2.0267308695309794e-05
8.57	2.0043697649185788e-05
8.58	1.9821561174637736e-05
8.59	1.9602109322391925e-05
8.6	1.9385045327169337e-05
8.61	1.9169302856170134e-05
8.62	1.8956697948269152e-05
8.63	1.8743396534404155e-05
8.64	1.8536732389051735e-05
8.65	1.8330221660534107e-05
8.66	1.812572217296804e-05
8.67	1.7923810322173495e-05
8.68	1.7723667491864603e-05
8.69	1.752597383308796e-05
8.7	1.732997213466092e-05
8.71	1.7134169720378623e-05
8.72	1.6944579384059466e-05
8.73	1.6754936483565075e-05
8.74	1.6566946465346177e-05
8.75	1.638136880544039e-05
8.76	1.619693778565079e-05
8.77	1.6015290155380058e-05
8.78	1.5834774391265682e-05
8.79	1.5656112136497313e-05
8.8	1.5480329704331552e-05
8.81	1.530500374968824e-05
8.82	1.5132575139631399e-05
8.83	1.4961396063384313e-05
8.84	1.4792002088981349e-05
8.85	1.4624961181652907e-05
8.86	1.445921546761042e-05
8.87	1.4295230721828034e-05
8.88	1.4132070402794739e-05
8.89	1.3972853738053459e-05
8.9	1.3814044628190913e-05
8.91	1.3657507778930267e-05
8.92	1.350139682010365e-05
8.93	1.3348093636622593e-05
8.94	1.3195460745407672e-05
8.95	1.3045064294558983e-05
8.96	1.2894251574024906e-05
8.97	1.2748067895529402e-05
8.98	1.2602705599107367e-05
8.99	1.245800168980793e-05
9.0	1.2315096649118118e-05
9.01	1.2174027119726816e-05
9.02	1.2034235123081771e-05
9.03	1.189600390283374e-05
9.04	1.1759711830094943e-05
9.05	1.1623833430007835e-05
9.06	1.14908658286339e-05
9.07	1.1358485725310175e-05
9.08	1.122723034718831e-05
9.09	1.1098238307027941e-05
9.1	1.0969778937663932e-05
9.11	1.0842928006127295e-05
9.12	1.071738098623598e-05
9.13	1.0591840142737396e-05
9.14	1.047033518197793e-05
9.15	1.0348996470455063e-05
9.16	1.0228221858810116e-05
9.17	1.0109838049388031e-05
9.18	9.992078865650456e-06
9.19	9.87540767916073e-06
9.2	9.761035510535976e-06
9.21	9.645774303734811e-06
9.22	9.534407666933475e-06
9.23	9.423291691845748e-06
9.24	9.31293668493538e-06
9.25	9.203979251637406e-06
9.26	9.096192851387741e-06
9.27	8.98951958028249e-06
9.28	8.884180131119024e-06
9.29	8.779682005410905e-06
9.3	8.676379151140168e-06
9.31	8.574469161359843e-06
9.32	8.473335350700495e-06
9.33	8.373787601101412e-06
9.34	8.274911536432228e-06
9.35	8.177495562478043e-06
9.36	8.08123587248133e-06
9.37	7.985459260950734e-06
9.38	7.890425919754307e-06
9.39	7.798087144905708e-06
9.4	7.705549723624472e-06
9.41	7.614441994263643e-06
9.42	7.524014995041739e-06
9.43	7.434619341495363e-06
9.44	7.346253982021267e-06
9.45	7.258617664263056e-06
9.46	7.171283321838473e-06
9.47	7.086567009650935e-06
9.48	7.0020204585574675e-06
9.49	6.918321007631789e-06
9.5	6.835594765774999e-06
9.51	6.754024292732197e-06
9.52	6.673027735715209e-06
9.53	6.5932168222815335e-06
9.54	6.51437552434686e-06
9.55	6.436166790635411e-06
9.56	6.3589018157728106e-06
9.57	6.282492158504738e-06
9.58	6.206886785875554e-06
9.59	6.132239272815809e-06
9.6	6.058260719754571e-06
9.61	5.985219072357495e-06
9.62	5.913039622384986e-06
9.63	5.840904409026848e-06
9.64	5.770980392227898e-06
9.65	5.700919254891801e-06
9.66	5.632169486347038e-06
9.67	5.563847381040432e-06
9.68	5.496267757365558e-06
9.69	5.42987329765765e-06
9.7	5.363846701911257e-06
9.71	5.297961081396352e-06
9.72	5.234242527407673e-06
9.73	5.170416665478683e-06
9.74	5.1075291729318906e-06
9.75	5.045078797394353e-06
9.76	4.983294855875897e-06
9.77	4.922678481733556e-06
9.78	4.862017155105036e-06
9.79	4.802507756807017e-06
9.8	4.743732963774505e-06
9.81	4.685214502586632e-06
9.82	4.627919615529663e-06
9.83	4.570993827002212e-06
9.84	4.5147018603586275e-06
9.85	4.4592463908088575e-06
9.86	4.404203329144707e-06
9.87	4.349787351642931e-06
9.88	4.295904515672078e-06
9.89	4.243155057537251e-06
9.9	4.19070745216743e-06
9.91	4.138839202028066e-06
9.92	4.087577083922156e-06
9.93	4.0368898730491765e-06
9.94	3.98668637835442e-06
9.95	3.937308244772453e-06
9.96	3.8879755894782875e-06
9.97	3.8399175519288065e-06
9.98	3.7921552031860983e-06
9.99	3.745040453750903e-06
10.0	3.6982218940551093e-06
10.01	3.6521735733430205e-06
10.02	3.6065043271804598e-06
10.03	3.5615085902662713e-06
10.04	3.516987346685596e-06
10.05	3.472790016445515e-06
10.06	3.429418878653223e-06
10.07	3.386256627990747e-06
10.08	3.343722593029952e-06
10.09	3.3017106400023977e-06
10.1	3.2601301125367854e-06
10.11	3.2189766177026513e-06
10.12	3.1784156693248633e-06
10.13	3.1378364369061273e-06
10.14	3.0986396470922273e-06
10.15	3.0595099804742176e-06
10.16	3.02078462688371e-06
10.17	2.9826358272089237e-06
10.18	2.9447827589734743e-06
10.19	2.9075806189382547e-06
10.2	2.8705854688837462e-06
10.21	2.8338041797582036e-06
10.22	2.798273289528197e-06
10.23	2.7625511123119395e-06
10.24	2.7274558878076505e-06
10.25	2.692722299357797e-06
10.26	2.6583321961481943e-06
10.27	2.624367075654277e-06
10.28	2.590842633765078e-06
10.29	2.5577188509373627e-06
10.3	2.5249646604663667e-06
10.31	2.4925613875126373e-06
10.32	2.4606853781250493e-06
10.33	2.4290275391081195e-06
10.34	2.397830469291762e-06
10.35	2.3670167728084834e-06
10.36	2.3364519403656914e-06
10.37	2.3064921954585316e-06
10.38	2.276329482242545e-06
10.39	2.247216254858131e-06
10.4	2.218242791229841e-06
10.41	2.189401854479911e-06
10.42	2.1611063889537263e-06
10.43	2.1330259354357395e-06
10.44	2.1053755592248535e-06
10.45	2.078195922905479e-06
10.46	2.0507482680898192e-06
10.47	2.0243526890340036e-06
10.48	1.9982297061460486e-06
10.49	1.9720150277180437e-06
10.5	1.9464040086347723e-06
10.51	1.9210983133177706e-06
10.52	1.8958955507741848e-06
10.53	1.8712098661666232e-06
10.54	1.8466631743763173e-06
10.55	1.8225427709239739e-06
10.56	1.7986918141588149e-06
10.57	1.7749895278029726e-06
10.58	1.7518106592007143e-06
10.59	1.7287542277699686e-06
10.6	1.705977620503063e-06
10.61	1.6836122185281965e-06
10.62	1.6613415922961394e-06
10.63	1.639343528481163e-06
10.64	1.6179155650775101e-06
10.65	1.5964263919698851e-06
10.66	1.5754912503496143e-06
10.67	1.55452974581749e-06
10.68	1.5338476480053487e-06
10.69	1.51359859401623e-06
10.7	1.493439334865343e-06
10.71	1.4733692594859349e-06
10.72	1.4539805199831335e-06
10.73	1.434562292956798e-06
10.74	1.41549584853351e-06
10.75	1.3965852811992363e-06
10.76	1.3778649723406033e-06
10.77	1.3595580377057104e-06
10.78	1.3413525152827788e-06
10.79	1.323351707327447e-06
10.8	1.305689261599241e-06
10.81	1.2882059525765044e-06
10.82	1.2708648569059733e-06
10.83	1.2538128419947725e-06
10.84	1.237001782783409e-06
10.85	1.2203152159884212e-06
10.86	1.2038719852114355e-06
10.87	1.187662897805808e-06
10.88	1.1714609211566085e-06
10.89	1.1557930115202453e-06
10.9	1.140187960047001e-06
10.91	1.1247199811492692e-06
10.92	1.1095484513390375e-06
10.93	1.0944714077254503e-06
10.94	1.079639538659194e-06
10.95	1.0649776864823934e-06
10.96	1.0503451530752272e-06
10.97	1.0361926072732786e-06
10.98	1.0220860691134703e-06
10.99	1.008096687016291e-06
11.0	9.943387997424225e-07
11.01	9.807730201316645e-07
11.02	9.672507879088243e-07
11.03	9.54051134982592e-07
11.04	9.409492740530823e-07
11.05	9.280300261593766e-07
11.06	9.152831328407274e-07
11.07	9.027198313305007e-07
11.08	8.902801003074501e-07
11.09	8.780304661115679e-07
11.1	8.659982331238325e-07
11.11	8.540000369094969e-07
11.12	8.42295694525319e-07
11.13	8.305433780719795e-07
11.14	8.191596201356788e-07
11.15	8.07859537488298e-07
11.16	7.967139818987334e-07
11.17	7.855713093363192e-07
11.18	7.747592896123479e-07
11.19	7.63991009122833e-07
11.2	7.532934720444473e-07
11.21	7.427569990170468e-07
11.22	7.324630022509382e-07
11.23	7.222679183627179e-07
11.24	7.121694256539968e-07
11.25	7.021897889813999e-07
11.26	6.92442606364807e-07
11.27	6.827023284472489e-07
11.28	6.731024573269906e-07
11.29	6.637354967864439e-07
11.3	6.543647828038957e-07
11.31	6.451981704458376e-07
11.32	6.361228201967606e-07
11.33	6.271068766494636e-07
11.34	6.183494498657183e-07
11.35	6.095327798050221e-07
11.36	6.008901323184546e-07
11.37	5.92464342474841e-07
11.38	5.839364387583146e-07
11.39	5.757479648593744e-07
11.4	5.675996685994278e-07
11.41	5.595427037263789e-07
11.42	5.516008609873779e-07
11.43	5.437318577605765e-07
11.44	5.36054461264257e-07
11.45	5.284207045264111e-07
11.46	5.207961333297817e-07
11.47	5.134849931920371e-07
11.48	5.061429941832785e-07
11.49	4.989005937261481e-07
11.5	4.917836307072321e-07
11.51	4.84694629321325e-07
11.52	4.777833932934072e-07
11.53	4.7090096622071087e-07
11.54	4.6407386555813446e-07
11.55	4.574346803565277e-07
11.56	4.508217532617209e-07
11.57	4.4428766621251725e-07
11.58	4.378777713753834e-07
11.59	4.315553603362332e-07
11.6	4.2532749411350323e-07
11.61	4.1916145754328227e-07
11.62	4.1307896125886145e-07
11.63	4.070599786132334e-07
11.64	4.0118416855250416e-07
11.65	3.953454452698679e-07
11.66	3.8963679926951045e-07
11.67	3.8391767454015735e-07
11.68	3.7831071253435766e-07
11.69	3.728061166441421e-07
11.7	3.6734225083989713e-07
11.71	3.618758750434381e-07
11.72	3.566685951028603e-07
11.73	3.5143458632092006e-07
11.74	3.462700792766782e-07
11.75	3.412164844007748e-07
11.76	3.362163649711647e-07
11.77	3.312790806120347e-07
11.78	3.2643582770219837e-07
11.79	3.2163942442764437e-07
11.8	3.1690939472639457e-07
11.81	3.122539595779017e-07
11.82	3.076209988961409e-07
11.83	3.0307733922541047e-07
11.84	2.985775786612521e-07
11.85	2.941297765346462e-07
11.86	2.897576152349757e-07
11.87	2.8543752428333846e-07
11.88	2.811067059127481e-07
11.89	2.7697655902159113e-07
11.9	2.7282208847623224e-07
11.91	2.687527533851153e-07
11.92	2.6474014092059406e-07
11.93	2.6077172243788027e-07
11.94	2.5691161020802156e-07
11.95	2.53037924835553e-07
11.96	2.4919909158427345e-07
11.97	2.455240206700182e-07
11.98	2.4182489966051435e-07
11.99	2.3817685956828427e-07
12.0	2.346052436763557e-07
12.01	2.310518532055994e-07
12.02	2.2757030748721263e-07
12.03	2.2411452427206768e-07
12.04	2.207202349779891e-07
12.05	2.1741249867091028e-07
12.06	2.1408916062171102e-07
12.07	2.1086461643449184e-07
12.08	2.0768444564112087e-07
12.09	2.0451877880134361e-07
12.1	2.0142193513095208e-07
12.11	1.9836764408864838e-07
12.12	1.9535219131228132e-07
12.13	1.9234640369347744e-07
12.14	1.894276362435221e-07
12.15	1.865471297435306e-07
12.16	1.8368721477202143e-07
12.17	1.8085088804298266e-07
12.18	1.7808145358344518e-07
12.19	1.7532095775152357e-07
12.2	1.7262888896141249e-07
12.21	1.699176142011538e-07
12.22	1.6731699759020557e-07
12.23	1.647554999095746e-07
12.24	1.6218589138361494e-07
12.25	1.5968883992911742e-07
12.26	1.572344388023339e-07
12.27	1.547915360333718e-07
12.28	1.524001014274745e-07
12.29	1.5004708942001344e-07
12.3	1.4771472578445355e-07
12.31	1.454216285168286e-07
12.32	1.431492808734447e-07
12.33	1.4092646694052746e-07
12.34	1.3873211912596162e-07
12.35	1.3654750397051885e-07
12.36	1.344151527860049e-07
12.37	1.323143852260955e-07
12.38	1.3021890410414017e-07
12.39	1.281956887311253e-07
12.4	1.2618942157871516e-07
12.41	1.2422391648669873e-07
12.42	1.2226426093775444e-07
12.43	1.203433122043407e-07
12.44	1.1845653347108964e-07
12.45	1.1657991016988944e-07
12.46	1.147181585281487e-07
12.47	1.1292200596813018e-07
12.48	1.1112117093148299e-07
12.49	1.0936259720040198e-07
12.5	1.0760973090384596e-07
12.51	1.0587992349542219e-07
12.52	1.0419888241131048e-07
12.53	1.0251203974576129e-07
12.54	1.0087326174357258e-07
12.55	9.926604249699267e-08
12.56	9.767292397100391e-08
12.57	9.610219997568947e-08
12.58	9.457633254328357e-08
12.59	9.306115522633718e-08
12.6	9.156606672888756e-08
12.61	9.010669010933725e-08
12.62	8.866411072006031e-08
12.63	8.722073374656247e-08
12.64	8.582853716632144e-08
12.65	8.446024679642505e-08
12.66	8.307564769438613e-08
12.67	8.174586518805427e-08
12.68	8.042587218426434e-08
12.69	7.910960242440979e-08
12.7	7.783488520374249e-08
12.71	7.655674494344566e-08
12.72	7.532306511848219e-08
12.73	7.409464863883386e-08
12.74	7.28859106402524e-08
12.75	7.170437221759585e-08
12.76	7.053058581618643e-08
12.77	6.936690155612268e-08
12.78	6.824396869831162e-08
12.79	6.711607447584811e-08
12.8	6.60108714356511e-08
12.81	6.492999027329915e-08
12.82	6.384189354946557e-08
12.83	6.279255515551085e-08
12.84	6.17509918754422e-08
12.85	6.071299907262073e-08
12.86	5.97098583909883e-08
12.87	5.872288433295125e-08
12.88	5.7732115976705245e-08
12.89	5.6787767377386444e-08
12.9	5.5847859670166144e-08
12.91	5.4928932513576e-08
12.92	5.4012764039157446e-08
12.93	5.312472772800447e-08
12.94	5.224761601141381e-08
12.95	5.1370838249908957e-08
12.96	5.051576756898157e-08
12.97	4.968410394212697e-08
12.98	4.884462612153584e-08
12.99	4.8027471777345454e-08
13.0	4.721793267492558e-08
13.01	4.642364892504247e-08
13.02	4.5640030421623123e-08
13.03	4.486217974886131e-08
13.04	4.411194076681113e-08
13.05	4.335758596596406e-08
13.06	4.2623938156793884e-08
13.07	4.1901872194216594e-08
13.08	4.1186142496485445e-08
13.09	4.049235613479141e-08
13.1	3.979936735731826e-08
13.11	3.911916302001828e-08
13.12	3.845552143388886e-08
13.13	3.7790170992479943e-08
13.14	3.7140225117582304e-08
13.15	3.6510209966422735e-08
13.16	3.5875020287789994e-08
13.17	3.525866709708225e-08
13.18	3.4651097990945345e-08
13.19	3.4053789121912814e-08
13.2	3.3467133064846166e-08
13.21	3.288843863913371e-08
13.22	3.23227578036267e-08
13.23	3.176795537740418e-08
13.24	3.122320357817898e-08
13.25	3.068540088690952e-08
13.26	3.0157798036611894e-08
13.27	2.964606515831747e-08
13.28	2.9128939260658626e-08
13.29	2.8623858838727756e-08
13.3	2.813916921695636e-08
13.31	2.763752782186657e-08
13.32	2.7156893622759526e-08
13.33	2.6687539289582674e-08
13.34	2.620720174206781e-08
13.35	2.5750939158797337e-08
13.36	2.5296147398989888e-08
13.37	2.484306804717562e-08
13.38	2.4405778731306782e-08
13.39	2.396894061007515e-08
13.4	2.3546842697896864e-08
13.41	2.3129720361225736e-08
13.42	2.271478471982391e-08
13.43	2.2319666115322434e-08
13.44	2.1922680559782748e-08
13.45	2.1527933213860706e-08
13.46	2.1150922790980076e-08
13.47	2.0771095066152157e-08
13.48	2.0395839683828854e-08
13.49	2.0035834324971802e-08
13.5	1.9672738105214194e-08
13.51	1.9321348077028233e-08
13.52	1.8972295734442923e-08
13.53	1.863264031953804e-08
13.54	1.8300930548775796e-08
13.55	1.7968060816997422e-08
13.56	1.7653839279319072e-08
13.57	1.7336555302449597e-08
13.58	1.702557916871683e-08
13.59	1.672347593739687e-08
13.6	1.6421704884805877e-08
13.61	1.6126346480405118e-08
13.62	1.5836867817142775e-08
13.63	1.554573536566295e-08
13.64	1.5263983854651997e-08
13.65	1.4986161644969798e-08
13.66	1.4703573469887488e-08
13.67	1.44358462961236e-08
13.68	1.416812445143023e-08
13.69	1.3903850515362137e-08
13.7	1.3645580665411217e-08
13.71	1.3394368281183233e-08
13.72	1.3147502642141262e-08
13.73	1.2902100721134957e-08
13.74	1.2663994297668069e-08
13.75	1.2431794260692186e-08
13.76	1.2200247923033203e-08
13.77	1.1976267089153225e-08
13.78	1.1753245487966524e-08
13.79	1.1536346988805235e-08
13.8	1.132379168211628e-08
13.81	1.1109529296504661e-08
13.82	1.0905566227847885e-08
13.83	1.0703224972985481e-08
13.84	1.050078779485375e-08
13.85	1.0306855813269067e-08
13.86	1.0114382220649532e-08
13.87	9.923173394099649e-09
13.88	9.738846173945603e-09
13.89	9.557155067341228e-09
13.9	9.377847831615327e-09
13.91	9.203192874451815e-09
13.92	9.031911218926325e-09
13.93	8.860196132332021e-09
13.94	8.69223448773937e-09
13.95	8.531024775493279e-09
13.96	8.36625702049787e-09
13.97	8.205862656041063e-09
13.98	8.049971356172136e-09
13.99	7.892737130532623e-09
14.0	7.739110685633932e-09
14.01	7.590628570142144e-09
14.02	7.440368321454116e-09
14.03	7.296684145785548e-09
14.04	7.154151049348911e-09
14.05	7.0146395358960945e-09
14.06	6.880101821593598e-09
14.07	6.743903213646263e-09
14.08	6.6154495215187126e-09
14.09	6.487619330641792e-09
14.1	6.359975657233008e-09
14.11	6.240151506631264e-09
14.12	6.1188956124169636e-09
14.13	5.998661123385318e-09
14.14	5.883828535502289e-09
14.15	5.768756139445941e-09
14.16	5.656810131426937e-09
14.17	5.545818027030691e-09
14.18	5.438412387093194e-09
14.19	5.333253838557539e-09
14.2	5.225722077284445e-09
14.21	5.1261519473655426e-09
14.22	5.023970572892722e-09
14.23	4.924194385580449e-09
14.24	4.8291664000998935e-09
14.25	4.731806058089205e-09
14.26	4.637696449094619e-09
14.27	4.546443221897789e-09
14.28	4.454077995319494e-09
14.29	4.365439565390261e-09
14.3	4.278057019746484e-09
14.31	4.189610436355906e-09
14.32	4.106762929723118e-09
14.33	4.021043054081019e-09
14.34	3.937719483815272e-09
14.35	3.858383834653978e-09
14.36	3.7785721218597246e-09
14.37	3.7009488806916124e-09
14.38	3.624961664172588e-09
14.39	3.5516105612032334e-09
14.4	3.4795988312907866e-09
14.41	3.4077949351285497e-09
14.42	3.3402187682440854e-09
14.43	3.272477400173557e-09
14.44	3.2069333855133664e-09
14.45	3.1433788905133042e-09
14.46	3.078918453525148e-09
14.47	3.0179236887306615e-09
14.48	2.957355249577631e-09
14.49	2.895140127634477e-09
14.5	2.836969770214637e-09
14.51	2.780268459900981e-09
14.52	2.7196502827564473e-09
14.53	2.665046849870123e-09
14.54	2.6102480177314646e-09
14.55	2.553774081093252e-09
14.56	2.5007338422256e-09
14.57	2.4494823946952238e-09
14.58	2.398031995198835e-09
14.59	2.345933225456065e-09
14.6	2.297731782618939e-09
14.61	2.2488375606144473e-09
14.62	2.199502802113784e-09
14.63	2.1532322591610864e-09
14.64	2.1071837608133137e-09
14.65	2.0615225082565303e-09
14.66	2.0172716830302306e-09
14.67	1.973184282633156e-09
14.68	1.9316033217364748e-09
14.69	1.8888375308279137e-09
14.7	1.8484094255200034e-09
14.71	1.8098074150429966e-09
14.72	1.769706159393536e-09
14.73	1.7329462309589871e-09
14.74	1.6961188009645412e-09
14.75	1.659392623309941e-09
14.76	1.6250751855295675e-09
14.77	1.591009990420389e-09
14.78	1.5566072875117243e-09
14.79	1.524815829156978e-09
14.8	1.492129086955174e-09
14.81	1.4601919673395969e-09
14.82	1.4297079076186492e-09
14.83	1.3990550939979585e-09
14.84	1.368309909821619e-09
14.85	1.3384742203470523e-09
14.86	1.3096421724867469e-09
14.87	1.2798206938668955e-09
14.88	1.2508785118825472e-09
14.89	1.2230056967155178e-09
14.9	1.1949108369435635e-09
14.91	1.1677059319481486e-09
14.92	1.1419825085567936e-09
14.93	1.1152767598332503e-09
14.94	1.0900045310791029e-09
14.95	1.0659011451252809e-09
14.96	1.0410428075147138e-09
14.97	1.0177032550018339e-09
14.98	9.949552293164743e-10
14.99	9.72208979987954e-10
15.0	9.502496567392882e-10
15.01	9.290666014294402e-10
15.02	9.076046580958064e-10
15.03	8.873275447740525e-10
15.04	8.673293194760845e-10
15.05	8.47910186507761e-10
15.06	8.28222823656688e-10
15.07	8.106528781581801e-10
15.08	7.920846201159293e-10
15.09	7.739995311339953e-10
15.1	7.579661343015687e-10
15.11	7.401776969118146e-10
15.12	7.237908050683473e-10
15.13	7.082920916445801e-10
15.14	6.917311168308515e-10
15.15	6.759002246781165e-10
15.16	6.610179070776212e-10
15.17	6.449560885357641e-10
15.18	6.301608124203995e-10
15.19	6.148912490289149e-10
15.2	5.997069507657216e-10
15.21	5.852704987319157e-10
15.22	5.708002959181613e-10
15.23	5.567191152522355e-10
15.24	5.427853722039799e-10
15.25	5.297025040817971e-10
15.26	5.168878658423637e-10
15.27	5.040572403913757e-10
15.28	4.920899243643362e-10
15.29	4.804601161367827e-10
15.3	4.689422183901115e-10
15.31	4.5777071022712335e-10
15.32	4.4706816026973684e-10
15.33	4.36932268144119e-10
15.34	4.262368236140901e-10
15.35	4.163336342344337e-10
15.36	4.069775627613126e-10
15.37	3.9691627762294956e-10
15.38	3.8753000808355864e-10
15.39	3.7893777005137963e-10
15.4	3.694324846037489e-10
15.41	3.6049918605840503e-10
15.42	3.523332736676821e-10
15.43	3.4368063950296346e-10
15.44	3.355751232447801e-10
15.45	3.275921756085154e-10
15.46	3.1961100432909006e-10
15.47	3.120295133385298e-10
15.48	3.043449936512843e-10
15.49	2.964419820727926e-10
15.5	2.893578709972644e-10
15.51	2.8205882074416877e-10
15.52	2.745270677451117e-10
15.53	2.673221644045043e-10
15.54	2.6072832781665056e-10
15.55	2.5340085585412453e-10
15.56	2.4656010566559416e-10
15.57	2.403925947191965e-10
15.58	2.3376500735139416e-10
15.59	2.277040778153605e-10
15.6	2.219113781620763e-10
15.61	2.1608137501516467e-10
15.62	2.105604579583087e-10
15.63	2.0543566847663897e-10
15.64	2.0036416970015125e-10
15.65	1.9553780816750077e-10
15.66	1.907416447011201e-10
15.67	1.8609469520924904e-10
15.68	1.8199486362391326e-10
15.69	1.772413327216782e-10
15.7	1.7272938634960155e-10
15.71	1.6858514584328077e-10
15.72	1.644622216190328e-10
15.73	1.5979395584508893e-10
15.74	1.5571366418498656e-10
15.75	1.5192114233286702e-10
15.76	1.47496237445921e-10
15.77	1.4362555589286785e-10
15.78	1.3996803716054274e-10
15.79	1.3605117032966518e-10
15.8	1.3240608609521587e-10
15.81	1.2893330847418838e-10
15.82	1.254516490689639e-10
15.83	1.22021504012082e-10
15.84	1.1862333337830933e-10
15.85	1.1542411471054947e-10
15.86	1.1219292161968042e-10
15.87	1.0889955603943235e-10
15.88	1.057109955127089e-10
15.89	1.028510610012745e-10
15.9	9.969802761133906e-11
15.91	9.683986945674405e-11
15.92	9.423573033018329e-11
15.93	9.14734954449159e-11
15.94	8.900968850866775e-11
15.95	8.674660989527183e-11
15.96	8.457412548068532e-11
15.97	8.230927051045e-11
15.98	8.039258148073714e-11
15.99	7.845990523946966e-11
16.0	7.643663479939278e-11
16.01	7.45021822012859e-11
16.02	7.259082224209124e-11
16.03	7.071498941968457e-11
16.04	6.88284984562415e-11
16.05	6.67128574605158e-11
16.06	6.488853898645175e-11
16.07	6.30979712923363e-11
16.08	6.10000938650046e-11
16.09	5.919176260249515e-11
16.1	5.757883059231972e-11
16.11	5.574385397721926e-11
16.12	5.410605297129223e-11
16.13	5.25002263884744e-11
16.14	5.099565214550239e-11
16.15	4.9539039537194185e-11
16.16	4.793854202489456e-11
16.17	4.646061313451355e-11
16.18	4.519584706486057e-11
16.19	4.380851237328898e-11
16.2	4.2364334262856573e-11
16.21	4.11208844752764e-11
16.22	3.995204167495103e-11
16.23	3.857714148125524e-11
16.24	3.7490011095542286e-11
16.25	3.6411762494026334e-11
16.26	3.524291969370097e-11
16.27	3.4281910643585434e-11
16.28	3.3359981443936704e-11
16.29	3.2384761539105966e-11
16.3	3.1537439326712047e-11
16.31	3.076117138789414e-11
16.32	2.9885427466069814e-11
16.33	2.9116264954609505e-11
16.34	2.8409274932528206e-11
16.35	2.7501556587594678e-11
16.36	2.681943556126498e-11
16.37	2.609645832762908e-11
16.38	2.518518726901675e-11
16.39	2.447464453325665e-11
16.4	2.3726798303869145e-11
16.41	2.284750166836602e-11
16.42	2.2088997297942115e-11
16.43	2.1378454562182014e-11
16.44	2.0598633909685304e-11
16.45	1.9864998535013e-11
16.46	1.9232615500186512e-11
16.47	1.8598456108520622e-11
16.48	1.795186221897893e-11
16.49	1.7331913682028244e-11
16.5	1.688427175849938e-11
16.51	1.6271428648906294e-11
16.52	1.573496888340742e-11
16.53	1.530864324195136e-11
16.54	1.4836132322670892e-11
16.55	1.4308554341369017e-11
16.56	1.3844925206285552e-11
16.57	1.34701139131721e-11
16.58	1.3008261134928034e-11
16.59	1.2530421145129367e-11
16.6	1.2210676914037322e-11
16.61	1.1853629189317871e-11
16.62	1.1436185332058812e-11
16.63	1.1173284519827575e-11
16.64	1.0844658504538529e-11
16.65	1.0535572414482886e-11
16.66	1.0278000672769849e-11
16.67	9.938716516444401e-12
16.68	9.702461056804168e-12
16.69	9.395151323587925e-12
16.7	9.018563673635072e-12
16.71	8.803624496067641e-12
16.72	8.43591863031179e-12
16.73	8.032685627767933e-12
16.74	7.7982065249671e-12
16.75	7.466027795999253e-12
16.76	7.071676577652397e-12
16.77	6.8123284790999605e-12
16.78	6.5849548036567285e-12
16.79	6.250999717849481e-12
16.8	6.0111915445304476e-12
16.81	5.8264504332328215e-12
16.82	5.60085311462899e-12
16.83	5.401901148616162e-12
16.84	5.229594535194337e-12
16.85	5.059064278611913e-12
16.86	4.899192163065891e-12
16.87	4.7624126864320715e-12
16.88	4.575895218295045e-12
16.89	4.4568793100552284e-12
16.9	4.339639758654812e-12
16.91	4.147793219999585e-12
16.92	4.037659095956769e-12
16.93	3.936406756110955e-12
16.94	3.764100142689131e-12
16.95	3.639755163931113e-12
16.96	3.5722536040339037e-12
16.97	3.433697770560684e-12
16.98	3.3004710076056654e-12
16.99	3.2454039455842576e-12
17.0	3.135269821541442e-12
17.01	3.0109248427834245e-12
17.02	2.9256597144922125e-12
17.03	2.8173019472887972e-12
17.04	2.7000623958883807e-12
17.05	2.568611989772762e-12
17.06	2.4513724383723456e-12
17.07	2.34123831432953e-12
17.08	2.19735341033811e-12
17.09	2.0818902157770935e-12
17.1	2.007283228522283e-12
17.11	1.8705037518884637e-12
17.12	1.787014980436652e-12
17.13	1.7479351299698465e-12
17.14	1.652011860642233e-12
17.15	1.5916157281026244e-12
17.16	1.55964130499342e-12
17.17	1.5045742429720121e-12
17.18	1.4548362514688051e-12
17.19	1.4210854715202004e-12
17.2	1.3749001936957939e-12
17.21	1.334043986389588e-12
17.22	1.3109513474773848e-12
17.23	1.255884285455977e-12
17.24	1.213251721310371e-12
17.25	1.2043699371133698e-12
17.26	1.142197447734361e-12
17.27	1.0960121699099545e-12
17.28	1.0871303857129533e-12
17.29	1.0196288258157438e-12
17.3	9.805489753489383e-13
17.31	9.610090501155355e-13
17.32	8.899547765395255e-13
17.33	8.57980353430321e-13
17.34	8.313350008393172e-13
17.35	7.638334409421077e-13
17.36	7.442935157087049e-13
17.37	7.052136652418994e-13
17.38	6.483702463810914e-13
17.39	6.377121053446899e-13
17.4	5.861977570020827e-13
17.41	5.417888360170764e-13
17.42	5.293543381412746e-13
17.43	4.849454171562684e-13
17.44	4.4941828036826337e-13
17.45	4.3520742565306136e-13
17.46	4.1033842990145786e-13
17.47	3.8902214782865485e-13
17.48	3.7836400679225335e-13
17.49	3.7125857943465235e-13
17.5	3.6415315207705135e-13
17.51	3.6060043839825084e-13
17.52	3.588240815588506e-13
17.53	3.5349501104064984e-13
17.54	3.5349501104064984e-13
17.55	3.4283687000424834e-13
17.56	3.3217872896784684e-13
17.57	3.3217872896784684e-13
17.58	3.0730973321624333e-13
17.59	2.877698079828406e-13
17.6	2.8421709430404007e-13
17.61	2.575717417130363e-13
17.62	2.3092638912203256e-13
17.63	2.2026824808563106e-13
17.64	2.078337502098293e-13
17.65	1.865174681370263e-13
17.66	1.7408297026122455e-13
17.67	1.687538997430238e-13
17.68	1.616484723854228e-13
17.69	1.4921397450962104e-13
17.7	1.3855583347321954e-13
17.71	1.3677947663381929e-13
17.72	1.2079226507921703e-13
17.73	1.1013412404281553e-13
17.74	1.0480505352461478e-13
17.75	9.237055564881302e-14
17.76	8.881784197001252e-14
17.77	8.348877145181177e-14
17.78	7.993605777301127e-14
17.79	7.993605777301127e-14
17.8	7.815970093361102e-14
17.81	7.815970093361102e-14
17.82	7.815970093361102e-14
17.83	7.815970093361102e-14
17.84	7.638334409421077e-14
17.85	7.638334409421077e-14
17.86	7.638334409421077e-14
17.87	7.105427357601002e-14
17.88	6.927791673660977e-14
17.89	6.927791673660977e-14
17.9	6.394884621840902e-14
17.91	5.684341886080802e-14
17.92	5.684341886080802e-14
17.93	5.5067062021407764e-14
17.94	4.263256414560601e-14
17.95	4.263256414560601e-14
17.96	4.263256414560601e-14
17.97	2.842170943040401e-14
17.98	2.842170943040401e-14
17.99	2.842170943040401e-14
18.0	1.7763568394002505e-14
18.01	1.7763568394002505e-14
18.02	1.7763568394002505e-14
18.03	1.4210854715202004e-14
18.04	1.4210854715202004e-14
18.05	1.4210854715202004e-14
18.06	1.4210854715202004e-14
18.07	1.4210854715202004e-14
18.08	1.4210854715202004e-14
18.09	1.4210854715202004e-14
18.1	1.4210854715202004e-14
18.11	1.4210854715202004e-14
18.12	1.4210854715202004e-14
18.13	1.4210854715202004e-14
18.14	1.4210854715202004e-14
18.15	1.4210854715202004e-14
18.16	1.4210854715202004e-14
18.17	1.4210854715202004e-14
18.18	1.4210854715202004e-14
18.19	1.4210854715202004e-14
18.2	1.4210854715202004e-14
18.21	1.4210854715202004e-14
18.22	1.4210854715202004e-14
18.23	1.2434497875801753e-14
18.24	1.2434497875801753e-14
18.25	1.2434497875801753e-14
18.26	7.105427357601002e-15
18.27	7.105427357601002e-15
18.28	7.105427357601002e-15
18.29	1.7763568394002505e-15
18.3	1.7763568394002505e-15
18.31	1.7763568394002505e-15
18.32	0.0
