5.6	0.000508427619934082
5.61	0.0004999637603759766
5.62	0.000493466854095459
5.63	0.000488579273223877
5.64	0.00048273801803588867
5.65	0.00047856569290161133
5.66	0.00047272443771362305
5.67	0.00046825408935546875
5.68	0.0004621744155883789
5.69	0.0004563331604003906
5.7	0.0004521608352661133
5.71	0.0004482865333557129
5.72	0.0004436373710632324
5.73	0.0004373788833618164
5.74	0.00043129920959472656
5.75	0.00042575597763061523
5.76	0.0004215836524963379
5.77	0.00041788816452026367
5.78	0.0004139542579650879
5.79	0.0004094243049621582
5.8	0.00040459632873535156
5.81	0.0003994107246398926
5.82	0.000395357608795166
5.83	0.00039190053939819336
5.84	0.000387728214263916
5.85	0.00038230419158935547
5.86	0.00037747621536254883
5.87	0.0003727078437805176
5.88	0.0003675222396850586
5.89	0.00036466121673583984
5.9	0.0003610849380493164
5.91	0.00035774707794189453
5.92	0.0003522038459777832
5.93	0.00034755468368530273
5.94	0.00034481287002563477
5.95	0.00034058094024658203
5.96	0.0003361701965332031
5.97	0.00033295154571533203
5.98	0.00032824277877807617
5.99	0.0003235340118408203
6.0	0.0003192424774169922
6.01	0.00031554698944091797
6.02	0.0003129243850708008
6.03	0.0003097653388977051
6.04	0.00030499696731567383
6.05	0.00030094385147094727
6.06	0.0002982020378112793
6.07	0.0002956390380859375
6.08	0.0002917051315307617
6.09	0.0002887845039367676
6.1	0.00028520822525024414
6.11	0.0002803206443786621
6.12	0.000276029109954834
6.13	0.00027376413345336914
6.14	0.00026988983154296875
6.15	0.00026738643646240234
6.16	0.00026422739028930664
6.17	0.00026100873947143555
6.18	0.0002580881118774414
6.19	0.0002549290657043457
6.2	0.0002525448799133301
6.21	0.000250399112701416
6.22	0.00024765729904174805
6.23	0.00024360418319702148
6.24	0.00024014711380004883
6.25	0.0002371072769165039
6.26	0.00023478269577026367
6.27	0.00023156404495239258
6.28	0.00022876262664794922
6.29	0.0002263188362121582
6.3	0.00022393465042114258
6.31	0.00022047758102416992
6.32	0.00021833181381225586
6.33	0.00021654367446899414
6.34	0.00021380186080932617
6.35	0.0002110600471496582
6.36	0.00020754337310791016
6.37	0.0002053380012512207
6.38	0.00020301342010498047
6.39	0.00020039081573486328
6.4	0.00019794702529907227
6.41	0.00019592046737670898
6.42	0.00019305944442749023
6.43	0.0001901388168334961
6.44	0.00018799304962158203
6.45	0.00018668174743652344
6.46	0.0001843571662902832
6.47	0.0001824498176574707
6.48	0.00017964839935302734
6.49	0.00017714500427246094
6.5	0.0001747608184814453
6.51	0.00017267465591430664
6.52	0.0001710057258605957
6.53	0.0001690387725830078
6.54	0.00016617774963378906
6.55	0.00016355514526367188
6.56	0.00016200542449951172
6.57	0.0001602768898010254
6.58	0.00015789270401000977
6.59	0.00015628337860107422
6.6	0.00015467405319213867
6.61	0.00015228986740112305
6.62	0.00015014410018920898
6.63	0.00014829635620117188
6.64	0.0001469254493713379
6.65	0.00014466047286987305
6.66	0.00014269351959228516
6.67	0.0001404285430908203
6.68	0.00013870000839233398
6.69	0.00013720989227294922
6.7	0.0001360774040222168
6.71	0.00013452768325805664
6.72	0.00013297796249389648
6.73	0.00013148784637451172
6.74	0.00012946128845214844
6.75	0.00012737512588500977
6.76	0.000125885009765625
6.77	0.00012433528900146484
6.78	0.00012254714965820312
6.79	0.00012099742889404297
6.8	0.00011914968490600586
6.81	0.0001175999641418457
6.82	0.00011610984802246094
6.83	0.00011521577835083008
6.84	0.00011390447616577148
6.85	0.00011283159255981445
6.86	0.00011140108108520508
6.87	0.00010967254638671875
6.88	0.00010824203491210938
6.89	0.0001068115234375
6.9	0.00010502338409423828
6.91	0.00010383129119873047
6.92	0.00010263919830322266
6.93	0.00010091066360473633
6.94	9.930133819580078e-05
6.95	9.828805923461914e-05
6.96	9.739398956298828e-05
6.97	9.59634780883789e-05
6.98	9.459257125854492e-05
6.99	9.328126907348633e-05
7.0	9.202957153320312e-05
7.01	9.065866470336914e-05
7.02	8.910894393920898e-05
7.03	8.803606033325195e-05
7.04	8.702278137207031e-05
7.05	8.535385131835938e-05
7.06	8.434057235717773e-05
7.07	8.33272933959961e-05
7.08	8.20159912109375e-05
7.09	8.106231689453125e-05
7.1	8.040666580200195e-05
7.11	7.915496826171875e-05
7.12	7.808208465576172e-05
7.13	7.671117782592773e-05
7.14	7.599592208862305e-05
7.15	7.50422477722168e-05
7.16	7.396936416625977e-05
7.17	7.259845733642578e-05
7.18	7.158517837524414e-05
7.19	7.051229476928711e-05
7.2	6.949901580810547e-05
7.21	6.878376007080078e-05
7.22	6.812810897827148e-05
7.23	6.765127182006836e-05
7.24	6.645917892456055e-05
7.25	6.568431854248047e-05
7.26	6.479024887084961e-05
7.27	6.389617919921875e-05
7.28	6.270408630371094e-05
7.29	6.204843521118164e-05
7.3	6.109476089477539e-05
7.31	6.002187728881836e-05
7.32	5.906820297241211e-05
7.33	5.829334259033203e-05
7.34	5.7578086853027344e-05
7.35	5.704164505004883e-05
7.36	5.650520324707031e-05
7.37	5.561113357543945e-05
7.38	5.46574592590332e-05
7.39	5.3882598876953125e-05
7.4	5.316734313964844e-05
7.41	5.1975250244140625e-05
7.42	5.14984130859375e-05
7.43	5.030632019042969e-05
7.44	4.9591064453125e-05
7.45	4.875659942626953e-05
7.46	4.798173904418945e-05
7.47	4.7266483306884766e-05
7.48	4.673004150390625e-05
7.49	4.6133995056152344e-05
7.5	4.5180320739746094e-05
7.51	4.4405460357666016e-05
7.52	4.3511390686035156e-05
7.53	4.309415817260742e-05
7.54	4.273653030395508e-05
7.55	4.214048385620117e-05
7.56	4.112720489501953e-05
7.57	4.0411949157714844e-05
7.58	3.999471664428711e-05
7.59	3.93986701965332e-05
7.6	3.898143768310547e-05
7.61	3.8564205169677734e-05
7.62	3.814697265625e-05
7.63	3.731250762939453e-05
7.64	3.6656856536865234e-05
7.65	3.635883331298828e-05
7.66	3.594160079956055e-05
7.67	3.540515899658203e-05
7.68	3.4868717193603516e-05
7.69	3.3855438232421875e-05
7.7	3.331899642944336e-05
7.71	3.2961368560791016e-05
7.72	3.248453140258789e-05
7.73	3.224611282348633e-05
7.74	3.1888484954833984e-05
7.75	3.11732292175293e-05
7.76	3.081560134887695e-05
7.77	3.045797348022461e-05
7.78	3.0040740966796875e-05
7.79	2.950429916381836e-05
7.8	2.9027462005615234e-05
7.81	2.8312206268310547e-05
7.82	2.759695053100586e-05
7.83	2.7000904083251953e-05
7.84	2.682209014892578e-05
7.85	2.6226043701171875e-05
7.86	2.586841583251953e-05
7.87	2.5391578674316406e-05
7.88	2.5093555450439453e-05
7.89	2.467632293701172e-05
7.9	2.4378299713134766e-05
7.91	2.390146255493164e-05
7.92	2.3663043975830078e-05
7.93	2.3305416107177734e-05
7.94	2.2470951080322266e-05
7.95	2.205371856689453e-05
7.96	2.1696090698242188e-05
7.97	2.1457672119140625e-05
7.98	2.1159648895263672e-05
7.99	2.086162567138672e-05
8.0	2.0563602447509766e-05
8.01	2.0205974578857422e-05
8.02	1.990795135498047e-05
8.03	1.9848346710205078e-05
8.04	1.9490718841552734e-05
8.05	1.913309097290039e-05
8.06	1.8537044525146484e-05
8.07	1.8298625946044922e-05
8.08	1.800060272216797e-05
8.09	1.7583370208740234e-05
8.1	1.7523765563964844e-05
8.11	1.7344951629638672e-05
8.12	1.710653305053711e-05
8.13	1.6510486602783203e-05
8.14	1.6391277313232422e-05
8.15	1.633167266845703e-05
8.16	1.609325408935547e-05
8.17	1.5676021575927734e-05
8.18	1.531839370727539e-05
8.19	1.4960765838623047e-05
8.2	1.4722347259521484e-05
8.21	1.4424324035644531e-05
8.22	1.424551010131836e-05
8.23	1.4066696166992188e-05
8.24	1.3828277587890625e-05
8.25	1.329183578491211e-05
8.26	1.3172626495361328e-05
8.27	1.3053417205810547e-05
8.28	1.2993812561035156e-05
8.29	1.2755393981933594e-05
8.3	1.245737075805664e-05
8.31	1.2159347534179688e-05
8.32	1.1682510375976562e-05
8.33	1.1563301086425781e-05
8.34	1.150369644165039e-05
8.35	1.1205673217773438e-05
8.36	1.0967254638671875e-05
8.37	1.0728836059570312e-05
8.38	1.055002212524414e-05
8.39	1.043081283569336e-05
8.4	1.0311603546142578e-05
8.41	1.0311603546142578e-05
8.42	1.0132789611816406e-05
8.43	9.894371032714844e-06
8.44	9.5367431640625e-06
8.45	9.238719940185547e-06
8.46	9.179115295410156e-06
8.47	9.179115295410156e-06
8.48	8.881092071533203e-06
8.49	8.64267349243164e-06
8.5	8.52346420288086e-06
8.51	8.404254913330078e-06
8.52	8.285045623779297e-06
8.53	8.285045623779297e-06
8.54	8.225440979003906e-06
8.55	7.927417755126953e-06
8.56	7.68899917602539e-06
8.57	7.3909759521484375e-06
8.58	7.331371307373047e-06
8.59	7.271766662597656e-06
8.6	7.152557373046875e-06
8.61	7.033348083496094e-06
8.62	6.854534149169922e-06
8.63	6.556510925292969e-06
8.64	6.496906280517578e-06
8.65	6.496906280517578e-06
8.66	6.496906280517578e-06
8.67	6.377696990966797e-06
8.68	6.079673767089844e-06
8.69	5.900859832763672e-06
8.7	5.841255187988281e-06
8.71	5.7220458984375e-06
8.72	5.662441253662109e-06
8.73	5.602836608886719e-06
8.74	5.424022674560547e-06
8.75	5.185604095458984e-06
8.76	5.0067901611328125e-06
8.77	5.0067901611328125e-06
8.78	5.0067901611328125e-06
8.79	4.827976226806641e-06
8.8	4.708766937255859e-06
8.81	4.649162292480469e-06
8.82	4.470348358154297e-06
8.83	4.410743713378906e-06
8.84	4.410743713378906e-06
8.85	4.410743713378906e-06
8.86	4.231929779052734e-06
8.87	4.0531158447265625e-06
8.88	3.814697265625e-06
8.89	3.814697265625e-06
8.9	3.814697265625e-06
8.91	3.814697265625e-06
8.92	3.6954879760742188e-06
8.93	3.5762786865234375e-06
8.94	3.516674041748047e-06
8.95	3.337860107421875e-06
8.96	3.337860107421875e-06
8.97	3.337860107421875e-06
8.98	3.2186508178710938e-06
8.99	3.039836883544922e-06
9.0	2.9206275939941406e-06
9.01	2.8014183044433594e-06
9.02	2.8014183044433594e-06
9.03	2.8014183044433594e-06
9.04	2.8014183044433594e-06
9.05	2.682209014892578e-06
9.06	2.6226043701171875e-06
9.07	2.562999725341797e-06
9.08	2.5033950805664062e-06
9.09	2.5033950805664062e-06
9.1	2.4437904357910156e-06
9.11	2.3245811462402344e-06
9.12	2.205371856689453e-06
9.13	2.1457672119140625e-06
9.14	2.0265579223632812e-06
9.15	2.0265579223632812e-06
9.16	2.0265579223632812e-06
9.17	2.0265579223632812e-06
9.18	1.8477439880371094e-06
9.19	1.7881393432617188e-06
9.2	1.7881393432617188e-06
9.21	1.7881393432617188e-06
9.22	1.7881393432617188e-06
9.23	1.6689300537109375e-06
9.24	1.6093254089355469e-06
9.25	1.5497207641601562e-06
9.26	1.4901161193847656e-06
9.27	1.430511474609375e-06
9.28	1.430511474609375e-06
9.29	1.3709068298339844e-06
9.3	1.3113021850585938e-06
9.31	1.2516975402832031e-06
9.32	1.1920928955078125e-06
9.33	1.1920928955078125e-06
9.34	1.1920928955078125e-06
9.35	1.1920928955078125e-06
9.36	1.1920928955078125e-06
9.37	1.0728836059570312e-06
9.38	9.5367431640625e-07
9.39	9.5367431640625e-07
9.4	9.5367431640625e-07
9.41	9.5367431640625e-07
9.42	8.940696716308594e-07
9.43	8.940696716308594e-07
9.44	8.940696716308594e-07
9.45	8.344650268554688e-07
9.46	8.344650268554688e-07
9.47	8.344650268554688e-07
9.48	8.344650268554688e-07
9.49	7.748603820800781e-07
9.5	6.556510925292969e-07
9.51	5.960464477539062e-07
9.52	5.960464477539062e-07
9.53	5.960464477539062e-07
9.54	5.960464477539062e-07
9.55	5.960464477539062e-07
9.56	5.960464477539062e-07
9.57	5.960464477539062e-07
9.58	5.960464477539062e-07
9.59	5.960464477539062e-07
9.6	5.960464477539062e-07
9.61	5.364418029785156e-07
9.62	4.172325134277344e-07
9.63	4.172325134277344e-07
9.64	3.5762786865234375e-07
9.65	3.5762786865234375e-07
9.66	3.5762786865234375e-07
9.67	3.5762786865234375e-07
9.68	2.980232238769531e-07
9.69	2.980232238769531e-07
9.7	2.980232238769531e-07
9.71	2.980232238769531e-07
9.72	2.980232238769531e-07
9.73	2.980232238769531e-07
9.74	2.384185791015625e-07
9.75	2.384185791015625e-07
9.76	2.384185791015625e-07
9.77	1.7881393432617188e-07
9.78	1.7881393432617188e-07
9.79	1.7881393432617188e-07
9.8	1.7881393432617188e-07
9.81	1.1920928955078125e-07
9.82	1.1920928955078125e-07
9.83	1.1920928955078125e-07
9.84	1.1920928955078125e-07
9.85	1.1920928955078125e-07
9.86	1.1920928955078125e-07
9.87	1.1920928955078125e-07
9.88	1.1920928955078125e-07
9.89	1.1920928955078125e-07
9.9	1.1920928955078125e-07
9.91	1.1920928955078125e-07
9.92	1.1920928955078125e-07
9.93	1.1920928955078125e-07
9.94	1.1920928955078125e-07
9.95	1.1920928955078125e-07
9.96	1.1920928955078125e-07
9.97	1.1920928955078125e-07
9.98	1.1920928955078125e-07
9.99	1.1920928955078125e-07
10.0	5.960464477539063e-08
10.01	5.960464477539063e-08
10.02	5.960464477539063e-08
10.03	5.960464477539063e-08
10.04	5.960464477539063e-08
10.05	5.960464477539063e-08
10.06	5.960464477539063e-08
10.07	5.960464477539063e-08
10.08	5.960464477539063e-08
10.09	5.960464477539063e-08
10.1	5.960464477539063e-08
10.11	5.960464477539063e-08
10.12	0.0
