5.58	0.0005014091730117798
5.59	0.0004961751401424408
5.6	0.0004909075796604156
5.61	0.0004854276776313782
5.62	0.0004802495241165161
5.63	0.0004749223589897156
5.64	0.0004699602723121643
5.65	0.0004650205373764038
5.66	0.00046002864837646484
5.67	0.00045501068234443665
5.68	0.0004504658281803131
5.69	0.0004456564784049988
5.7	0.00044043734669685364
5.71	0.00043584033846855164
5.72	0.00043119117617607117
5.73	0.0004263967275619507
5.74	0.00042215362191200256
5.75	0.0004176422953605652
5.76	0.00041294097900390625
5.77	0.00040857866406440735
5.78	0.00040432438254356384
5.79	0.0003996454179286957
5.8	0.0003953985869884491
5.81	0.00039106234908103943
5.82	0.0003867410123348236
5.83	0.0003825649619102478
5.84	0.0003784559667110443
5.85	0.00037395209074020386
5.86	0.0003698877990245819
5.87	0.0003659650683403015
5.88	0.00036189332604408264
5.89	0.0003578290343284607
5.9	0.00035388022661209106
5.91	0.0003499239683151245
5.92	0.00034601613879203796
5.93	0.0003421120345592499
5.94	0.00033797696232795715
5.95	0.00033419206738471985
5.96	0.00033074989914894104
5.97	0.00032707303762435913
5.98	0.0003233514726161957
5.99	0.000319797545671463
6.0	0.0003160014748573303
6.01	0.00031241774559020996
6.02	0.0003090091049671173
6.03	0.0003054030239582062
6.04	0.00030191242694854736
6.05	0.00029868632555007935
6.06	0.00029522553086280823
6.07	0.0002918653190135956
6.08	0.0002885088324546814
6.09	0.00028524547815322876
6.1	0.00028197094798088074
6.11	0.00027883797883987427
6.12	0.0002756938338279724
6.13	0.0002725087106227875
6.14	0.000269521027803421
6.15	0.0002664439380168915
6.16	0.0002632737159729004
6.17	0.00026023387908935547
6.18	0.0002574063837528229
6.19	0.0002544708549976349
6.2	0.00025152787566185
6.21	0.00024867430329322815
6.22	0.00024560093879699707
6.23	0.00024261698126792908
6.24	0.00023983418941497803
6.25	0.00023698434233665466
6.26	0.000234261155128479
6.27	0.0002318061888217926
6.28	0.00022903457283973694
6.29	0.00022638216614723206
6.3	0.0002237185835838318
6.31	0.00022097304463386536
6.32	0.00021846964955329895
6.33	0.0002159327268600464
6.34	0.0002132914960384369
6.35	0.00021078810095787048
6.36	0.0002083517611026764
6.37	0.00020591914653778076
6.38	0.0002035684883594513
6.39	0.00020116567611694336
6.4	0.0001989118754863739
6.41	0.00019668787717819214
6.42	0.00019456446170806885
6.43	0.0001922212541103363
6.44	0.00018980726599693298
6.45	0.00018765032291412354
6.46	0.00018547102808952332
6.47	0.00018320605158805847
6.48	0.00018113106489181519
6.49	0.00017904117703437805
6.5	0.0001768544316291809
6.51	0.00017500296235084534
6.52	0.00017290562391281128
6.53	0.00017060711979866028
6.54	0.00016865506768226624
6.55	0.00016678869724273682
6.56	0.00016472116112709045
6.57	0.00016282126307487488
6.58	0.00016072019934654236
6.59	0.00015866011381149292
6.6	0.00015691667795181274
6.61	0.00015494227409362793
6.62	0.00015287473797798157
6.63	0.00015115365386009216
6.64	0.0001494288444519043
6.65	0.00014761462807655334
6.66	0.00014567747712135315
6.67	0.0001438148319721222
6.68	0.00014203786849975586
6.69	0.00014033541083335876
6.7	0.00013865530490875244
6.71	0.0001369565725326538
6.72	0.0001352652907371521
6.73	0.00013360381126403809
6.74	0.00013194605708122253
6.75	0.0001302585005760193
6.76	0.00012862682342529297
6.77	0.00012712180614471436
6.78	0.00012551620602607727
6.79	0.00012400373816490173
6.8	0.0001224130392074585
6.81	0.00012085586786270142
6.82	0.00011939555406570435
6.83	0.00011794641613960266
6.84	0.00011640042066574097
6.85	0.00011504441499710083
6.86	0.00011357665061950684
6.87	0.00011220201849937439
6.88	0.00011076033115386963
6.89	0.00010924786329269409
6.9	0.00010782107710838318
6.91	0.00010655075311660767
6.92	0.00010515749454498291
6.93	0.00010379031300544739
6.94	0.00010254979133605957
6.95	0.00010121241211891174
6.96	9.99346375465393e-05
6.97	9.857863187789917e-05
6.98	9.73530113697052e-05
6.99	9.60417091846466e-05
7.0	9.484216570854187e-05
7.01	9.368360042572021e-05
7.02	9.242445230484009e-05
7.03	9.13180410861969e-05
7.04	9.01445746421814e-05
7.05	8.89897346496582e-05
7.06	8.79243016242981e-05
7.07	8.687004446983337e-05
7.08	8.565187454223633e-05
7.09	8.468329906463623e-05
7.1	8.365139365196228e-05
7.11	8.248165249824524e-05
7.12	8.142367005348206e-05
7.13	8.043274283409119e-05
7.14	7.943063974380493e-05
7.15	7.856637239456177e-05
7.16	7.75456428527832e-05
7.17	7.645413279533386e-05
7.18	7.55898654460907e-05
7.19	7.468461990356445e-05
7.2	7.362663745880127e-05
7.21	7.266178727149963e-05
7.22	7.173791527748108e-05
7.23	7.081404328346252e-05
7.24	6.997212767601013e-05
7.25	6.909668445587158e-05
7.26	6.805732846260071e-05
7.27	6.720423698425293e-05
7.28	6.641075015068054e-05
7.29	6.549060344696045e-05
7.3	6.457790732383728e-05
7.31	6.378814578056335e-05
7.32	6.284564733505249e-05
7.33	6.20521605014801e-05
7.34	6.12698495388031e-05
7.35	6.0342252254486084e-05
7.36	5.9545040130615234e-05
7.37	5.885958671569824e-05
7.38	5.8069825172424316e-05
7.39	5.718320608139038e-05
7.4	5.6471675634384155e-05
7.41	5.5637210607528687e-05
7.42	5.482137203216553e-05
7.43	5.4139643907547e-05
7.44	5.340203642845154e-05
7.45	5.262717604637146e-05
7.46	5.200132727622986e-05
7.47	5.134567618370056e-05
7.48	5.060061812400818e-05
7.49	4.99039888381958e-05
7.5	4.919618368148804e-05
7.51	4.850700497627258e-05
7.52	4.781782627105713e-05
7.53	4.7229230403900146e-05
7.54	4.6465545892715454e-05
7.55	4.581734538078308e-05
7.56	4.522502422332764e-05
7.57	4.451721906661987e-05
7.58	4.39472496509552e-05
7.59	4.3369829654693604e-05
7.6	4.275888204574585e-05
7.61	4.213303327560425e-05
7.62	4.156678915023804e-05
7.63	4.084780812263489e-05
7.64	4.026293754577637e-05
7.65	3.973767161369324e-05
7.66	3.9108097553253174e-05
7.67	3.857910633087158e-05
7.68	3.80687415599823e-05
7.69	3.748014569282532e-05
7.7	3.699213266372681e-05
7.71	3.648921847343445e-05
7.72	3.588944673538208e-05
7.73	3.544241189956665e-05
7.74	3.499910235404968e-05
7.75	3.4477561712265015e-05
7.76	3.398209810256958e-05
7.77	3.350898623466492e-05
7.78	3.3017247915267944e-05
7.79	3.263726830482483e-05
7.8	3.2164156436920166e-05
7.81	3.173947334289551e-05
7.82	3.13296914100647e-05
7.83	3.099814057350159e-05
7.84	3.0517578125e-05
7.85	3.0022114515304565e-05
7.86	2.9694288969039917e-05
7.87	2.9277056455612183e-05
7.88	2.884119749069214e-05
7.89	2.851337194442749e-05
7.9	2.810731530189514e-05
7.91	2.7719885110855103e-05
7.92	2.7377158403396606e-05
7.93	2.6945024728775024e-05
7.94	2.6516616344451904e-05
7.95	2.6188790798187256e-05
7.96	2.5853514671325684e-05
7.97	2.5492161512374878e-05
7.98	2.5138258934020996e-05
7.99	2.4743378162384033e-05
8.0	2.434849739074707e-05
8.01	2.407655119895935e-05
8.02	2.3696571588516235e-05
8.03	2.333521842956543e-05
8.04	2.2981315851211548e-05
8.05	2.267211675643921e-05
8.06	2.2355467081069946e-05
8.07	2.1997839212417603e-05
8.08	2.164021134376526e-05
8.09	2.12937593460083e-05
8.1	2.1029263734817505e-05
8.11	2.0742416381835938e-05
8.12	2.0448118448257446e-05
8.13	2.0116567611694336e-05
8.14	1.9855797290802002e-05
8.15	1.953914761543274e-05
8.16	1.9203871488571167e-05
8.17	1.8931925296783447e-05
8.18	1.8596649169921875e-05
8.19	1.8339604139328003e-05
8.2	1.8104910850524902e-05
8.21	1.7780810594558716e-05
8.22	1.7505139112472534e-05
8.23	1.72443687915802e-05
8.24	1.6964972019195557e-05
8.25	1.6711652278900146e-05
8.26	1.6476958990097046e-05
8.27	1.6167759895324707e-05
8.28	1.591816544532776e-05
8.29	1.566857099533081e-05
8.3	1.5389174222946167e-05
8.31	1.5098601579666138e-05
8.32	1.4886260032653809e-05
8.33	1.4629215002059937e-05
8.34	1.4424324035644531e-05
8.35	1.4171004295349121e-05
8.36	1.3910233974456787e-05
8.37	1.3668090105056763e-05
8.38	1.3459473848342896e-05
8.39	1.3209879398345947e-05
8.4	1.2967735528945923e-05
8.41	1.280754804611206e-05
8.42	1.2610107660293579e-05
8.43	1.2408941984176636e-05
8.44	1.2230128049850464e-05
8.45	1.2021511793136597e-05
8.46	1.179426908493042e-05
8.47	1.1682510375976562e-05
8.48	1.1458992958068848e-05
8.49	1.126900315284729e-05
8.5	1.1157244443893433e-05
8.51	1.0963529348373413e-05
8.52	1.0788440704345703e-05
8.53	1.0654330253601074e-05
8.54	1.050904393196106e-05
8.55	1.0382384061813354e-05
8.56	1.0304152965545654e-05
8.57	1.012161374092102e-05
8.58	9.924173355102539e-06
8.59	9.819865226745605e-06
8.6	9.644776582717896e-06
8.61	9.462237358093262e-06
8.62	9.324401617050171e-06
8.63	9.201467037200928e-06
8.64	9.063631296157837e-06
8.65	8.963048458099365e-06
8.66	8.843839168548584e-06
8.67	8.668750524520874e-06
8.68	8.542090654373169e-06
8.69	8.441507816314697e-06
8.7	8.285045623779297e-06
8.71	8.15466046333313e-06
8.72	8.042901754379272e-06
8.73	7.875263690948486e-06
8.74	7.759779691696167e-06
8.75	7.636845111846924e-06
8.76	7.4803829193115234e-06
8.77	7.361173629760742e-06
8.78	7.3015689849853516e-06
8.79	7.178634405136108e-06
8.8	7.051974534988403e-06
8.81	6.925314664840698e-06
8.82	6.806105375289917e-06
8.83	6.701797246932983e-06
8.84	6.619840860366821e-06
8.85	6.50063157081604e-06
8.86	6.385147571563721e-06
8.87	6.292015314102173e-06
8.88	6.191432476043701e-06
8.89	6.064772605895996e-06
8.9	5.979090929031372e-06
8.91	5.837529897689819e-06
8.92	5.7406723499298096e-06
8.93	5.677342414855957e-06
8.94	5.5693089962005615e-06
8.95	5.4426491260528564e-06
8.96	5.334615707397461e-06
8.97	5.245208740234375e-06
8.98	5.140900611877441e-06
8.99	5.04031777381897e-06
9.0	4.94346022605896e-06
9.01	4.839152097702026e-06
9.02	4.775822162628174e-06
9.03	4.664063453674316e-06
9.04	4.537403583526611e-06
9.05	4.466623067855835e-06
9.06	4.388391971588135e-06
9.07	4.284083843231201e-06
9.08	4.231929779052734e-06
9.09	4.131346940994263e-06
9.1	4.023313522338867e-06
9.11	3.974884748458862e-06
9.12	3.874301910400391e-06
9.13	3.7848949432373047e-06
9.14	3.721565008163452e-06
9.15	3.6619603633880615e-06
9.16	3.598630428314209e-06
9.17	3.56137752532959e-06
9.18	3.505498170852661e-06
9.19	3.423541784286499e-06
9.2	3.382563591003418e-06
9.21	3.3266842365264893e-06
9.22	3.2670795917510986e-06
9.23	3.2298266887664795e-06
9.24	3.1813979148864746e-06
9.25	3.11434268951416e-06
9.26	3.0621886253356934e-06
9.27	3.0174851417541504e-06
9.28	2.9802322387695312e-06
9.29	2.9578804969787598e-06
9.3	2.9206275939941406e-06
9.31	2.8721988201141357e-06
9.32	2.8349459171295166e-06
9.33	2.8051435947418213e-06
9.34	2.726912498474121e-06
9.35	2.6747584342956543e-06
9.36	2.641230821609497e-06
9.37	2.5890767574310303e-06
9.38	2.551823854446411e-06
9.39	2.5257468223571777e-06
9.4	2.469867467880249e-06
9.41	2.421438694000244e-06
9.42	2.3990869522094727e-06
9.43	2.343207597732544e-06
9.44	2.305954694747925e-06
9.45	2.2687017917633057e-06
9.46	2.2277235984802246e-06
9.47	2.1792948246002197e-06
9.48	2.1457672119140625e-06
9.49	2.086162567138672e-06
9.5	2.030283212661743e-06
9.51	2.0228326320648193e-06
9.52	1.993030309677124e-06
9.53	1.955777406692505e-06
9.54	1.914799213409424e-06
9.55	1.8775463104248047e-06
9.56	1.8365681171417236e-06
9.57	1.8104910850524902e-06
9.58	1.7695128917694092e-06
9.59	1.7285346984863281e-06
9.6	1.7061829566955566e-06
9.61	1.687556505203247e-06
9.62	1.642853021621704e-06
9.63	1.601874828338623e-06
9.64	1.560896635055542e-06
9.65	1.5273690223693848e-06
9.66	1.5124678611755371e-06
9.67	1.471489667892456e-06
9.68	1.426786184310913e-06
9.69	1.3969838619232178e-06
9.7	1.3671815395355225e-06
9.71	1.3187527656555176e-06
9.72	1.2889504432678223e-06
9.73	1.2628734111785889e-06
9.74	1.2293457984924316e-06
9.75	1.2218952178955078e-06
9.76	1.173466444015503e-06
9.77	1.12876296043396e-06
9.78	1.1064112186431885e-06
9.79	1.0728836059570312e-06
9.8	1.0356307029724121e-06
9.81	1.0207295417785645e-06
9.82	1.0021030902862549e-06
9.83	9.611248970031738e-07
9.84	9.57399606704712e-07
9.85	9.387731552124023e-07
9.86	9.052455425262451e-07
9.87	8.828938007354736e-07
9.88	8.791685104370117e-07
9.89	8.642673492431641e-07
9.9	8.493661880493164e-07
9.91	8.419156074523926e-07
9.92	8.083879947662354e-07
9.93	7.972121238708496e-07
9.94	7.897615432739258e-07
9.95	7.7858567237854e-07
9.96	7.711350917816162e-07
9.97	7.711350917816162e-07
9.98	7.525086402893066e-07
9.99	7.37607479095459e-07
10.0	7.264316082000732e-07
10.01	7.264316082000732e-07
10.02	7.152557373046875e-07
10.03	7.078051567077637e-07
10.04	7.003545761108398e-07
10.05	6.817281246185303e-07
10.06	6.742775440216064e-07
10.07	6.593763828277588e-07
10.08	6.407499313354492e-07
10.09	6.295740604400635e-07
10.1	6.221234798431396e-07
10.11	6.109476089477539e-07
10.12	6.034970283508301e-07
10.13	5.923211574554443e-07
10.14	5.811452865600586e-07
10.15	5.736947059631348e-07
10.16	5.62518835067749e-07
10.17	5.438923835754395e-07
10.18	5.327165126800537e-07
10.19	5.21540641784668e-07
10.2	5.103647708892822e-07
10.21	5.029141902923584e-07
10.22	4.805624485015869e-07
10.23	4.6566128730773926e-07
10.24	4.6566128730773926e-07
10.25	4.6193599700927734e-07
10.26	4.4330954551696777e-07
10.27	4.3958425521850586e-07
10.28	4.284083843231201e-07
10.29	4.246830940246582e-07
10.3	4.1350722312927246e-07
10.31	3.91155481338501e-07
10.32	3.762543201446533e-07
10.33	3.688037395477295e-07
10.34	3.650784492492676e-07
10.35	3.5390257835388184e-07
10.36	3.46451997756958e-07
10.37	3.390014171600342e-07
10.38	3.3155083656311035e-07
10.39	3.241002559661865e-07
10.4	3.166496753692627e-07
10.41	3.0547380447387695e-07
10.42	2.905726432800293e-07
10.43	2.8312206268310547e-07
10.44	2.644956111907959e-07
10.45	2.5331974029541016e-07
10.46	2.384185791015625e-07
10.47	2.2724270820617676e-07
10.48	2.2351741790771484e-07
10.49	2.2351741790771484e-07
10.5	2.086162567138672e-07
10.51	2.0116567611694336e-07
10.52	1.9744038581848145e-07
10.53	1.862645149230957e-07
10.54	1.825392246246338e-07
10.55	1.7881393432617188e-07
10.56	1.6763806343078613e-07
10.57	1.6763806343078613e-07
10.58	1.6763806343078613e-07
10.59	1.5273690223693848e-07
10.6	1.5273690223693848e-07
10.61	1.4901161193847656e-07
10.62	1.4901161193847656e-07
10.63	1.4901161193847656e-07
10.64	1.4901161193847656e-07
10.65	1.4901161193847656e-07
10.66	1.4156103134155273e-07
10.67	1.4156103134155273e-07
10.68	1.4156103134155273e-07
10.69	1.4156103134155273e-07
10.7	1.4156103134155273e-07
10.71	1.4156103134155273e-07
10.72	1.3783574104309082e-07
10.73	1.341104507446289e-07
10.74	1.341104507446289e-07
10.75	1.30385160446167e-07
10.76	1.2665987014770508e-07
10.77	1.2665987014770508e-07
10.78	1.2665987014770508e-07
10.79	1.2665987014770508e-07
10.8	1.2293457984924316e-07
10.81	1.1920928955078125e-07
10.82	1.1548399925231934e-07
10.83	1.1175870895385742e-07
10.84	1.1175870895385742e-07
10.85	1.1175870895385742e-07
10.86	1.0803341865539551e-07
10.87	1.043081283569336e-07
10.88	1.0058283805847168e-07
10.89	1.0058283805847168e-07
10.9	9.313225746154785e-08
10.91	9.313225746154785e-08
10.92	9.313225746154785e-08
10.93	9.313225746154785e-08
10.94	8.940696716308594e-08
10.95	8.195638656616211e-08
10.96	7.82310962677002e-08
10.97	7.82310962677002e-08
10.98	7.82310962677002e-08
10.99	7.450580596923828e-08
11.0	7.450580596923828e-08
11.01	7.450580596923828e-08
11.02	7.078051567077637e-08
11.03	7.078051567077637e-08
11.04	6.705522537231445e-08
11.05	6.332993507385254e-08
11.06	5.960464477539063e-08
11.07	5.960464477539063e-08
11.08	5.587935447692871e-08
11.09	5.21540641784668e-08
11.1	5.21540641784668e-08
11.11	4.842877388000488e-08
11.12	4.842877388000488e-08
11.13	4.842877388000488e-08
11.14	4.470348358154297e-08
11.15	4.0978193283081055e-08
11.16	4.0978193283081055e-08
11.17	3.725290298461914e-08
11.18	2.9802322387695312e-08
11.19	2.60770320892334e-08
11.2	2.60770320892334e-08
11.21	2.60770320892334e-08
11.22	2.60770320892334e-08
11.23	2.2351741790771484e-08
11.24	1.862645149230957e-08
11.25	1.862645149230957e-08
11.26	1.862645149230957e-08
11.27	1.4901161193847656e-08
11.28	1.4901161193847656e-08
11.29	1.4901161193847656e-08
11.3	1.4901161193847656e-08
11.31	1.4901161193847656e-08
11.32	1.4901161193847656e-08
11.33	1.4901161193847656e-08
11.34	1.4901161193847656e-08
11.35	1.4901161193847656e-08
11.36	1.4901161193847656e-08
11.37	1.4901161193847656e-08
11.38	1.4901161193847656e-08
11.39	1.4901161193847656e-08
11.4	1.4901161193847656e-08
11.41	1.4901161193847656e-08
11.42	1.4901161193847656e-08
11.43	1.4901161193847656e-08
11.44	1.4901161193847656e-08
11.45	1.4901161193847656e-08
11.46	1.4901161193847656e-08
11.47	1.4901161193847656e-08
11.48	1.4901161193847656e-08
11.49	1.1175870895385742e-08
11.5	1.1175870895385742e-08
11.51	1.1175870895385742e-08
11.52	1.1175870895385742e-08
11.53	1.1175870895385742e-08
11.54	1.1175870895385742e-08
11.55	1.1175870895385742e-08
11.56	1.1175870895385742e-08
11.57	1.1175870895385742e-08
11.58	1.1175870895385742e-08
11.59	1.1175870895385742e-08
11.6	1.1175870895385742e-08
11.61	1.1175870895385742e-08
11.62	1.1175870895385742e-08
11.63	7.450580596923828e-09
11.64	7.450580596923828e-09
11.65	7.450580596923828e-09
11.66	7.450580596923828e-09
11.67	7.450580596923828e-09
11.68	7.450580596923828e-09
11.69	7.450580596923828e-09
11.7	7.450580596923828e-09
11.71	7.450580596923828e-09
11.72	7.450580596923828e-09
11.73	7.450580596923828e-09
11.74	7.450580596923828e-09
11.75	7.450580596923828e-09
11.76	7.450580596923828e-09
11.77	7.450580596923828e-09
11.78	3.725290298461914e-09
11.79	3.725290298461914e-09
11.8	3.725290298461914e-09
11.81	3.725290298461914e-09
11.82	3.725290298461914e-09
11.83	3.725290298461914e-09
11.84	3.725290298461914e-09
11.85	3.725290298461914e-09
11.86	3.725290298461914e-09
11.87	3.725290298461914e-09
11.88	3.725290298461914e-09
11.89	3.725290298461914e-09
11.9	3.725290298461914e-09
11.91	0.0
