5.49	0.0005003809928894043
5.5	0.0004960894584655762
5.51	0.0004927515983581543
5.52	0.0004888772964477539
5.53	0.0004849433898925781
5.54	0.00048148632049560547
5.55	0.0004774332046508789
5.56	0.0004741549491882324
5.57	0.000470578670501709
5.58	0.00046640634536743164
5.59	0.00046265125274658203
5.6	0.00045943260192871094
5.61	0.0004559755325317383
5.62	0.00045233964920043945
5.63	0.00044924020767211914
5.64	0.00044536590576171875
5.65	0.0004426240921020508
5.66	0.00043898820877075195
5.67	0.0004356503486633301
5.68	0.0004323124885559082
5.69	0.0004290938377380371
5.7	0.00042635202407836914
5.71	0.00042307376861572266
5.72	0.00041997432708740234
5.73	0.00041687488555908203
5.74	0.00041407346725463867
5.75	0.0004105567932128906
5.76	0.0004075169563293457
5.77	0.00040435791015625
5.78	0.0004010796546936035
5.79	0.00039756298065185547
5.8	0.0003948807716369629
5.81	0.00039130449295043945
5.82	0.0003884434700012207
5.83	0.00038504600524902344
5.84	0.00038117170333862305
5.85	0.00037854909896850586
5.86	0.0003756880760192871
5.87	0.00037282705307006836
5.88	0.0003695487976074219
5.89	0.0003668665885925293
5.9	0.00036412477493286133
5.91	0.0003611445426940918
5.92	0.00035816431045532227
5.93	0.0003548264503479004
5.94	0.0003522038459777832
5.95	0.0003497004508972168
5.96	0.0003470778465270996
5.97	0.00034421682357788086
5.98	0.00034117698669433594
5.99	0.000338137149810791
6.0	0.00033599138259887695
6.01	0.0003331303596496582
6.02	0.0003304481506347656
6.03	0.00032764673233032227
6.04	0.0003248453140258789
6.05	0.0003222823143005371
6.06	0.0003198981285095215
6.07	0.00031769275665283203
6.08	0.00031489133834838867
6.09	0.00031250715255737305
6.1	0.0003095865249633789
6.11	0.0003077387809753418
6.12	0.00030547380447387695
6.13	0.00030297040939331055
6.14	0.0003001689910888672
6.15	0.0002981424331665039
6.16	0.0002956986427307129
6.17	0.0002931356430053711
6.18	0.00029075145721435547
6.19	0.00028824806213378906
6.2	0.000286102294921875
6.21	0.0002835392951965332
6.22	0.0002810955047607422
6.23	0.0002785921096801758
6.24	0.0002766847610473633
6.25	0.00027430057525634766
6.26	0.00027179718017578125
6.27	0.0002695918083190918
6.28	0.00026738643646240234
6.29	0.00026530027389526367
6.3	0.0002631545066833496
6.31	0.0002607107162475586
6.32	0.0002586245536804199
6.33	0.00025665760040283203
6.34	0.0002543330192565918
6.35	0.0002517104148864746
6.36	0.00024950504302978516
6.37	0.0002467632293701172
6.38	0.00024497509002685547
6.39	0.00024241209030151367
6.4	0.0002397298812866211
6.41	0.0002377033233642578
6.42	0.0002358555793762207
6.43	0.00023382902145385742
6.44	0.00023162364959716797
6.45	0.00022965669631958008
6.46	0.0002276897430419922
6.47	0.00022643804550170898
6.48	0.0002244710922241211
6.49	0.00022238492965698242
6.5	0.00022023916244506836
6.51	0.00021886825561523438
6.52	0.00021719932556152344
6.53	0.00021564960479736328
6.54	0.00021350383758544922
6.55	0.0002116560935974121
6.56	0.00021022558212280273
6.57	0.00020825862884521484
6.58	0.0002067089080810547
6.59	0.00020462274551391602
6.6	0.0002028942108154297
6.61	0.00020128488540649414
6.62	0.0001996755599975586
6.63	0.00019758939743041992
6.64	0.00019568204879760742
6.65	0.00019377470016479492
6.66	0.0001920461654663086
6.67	0.00019043684005737305
6.68	0.0001888871192932129
6.69	0.00018715858459472656
6.7	0.00018590688705444336
6.71	0.00018477439880371094
6.72	0.00018292665481567383
6.73	0.0001812577247619629
6.74	0.00017952919006347656
6.75	0.00017833709716796875
6.76	0.00017648935317993164
6.77	0.0001747608184814453
6.78	0.0001729726791381836
6.79	0.0001717209815979004
6.8	0.0001704692840576172
6.81	0.00016897916793823242
6.82	0.0001671910285949707
6.83	0.00016582012176513672
6.84	0.0001646876335144043
6.85	0.00016349554061889648
6.86	0.0001621246337890625
6.87	0.00016051530838012695
6.88	0.00015926361083984375
6.89	0.00015819072723388672
6.9	0.00015652179718017578
6.91	0.00015437602996826172
6.92	0.0001532435417175293
6.93	0.0001519918441772461
6.94	0.00015091896057128906
6.95	0.0001494288444519043
6.96	0.00014799833297729492
6.97	0.0001468062400817871
6.98	0.0001456141471862793
6.99	0.00014406442642211914
7.0	0.00014263391494750977
7.01	0.0001412034034729004
7.02	0.0001398324966430664
7.03	0.00013840198516845703
7.04	0.00013756752014160156
7.05	0.00013631582260131836
7.06	0.00013512372970581055
7.07	0.00013405084609985352
7.08	0.0001327991485595703
7.09	0.00013178586959838867
7.1	0.0001304149627685547
7.11	0.0001291036605834961
7.12	0.00012820959091186523
7.13	0.0001271367073059082
7.14	0.00012558698654174805
7.15	0.00012421607971191406
7.16	0.00012314319610595703
7.17	0.00012183189392089844
7.18	0.00012046098709106445
7.19	0.00011914968490600586
7.2	0.00011807680130004883
7.21	0.0001169443130493164
7.22	0.0001163482666015625
7.23	0.0001150965690612793
7.24	0.0001138448715209961
7.25	0.00011271238327026367
7.26	0.00011169910430908203
7.27	0.00011074542999267578
7.28	0.00010979175567626953
7.29	0.00010854005813598633
7.3	0.00010752677917480469
7.31	0.00010675191879272461
7.32	0.00010585784912109375
7.33	0.00010454654693603516
7.34	0.00010341405868530273
7.35	0.00010257959365844727
7.36	0.00010156631469726562
7.37	0.00010055303573608398
7.38	9.930133819580078e-05
7.39	9.840726852416992e-05
7.4	9.775161743164062e-05
7.41	9.697675704956055e-05
7.42	9.572505950927734e-05
7.43	9.495019912719727e-05
7.44	9.40561294555664e-05
7.45	9.340047836303711e-05
7.46	9.244680404663086e-05
7.47	9.143352508544922e-05
7.48	9.047985076904297e-05
7.49	8.988380432128906e-05
7.5	8.916854858398438e-05
7.51	8.821487426757812e-05
7.52	8.744001388549805e-05
7.53	8.666515350341797e-05
7.54	8.571147918701172e-05
7.55	8.511543273925781e-05
7.56	8.404254913330078e-05
7.57	8.314847946166992e-05
7.58	8.219480514526367e-05
7.59	8.13603401184082e-05
7.6	8.058547973632812e-05
7.61	7.987022399902344e-05
7.62	7.903575897216797e-05
7.63	7.843971252441406e-05
7.64	7.766485214233398e-05
7.65	7.683038711547852e-05
7.66	7.611513137817383e-05
7.67	7.557868957519531e-05
7.68	7.50422477722168e-05
7.69	7.432699203491211e-05
7.7	7.355213165283203e-05
7.71	7.253885269165039e-05
7.72	7.18235969543457e-05
7.73	7.098913192749023e-05
7.74	7.033348083496094e-05
7.75	6.955862045288086e-05
7.76	6.896257400512695e-05
7.77	6.842613220214844e-05
7.78	6.812810897827148e-05
7.79	6.729364395141602e-05
7.8	6.633996963500977e-05
7.81	6.538629531860352e-05
7.82	6.4849853515625e-05
7.83	6.42538070678711e-05
7.84	6.347894668579102e-05
7.85	6.29425048828125e-05
7.86	6.246566772460938e-05
7.87	6.186962127685547e-05
7.88	6.109476089477539e-05
7.89	6.0558319091796875e-05
7.9	5.984306335449219e-05
7.91	5.924701690673828e-05
7.92	5.8650970458984375e-05
7.93	5.805492401123047e-05
7.94	5.728006362915039e-05
7.95	5.6743621826171875e-05
7.96	5.5789947509765625e-05
7.97	5.501508712768555e-05
7.98	5.459785461425781e-05
7.99	5.4001808166503906e-05
8.0	5.340576171875e-05
8.01	5.2988529205322266e-05
8.02	5.245208740234375e-05
8.03	5.1915645599365234e-05
8.04	5.137920379638672e-05
8.05	5.08427619934082e-05
8.06	5.02467155456543e-05
8.07	4.965066909790039e-05
8.08	4.9233436584472656e-05
8.09	4.869699478149414e-05
8.1	4.8160552978515625e-05
8.11	4.744529724121094e-05
8.12	4.7147274017333984e-05
8.13	4.667043685913086e-05
8.14	4.6193599700927734e-05
8.15	4.553794860839844e-05
8.16	4.51207160949707e-05
8.17	4.458427429199219e-05
8.18	4.404783248901367e-05
8.19	4.357099533081055e-05
8.2	4.285573959350586e-05
8.21	4.273653030395508e-05
8.22	4.225969314575195e-05
8.23	4.166364669799805e-05
8.24	4.124641418457031e-05
8.25	4.100799560546875e-05
8.26	4.0471553802490234e-05
8.27	3.999471664428711e-05
8.28	3.9637088775634766e-05
8.29	3.921985626220703e-05
8.3	3.892183303833008e-05
8.31	3.8504600524902344e-05
8.32	3.808736801147461e-05
8.33	3.7670135498046875e-05
8.34	3.743171691894531e-05
8.35	3.6776065826416016e-05
8.36	3.653764724731445e-05
8.37	3.612041473388672e-05
8.38	3.5762786865234375e-05
8.39	3.534555435180664e-05
8.4	3.504753112792969e-05
8.41	3.4689903259277344e-05
8.42	3.4332275390625e-05
8.43	3.3855438232421875e-05
8.44	3.343820571899414e-05
8.45	3.314018249511719e-05
8.46	3.272294998168945e-05
8.47	3.224611282348633e-05
8.48	3.17692756652832e-05
8.49	3.153085708618164e-05
8.5	3.1113624572753906e-05
8.51	3.069639205932617e-05
8.52	3.0100345611572266e-05
8.53	2.962350845336914e-05
8.54	2.9385089874267578e-05
8.55	2.9146671295166016e-05
8.56	2.8789043426513672e-05
8.57	2.8371810913085938e-05
8.58	2.7954578399658203e-05
8.59	2.771615982055664e-05
8.6	2.7418136596679688e-05
8.61	2.7060508728027344e-05
8.62	2.658367156982422e-05
8.63	2.6404857635498047e-05
8.64	2.6166439056396484e-05
8.65	2.5928020477294922e-05
8.66	2.5510787963867188e-05
8.67	2.5153160095214844e-05
8.68	2.491474151611328e-05
8.69	2.4616718292236328e-05
8.7	2.4199485778808594e-05
8.71	2.390146255493164e-05
8.72	2.3603439331054688e-05
8.73	2.3245811462402344e-05
8.74	2.288818359375e-05
8.75	2.2411346435546875e-05
8.76	2.205371856689453e-05
8.77	2.181529998779297e-05
8.78	2.1576881408691406e-05
8.79	2.1219253540039062e-05
8.8	2.09808349609375e-05
8.81	2.0742416381835938e-05
8.82	2.0503997802734375e-05
8.83	2.0325183868408203e-05
8.84	1.996755599975586e-05
8.85	1.9669532775878906e-05
8.86	1.9490718841552734e-05
8.87	1.9371509552001953e-05
8.88	1.895427703857422e-05
8.89	1.8715858459472656e-05
8.9	1.8358230590820312e-05
8.91	1.823902130126953e-05
8.92	1.823902130126953e-05
8.93	1.7940998077392578e-05
8.94	1.7762184143066406e-05
8.95	1.7523765563964844e-05
8.96	1.7404556274414062e-05
8.97	1.71661376953125e-05
8.98	1.704692840576172e-05
8.99	1.6629695892333984e-05
9.0	1.6450881958007812e-05
9.01	1.633167266845703e-05
9.02	1.609325408935547e-05
9.03	1.5854835510253906e-05
9.04	1.5676021575927734e-05
9.05	1.5556812286376953e-05
9.06	1.5437602996826172e-05
9.07	1.5437602996826172e-05
9.08	1.4960765838623047e-05
9.09	1.4901161193847656e-05
9.1	1.4722347259521484e-05
9.11	1.4483928680419922e-05
9.12	1.430511474609375e-05
9.13	1.4007091522216797e-05
9.14	1.3887882232666016e-05
9.15	1.3649463653564453e-05
9.16	1.3530254364013672e-05
9.17	1.3172626495361328e-05
9.18	1.3113021850585938e-05
9.19	1.3053417205810547e-05
9.2	1.2934207916259766e-05
9.21	1.2755393981933594e-05
9.22	1.2636184692382812e-05
9.23	1.239776611328125e-05
9.24	1.2218952178955078e-05
9.25	1.1980533599853516e-05
9.26	1.1563301086425781e-05
9.27	1.1444091796875e-05
9.28	1.138448715209961e-05
9.29	1.1205673217773438e-05
9.3	1.0967254638671875e-05
9.31	1.0788440704345703e-05
9.32	1.0669231414794922e-05
9.33	1.0609626770019531e-05
9.34	1.043081283569336e-05
9.35	1.0192394256591797e-05
9.36	1.0013580322265625e-05
9.37	9.894371032714844e-06
9.38	9.715557098388672e-06
9.39	9.5367431640625e-06
9.4	9.298324584960938e-06
9.41	9.119510650634766e-06
9.42	9.000301361083984e-06
9.43	9.000301361083984e-06
9.44	8.821487426757812e-06
9.45	8.761882781982422e-06
9.46	8.58306884765625e-06
9.47	8.52346420288086e-06
9.48	8.463859558105469e-06
9.49	8.285045623779297e-06
9.5	8.046627044677734e-06
9.51	7.867813110351562e-06
9.52	7.808208465576172e-06
9.53	7.62939453125e-06
9.54	7.510185241699219e-06
9.55	7.331371307373047e-06
9.56	7.212162017822266e-06
9.57	7.033348083496094e-06
9.58	6.973743438720703e-06
9.59	6.794929504394531e-06
9.6	6.735324859619141e-06
9.61	6.556510925292969e-06
9.62	6.4373016357421875e-06
9.63	6.318092346191406e-06
9.64	6.139278411865234e-06
9.65	6.020069122314453e-06
9.66	5.900859832763672e-06
9.67	5.900859832763672e-06
9.68	5.7220458984375e-06
9.69	5.662441253662109e-06
9.7	5.543231964111328e-06
9.71	5.4836273193359375e-06
9.72	5.304813385009766e-06
9.73	5.245208740234375e-06
9.74	5.245208740234375e-06
9.75	5.185604095458984e-06
9.76	5.125999450683594e-06
9.77	5.0067901611328125e-06
9.78	4.947185516357422e-06
9.79	4.947185516357422e-06
9.8	4.887580871582031e-06
9.81	4.649162292480469e-06
9.82	4.649162292480469e-06
9.83	4.589557647705078e-06
9.84	4.589557647705078e-06
9.85	4.5299530029296875e-06
9.86	4.5299530029296875e-06
9.87	4.5299530029296875e-06
9.88	4.5299530029296875e-06
9.89	4.5299530029296875e-06
9.9	4.410743713378906e-06
9.91	4.410743713378906e-06
9.92	4.351139068603516e-06
9.93	4.231929779052734e-06
9.94	4.172325134277344e-06
9.95	4.112720489501953e-06
9.96	4.0531158447265625e-06
9.97	3.993511199951172e-06
9.98	3.933906555175781e-06
9.99	3.874301910400391e-06
10.0	3.874301910400391e-06
10.01	3.814697265625e-06
10.02	3.814697265625e-06
10.03	3.7550926208496094e-06
10.04	3.635883331298828e-06
10.05	3.5762786865234375e-06
10.06	3.4570693969726562e-06
10.07	3.337860107421875e-06
10.08	3.0994415283203125e-06
10.09	3.0994415283203125e-06
10.1	3.039836883544922e-06
10.11	3.039836883544922e-06
10.12	2.9802322387695312e-06
10.13	2.9206275939941406e-06
10.14	2.9206275939941406e-06
10.15	2.86102294921875e-06
10.16	2.7418136596679688e-06
10.17	2.6226043701171875e-06
10.18	2.6226043701171875e-06
10.19	2.5033950805664062e-06
10.2	2.5033950805664062e-06
10.21	2.4437904357910156e-06
10.22	2.384185791015625e-06
10.23	2.2649765014648438e-06
10.24	2.2649765014648438e-06
10.25	2.2649765014648438e-06
10.26	2.2649765014648438e-06
10.27	2.205371856689453e-06
10.28	2.1457672119140625e-06
10.29	2.1457672119140625e-06
10.3	2.086162567138672e-06
10.31	1.9669532775878906e-06
10.32	1.8477439880371094e-06
10.33	1.8477439880371094e-06
10.34	1.7881393432617188e-06
10.35	1.6689300537109375e-06
10.36	1.6689300537109375e-06
10.37	1.6689300537109375e-06
10.38	1.6689300537109375e-06
10.39	1.6093254089355469e-06
10.4	1.5497207641601562e-06
10.41	1.5497207641601562e-06
10.42	1.5497207641601562e-06
10.43	1.4901161193847656e-06
10.44	1.430511474609375e-06
10.45	1.3709068298339844e-06
10.46	1.3113021850585938e-06
10.47	1.3113021850585938e-06
10.48	1.3113021850585938e-06
10.49	1.2516975402832031e-06
10.5	1.1324882507324219e-06
10.51	1.1324882507324219e-06
10.52	1.1324882507324219e-06
10.53	1.1324882507324219e-06
10.54	1.0132789611816406e-06
10.55	9.5367431640625e-07
10.56	9.5367431640625e-07
10.57	9.5367431640625e-07
10.58	8.344650268554688e-07
10.59	7.748603820800781e-07
10.6	7.748603820800781e-07
10.61	7.748603820800781e-07
10.62	7.748603820800781e-07
10.63	6.556510925292969e-07
10.64	6.556510925292969e-07
10.65	6.556510925292969e-07
10.66	6.556510925292969e-07
10.67	6.556510925292969e-07
10.68	6.556510925292969e-07
10.69	6.556510925292969e-07
10.7	6.556510925292969e-07
10.71	5.960464477539062e-07
10.72	5.960464477539062e-07
10.73	5.960464477539062e-07
10.74	5.960464477539062e-07
10.75	5.960464477539062e-07
10.76	5.960464477539062e-07
10.77	5.960464477539062e-07
10.78	5.364418029785156e-07
10.79	5.364418029785156e-07
10.8	5.364418029785156e-07
10.81	5.364418029785156e-07
10.82	5.364418029785156e-07
10.83	5.364418029785156e-07
10.84	5.364418029785156e-07
10.85	5.364418029785156e-07
10.86	4.172325134277344e-07
10.87	4.172325134277344e-07
10.88	4.172325134277344e-07
10.89	4.172325134277344e-07
10.9	3.5762786865234375e-07
10.91	3.5762786865234375e-07
10.92	3.5762786865234375e-07
10.93	3.5762786865234375e-07
10.94	2.980232238769531e-07
10.95	2.980232238769531e-07
10.96	2.980232238769531e-07
10.97	2.980232238769531e-07
10.98	2.980232238769531e-07
10.99	2.384185791015625e-07
11.0	2.384185791015625e-07
11.01	1.7881393432617188e-07
11.02	1.7881393432617188e-07
11.03	1.7881393432617188e-07
11.04	1.7881393432617188e-07
11.05	1.1920928955078125e-07
11.06	1.1920928955078125e-07
11.07	1.1920928955078125e-07
11.08	1.1920928955078125e-07
11.09	5.960464477539063e-08
11.1	5.960464477539063e-08
11.11	5.960464477539063e-08
11.12	5.960464477539063e-08
11.13	5.960464477539063e-08
11.14	0.0
