5.58	0.0005018338561058044
5.59	0.0004963134415447712
5.6	0.0004908305127173662
5.61	0.00048536574468016624
5.62	0.0004799850285053253
5.63	0.0004746722988784313
5.64	0.000469413585960865
5.65	0.00046421936713159084
5.66	0.00045911106280982494
5.67	0.00045400112867355347
5.68	0.0004489629063755274
5.69	0.0004438904579728842
5.7	0.0004389556124806404
5.71	0.00043399748392403126
5.72	0.00042915460653603077
5.73	0.0004243545699864626
5.74	0.0004196872469037771
5.75	0.0004149824380874634
5.76	0.00041027716360986233
5.77	0.0004056186880916357
5.78	0.000400991877540946
5.79	0.00039645517244935036
5.8	0.00039202836342155933
5.81	0.0003876464907079935
5.82	0.0003832646179944277
5.83	0.00037894630804657936
5.84	0.00037463405169546604
5.85	0.0003703425172716379
5.86	0.0003660928923636675
5.87	0.0003619096241891384
5.88	0.0003577941097319126
5.89	0.0003537391312420368
5.9	0.0003497155848890543
5.91	0.0003457267303019762
5.92	0.0003417308907955885
5.93	0.00033773784525692463
5.94	0.00033379625529050827
5.95	0.00032996805384755135
5.96	0.0003261733800172806
5.97	0.0003224576357752085
5.98	0.00031872536055743694
5.99	0.00031507364474236965
6.0	0.00031141028739511967
6.01	0.00030776066705584526
6.02	0.0003041881136596203
6.03	0.00030064722523093224
6.04	0.0002971591893583536
6.05	0.00029372191056609154
6.06	0.00029032351449131966
6.07	0.0002869304735213518
6.08	0.0002835467457771301
6.09	0.00028019468300044537
6.1	0.00027687475085258484
6.11	0.00027361861430108547
6.12	0.00027040462009608746
6.13	0.00026724510826170444
6.14	0.00026410422287881374
6.15	0.00026098196394741535
6.16	0.0002578827552497387
6.17	0.0002548110205680132
6.18	0.00025176675990223885
6.19	0.00024874298833310604
6.2	0.0002458556555211544
6.21	0.00024296599440276623
6.22	0.00024008983746170998
6.23	0.00023720483295619488
6.24	0.00023436476476490498
6.25	0.00023152492940425873
6.26	0.00022874819114804268
6.27	0.00022601988166570663
6.28	0.0002233576960861683
6.29	0.00022066687233746052
6.3	0.00021802028641104698
6.31	0.00021536578424274921
6.32	0.0002127413172274828
6.33	0.00021012709476053715
6.34	0.00020759785547852516
6.35	0.00020509213209152222
6.36	0.000202621566131711
6.37	0.00020019058138132095
6.38	0.00019775424152612686
6.39	0.00019533676095306873
6.4	0.0001929313875734806
6.41	0.0001905511599034071
6.42	0.00018820655532181263
6.43	0.00018592015840113163
6.44	0.0001836526207625866
6.45	0.00018145283684134483
6.46	0.00017922790721058846
6.47	0.0001769892405718565
6.48	0.0001747577916830778
6.49	0.00017258664593100548
6.5	0.00017046835273504257
6.51	0.00016837217845022678
6.52	0.000166324432939291
6.53	0.00016428017988801003
6.54	0.00016224943101406097
6.55	0.00016020191833376884
6.56	0.00015815789811313152
6.57	0.0001561951357871294
6.58	0.00015423097647726536
6.59	0.0001523224636912346
6.6	0.00015043397434055805
6.61	0.0001485531684011221
6.62	0.00014668121002614498
6.63	0.00014483649283647537
6.64	0.00014301016926765442
6.65	0.00014118291437625885
6.66	0.00013938453048467636
6.67	0.0001376294530928135
6.68	0.00013591162860393524
6.69	0.00013421732001006603
6.7	0.00013252021744847298
6.71	0.00013082544319331646
6.72	0.00012911506928503513
6.73	0.0001274521928280592
6.74	0.00012582610361278057
6.75	0.00012423447333276272
6.76	0.00012266496196389198
6.77	0.00012111174874007702
6.78	0.00011955131776630878
6.79	0.0001179997343569994
6.8	0.00011646491475403309
6.81	0.00011496292427182198
6.82	0.00011347560212016106
6.83	0.00011202273890376091
6.84	0.00011058151721954346
6.85	0.00010915310122072697
6.86	0.0001077377237379551
6.87	0.00010631559416651726
6.88	0.0001049248967319727
6.89	0.00010355236008763313
6.9	0.00010218610987067223
6.91	0.0001008759718388319
6.92	9.956769645214081e-05
6.93	9.827082976698875e-05
6.94	9.698490612208843e-05
6.95	9.570200927555561e-05
6.96	9.442074224352837e-05
6.97	9.317835792899132e-05
6.98	9.195203892886639e-05
6.99	9.0752262622118e-05
7.0	8.957344107329845e-05
7.01	8.837785571813583e-05
7.02	8.719810284674168e-05
7.03	8.602743037045002e-05
7.04	8.485675789415836e-05
7.05	8.37279949337244e-05
7.06	8.262461051344872e-05
7.07	8.152727968990803e-05
7.08	8.044973947107792e-05
7.09	7.936800830066204e-05
7.1	7.828907109797001e-05
7.11	7.723015733063221e-05
7.12	7.61884730309248e-05
7.13	7.515610195696354e-05
7.14	7.416284643113613e-05
7.15	7.316400296986103e-05
7.16	7.218308746814728e-05
7.17	7.122661918401718e-05
7.18	7.025105878710747e-05
7.19	6.927107460796833e-05
7.2	6.831623613834381e-05
7.21	6.738188676536083e-05
7.22	6.645708344876766e-05
7.23	6.557605229318142e-05
7.24	6.46873377263546e-05
7.25	6.380444392561913e-05
7.26	6.290571764111519e-05
7.27	6.202585063874722e-05
7.28	6.115483120083809e-05
7.29	6.0310354456305504e-05
7.3	5.949102342128754e-05
7.31	5.869939923286438e-05
7.32	5.78942708671093e-05
7.33	5.707540549337864e-05
7.34	5.62786590307951e-05
7.35	5.54847065359354e-05
7.36	5.469354800879955e-05
7.37	5.394616164267063e-05
7.38	5.319016054272652e-05
7.39	5.2459537982940674e-05
7.4	5.172658711671829e-05
7.41	5.1005976274609566e-05
7.42	5.028047598898411e-05
7.43	4.956591874361038e-05
7.44	4.885392263531685e-05
7.45	4.8162881284952164e-05
7.46	4.7494424507021904e-05
7.47	4.68352809548378e-05
7.48	4.6188710257411e-05
7.49	4.552793689072132e-05
7.5	4.4854823499917984e-05
7.51	4.420732147991657e-05
7.52	4.357285797595978e-05
7.53	4.295399412512779e-05
7.54	4.234793595969677e-05
7.55	4.174932837486267e-05
7.56	4.114466719329357e-05
7.57	4.054722376167774e-05
7.58	3.9958860725164413e-05
7.59	3.937678411602974e-05
7.6	3.881845623254776e-05
7.61	3.826059401035309e-05
7.62	3.770971670746803e-05
7.63	3.717280924320221e-05
7.64	3.6628684028983116e-05
7.65	3.6100856959819794e-05
7.66	3.5565346479415894e-05
7.67	3.50303016602993e-05
7.68	3.4517375752329826e-05
7.69	3.401516005396843e-05
7.7	3.352947533130646e-05
7.71	3.30386683344841e-05
7.72	3.255624324083328e-05
7.73	3.2062409445643425e-05
7.74	3.158603794872761e-05
7.75	3.111129626631737e-05
7.76	3.0648428946733475e-05
7.77	3.0207214877009392e-05
7.78	2.9774615541100502e-05
7.79	2.9331538826227188e-05
7.8	2.8892653062939644e-05
7.81	2.8450042009353638e-05
7.82	2.8019770979881287e-05
7.83	2.7600210160017014e-05
7.84	2.719811163842678e-05
7.85	2.6793917641043663e-05
7.86	2.6393216103315353e-05
7.87	2.6002293452620506e-05
7.88	2.5611603632569313e-05
7.89	2.522394061088562e-05
7.9	2.4831388145685196e-05
7.91	2.4452107027173042e-05
7.92	2.4080276489257812e-05
7.93	2.371007576584816e-05
7.94	2.3361528292298317e-05
7.95	2.3011816665530205e-05
7.96	2.2656749933958054e-05
7.97	2.2303545847535133e-05
7.98	2.1951040253043175e-05
7.99	2.1608546376228333e-05
8.0	2.1277694031596184e-05
8.01	2.0969659090042114e-05
8.02	2.0653707906603813e-05
8.03	2.034124918282032e-05
8.04	2.0017148926854134e-05
8.05	1.9702129065990448e-05
8.06	1.9390834495425224e-05
8.07	1.908489502966404e-05
8.08	1.8795253708958626e-05
8.09	1.8507707864046097e-05
8.1	1.821736805140972e-05
8.11	1.79363414645195e-05
8.12	1.7652055248618126e-05
8.13	1.7369631677865982e-05
8.14	1.70939601957798e-05
8.15	1.6824109479784966e-05
8.16	1.655612140893936e-05
8.17	1.6298610717058182e-05
8.18	1.604529097676277e-05
8.19	1.5794532373547554e-05
8.2	1.5543540939688683e-05
8.21	1.528952270746231e-05
8.22	1.5041790902614594e-05
8.23	1.4799879863858223e-05
8.24	1.4559831470251083e-05
8.25	1.4337245374917984e-05
8.26	1.411675475537777e-05
8.27	1.3895565643906593e-05
8.28	1.3669952750205994e-05
8.29	1.3437820598483086e-05
8.3	1.3209646567702293e-05
8.31	1.2999633327126503e-05
8.32	1.2795673683285713e-05
8.33	1.258915290236473e-05
8.34	1.2388685718178749e-05
8.35	1.2181699275970459e-05
8.36	1.1979835107922554e-05
8.37	1.1782627552747726e-05
8.38	1.1590076610445976e-05
8.39	1.1396128684282303e-05
8.4	1.1216150596737862e-05
8.41	1.1036871001124382e-05
8.42	1.0860385373234749e-05
8.43	1.0679243132472038e-05
8.44	1.050066202878952e-05
8.45	1.0320916771888733e-05
8.46	1.0142335668206215e-05
8.47	9.972834959626198e-06
8.48	9.811483323574066e-06
8.49	9.65222716331482e-06
8.5	9.492738172411919e-06
8.51	9.33278352022171e-06
8.52	9.173760190606117e-06
8.53	9.011710062623024e-06
8.54	8.860370144248009e-06
8.55	8.715316653251648e-06
8.56	8.570030331611633e-06
8.57	8.43079760670662e-06
8.58	8.29063355922699e-06
8.59	8.147675544023514e-06
8.6	8.011003956198692e-06
8.61	7.866648957133293e-06
8.62	7.729977369308472e-06
8.63	7.595168426632881e-06
8.64	7.4678100645542145e-06
8.65	7.345341145992279e-06
8.66	7.223337888717651e-06
8.67	7.095513865351677e-06
8.68	6.968621164560318e-06
8.69	6.841961294412613e-06
8.7	6.720190867781639e-06
8.71	6.605405360460281e-06
8.72	6.4945779740810394e-06
8.73	6.39050267636776e-06
8.74	6.283866241574287e-06
8.75	6.1695463955402374e-06
8.76	6.0552265495061874e-06
8.77	5.945097655057907e-06
8.78	5.84358349442482e-06
8.79	5.743931978940964e-06
8.8	5.6438148021698e-06
8.81	5.5462587624788284e-06
8.82	5.446607246994972e-06
8.83	5.345558747649193e-06
8.84	5.249865353107452e-06
8.85	5.155336111783981e-06
8.86	5.06080687046051e-06
8.87	4.970934242010117e-06
8.88	4.882225766777992e-06
8.89	4.798872396349907e-06
8.9	4.708999767899513e-06
8.91	4.627741873264313e-06
8.92	4.545086994767189e-06
8.93	4.454748705029488e-06
8.94	4.373257979750633e-06
8.95	4.29665669798851e-06
8.96	4.220055416226387e-06
8.97	4.146946594119072e-06
8.98	4.075001925230026e-06
8.99	3.995141014456749e-06
9.0	3.921333700418472e-06
9.01	3.841938450932503e-06
9.02	3.773486241698265e-06
9.03	3.7064310163259506e-06
9.04	3.6372803151607513e-06
9.05	3.573717549443245e-06
9.06	3.505498170852661e-06
9.07	3.4354161471128464e-06
9.08	3.3723190426826477e-06
9.09	3.307592123746872e-06
9.1	3.246590495109558e-06
9.11	3.187917172908783e-06
9.12	3.1280796974897385e-06
9.13	3.068242222070694e-06
9.14	3.0137598514556885e-06
9.15	2.9543880373239517e-06
9.16	2.8961803764104843e-06
9.17	2.8407666832208633e-06
9.18	2.7865171432495117e-06
9.19	2.73226760327816e-06
9.2	2.6812776923179626e-06
9.21	2.632616087794304e-06
9.22	2.5830231606960297e-06
9.23	2.530869096517563e-06
9.24	2.4798791855573654e-06
9.25	2.4279579520225525e-06
9.26	2.380693331360817e-06
9.27	2.337619662284851e-06
9.28	2.2959429770708084e-06
9.29	2.2514723241329193e-06
9.3	2.20397487282753e-06
9.31	2.1604355424642563e-06
9.32	2.1154992282390594e-06
9.33	2.071494236588478e-06
9.34	2.033775672316551e-06
9.35	1.9934959709644318e-06
9.36	1.955311745405197e-06
9.37	1.9171275198459625e-06
9.38	1.8794089555740356e-06
9.39	1.8405262380838394e-06
9.4	1.7995480448007584e-06
9.41	1.7648562788963318e-06
9.42	1.7266720533370972e-06
9.43	1.695007085800171e-06
9.44	1.660780981183052e-06
9.45	1.6295816749334335e-06
9.46	1.5955884009599686e-06
9.47	1.5594996511936188e-06
9.48	1.5262048691511154e-06
9.49	1.494772732257843e-06
9.5	1.464271917939186e-06
9.51	1.4370307326316833e-06
9.52	1.4086253941059113e-06
9.53	1.3774260878562927e-06
9.54	1.3471581041812897e-06
9.55	1.319916918873787e-06
9.56	1.2903474271297455e-06
9.57	1.264503225684166e-06
9.58	1.237494871020317e-06
9.59	1.2123491615056992e-06
9.6	1.1883676052093506e-06
9.61	1.162523403763771e-06
9.62	1.1371448636054993e-06
9.63	1.1138617992401123e-06
9.64	1.087551936507225e-06
9.65	1.064501702785492e-06
9.66	1.041218638420105e-06
9.67	1.0188668966293335e-06
9.68	9.997747838497162e-07
9.69	9.781215339899063e-07
9.7	9.567011147737503e-07
9.71	9.338837116956711e-07
9.72	9.112991392612457e-07
9.73	8.915085345506668e-07
9.74	8.731149137020111e-07
9.75	8.561182767152786e-07
9.76	8.363276720046997e-07
9.77	8.170027285814285e-07
9.78	7.988419383764267e-07
9.79	7.778871804475784e-07
9.8	7.60890543460846e-07
9.81	7.455237209796906e-07
9.82	7.306225597858429e-07
9.83	7.138587534427643e-07
9.84	6.991904228925705e-07
9.85	6.824266165494919e-07
9.86	6.66128471493721e-07
9.87	6.50063157081604e-07
9.88	6.349291652441025e-07
9.89	6.216578185558319e-07
9.9	6.058253347873688e-07
9.91	5.930196493864059e-07
9.92	5.816109478473663e-07
9.93	5.648471415042877e-07
9.94	5.522742867469788e-07
9.95	5.387701094150543e-07
9.96	5.243346095085144e-07
9.97	5.133915692567825e-07
9.98	5.022156983613968e-07
9.99	4.919711500406265e-07
10.0	4.807952791452408e-07
10.01	4.6798959374427795e-07
10.02	4.561152309179306e-07
10.03	4.44706529378891e-07
10.04	4.330649971961975e-07
10.05	4.2351894080638885e-07
10.06	4.146713763475418e-07
10.07	4.0442682802677155e-07
10.08	3.9534643292427063e-07
10.09	3.855675458908081e-07
10.1	3.757886588573456e-07
10.11	3.6600977182388306e-07
10.12	3.555323928594589e-07
10.13	3.478489816188812e-07
10.14	3.3923424780368805e-07
10.15	3.313180059194565e-07
10.16	3.229361027479172e-07
10.17	3.150198608636856e-07
10.18	3.0640512704849243e-07
10.19	2.975575625896454e-07
10.2	2.898741513490677e-07
10.21	2.835877239704132e-07
10.22	2.7706846594810486e-07
10.23	2.712476998567581e-07
10.24	2.6402994990348816e-07
10.25	2.5634653866291046e-07
10.26	2.4889595806598663e-07
10.27	2.4191103875637054e-07
10.28	2.3585744202136993e-07
10.29	2.2957101464271545e-07
10.3	2.2398307919502258e-07
10.31	2.1862797439098358e-07
10.32	2.1327286958694458e-07
10.33	2.0721927285194397e-07
10.34	2.009328454732895e-07
10.35	1.9650906324386597e-07
10.36	1.902226358652115e-07
10.37	1.8579885363578796e-07
10.38	1.8137507140636444e-07
10.39	1.7601996660232544e-07
10.4	1.7182901501655579e-07
10.41	1.6647391021251678e-07
10.42	1.6158446669578552e-07
10.43	1.5599653124809265e-07
10.44	1.5157274901866913e-07
10.45	1.4784745872020721e-07
10.46	1.448206603527069e-07
10.47	1.41095370054245e-07
10.48	1.3690441846847534e-07
10.49	1.327134668827057e-07
10.5	1.2759119272232056e-07
10.51	1.2433156371116638e-07
10.52	1.2153759598731995e-07
10.53	1.1757947504520416e-07
10.54	1.1525116860866547e-07
10.55	1.1152587831020355e-07
10.56	1.0780058801174164e-07
10.57	1.043081283569336e-07
10.58	1.0174699127674103e-07
10.59	9.895302355289459e-08
10.6	9.592622518539429e-08
10.61	9.266659617424011e-08
10.62	9.033828973770142e-08
10.63	8.754432201385498e-08
10.64	8.544884622097015e-08
10.65	8.265487849712372e-08
10.66	7.939524948596954e-08
10.67	7.636845111846924e-08
10.68	7.380731403827667e-08
10.69	7.171183824539185e-08
10.7	7.008202373981476e-08
10.71	6.798654794692993e-08
10.72	6.58910721540451e-08
10.73	6.356276571750641e-08
10.74	6.100162863731384e-08
10.75	5.960464477539063e-08
10.76	5.797483026981354e-08
10.77	5.611218512058258e-08
10.78	5.494803190231323e-08
10.79	5.3318217396736145e-08
10.8	5.145557224750519e-08
10.81	4.959292709827423e-08
10.82	4.6798959374427795e-08
10.83	4.540197551250458e-08
10.84	4.377216100692749e-08
10.85	4.284083843231201e-08
10.86	4.1443854570388794e-08
10.87	4.0046870708465576e-08
10.88	3.864988684654236e-08
10.89	3.748573362827301e-08
10.9	3.562308847904205e-08
10.91	3.4458935260772705e-08
10.92	3.329478204250336e-08
10.93	3.236345946788788e-08
10.94	3.189779818058014e-08
10.95	3.096647560596466e-08
10.96	2.9103830456733704e-08
10.97	2.8405338525772095e-08
10.98	2.6775524020195007e-08
10.99	2.60770320892334e-08
11.0	2.514570951461792e-08
11.01	2.421438694000244e-08
11.02	2.3748725652694702e-08
11.03	2.2817403078079224e-08
11.04	2.1653249859809875e-08
11.05	2.0954757928848267e-08
11.06	2.0023435354232788e-08
11.07	1.909211277961731e-08
11.08	1.862645149230957e-08
11.09	1.7695128917694092e-08
11.1	1.7229467630386353e-08
11.11	1.6763806343078613e-08
11.12	1.6065314412117004e-08
11.13	1.5366822481155396e-08
11.14	1.4435499906539917e-08
11.15	1.4202669262886047e-08
11.16	1.3737007975578308e-08
11.17	1.3504177331924438e-08
11.18	1.30385160446167e-08
11.19	1.234002411365509e-08
11.2	1.1641532182693481e-08
11.21	1.1175870895385742e-08
11.22	1.0710209608078003e-08
11.23	1.0011717677116394e-08
11.24	9.778887033462524e-09
11.25	9.080395102500916e-09
11.26	8.847564458847046e-09
11.27	8.614733815193176e-09
11.28	8.149072527885437e-09
11.29	8.149072527885437e-09
11.3	7.683411240577698e-09
11.31	7.450580596923828e-09
11.32	7.450580596923828e-09
11.33	6.752088665962219e-09
11.34	6.51925802230835e-09
11.35	6.28642737865448e-09
11.36	6.05359673500061e-09
11.37	5.587935447692871e-09
11.38	5.122274160385132e-09
11.39	4.6566128730773926e-09
11.4	4.6566128730773926e-09
11.41	4.423782229423523e-09
11.42	4.423782229423523e-09
11.43	4.423782229423523e-09
11.44	4.190951585769653e-09
11.45	3.725290298461914e-09
11.46	3.725290298461914e-09
11.47	3.259629011154175e-09
11.48	3.259629011154175e-09
11.49	3.259629011154175e-09
11.5	3.026798367500305e-09
11.51	2.7939677238464355e-09
11.52	2.561137080192566e-09
11.53	2.561137080192566e-09
11.54	2.3283064365386963e-09
11.55	2.0954757928848267e-09
11.56	2.0954757928848267e-09
11.57	2.0954757928848267e-09
11.58	2.0954757928848267e-09
11.59	1.862645149230957e-09
11.6	1.6298145055770874e-09
11.61	1.3969838619232178e-09
11.62	1.1641532182693481e-09
11.63	1.1641532182693481e-09
11.64	1.1641532182693481e-09
11.65	1.1641532182693481e-09
11.66	1.1641532182693481e-09
11.67	1.1641532182693481e-09
11.68	9.313225746154785e-10
11.69	9.313225746154785e-10
11.7	9.313225746154785e-10
11.71	9.313225746154785e-10
11.72	9.313225746154785e-10
11.73	6.984919309616089e-10
11.74	6.984919309616089e-10
11.75	6.984919309616089e-10
11.76	2.3283064365386963e-10
11.77	2.3283064365386963e-10
11.78	2.3283064365386963e-10
11.79	2.3283064365386963e-10
11.8	2.3283064365386963e-10
11.81	2.3283064365386963e-10
11.82	2.3283064365386963e-10
11.83	2.3283064365386963e-10
11.84	2.3283064365386963e-10
11.85	2.3283064365386963e-10
11.86	2.3283064365386963e-10
11.87	2.3283064365386963e-10
11.88	2.3283064365386963e-10
11.89	2.3283064365386963e-10
11.9	0.0
