3.97	0.000545501708984375
3.98	0.000476837158203125
3.99	0.000476837158203125
4.0	0.000476837158203125
4.01	0.000476837158203125
4.02	0.000476837158203125
4.03	0.000476837158203125
4.04	0.000476837158203125
4.05	0.000476837158203125
4.06	0.000476837158203125
4.07	0.000476837158203125
4.08	0.000476837158203125
4.09	0.000476837158203125
4.1	0.000476837158203125
4.11	0.000476837158203125
4.12	0.000476837158203125
4.13	0.000476837158203125
4.14	0.000476837158203125
4.15	0.000476837158203125
4.16	0.000476837158203125
4.17	0.000476837158203125
4.18	0.000476837158203125
4.19	0.000476837158203125
4.2	0.000476837158203125
4.21	0.000476837158203125
4.22	0.000476837158203125
4.23	0.000476837158203125
4.24	0.000476837158203125
4.25	0.000476837158203125
4.26	0.000476837158203125
4.27	0.000476837158203125
4.28	0.000476837158203125
4.29	0.000476837158203125
4.3	0.000476837158203125
4.31	0.000476837158203125
4.32	0.000476837158203125
4.33	0.000476837158203125
4.34	0.000476837158203125
4.35	0.000476837158203125
4.36	0.000476837158203125
4.37	0.000476837158203125
4.38	0.000476837158203125
4.39	0.000476837158203125
4.4	0.000476837158203125
4.41	0.000476837158203125
4.42	0.000476837158203125
4.43	0.000476837158203125
4.44	0.000476837158203125
4.45	0.000476837158203125
4.46	0.000476837158203125
4.47	0.000476837158203125
4.48	0.000476837158203125
4.49	0.000476837158203125
4.5	0.00046539306640625
4.51	0.00046539306640625
4.52	0.00046539306640625
4.53	0.00046539306640625
4.54	0.00046539306640625
4.55	0.00046539306640625
4.56	0.00046539306640625
4.57	0.00046539306640625
4.58	0.00046539306640625
4.59	0.00046539306640625
4.6	0.00046539306640625
4.61	0.00046539306640625
4.62	0.00046539306640625
4.63	0.00046539306640625
4.64	0.00046539306640625
4.65	0.00046539306640625
4.66	0.00046539306640625
4.67	0.00046539306640625
4.68	0.00046539306640625
4.69	0.00046539306640625
4.7	0.00046539306640625
4.71	0.00046539306640625
4.72	0.00046539306640625
4.73	0.00046539306640625
4.74	0.00046539306640625
4.75	0.00046539306640625
4.76	0.00046539306640625
4.77	0.00046539306640625
4.78	0.00046539306640625
4.79	0.00046539306640625
4.8	0.00046539306640625
4.81	0.00046539306640625
4.82	0.00046539306640625
4.83	0.000396728515625
4.84	0.000396728515625
4.85	0.000396728515625
4.86	0.000396728515625
4.87	0.000396728515625
4.88	0.000396728515625
4.89	0.00032806396484375
4.9	0.00032806396484375
4.91	0.00032806396484375
4.92	0.00032806396484375
4.93	0.00032806396484375
4.94	0.00032806396484375
4.95	0.00032806396484375
4.96	0.00032806396484375
4.97	0.000316619873046875
4.98	0.000316619873046875
4.99	0.000316619873046875
5.0	0.000316619873046875
5.01	0.000316619873046875
5.02	0.000316619873046875
5.03	0.000247955322265625
5.04	0.000247955322265625
5.05	0.000247955322265625
5.06	0.000247955322265625
5.07	0.000247955322265625
5.08	0.000247955322265625
5.09	0.000247955322265625
5.1	0.000247955322265625
5.11	0.000247955322265625
5.12	0.000247955322265625
5.13	0.000247955322265625
5.14	0.000247955322265625
5.15	0.000247955322265625
5.16	0.000247955322265625
5.17	0.000247955322265625
5.18	0.000247955322265625
5.19	0.000247955322265625
5.2	0.000247955322265625
5.21	0.000247955322265625
5.22	0.000247955322265625
5.23	0.000240325927734375
5.24	0.000240325927734375
5.25	0.000240325927734375
5.26	0.000240325927734375
5.27	0.000240325927734375
5.28	0.000240325927734375
5.29	0.000240325927734375
5.3	0.000240325927734375
5.31	0.000240325927734375
5.32	0.000240325927734375
5.33	0.000240325927734375
5.34	0.000240325927734375
5.35	0.000240325927734375
5.36	0.000240325927734375
5.37	0.000240325927734375
5.38	0.000240325927734375
5.39	0.000240325927734375
5.4	0.000240325927734375
5.41	0.000240325927734375
5.42	0.000240325927734375
5.43	0.000240325927734375
5.44	0.000240325927734375
5.45	0.000240325927734375
5.46	0.000240325927734375
5.47	0.000240325927734375
5.48	0.000240325927734375
5.49	0.000240325927734375
5.5	0.000240325927734375
5.51	0.000240325927734375
5.52	0.000240325927734375
5.53	0.000240325927734375
5.54	0.000240325927734375
5.55	0.000240325927734375
5.56	0.000240325927734375
5.57	0.000240325927734375
5.58	0.000240325927734375
5.59	0.000240325927734375
5.6	0.000240325927734375
5.61	0.000240325927734375
5.62	0.000240325927734375
5.63	0.000240325927734375
5.64	0.000240325927734375
5.65	0.000240325927734375
5.66	0.000240325927734375
5.67	0.000240325927734375
5.68	0.000240325927734375
5.69	0.000240325927734375
5.7	0.000240325927734375
5.71	0.000240325927734375
5.72	0.000240325927734375
5.73	0.000240325927734375
5.74	0.000240325927734375
5.75	0.000171661376953125
5.76	0.000171661376953125
5.77	0.000171661376953125
5.78	0.000171661376953125
5.79	0.000171661376953125
5.8	0.000171661376953125
5.81	0.000171661376953125
5.82	0.000171661376953125
5.83	0.00016021728515625
5.84	0.00016021728515625
5.85	0.00016021728515625
5.86	0.00016021728515625
5.87	0.00016021728515625
5.88	0.00016021728515625
5.89	0.000148773193359375
5.9	0.000148773193359375
5.91	0.000148773193359375
5.92	0.000148773193359375
5.93	0.000148773193359375
5.94	0.000148773193359375
5.95	8.0108642578125e-05
5.96	8.0108642578125e-05
5.97	8.0108642578125e-05
5.98	8.0108642578125e-05
5.99	8.0108642578125e-05
6.0	8.0108642578125e-05
6.01	8.0108642578125e-05
6.02	8.0108642578125e-05
6.03	6.866455078125e-05
6.04	6.866455078125e-05
6.05	6.866455078125e-05
6.06	6.866455078125e-05
6.07	6.866455078125e-05
6.08	6.103515625e-05
6.09	6.103515625e-05
6.1	6.103515625e-05
6.11	6.103515625e-05
6.12	6.103515625e-05
6.13	6.103515625e-05
6.14	6.103515625e-05
6.15	6.103515625e-05
6.16	6.103515625e-05
6.17	6.103515625e-05
6.18	6.103515625e-05
6.19	6.103515625e-05
6.2	6.103515625e-05
6.21	6.103515625e-05
6.22	6.103515625e-05
6.23	6.103515625e-05
6.24	6.103515625e-05
6.25	6.103515625e-05
6.26	6.103515625e-05
6.27	6.103515625e-05
6.28	5.340576171875e-05
6.29	5.340576171875e-05
6.3	5.340576171875e-05
6.31	5.340576171875e-05
6.32	5.340576171875e-05
6.33	5.340576171875e-05
6.34	5.340576171875e-05
6.35	5.340576171875e-05
6.36	5.340576171875e-05
6.37	5.340576171875e-05
6.38	5.340576171875e-05
6.39	5.340576171875e-05
6.4	5.340576171875e-05
6.41	5.340576171875e-05
6.42	5.340576171875e-05
6.43	5.340576171875e-05
6.44	5.340576171875e-05
6.45	5.340576171875e-05
6.46	5.340576171875e-05
6.47	5.340576171875e-05
6.48	5.340576171875e-05
6.49	5.340576171875e-05
6.5	5.340576171875e-05
6.51	5.340576171875e-05
6.52	5.340576171875e-05
6.53	5.340576171875e-05
6.54	5.340576171875e-05
6.55	5.340576171875e-05
6.56	5.340576171875e-05
6.57	5.340576171875e-05
6.58	5.340576171875e-05
6.59	5.340576171875e-05
6.6	5.340576171875e-05
6.61	5.340576171875e-05
6.62	5.340576171875e-05
6.63	5.340576171875e-05
6.64	5.340576171875e-05
6.65	5.340576171875e-05
6.66	5.340576171875e-05
6.67	5.340576171875e-05
6.68	5.340576171875e-05
6.69	5.340576171875e-05
6.7	5.340576171875e-05
6.71	5.340576171875e-05
6.72	5.340576171875e-05
6.73	5.340576171875e-05
6.74	4.1961669921875e-05
6.75	4.1961669921875e-05
6.76	4.1961669921875e-05
6.77	4.1961669921875e-05
6.78	4.1961669921875e-05
6.79	4.1961669921875e-05
6.8	4.1961669921875e-05
6.81	4.1961669921875e-05
6.82	4.1961669921875e-05
6.83	4.1961669921875e-05
6.84	4.1961669921875e-05
6.85	4.1961669921875e-05
6.86	4.1961669921875e-05
6.87	4.1961669921875e-05
6.88	4.1961669921875e-05
6.89	4.1961669921875e-05
6.9	4.1961669921875e-05
6.91	4.1961669921875e-05
6.92	4.1961669921875e-05
6.93	4.1961669921875e-05
6.94	3.0517578125e-05
6.95	3.0517578125e-05
6.96	3.0517578125e-05
6.97	3.0517578125e-05
6.98	3.0517578125e-05
6.99	3.0517578125e-05
7.0	3.0517578125e-05
7.01	3.0517578125e-05
7.02	3.0517578125e-05
7.03	3.0517578125e-05
7.04	3.0517578125e-05
7.05	3.0517578125e-05
7.06	3.0517578125e-05
7.07	3.0517578125e-05
7.08	3.0517578125e-05
7.09	3.0517578125e-05
7.1	3.0517578125e-05
7.11	3.0517578125e-05
7.12	3.0517578125e-05
7.13	3.0517578125e-05
7.14	3.0517578125e-05
7.15	3.0517578125e-05
7.16	3.0517578125e-05
7.17	3.0517578125e-05
7.18	3.0517578125e-05
7.19	3.0517578125e-05
7.2	3.0517578125e-05
7.21	3.0517578125e-05
7.22	3.0517578125e-05
7.23	3.0517578125e-05
7.24	3.0517578125e-05
7.25	3.0517578125e-05
7.26	3.0517578125e-05
7.27	3.0517578125e-05
7.28	3.0517578125e-05
7.29	3.0517578125e-05
7.3	3.0517578125e-05
7.31	3.0517578125e-05
7.32	3.0517578125e-05
7.33	3.0517578125e-05
7.34	3.0517578125e-05
7.35	3.0517578125e-05
7.36	3.0517578125e-05
7.37	3.0517578125e-05
7.38	3.0517578125e-05
7.39	3.0517578125e-05
7.4	3.0517578125e-05
7.41	3.0517578125e-05
7.42	3.0517578125e-05
7.43	3.0517578125e-05
7.44	3.0517578125e-05
7.45	3.0517578125e-05
7.46	3.0517578125e-05
7.47	3.0517578125e-05
7.48	3.0517578125e-05
7.49	3.0517578125e-05
7.5	3.0517578125e-05
7.51	3.0517578125e-05
7.52	3.0517578125e-05
7.53	3.0517578125e-05
7.54	3.0517578125e-05
7.55	3.0517578125e-05
7.56	3.0517578125e-05
7.57	3.0517578125e-05
7.58	3.0517578125e-05
7.59	3.0517578125e-05
7.6	3.0517578125e-05
7.61	3.0517578125e-05
7.62	3.0517578125e-05
7.63	3.0517578125e-05
7.64	3.0517578125e-05
7.65	3.0517578125e-05
7.66	3.0517578125e-05
7.67	3.0517578125e-05
7.68	3.0517578125e-05
7.69	3.0517578125e-05
7.7	3.0517578125e-05
7.71	3.0517578125e-05
7.72	3.0517578125e-05
7.73	3.0517578125e-05
7.74	3.0517578125e-05
7.75	3.0517578125e-05
7.76	3.0517578125e-05
7.77	3.0517578125e-05
7.78	3.0517578125e-05
7.79	3.0517578125e-05
7.8	3.0517578125e-05
7.81	3.0517578125e-05
7.82	2.6702880859375e-05
7.83	2.6702880859375e-05
7.84	2.6702880859375e-05
7.85	2.6702880859375e-05
7.86	2.6702880859375e-05
7.87	2.6702880859375e-05
7.88	2.6702880859375e-05
7.89	2.6702880859375e-05
7.9	2.6702880859375e-05
7.91	2.6702880859375e-05
7.92	2.6702880859375e-05
7.93	2.6702880859375e-05
7.94	2.6702880859375e-05
7.95	2.6702880859375e-05
7.96	2.6702880859375e-05
7.97	2.6702880859375e-05
7.98	2.6702880859375e-05
7.99	2.6702880859375e-05
8.0	2.6702880859375e-05
8.01	2.6702880859375e-05
8.02	2.6702880859375e-05
8.03	2.6702880859375e-05
8.04	2.6702880859375e-05
8.05	2.6702880859375e-05
8.06	2.6702880859375e-05
8.07	2.6702880859375e-05
8.08	2.6702880859375e-05
8.09	2.6702880859375e-05
8.1	2.6702880859375e-05
8.11	2.6702880859375e-05
8.12	2.6702880859375e-05
8.13	2.6702880859375e-05
8.14	2.6702880859375e-05
8.15	2.6702880859375e-05
8.16	2.6702880859375e-05
8.17	2.6702880859375e-05
8.18	2.6702880859375e-05
8.19	2.6702880859375e-05
8.2	2.6702880859375e-05
8.21	2.6702880859375e-05
8.22	2.6702880859375e-05
8.23	2.6702880859375e-05
8.24	2.6702880859375e-05
8.25	2.6702880859375e-05
8.26	2.6702880859375e-05
8.27	2.6702880859375e-05
8.28	2.6702880859375e-05
8.29	2.6702880859375e-05
8.3	2.6702880859375e-05
8.31	2.6702880859375e-05
8.32	2.6702880859375e-05
8.33	2.6702880859375e-05
8.34	2.6702880859375e-05
8.35	2.6702880859375e-05
8.36	2.6702880859375e-05
8.37	2.6702880859375e-05
8.38	2.6702880859375e-05
8.39	2.6702880859375e-05
8.4	2.6702880859375e-05
8.41	2.6702880859375e-05
8.42	2.6702880859375e-05
8.43	2.6702880859375e-05
8.44	2.6702880859375e-05
8.45	2.6702880859375e-05
8.46	2.6702880859375e-05
8.47	2.6702880859375e-05
8.48	2.6702880859375e-05
8.49	2.6702880859375e-05
8.5	2.6702880859375e-05
8.51	2.6702880859375e-05
8.52	2.6702880859375e-05
8.53	2.6702880859375e-05
8.54	2.6702880859375e-05
8.55	2.6702880859375e-05
8.56	2.6702880859375e-05
8.57	2.6702880859375e-05
8.58	2.6702880859375e-05
8.59	2.6702880859375e-05
8.6	2.6702880859375e-05
8.61	2.6702880859375e-05
8.62	2.6702880859375e-05
8.63	2.6702880859375e-05
8.64	2.6702880859375e-05
8.65	2.6702880859375e-05
8.66	2.6702880859375e-05
8.67	2.6702880859375e-05
8.68	2.6702880859375e-05
8.69	2.6702880859375e-05
8.7	2.6702880859375e-05
8.71	2.6702880859375e-05
8.72	2.6702880859375e-05
8.73	2.6702880859375e-05
8.74	2.288818359375e-05
8.75	2.288818359375e-05
8.76	2.288818359375e-05
8.77	2.288818359375e-05
8.78	2.288818359375e-05
8.79	2.288818359375e-05
8.8	2.288818359375e-05
8.81	2.288818359375e-05
8.82	2.288818359375e-05
8.83	2.288818359375e-05
8.84	2.288818359375e-05
8.85	2.288818359375e-05
8.86	2.288818359375e-05
8.87	2.288818359375e-05
8.88	2.288818359375e-05
8.89	2.288818359375e-05
8.9	2.288818359375e-05
8.91	2.288818359375e-05
8.92	2.288818359375e-05
8.93	2.288818359375e-05
8.94	2.288818359375e-05
8.95	2.288818359375e-05
8.96	2.288818359375e-05
8.97	2.288818359375e-05
8.98	2.288818359375e-05
8.99	2.288818359375e-05
9.0	2.288818359375e-05
9.01	2.288818359375e-05
9.02	2.288818359375e-05
9.03	2.288818359375e-05
9.04	2.288818359375e-05
9.05	2.288818359375e-05
9.06	2.288818359375e-05
9.07	2.288818359375e-05
9.08	2.288818359375e-05
9.09	2.288818359375e-05
9.1	2.288818359375e-05
9.11	2.288818359375e-05
9.12	2.288818359375e-05
9.13	2.288818359375e-05
9.14	2.288818359375e-05
9.15	2.288818359375e-05
9.16	2.288818359375e-05
9.17	2.288818359375e-05
9.18	2.288818359375e-05
9.19	2.288818359375e-05
9.2	2.288818359375e-05
9.21	1.9073486328125e-05
9.22	1.9073486328125e-05
9.23	1.9073486328125e-05
9.24	1.9073486328125e-05
9.25	1.9073486328125e-05
9.26	1.9073486328125e-05
9.27	1.9073486328125e-05
9.28	1.9073486328125e-05
9.29	1.9073486328125e-05
9.3	1.9073486328125e-05
9.31	1.9073486328125e-05
9.32	1.9073486328125e-05
9.33	1.9073486328125e-05
9.34	1.9073486328125e-05
9.35	1.9073486328125e-05
9.36	1.9073486328125e-05
9.37	1.9073486328125e-05
9.38	1.9073486328125e-05
9.39	1.9073486328125e-05
9.4	1.9073486328125e-05
9.41	1.9073486328125e-05
9.42	1.9073486328125e-05
9.43	1.9073486328125e-05
9.44	1.9073486328125e-05
9.45	1.9073486328125e-05
9.46	1.9073486328125e-05
9.47	1.9073486328125e-05
9.48	1.9073486328125e-05
9.49	1.9073486328125e-05
9.5	1.9073486328125e-05
9.51	1.9073486328125e-05
9.52	1.9073486328125e-05
9.53	1.9073486328125e-05
9.54	1.9073486328125e-05
9.55	1.9073486328125e-05
9.56	1.9073486328125e-05
9.57	1.9073486328125e-05
9.58	1.9073486328125e-05
9.59	1.9073486328125e-05
9.6	1.9073486328125e-05
9.61	1.9073486328125e-05
9.62	1.9073486328125e-05
9.63	1.9073486328125e-05
9.64	1.9073486328125e-05
9.65	1.9073486328125e-05
9.66	1.9073486328125e-05
9.67	1.9073486328125e-05
9.68	1.9073486328125e-05
9.69	1.9073486328125e-05
9.7	1.9073486328125e-05
9.71	1.9073486328125e-05
9.72	1.9073486328125e-05
9.73	1.9073486328125e-05
9.74	1.9073486328125e-05
9.75	1.9073486328125e-05
9.76	1.9073486328125e-05
9.77	1.9073486328125e-05
9.78	1.9073486328125e-05
9.79	1.9073486328125e-05
9.8	1.9073486328125e-05
9.81	1.9073486328125e-05
9.82	1.9073486328125e-05
9.83	1.9073486328125e-05
9.84	1.9073486328125e-05
9.85	1.9073486328125e-05
9.86	1.9073486328125e-05
9.87	1.9073486328125e-05
9.88	1.9073486328125e-05
9.89	1.9073486328125e-05
9.9	1.9073486328125e-05
9.91	1.9073486328125e-05
9.92	1.9073486328125e-05
9.93	1.9073486328125e-05
9.94	1.9073486328125e-05
9.95	1.9073486328125e-05
9.96	1.9073486328125e-05
9.97	1.9073486328125e-05
9.98	1.9073486328125e-05
9.99	1.9073486328125e-05
10.0	1.9073486328125e-05
10.01	1.9073486328125e-05
10.02	1.9073486328125e-05
10.03	1.9073486328125e-05
10.04	1.9073486328125e-05
10.05	1.9073486328125e-05
10.06	1.9073486328125e-05
10.07	1.52587890625e-05
10.08	1.52587890625e-05
10.09	1.52587890625e-05
10.1	1.52587890625e-05
10.11	1.52587890625e-05
10.12	1.52587890625e-05
10.13	1.1444091796875e-05
10.14	1.1444091796875e-05
10.15	1.1444091796875e-05
10.16	1.1444091796875e-05
10.17	1.1444091796875e-05
10.18	1.1444091796875e-05
10.19	1.1444091796875e-05
10.2	1.1444091796875e-05
10.21	1.1444091796875e-05
10.22	1.1444091796875e-05
10.23	1.1444091796875e-05
10.24	1.1444091796875e-05
10.25	1.1444091796875e-05
10.26	1.1444091796875e-05
10.27	7.62939453125e-06
10.28	7.62939453125e-06
10.29	7.62939453125e-06
10.3	7.62939453125e-06
10.31	7.62939453125e-06
10.32	7.62939453125e-06
10.33	7.62939453125e-06
10.34	7.62939453125e-06
10.35	7.62939453125e-06
10.36	7.62939453125e-06
10.37	7.62939453125e-06
10.38	7.62939453125e-06
10.39	7.62939453125e-06
10.4	7.62939453125e-06
10.41	7.62939453125e-06
10.42	7.62939453125e-06
10.43	7.62939453125e-06
10.44	7.62939453125e-06
10.45	7.62939453125e-06
10.46	7.62939453125e-06
10.47	7.62939453125e-06
10.48	7.62939453125e-06
10.49	7.62939453125e-06
10.5	7.62939453125e-06
10.51	7.62939453125e-06
10.52	7.62939453125e-06
10.53	7.62939453125e-06
10.54	7.62939453125e-06
10.55	7.62939453125e-06
10.56	7.62939453125e-06
10.57	7.62939453125e-06
10.58	7.62939453125e-06
10.59	7.62939453125e-06
10.6	7.62939453125e-06
10.61	7.62939453125e-06
10.62	7.62939453125e-06
10.63	7.62939453125e-06
10.64	7.62939453125e-06
10.65	7.62939453125e-06
10.66	7.62939453125e-06
10.67	7.62939453125e-06
10.68	7.62939453125e-06
10.69	7.62939453125e-06
10.7	7.62939453125e-06
10.71	7.62939453125e-06
10.72	7.62939453125e-06
10.73	7.62939453125e-06
10.74	7.62939453125e-06
10.75	7.62939453125e-06
10.76	7.62939453125e-06
10.77	7.62939453125e-06
10.78	7.62939453125e-06
10.79	7.62939453125e-06
10.8	7.62939453125e-06
10.81	7.62939453125e-06
10.82	7.62939453125e-06
10.83	7.62939453125e-06
10.84	7.62939453125e-06
10.85	7.62939453125e-06
10.86	7.62939453125e-06
10.87	7.62939453125e-06
10.88	7.62939453125e-06
10.89	7.62939453125e-06
10.9	7.62939453125e-06
10.91	7.62939453125e-06
10.92	7.62939453125e-06
10.93	7.62939453125e-06
10.94	7.62939453125e-06
10.95	7.62939453125e-06
10.96	7.62939453125e-06
10.97	7.62939453125e-06
10.98	7.62939453125e-06
10.99	3.814697265625e-06
11.0	3.814697265625e-06
11.01	3.814697265625e-06
11.02	3.814697265625e-06
11.03	3.814697265625e-06
11.04	3.814697265625e-06
11.05	3.814697265625e-06
11.06	3.814697265625e-06
11.07	3.814697265625e-06
11.08	3.814697265625e-06
11.09	3.814697265625e-06
11.1	3.814697265625e-06
11.11	3.814697265625e-06
11.12	3.814697265625e-06
11.13	3.814697265625e-06
11.14	3.814697265625e-06
11.15	3.814697265625e-06
11.16	3.814697265625e-06
11.17	3.814697265625e-06
11.18	3.814697265625e-06
11.19	0.0
