5.61	0.000507354736328125
5.62	0.000499725341796875
5.63	0.0004968643188476562
5.64	0.0004901885986328125
5.65	0.00048542022705078125
5.66	0.0004787445068359375
5.67	0.0004749298095703125
5.68	0.0004711151123046875
5.69	0.00047016143798828125
5.7	0.0004673004150390625
5.71	0.00046253204345703125
5.72	0.000457763671875
5.73	0.00045108795166015625
5.74	0.0004482269287109375
5.75	0.00044536590576171875
5.76	0.0004405975341796875
5.77	0.00043964385986328125
5.78	0.0004367828369140625
5.79	0.0004291534423828125
5.8	0.00042438507080078125
5.81	0.00042057037353515625
5.82	0.00041675567626953125
5.83	0.00041294097900390625
5.84	0.00041103363037109375
5.85	0.00040531158447265625
5.86	0.00039958953857421875
5.87	0.00039577484130859375
5.88	0.00039386749267578125
5.89	0.0003910064697265625
5.9	0.00038909912109375
5.91	0.000385284423828125
5.92	0.000385284423828125
5.93	0.00037670135498046875
5.94	0.00037384033203125
5.95	0.0003719329833984375
5.96	0.0003662109375
5.97	0.00036144256591796875
5.98	0.0003566741943359375
5.99	0.00035572052001953125
6.0	0.0003528594970703125
6.01	0.00034809112548828125
6.02	0.00034427642822265625
6.03	0.00034236907958984375
6.04	0.00033664703369140625
6.05	0.0003337860107421875
6.06	0.00032806396484375
6.07	0.00032138824462890625
6.08	0.0003204345703125
6.09	0.0003185272216796875
6.1	0.000316619873046875
6.11	0.0003147125244140625
6.12	0.00031185150146484375
6.13	0.00030803680419921875
6.14	0.00030422210693359375
6.15	0.0003032684326171875
6.16	0.00030231475830078125
6.17	0.00030040740966796875
6.18	0.00029659271240234375
6.19	0.00029468536376953125
6.2	0.00029277801513671875
6.21	0.00029087066650390625
6.22	0.00028705596923828125
6.23	0.00028324127197265625
6.24	0.0002803802490234375
6.25	0.000278472900390625
6.26	0.000274658203125
6.27	0.00027370452880859375
6.28	0.00026798248291015625
6.29	0.00026416778564453125
6.3	0.00026226043701171875
6.31	0.0002593994140625
6.32	0.000255584716796875
6.33	0.00025463104248046875
6.34	0.00025272369384765625
6.35	0.00024890899658203125
6.36	0.0002460479736328125
6.37	0.00024318695068359375
6.38	0.00023937225341796875
6.39	0.0002346038818359375
6.4	0.0002346038818359375
6.41	0.00023174285888671875
6.42	0.0002288818359375
6.43	0.0002269744873046875
6.44	0.00022602081298828125
6.45	0.000225067138671875
6.46	0.00022125244140625
6.47	0.00022029876708984375
6.48	0.000217437744140625
6.49	0.00021648406982421875
6.5	0.000213623046875
6.51	0.0002117156982421875
6.52	0.000209808349609375
6.53	0.00020599365234375
6.54	0.00020503997802734375
6.55	0.0002040863037109375
6.56	0.000202178955078125
6.57	0.00019741058349609375
6.58	0.00019741058349609375
6.59	0.000194549560546875
6.6	0.00019168853759765625
6.61	0.0001888275146484375
6.62	0.0001888275146484375
6.63	0.000186920166015625
6.64	0.0001850128173828125
6.65	0.0001850128173828125
6.66	0.00018405914306640625
6.67	0.0001811981201171875
6.68	0.00018024444580078125
6.69	0.00017642974853515625
6.7	0.0001697540283203125
6.71	0.0001697540283203125
6.72	0.0001697540283203125
6.73	0.0001697540283203125
6.74	0.00016689300537109375
6.75	0.0001621246337890625
6.76	0.00015926361083984375
6.77	0.0001583099365234375
6.78	0.000156402587890625
6.79	0.00015544891357421875
6.8	0.000152587890625
6.81	0.00015163421630859375
6.82	0.00015163421630859375
6.83	0.00014972686767578125
6.84	0.0001468658447265625
6.85	0.0001468658447265625
6.86	0.00014591217041015625
6.87	0.00014400482177734375
6.88	0.00014209747314453125
6.89	0.00014209747314453125
6.9	0.000141143798828125
6.91	0.0001373291015625
6.92	0.00013637542724609375
6.93	0.00013446807861328125
6.94	0.00013446807861328125
6.95	0.000133514404296875
6.96	0.00013065338134765625
6.97	0.00012969970703125
6.98	0.00012874603271484375
6.99	0.0001277923583984375
7.0	0.00012683868408203125
7.01	0.000125885009765625
7.02	0.0001220703125
7.03	0.0001201629638671875
7.04	0.0001201629638671875
7.05	0.0001201629638671875
7.06	0.000118255615234375
7.07	0.00011730194091796875
7.08	0.0001163482666015625
7.09	0.0001125335693359375
7.1	0.00011157989501953125
7.11	0.000110626220703125
7.12	0.0001087188720703125
7.13	0.00010776519775390625
7.14	0.00010776519775390625
7.15	0.00010395050048828125
7.16	0.0001010894775390625
7.17	0.00010013580322265625
7.18	0.00010013580322265625
7.19	9.918212890625e-05
7.2	9.918212890625e-05
7.21	9.72747802734375e-05
7.22	9.632110595703125e-05
7.23	9.5367431640625e-05
7.24	9.441375732421875e-05
7.25	9.34600830078125e-05
7.26	9.34600830078125e-05
7.27	9.250640869140625e-05
7.28	9.250640869140625e-05
7.29	9.059906005859375e-05
7.3	9.059906005859375e-05
7.31	8.96453857421875e-05
7.32	8.96453857421875e-05
7.33	8.678436279296875e-05
7.34	8.487701416015625e-05
7.35	8.487701416015625e-05
7.36	8.487701416015625e-05
7.37	8.296966552734375e-05
7.38	8.20159912109375e-05
7.39	8.20159912109375e-05
7.4	8.20159912109375e-05
7.41	8.106231689453125e-05
7.42	8.0108642578125e-05
7.43	7.82012939453125e-05
7.44	7.82012939453125e-05
7.45	7.724761962890625e-05
7.46	7.724761962890625e-05
7.47	7.62939453125e-05
7.48	7.534027099609375e-05
7.49	7.43865966796875e-05
7.5	7.2479248046875e-05
7.51	7.152557373046875e-05
7.52	7.152557373046875e-05
7.53	7.152557373046875e-05
7.54	6.866455078125e-05
7.55	6.771087646484375e-05
7.56	6.67572021484375e-05
7.57	6.67572021484375e-05
7.58	6.4849853515625e-05
7.59	6.4849853515625e-05
7.6	6.4849853515625e-05
7.61	6.389617919921875e-05
7.62	6.29425048828125e-05
7.63	6.198883056640625e-05
7.64	6.008148193359375e-05
7.65	5.817413330078125e-05
7.66	5.817413330078125e-05
7.67	5.7220458984375e-05
7.68	5.626678466796875e-05
7.69	5.626678466796875e-05
7.7	5.53131103515625e-05
7.71	5.53131103515625e-05
7.72	5.53131103515625e-05
7.73	5.53131103515625e-05
7.74	5.53131103515625e-05
7.75	5.53131103515625e-05
7.76	5.53131103515625e-05
7.77	5.435943603515625e-05
7.78	5.340576171875e-05
7.79	5.245208740234375e-05
7.8	5.14984130859375e-05
7.81	5.14984130859375e-05
7.82	5.14984130859375e-05
7.83	5.054473876953125e-05
7.84	5.054473876953125e-05
7.85	5.054473876953125e-05
7.86	4.863739013671875e-05
7.87	4.76837158203125e-05
7.88	4.76837158203125e-05
7.89	4.673004150390625e-05
7.9	4.57763671875e-05
7.91	4.57763671875e-05
7.92	4.57763671875e-05
7.93	4.57763671875e-05
7.94	4.57763671875e-05
7.95	4.38690185546875e-05
7.96	4.38690185546875e-05
7.97	4.1961669921875e-05
7.98	4.1961669921875e-05
7.99	4.100799560546875e-05
8.0	4.00543212890625e-05
8.01	4.00543212890625e-05
8.02	4.00543212890625e-05
8.03	4.00543212890625e-05
8.04	3.910064697265625e-05
8.05	3.814697265625e-05
8.06	3.719329833984375e-05
8.07	3.719329833984375e-05
8.08	3.719329833984375e-05
8.09	3.719329833984375e-05
8.1	3.62396240234375e-05
8.11	3.528594970703125e-05
8.12	3.528594970703125e-05
8.13	3.528594970703125e-05
8.14	3.528594970703125e-05
8.15	3.528594970703125e-05
8.16	3.528594970703125e-05
8.17	3.528594970703125e-05
8.18	3.528594970703125e-05
8.19	3.528594970703125e-05
8.2	3.528594970703125e-05
8.21	3.528594970703125e-05
8.22	3.337860107421875e-05
8.23	3.337860107421875e-05
8.24	3.337860107421875e-05
8.25	3.337860107421875e-05
8.26	3.24249267578125e-05
8.27	3.147125244140625e-05
8.28	3.0517578125e-05
8.29	2.956390380859375e-05
8.3	2.956390380859375e-05
8.31	2.86102294921875e-05
8.32	2.6702880859375e-05
8.33	2.6702880859375e-05
8.34	2.6702880859375e-05
8.35	2.6702880859375e-05
8.36	2.6702880859375e-05
8.37	2.6702880859375e-05
8.38	2.574920654296875e-05
8.39	2.47955322265625e-05
8.4	2.47955322265625e-05
8.41	2.47955322265625e-05
8.42	2.384185791015625e-05
8.43	2.384185791015625e-05
8.44	2.384185791015625e-05
8.45	2.288818359375e-05
8.46	2.288818359375e-05
8.47	2.193450927734375e-05
8.48	2.193450927734375e-05
8.49	2.193450927734375e-05
8.5	2.193450927734375e-05
8.51	2.09808349609375e-05
8.52	2.09808349609375e-05
8.53	2.09808349609375e-05
8.54	2.002716064453125e-05
8.55	2.002716064453125e-05
8.56	2.002716064453125e-05
8.57	2.002716064453125e-05
8.58	2.002716064453125e-05
8.59	2.002716064453125e-05
8.6	2.002716064453125e-05
8.61	1.9073486328125e-05
8.62	1.9073486328125e-05
8.63	1.9073486328125e-05
8.64	1.9073486328125e-05
8.65	1.9073486328125e-05
8.66	1.9073486328125e-05
8.67	1.811981201171875e-05
8.68	1.811981201171875e-05
8.69	1.811981201171875e-05
8.7	1.811981201171875e-05
8.71	1.811981201171875e-05
8.72	1.811981201171875e-05
8.73	1.71661376953125e-05
8.74	1.621246337890625e-05
8.75	1.621246337890625e-05
8.76	1.621246337890625e-05
8.77	1.621246337890625e-05
8.78	1.52587890625e-05
8.79	1.430511474609375e-05
8.8	1.33514404296875e-05
8.81	1.33514404296875e-05
8.82	1.33514404296875e-05
8.83	1.33514404296875e-05
8.84	1.239776611328125e-05
8.85	1.239776611328125e-05
8.86	1.239776611328125e-05
8.87	1.239776611328125e-05
8.88	1.239776611328125e-05
8.89	1.239776611328125e-05
8.9	1.239776611328125e-05
8.91	1.239776611328125e-05
8.92	1.1444091796875e-05
8.93	1.1444091796875e-05
8.94	1.1444091796875e-05
8.95	1.1444091796875e-05
8.96	1.1444091796875e-05
8.97	1.1444091796875e-05
8.98	1.1444091796875e-05
8.99	1.1444091796875e-05
9.0	1.049041748046875e-05
9.01	1.049041748046875e-05
9.02	1.049041748046875e-05
9.03	1.049041748046875e-05
9.04	1.049041748046875e-05
9.05	1.049041748046875e-05
9.06	9.5367431640625e-06
9.07	9.5367431640625e-06
9.08	9.5367431640625e-06
9.09	9.5367431640625e-06
9.1	9.5367431640625e-06
9.11	9.5367431640625e-06
9.12	9.5367431640625e-06
9.13	8.58306884765625e-06
9.14	8.58306884765625e-06
9.15	8.58306884765625e-06
9.16	7.62939453125e-06
9.17	7.62939453125e-06
9.18	7.62939453125e-06
9.19	7.62939453125e-06
9.2	7.62939453125e-06
9.21	7.62939453125e-06
9.22	7.62939453125e-06
9.23	7.62939453125e-06
9.24	7.62939453125e-06
9.25	6.67572021484375e-06
9.26	5.7220458984375e-06
9.27	5.7220458984375e-06
9.28	5.7220458984375e-06
9.29	5.7220458984375e-06
9.3	5.7220458984375e-06
9.31	5.7220458984375e-06
9.32	5.7220458984375e-06
9.33	5.7220458984375e-06
9.34	5.7220458984375e-06
9.35	5.7220458984375e-06
9.36	5.7220458984375e-06
9.37	5.7220458984375e-06
9.38	5.7220458984375e-06
9.39	5.7220458984375e-06
9.4	5.7220458984375e-06
9.41	5.7220458984375e-06
9.42	5.7220458984375e-06
9.43	5.7220458984375e-06
9.44	5.7220458984375e-06
9.45	5.7220458984375e-06
9.46	5.7220458984375e-06
9.47	5.7220458984375e-06
9.48	5.7220458984375e-06
9.49	5.7220458984375e-06
9.5	5.7220458984375e-06
9.51	5.7220458984375e-06
9.52	5.7220458984375e-06
9.53	5.7220458984375e-06
9.54	5.7220458984375e-06
9.55	5.7220458984375e-06
9.56	5.7220458984375e-06
9.57	5.7220458984375e-06
9.58	3.814697265625e-06
9.59	3.814697265625e-06
9.6	3.814697265625e-06
9.61	3.814697265625e-06
9.62	2.86102294921875e-06
9.63	2.86102294921875e-06
9.64	2.86102294921875e-06
9.65	2.86102294921875e-06
9.66	2.86102294921875e-06
9.67	2.86102294921875e-06
9.68	2.86102294921875e-06
9.69	2.86102294921875e-06
9.7	2.86102294921875e-06
9.71	2.86102294921875e-06
9.72	2.86102294921875e-06
9.73	2.86102294921875e-06
9.74	2.86102294921875e-06
9.75	2.86102294921875e-06
9.76	2.86102294921875e-06
9.77	2.86102294921875e-06
9.78	2.86102294921875e-06
9.79	2.86102294921875e-06
9.8	2.86102294921875e-06
9.81	2.86102294921875e-06
9.82	2.86102294921875e-06
9.83	2.86102294921875e-06
9.84	2.86102294921875e-06
9.85	2.86102294921875e-06
9.86	2.86102294921875e-06
9.87	2.86102294921875e-06
9.88	2.86102294921875e-06
9.89	2.86102294921875e-06
9.9	1.9073486328125e-06
9.91	1.9073486328125e-06
9.92	1.9073486328125e-06
9.93	1.9073486328125e-06
9.94	1.9073486328125e-06
9.95	1.9073486328125e-06
9.96	1.9073486328125e-06
9.97	1.9073486328125e-06
9.98	1.9073486328125e-06
9.99	1.9073486328125e-06
10.0	1.9073486328125e-06
10.01	1.9073486328125e-06
10.02	1.9073486328125e-06
10.03	9.5367431640625e-07
10.04	9.5367431640625e-07
10.05	9.5367431640625e-07
10.06	9.5367431640625e-07
10.07	9.5367431640625e-07
10.08	9.5367431640625e-07
10.09	9.5367431640625e-07
10.1	9.5367431640625e-07
10.11	9.5367431640625e-07
10.12	9.5367431640625e-07
10.13	9.5367431640625e-07
10.14	9.5367431640625e-07
10.15	9.5367431640625e-07
10.16	9.5367431640625e-07
10.17	9.5367431640625e-07
10.18	9.5367431640625e-07
10.19	9.5367431640625e-07
10.2	9.5367431640625e-07
10.21	9.5367431640625e-07
10.22	9.5367431640625e-07
10.23	9.5367431640625e-07
10.24	9.5367431640625e-07
10.25	9.5367431640625e-07
10.26	9.5367431640625e-07
10.27	9.5367431640625e-07
10.28	9.5367431640625e-07
10.29	9.5367431640625e-07
10.3	9.5367431640625e-07
10.31	9.5367431640625e-07
10.32	9.5367431640625e-07
10.33	9.5367431640625e-07
10.34	9.5367431640625e-07
10.35	9.5367431640625e-07
