5.37	0.0005012333858758211
5.38	0.0004970499430783093
5.39	0.0004928826238028705
5.4	0.0004887617542408407
5.41	0.00048471230547875166
5.42	0.0004806800279766321
5.43	0.0004766414640471339
5.44	0.0004725817125290632
5.45	0.0004687029286287725
5.46	0.0004647565074265003
5.47	0.00046084081986919045
5.48	0.0004569238517433405
5.49	0.00045312364818528295
5.5	0.00044932629680261016
5.51	0.00044553657062351704
5.52	0.0004417546442709863
5.53	0.00043801433639600873
5.54	0.00043433712562546134
5.55	0.0004306545597501099
5.56	0.00042698916513472795
5.57	0.00042335991747677326
5.58	0.0004197766538709402
5.59	0.00041621195850893855
5.6	0.0004126783460378647
5.61	0.0004091555601917207
5.62	0.00040568981785327196
5.63	0.00040226150304079056
5.64	0.00039880716940388083
5.65	0.00039537635166198015
5.66	0.00039198511512950063
5.67	0.00038866850081831217
5.68	0.00038533529732376337
5.69	0.00038198858965188265
5.7	0.00037872721441090107
5.71	0.0003754815552383661
5.72	0.00037228671135380864
5.73	0.0003690479788929224
5.74	0.0003658689674921334
5.75	0.0003626965335570276
5.76	0.00035959063097834587
5.77	0.00035648682387545705
5.78	0.0003533897106535733
5.79	0.00035032170126214623
5.8	0.0003473077667877078
5.81	0.00034428457729518414
5.82	0.00034128600964322686
5.83	0.00033830362372100353
5.84	0.00033538375282660127
5.85	0.00033249089028686285
5.86	0.00032959639793261886
5.87	0.00032668974017724395
5.88	0.0003238303470425308
5.89	0.0003210160066373646
5.9	0.0003182103391736746
5.91	0.0003154131700284779
5.92	0.0003126339870505035
5.93	0.000309906667098403
5.94	0.00030718796188011765
5.95	0.0003045230987481773
5.96	0.0003018330899067223
5.97	0.0002991852816194296
5.98	0.00029653735691681504
5.99	0.00029395445017144084
6.0	0.0002913299831561744
6.01	0.00028875371208414435
6.02	0.00028623954858630896
6.03	0.0002837238134816289
6.04	0.0002812035963870585
6.05	0.00027870212215930223
6.06	0.0002762275980785489
6.07	0.0002737855538725853
6.08	0.0002713646972551942
6.09	0.0002689300454221666
6.1	0.0002665463835000992
6.11	0.0002641939790919423
6.12	0.0002618275466375053
6.13	0.00025949260452762246
6.14	0.00025718793040141463
6.15	0.00025489385006949306
6.16	0.00025262252893298864
6.17	0.00025036209262907505
6.18	0.00024810340255498886
6.19	0.0002458837698213756
6.2	0.00024372944608330727
6.21	0.0002415279159322381
6.22	0.0002393361646682024
6.23	0.00023716263240203261
6.24	0.00023505865829065442
6.25	0.00023295218124985695
6.26	0.0002308427938260138
6.27	0.000228745280764997
6.28	0.00022668612655252218
6.29	0.00022466067457571626
6.3	0.0002226221258752048
6.31	0.0002205838682129979
6.32	0.00021858804393559694
6.33	0.00021660729544237256
6.34	0.00021463516168296337
6.35	0.0002126717008650303
6.36	0.00021073746029287577
6.37	0.0002088294131681323
6.38	0.0002069375477731228
6.39	0.000205043179448694
6.4	0.0002031440380960703
6.41	0.00020129390759393573
6.42	0.00019946496468037367
6.43	0.00019761809380725026
6.44	0.00019577174680307508
6.45	0.0001939967041835189
6.46	0.00019221933325752616
6.47	0.00019046582747250795
6.48	0.00018868735060095787
6.49	0.00018695631297305226
6.5	0.0001852362183853984
6.51	0.00018353952327743173
6.52	0.00018182327039539814
6.53	0.00018011697102338076
6.54	0.0001784582855179906
6.55	0.00017681712051853538
6.56	0.0001751882373355329
6.57	0.00017355027375742793
6.58	0.00017191824736073613
6.59	0.00017032865434885025
6.6	0.00016875594155862927
6.61	0.0001671655336394906
6.62	0.000165591889526695
6.63	0.00016404566122218966
6.64	0.0001625210279598832
6.65	0.0001609957544133067
6.66	0.0001594859641045332
6.67	0.00015798566164448857
6.68	0.00015650433488190174
6.69	0.00015503319445997477
6.7	0.00015356531366705894
6.71	0.0001521341037005186
6.72	0.0001507085980847478
6.73	0.00014930707402527332
6.74	0.00014788989210501313
6.75	0.00014647701755166054
6.76	0.0001451045391149819
6.77	0.00014373479643836617
6.78	0.00014236627612262964
6.79	0.00014101160923019052
6.8	0.00013967917766422033
6.81	0.00013836316065862775
6.82	0.00013706489698961377
6.83	0.00013574963668361306
6.84	0.000134440662804991
6.85	0.0001331708044745028
6.86	0.0001319086877629161
6.87	0.00013063260121271014
6.88	0.00012938363943248987
6.89	0.00012815743684768677
6.9	0.000126946484670043
6.91	0.0001257324474863708
6.92	0.00012451480142772198
6.93	0.0001233202638104558
6.94	0.0001221408019773662
6.95	0.00012097362196072936
6.96	0.00011980265844613314
6.97	0.00011864007683470845
6.98	0.00011750723933801055
6.99	0.0001163837150670588
7.0	0.00011525145964697003
7.01	0.00011413672473281622
7.02	0.00011303549399599433
7.03	0.00011194252874702215
7.04	0.00011086388258263469
7.05	0.00010976818157359958
7.06	0.0001086860429495573
7.07	0.00010764563921838999
7.08	0.0001066161785274744
7.09	0.00010556023335084319
7.1	0.00010452396236360073
7.11	0.000103509402833879
7.12	0.00010250706691294909
7.13	0.00010150752495974302
7.14	0.00010049855336546898
7.15	9.950523963198066e-05
7.16	9.853311348706484e-05
7.17	9.756692452356219e-05
7.18	9.659799979999661e-05
7.19	9.563897037878633e-05
7.2	9.46983927860856e-05
7.21	9.376683738082647e-05
7.22	9.283795952796936e-05
7.23	9.191426215693355e-05
7.24	9.100587340071797e-05
7.25	9.011919610202312e-05
7.26	8.922425331547856e-05
7.27	8.832867024466395e-05
7.28	8.74493271112442e-05
7.29	8.658028673380613e-05
7.3	8.572579827159643e-05
7.31	8.485413854941726e-05
7.32	8.400750812143087e-05
7.33	8.317263564094901e-05
7.34	8.235330460593104e-05
7.35	8.152658119797707e-05
7.36	8.069851901382208e-05
7.37	7.989443838596344e-05
7.38	7.909390842542052e-05
7.39	7.829518290236592e-05
7.4	7.749436190351844e-05
7.41	7.670850027352571e-05
7.42	7.594836642965674e-05
7.43	7.51931220293045e-05
7.44	7.442815694957972e-05
7.45	7.367198122665286e-05
7.46	7.292669033631682e-05
7.47	7.219996768981218e-05
7.48	7.147155702114105e-05
7.49	7.073633605614305e-05
7.5	7.002399070188403e-05
7.51	6.932188989594579e-05
7.52	6.861909059807658e-05
7.53	6.791669875383377e-05
7.54	6.722169928252697e-05
7.55	6.653269520029426e-05
7.56	6.585678784176707e-05
7.57	6.518204463645816e-05
7.58	6.450456567108631e-05
7.59	6.38557830825448e-05
7.6	6.321881664916873e-05
7.61	6.257375935092568e-05
7.62	6.192107684910297e-05
7.63	6.127939559519291e-05
7.64	6.0653081163764e-05
7.65	6.0040620155632496e-05
7.66	5.941296694800258e-05
7.67	5.8794161304831505e-05
7.68	5.819159559905529e-05
7.69	5.760201020166278e-05
7.7	5.700788460671902e-05
7.71	5.640578456223011e-05
7.72	5.581858567893505e-05
7.73	5.5243843235075474e-05
7.74	5.467078881338239e-05
7.75	5.409907316789031e-05
7.76	5.3539988584816456e-05
7.77	5.298136966302991e-05
7.78	5.2434392273426056e-05
7.79	5.188852082937956e-05
7.8	5.133368540555239e-05
7.81	5.079893162474036e-05
7.82	5.0272210501134396e-05
7.83	4.974519833922386e-05
7.84	4.9220339860767126e-05
7.85	4.870520206168294e-05
7.86	4.819047171622515e-05
7.87	4.768854705616832e-05
7.88	4.7182023990899324e-05
7.89	4.667736357077956e-05
7.9	4.6186556573957205e-05
7.91	4.570541204884648e-05
7.92	4.5203836634755135e-05
7.93	4.4718035496771336e-05
7.94	4.424434155225754e-05
7.95	4.3780310079455376e-05
7.96	4.331651143729687e-05
7.97	4.285189788788557e-05
7.98	4.23934543505311e-05
7.99	4.19452553614974e-05
8.0	4.150316817685962e-05
8.01	4.105345578864217e-05
8.02	4.060874925926328e-05
8.03	4.0175102185457945e-05
8.04	3.97452968172729e-05
8.05	3.931886749342084e-05
8.06	3.889249637722969e-05
8.07	3.8472877349704504e-05
8.08	3.8059253711253405e-05
8.09	3.7649471778422594e-05
8.1	3.723730333149433e-05
8.11	3.6829267628490925e-05
8.12	3.644137177616358e-05
8.13	3.605277743190527e-05
8.14	3.5658187698572874e-05
8.15	3.526476211845875e-05
8.16	3.488251240924001e-05
8.17	3.451050724834204e-05
8.18	3.41308768838644e-05
8.19	3.375130472704768e-05
8.2	3.338360693305731e-05
8.21	3.3026677556335926e-05
8.22	3.267684951424599e-05
8.23	3.231241134926677e-05
8.24	3.1957635655999184e-05
8.25	3.1610310543328524e-05
8.26	3.1261355616152287e-05
8.27	3.091664984822273e-05
8.28	3.057229332625866e-05
8.29	3.023608587682247e-05
8.3	2.9912451282143593e-05
8.31	2.9589165933430195e-05
8.32	2.925621811300516e-05
8.33	2.8927403036504984e-05
8.34	2.8611335437744856e-05
8.35	2.8301787097007036e-05
8.36	2.799095818772912e-05
8.37	2.7677509933710098e-05
8.38	2.736866008490324e-05
8.39	2.7074478566646576e-05
8.4	2.6768422685563564e-05
8.41	2.6466732379049063e-05
8.42	2.6174355298280716e-05
8.43	2.5883724447339773e-05
8.44	2.5593850295990705e-05
8.45	2.5303394068032503e-05
8.46	2.5012122932821512e-05
8.47	2.474081702530384e-05
8.48	2.4466949980705976e-05
8.49	2.4188542738556862e-05
8.5	2.3910484742373228e-05
8.51	2.3641856387257576e-05
8.52	2.3380445782095194e-05
8.53	2.311932621523738e-05
8.54	2.285814844071865e-05
8.55	2.259272150695324e-05
8.56	2.2344407625496387e-05
8.57	2.20924848690629e-05
8.58	2.183666219934821e-05
8.59	2.158648567274213e-05
8.6	2.134358510375023e-05
8.61	2.1100742742419243e-05
8.62	2.0856852643191814e-05
8.63	2.0613137166947126e-05
8.64	2.0379142370074987e-05
8.65	2.015038626268506e-05
8.66	1.9920698832720518e-05
8.67	1.968472497537732e-05
8.68	1.945119583979249e-05
8.69	1.9236351363360882e-05
8.7	1.9012426491826773e-05
8.71	1.8788326997309923e-05
8.72	1.8570339307188988e-05
8.73	1.8357764929533005e-05
8.74	1.8149556126445532e-05
8.75	1.7940416000783443e-05
8.76	1.772900577634573e-05
8.77	1.7520098481327295e-05
8.78	1.732376404106617e-05
8.79	1.7121434211730957e-05
8.8	1.6914214938879013e-05
8.81	1.6714271623641253e-05
8.82	1.6522477380931377e-05
8.83	1.6332603991031647e-05
8.84	1.6142381355166435e-05
8.85	1.5947152860462666e-05
8.86	1.575652277097106e-05
8.87	1.5576952137053013e-05
8.88	1.5397148672491312e-05
8.89	1.5213736332952976e-05
8.9	1.5031953807920218e-05
8.91	1.486059045419097e-05
8.92	1.4685152564197779e-05
8.93	1.4512625057250261e-05
8.94	1.4337245374917984e-05
8.95	1.4166638720780611e-05
8.96	1.3998767826706171e-05
8.97	1.383339986205101e-05
8.98	1.3666052836924791e-05
8.99	1.3505690731108189e-05
9.0	1.335109118372202e-05
9.01	1.3189797755330801e-05
9.02	1.3030774425715208e-05
9.03	1.2868200428783894e-05
9.04	1.2717326171696186e-05
9.05	1.2567674275487661e-05
9.06	1.2418953701853752e-05
9.07	1.2268137652426958e-05
9.08	1.2123258784413338e-05
9.09	1.1980417184531689e-05
9.1	1.1839903891086578e-05
9.11	1.1695374269038439e-05
9.12	1.1552067007869482e-05
9.13	1.1413299944251776e-05
9.14	1.127505674958229e-05
9.15	1.1136813554912806e-05
9.16	1.100258668884635e-05
9.17	1.0871852282434702e-05
9.18	1.0742864105850458e-05
9.19	1.0611489415168762e-05
9.2	1.0475050657987595e-05
9.21	1.0343443136662245e-05
9.22	1.0221905540674925e-05
9.23	1.0096468031406403e-05
9.24	9.97236929833889e-06
9.25	9.848910849541426e-06
9.26	9.731447789818048e-06
9.27	9.613169822841883e-06
9.28	9.49495006352663e-06
9.29	9.37492586672306e-06
9.3	9.262992534786463e-06
9.31	9.148847311735153e-06
9.32	9.03330510482192e-06
9.33	8.915900252759457e-06
9.34	8.805538527667522e-06
9.35	8.700008038431406e-06
9.36	8.593196980655193e-06
9.37	8.483417332172394e-06
9.38	8.371367584913969e-06
9.39	8.27049370855093e-06
9.4	8.17043473944068e-06
9.41	8.068454917520285e-06
9.42	7.963390089571476e-06
9.43	7.861817721277475e-06
9.44	7.766298949718475e-06
9.45	7.668451871722937e-06
9.46	7.569848094135523e-06
9.47	7.472874131053686e-06
9.48	7.3792762123048306e-06
9.49	7.285212632268667e-06
9.5	7.193244528025389e-06
9.51	7.0980750024318695e-06
9.52	7.010472472757101e-06
9.53	6.924325134605169e-06
9.54	6.83485995978117e-06
9.55	6.743415724486113e-06
9.56	6.6568609327077866e-06
9.57	6.571121048182249e-06
9.58	6.48753484711051e-06
9.59	6.402959115803242e-06
9.6	6.320653483271599e-06
9.61	6.241141818463802e-06
9.62	6.165646482259035e-06
9.63	6.0862512327730656e-06
9.64	6.0079037211835384e-06
9.65	5.929905455559492e-06
9.66	5.853071343153715e-06
9.67	5.7772849686443806e-06
9.68	5.700916517525911e-06
9.69	5.627691280096769e-06
9.7	5.5559794418513775e-06
9.71	5.485897418111563e-06
9.72	5.413079634308815e-06
9.73	5.339155904948711e-06
9.74	5.2684335969388485e-06
9.75	5.2023096941411495e-06
9.76	5.135254468768835e-06
9.77	5.066161975264549e-06
9.78	4.999106749892235e-06
9.79	4.936475306749344e-06
9.8	4.873028956353664e-06
9.81	4.807836376130581e-06
9.82	4.7452631406486034e-06
9.83	4.682398866862059e-06
9.84	4.620698746293783e-06
9.85	4.55835834145546e-06
9.86	4.497414920479059e-06
9.87	4.440604243427515e-06
9.88	4.383211489766836e-06
9.89	4.324072506278753e-06
9.9	4.264118615537882e-06
9.91	4.206434823572636e-06
9.92	4.152301698923111e-06
9.93	4.099390935152769e-06
9.94	4.042638465762138e-06
9.95	3.986293449997902e-06
9.96	3.9333244785666466e-06
9.97	3.883847966790199e-06
9.98	3.831519279628992e-06
9.99	3.7782592698931694e-06
10.0	3.7269783206284046e-06
10.01	3.677327185869217e-06
10.02	3.627385012805462e-06
10.03	3.575463779270649e-06
10.04	3.528140950948e-06
10.05	3.4808763302862644e-06
10.06	3.43413557857275e-06
10.07	3.3850083127617836e-06
10.08	3.335124347358942e-06
10.09	3.2891402952373028e-06
10.1	3.2462412491440773e-06
10.11	3.2014213502407074e-06
10.12	3.1563686206936836e-06
10.13	3.113469574600458e-06
10.14	3.070221282541752e-06
10.15	3.0302908271551132e-06
10.16	2.98843951895833e-06
10.17	2.945831511169672e-06
10.18	2.9053189791738987e-06
10.19	2.867018338292837e-06
10.2	2.824410330504179e-06
10.21	2.783432137221098e-06
10.22	2.7447822503745556e-06
10.23	2.7078203856945038e-06
10.24	2.6701600290834904e-06
10.25	2.6320340111851692e-06
10.26	2.593384124338627e-06
10.27	2.5582266971468925e-06
10.28	2.5226036086678505e-06
10.29	2.4847104214131832e-06
10.3	2.448330633342266e-06
10.31	2.4128821678459644e-06
10.32	2.380926162004471e-06
10.33	2.347049303352833e-06
10.34	2.315093297511339e-06
10.35	2.2807507775723934e-06
10.36	2.2486201487481594e-06
10.37	2.2170133888721466e-06
10.38	2.1843588910996914e-06
10.39	2.155313268303871e-06
10.4	2.125161699950695e-06
10.41	2.0953593775629997e-06
10.42	2.0634615793824196e-06
10.43	2.0329607650637627e-06
10.44	2.0039151422679424e-06
10.45	1.9765575416386127e-06
10.46	1.9472790881991386e-06
10.47	1.917709596455097e-06
10.48	1.8904684111475945e-06
10.49	1.8658465705811977e-06
10.5	1.8395367078483105e-06
10.51	1.811946276575327e-06
10.52	1.7854617908596992e-06
10.53	1.7588608898222446e-06
10.54	1.734006218612194e-06
10.55	1.7082784324884415e-06
10.56	1.6829580999910831e-06
10.57	1.6589765436947346e-06
10.58	1.6373232938349247e-06
10.59	1.6121193766593933e-06
10.6	1.5853438526391983e-06
10.61	1.5614205040037632e-06
10.62	1.5396508388221264e-06
10.63	1.516949851065874e-06
10.64	1.495878677815199e-06
10.65	1.472595613449812e-06
10.66	1.4497200027108192e-06
10.67	1.4302204363048077e-06
10.68	1.408217940479517e-06
10.69	1.3869721442461014e-06
10.7	1.3660173863172531e-06
10.71	1.3465178199112415e-06
10.72	1.3257958926260471e-06
10.73	1.3060634955763817e-06
10.74	1.2864475138485432e-06
10.75	1.2677046470344067e-06
10.76	1.250067725777626e-06
10.77	1.228880137205124e-06
10.78	1.2094387784600258e-06
10.79	1.1908123269677162e-06
10.8	1.1739321053028107e-06
10.81	1.1561787687242031e-06
10.82	1.1372030712664127e-06
10.83	1.11869303509593e-06
10.84	1.1024530977010727e-06
10.85	1.0852236300706863e-06
10.86	1.0682852007448673e-06
10.87	1.0522198863327503e-06
10.88	1.0355724953114986e-06
10.89	1.019565388560295e-06
10.9	1.0040239430963993e-06
10.91	9.879586286842823e-07
10.92	9.724171832203865e-07
10.93	9.584473446011543e-07
10.94	9.426730684936047e-07
10.95	9.278883226215839e-07
10.96	9.127543307840824e-07
10.97	8.990755304694176e-07
10.98	8.846982382237911e-07
10.99	8.699717000126839e-07
11.0	8.560600690543652e-07
11.01	8.434290066361427e-07
11.02	8.310889825224876e-07
11.03	8.176430128514767e-07
11.04	8.040224201977253e-07
11.05	7.905182428658009e-07
11.06	7.79458787292242e-07
11.07	7.664784789085388e-07
11.08	7.536145858466625e-07
11.09	7.41973053663969e-07
11.1	7.307971827685833e-07
11.11	7.191556505858898e-07
11.12	7.069320417940617e-07
11.13	6.948248483240604e-07
11.14	6.835907697677612e-07
11.15	6.743357516825199e-07
11.16	6.62636011838913e-07
11.17	6.508198566734791e-07
11.18	6.403424777090549e-07
11.19	6.306217983365059e-07
11.2	6.209011189639568e-07
11.21	6.112386472523212e-07
11.22	6.005284376442432e-07
11.23	5.904585123062134e-07
11.24	5.812617018818855e-07
11.25	5.72472345083952e-07
11.26	5.62518835067749e-07
11.27	5.547772161662579e-07
11.28	5.466281436383724e-07
11.29	5.370238795876503e-07
11.3	5.271285772323608e-07
11.31	5.177571438252926e-07
11.32	5.100155249238014e-07
11.33	5.018082447350025e-07
11.34	4.931935109198093e-07
11.35	4.839967004954815e-07
11.36	4.7619687393307686e-07
11.37	4.6909553930163383e-07
11.38	4.6117929741740227e-07
11.39	4.5320484787225723e-07
11.4	4.4493936002254486e-07
11.41	4.3777981773018837e-07
11.42	4.3032923713326454e-07
11.43	4.232279025018215e-07
11.44	4.163011908531189e-07
11.45	4.097237251698971e-07
11.46	4.0302984416484833e-07
11.47	3.961031325161457e-07
11.48	3.8812868297100067e-07
11.49	3.8137659430503845e-07
11.5	3.752647899091244e-07
11.51	3.686291165649891e-07
11.52	3.6228448152542114e-07
11.53	3.5623088479042053e-07
11.54	3.50060872733593e-07
11.55	3.4424010664224625e-07
11.56	3.3795367926359177e-07
11.57	3.314926289021969e-07
11.58	3.260793164372444e-07
11.59	3.202003426849842e-07
11.6	3.1437957659363747e-07
11.61	3.0850060284137726e-07
11.62	3.030872903764248e-07
11.63	2.978486008942127e-07
11.64	2.9301736503839493e-07
11.65	2.8725480660796165e-07
11.66	2.816668711602688e-07
11.67	2.7741771191358566e-07
11.68	2.725282683968544e-07
11.69	2.671731635928154e-07
11.7	2.6175985112786293e-07
11.71	2.5704503059387207e-07
11.72	2.52679456025362e-07
11.73	2.480810508131981e-07
11.74	2.4295877665281296e-07
11.75	2.387678250670433e-07
11.76	2.3492611944675446e-07
11.77	2.309097908437252e-07
11.78	2.2724270820617676e-07
11.79	2.228771336376667e-07
11.8	2.193264663219452e-07
11.81	2.1525193005800247e-07
11.82	2.1088635548949242e-07
11.83	2.0675361156463623e-07
11.84	2.0320294424891472e-07
11.85	1.9971048459410667e-07
11.86	1.9598519429564476e-07
11.87	1.9132858142256737e-07
11.88	1.878943294286728e-07
11.89	1.8492573872208595e-07
11.9	1.8213177099823952e-07
11.91	1.7817365005612373e-07
11.92	1.7473939806222916e-07
11.93	1.7165439203381538e-07
11.94	1.6827834770083427e-07
11.95	1.6565900295972824e-07
11.96	1.6222475096583366e-07
11.97	1.5960540622472763e-07
11.98	1.568114385008812e-07
11.99	1.541338860988617e-07
12.0	1.5052501112222672e-07
12.01	1.4773104339838028e-07
12.02	1.449952833354473e-07
12.03	1.4266697689890862e-07
12.04	1.4004763215780258e-07
12.05	1.3707904145121574e-07
12.06	1.346343196928501e-07
12.07	1.3230601325631142e-07
12.08	1.2968666851520538e-07
12.09	1.2671807780861855e-07
12.1	1.2415694072842598e-07
12.11	1.2159580364823341e-07
12.12	1.1938391253352165e-07
12.13	1.1699739843606949e-07
12.14	1.1490192264318466e-07
12.15	1.1298106983304024e-07
12.16	1.1111842468380928e-07
12.17	1.0867370292544365e-07
12.18	1.0599615052342415e-07
12.19	1.0395888239145279e-07
12.2	1.0186340659856796e-07
12.21	1.0005896911025047e-07
12.22	9.749783203005791e-08
12.23	9.563518688082695e-08
12.24	9.383074939250946e-08
12.25	9.208451956510544e-08
12.26	8.981442078948021e-08
12.27	8.783536031842232e-08
12.28	8.62637534737587e-08
12.29	8.486676961183548e-08
12.3	8.312053978443146e-08
12.31	8.10832716524601e-08
12.32	7.980270311236382e-08
12.33	7.811468094587326e-08
12.34	7.665948942303658e-08
12.35	7.485505193471909e-08
12.36	7.30506144464016e-08
12.37	7.147900760173798e-08
12.38	7.031485438346863e-08
12.39	6.851041689515114e-08
12.4	6.670597940683365e-08
12.41	6.58910721540451e-08
12.42	6.472691893577576e-08
12.43	6.344635039567947e-08
12.44	6.158370524644852e-08
12.45	6.007030606269836e-08
12.46	5.878973752260208e-08
12.47	5.7800207287073135e-08
12.48	5.617039278149605e-08
12.49	5.494803190231323e-08
12.5	5.384208634495735e-08
12.51	5.3085386753082275e-08
12.52	5.180481821298599e-08
12.53	5.075708031654358e-08
12.54	4.9476511776447296e-08
12.55	4.871981218457222e-08
12.56	4.7904904931783676e-08
12.57	4.644971340894699e-08
12.58	4.5460183173418045e-08
12.59	4.441244527697563e-08
12.6	4.377216100692749e-08
12.61	4.272442311048508e-08
12.62	4.17931005358696e-08
12.63	4.057073965668678e-08
12.64	3.993045538663864e-08
12.65	3.905734047293663e-08
12.66	3.8242433220148087e-08
12.67	3.7369318306446075e-08
12.68	3.6670826375484467e-08
12.69	3.597233444452286e-08
12.7	3.4924596548080444e-08
12.71	3.41096892952919e-08
12.72	3.323657438158989e-08
12.73	3.271270543336868e-08
12.74	3.189779818058014e-08
12.75	3.079185262322426e-08
12.76	3.0209776014089584e-08
12.77	2.9744114726781845e-08
12.78	2.9103830456733704e-08
12.79	2.8405338525772095e-08
12.8	2.7939677238464355e-08
12.81	2.718297764658928e-08
12.82	2.6368070393800735e-08
12.83	2.584420144557953e-08
12.84	2.5320332497358322e-08
12.85	2.468004822731018e-08
12.86	2.444721758365631e-08
12.87	2.3923348635435104e-08
12.88	2.293381839990616e-08
12.89	2.246815711259842e-08
12.9	2.200249582529068e-08
12.91	2.1420419216156006e-08
12.92	2.1012965589761734e-08
12.93	2.0489096641540527e-08
12.94	2.0023435354232788e-08
12.95	1.9615981727838516e-08
12.96	1.8917489796876907e-08
12.97	1.816079020500183e-08
12.98	1.792795956134796e-08
12.99	1.7578713595867157e-08
13.0	1.6996636986732483e-08
13.01	1.658918336033821e-08
13.02	1.6123522073030472e-08
13.03	1.5774276107549667e-08
13.04	1.5425030142068863e-08
13.05	1.5133991837501526e-08
13.06	1.4551915228366852e-08
13.07	1.4260876923799515e-08
13.08	1.414446160197258e-08
13.09	1.3620592653751373e-08
13.1	1.3213139027357101e-08
13.11	1.2689270079135895e-08
13.12	1.2631062418222427e-08
13.13	1.2281816452741623e-08
13.14	1.1816155165433884e-08
13.15	1.1350493878126144e-08
13.16	1.123407855629921e-08
13.17	1.100124791264534e-08
13.18	1.076841726899147e-08
13.19	1.0360963642597198e-08
13.2	1.0128132998943329e-08
13.21	9.953510016202927e-09
13.22	9.604264050722122e-09
13.23	9.313225746154785e-09
13.24	9.022187441587448e-09
13.25	8.847564458847046e-09
13.26	8.556526154279709e-09
13.27	8.32369551062584e-09
13.28	7.8580342233181e-09
13.29	7.741618901491165e-09
13.3	7.683411240577698e-09
13.31	7.508788257837296e-09
13.32	7.2177499532699585e-09
13.33	6.868503987789154e-09
13.34	6.810296326875687e-09
13.35	6.6356733441352844e-09
13.36	6.51925802230835e-09
13.37	6.2282197177410126e-09
13.38	6.170012056827545e-09
13.39	6.05359673500061e-09
13.4	5.820766091346741e-09
13.41	5.587935447692871e-09
13.42	5.413312464952469e-09
13.43	5.3551048040390015e-09
13.44	5.296897143125534e-09
13.45	4.94765117764473e-09
13.46	4.831235855817795e-09
13.47	4.773028194904327e-09
13.48	4.6566128730773926e-09
13.49	4.48198989033699e-09
13.5	4.3655745685100555e-09
13.51	4.190951585769653e-09
13.52	4.132743924856186e-09
13.53	4.0745362639427185e-09
13.54	3.841705620288849e-09
13.55	3.7834979593753815e-09
13.56	3.6670826375484467e-09
13.57	3.6670826375484467e-09
13.58	3.434251993894577e-09
13.59	3.3178366720676422e-09
13.6	3.3178366720676422e-09
13.61	3.3178366720676422e-09
13.62	3.259629011154175e-09
13.63	3.026798367500305e-09
13.64	2.9685907065868378e-09
13.65	2.852175384759903e-09
13.66	2.735760062932968e-09
13.67	2.561137080192566e-09
13.68	2.5029294192790985e-09
13.69	2.5029294192790985e-09
13.7	2.5029294192790985e-09
13.71	2.3865140974521637e-09
13.72	2.3283064365386963e-09
13.73	2.3283064365386963e-09
13.74	2.153683453798294e-09
13.75	2.153683453798294e-09
13.76	1.9208528101444244e-09
13.77	1.8044374883174896e-09
13.78	1.8044374883174896e-09
13.79	1.8044374883174896e-09
13.8	1.6880221664905548e-09
13.81	1.6298145055770874e-09
13.82	1.6298145055770874e-09
13.83	1.57160684466362e-09
13.84	1.4551915228366852e-09
13.85	1.280568540096283e-09
13.86	1.2223608791828156e-09
13.87	1.2223608791828156e-09
13.88	1.2223608791828156e-09
13.89	1.1059455573558807e-09
13.9	1.1059455573558807e-09
13.91	1.0477378964424133e-09
13.92	1.0477378964424133e-09
13.93	9.89530235528946e-10
13.94	8.731149137020111e-10
13.95	8.731149137020111e-10
13.96	8.731149137020111e-10
13.97	8.149072527885437e-10
13.98	7.566995918750763e-10
13.99	7.566995918750763e-10
14.0	7.566995918750763e-10
14.01	7.566995918750763e-10
14.02	6.402842700481415e-10
14.03	5.820766091346741e-10
14.04	5.820766091346741e-10
14.05	5.820766091346741e-10
14.06	5.238689482212067e-10
14.07	5.238689482212067e-10
14.08	5.238689482212067e-10
14.09	5.238689482212067e-10
14.1	4.656612873077393e-10
14.11	4.656612873077393e-10
14.12	4.656612873077393e-10
14.13	4.656612873077393e-10
14.14	4.656612873077393e-10
14.15	4.0745362639427185e-10
14.16	4.0745362639427185e-10
14.17	4.0745362639427185e-10
14.18	4.0745362639427185e-10
14.19	3.4924596548080444e-10
14.2	3.4924596548080444e-10
14.21	3.4924596548080444e-10
14.22	3.4924596548080444e-10
14.23	3.4924596548080444e-10
14.24	3.4924596548080444e-10
14.25	3.4924596548080444e-10
14.26	3.4924596548080444e-10
14.27	3.4924596548080444e-10
14.28	2.3283064365386963e-10
14.29	2.3283064365386963e-10
14.3	2.3283064365386963e-10
14.31	2.3283064365386963e-10
14.32	2.3283064365386963e-10
14.33	2.3283064365386963e-10
14.34	2.3283064365386963e-10
14.35	2.3283064365386963e-10
14.36	2.3283064365386963e-10
14.37	1.1641532182693481e-10
14.38	1.1641532182693481e-10
14.39	1.1641532182693481e-10
14.4	1.1641532182693481e-10
14.41	1.1641532182693481e-10
14.42	1.1641532182693481e-10
14.43	1.1641532182693481e-10
14.44	1.1641532182693481e-10
14.45	1.1641532182693481e-10
14.46	5.820766091346741e-11
14.47	5.820766091346741e-11
14.48	5.820766091346741e-11
14.49	5.820766091346741e-11
14.5	5.820766091346741e-11
14.51	5.820766091346741e-11
14.52	5.820766091346741e-11
14.53	5.820766091346741e-11
14.54	0.0
