5.63	0.0005283355712890625
5.64	0.0004978179931640625
5.65	0.0004978179931640625
5.66	0.0004968643188476562
5.67	0.0004940032958984375
5.68	0.0004940032958984375
5.69	0.0004930496215820312
5.7	0.0004892349243164062
5.71	0.00048828125
5.72	0.00048828125
5.73	0.0004863739013671875
5.74	0.0004863739013671875
5.75	0.000457763671875
5.76	0.0004425048828125
5.77	0.0004425048828125
5.78	0.000438690185546875
5.79	0.000438690185546875
5.8	0.000438690185546875
5.81	0.00043487548828125
5.82	0.0004329681396484375
5.83	0.0004329681396484375
5.84	0.00043201446533203125
5.85	0.00043201446533203125
5.86	0.00043201446533203125
5.87	0.00043201446533203125
5.88	0.00043201446533203125
5.89	0.00042629241943359375
5.9	0.00042247772216796875
5.91	0.00042247772216796875
5.92	0.00042247772216796875
5.93	0.0004215240478515625
5.94	0.000392913818359375
5.95	0.00039196014404296875
5.96	0.00039196014404296875
5.97	0.00039196014404296875
5.98	0.00035762786865234375
5.99	0.00035762786865234375
6.0	0.00035762786865234375
6.01	0.000354766845703125
6.02	0.000354766845703125
6.03	0.00035381317138671875
6.04	0.00035381317138671875
6.05	0.0003108978271484375
6.06	0.00028133392333984375
6.07	0.00028133392333984375
6.08	0.00028133392333984375
6.09	0.00028133392333984375
6.1	0.00028133392333984375
6.11	0.00028133392333984375
6.12	0.00028133392333984375
6.13	0.00028133392333984375
6.14	0.0002803802490234375
6.15	0.0002803802490234375
6.16	0.0002803802490234375
6.17	0.0002803802490234375
6.18	0.0002803802490234375
6.19	0.0002803802490234375
6.2	0.000270843505859375
6.21	0.000270843505859375
6.22	0.000270843505859375
6.23	0.00026702880859375
6.24	0.00026702880859375
6.25	0.00026702880859375
6.26	0.00026702880859375
6.27	0.0002346038818359375
6.28	0.0002288818359375
6.29	0.0002288818359375
6.3	0.0002288818359375
6.31	0.00022125244140625
6.32	0.00022029876708984375
6.33	0.00022029876708984375
6.34	0.00022029876708984375
6.35	0.00019073486328125
6.36	0.00019073486328125
6.37	0.00019073486328125
6.38	0.00018978118896484375
6.39	0.00018978118896484375
6.4	0.00018978118896484375
6.41	0.00018978118896484375
6.42	0.00018596649169921875
6.43	0.00018596649169921875
6.44	0.00018596649169921875
6.45	0.00018596649169921875
6.46	0.00018596649169921875
6.47	0.00018596649169921875
6.48	0.0001850128173828125
6.49	0.0001850128173828125
6.5	0.000179290771484375
6.51	0.000179290771484375
6.52	0.000179290771484375
6.53	0.000171661376953125
6.54	0.0001697540283203125
6.55	0.0001697540283203125
6.56	0.0001697540283203125
6.57	0.0001678466796875
6.58	0.00016307830810546875
6.59	0.00016307830810546875
6.6	0.00016307830810546875
6.61	0.000156402587890625
6.62	0.000156402587890625
6.63	0.000156402587890625
6.64	0.000156402587890625
6.65	0.00015354156494140625
6.66	0.000152587890625
6.67	0.00015163421630859375
6.68	0.00015163421630859375
6.69	0.0001506805419921875
6.7	0.0001220703125
6.71	0.00012111663818359375
6.72	0.00012111663818359375
6.73	0.00012111663818359375
6.74	0.00012111663818359375
6.75	0.00012111663818359375
6.76	0.0001163482666015625
6.77	0.0001163482666015625
6.78	0.00011539459228515625
6.79	0.00011444091796875
6.8	0.00011444091796875
6.81	0.00011444091796875
6.82	0.00011444091796875
6.83	0.00011444091796875
6.84	0.000110626220703125
6.85	0.000110626220703125
6.86	0.000110626220703125
6.87	0.00010776519775390625
6.88	0.00010776519775390625
6.89	0.00010776519775390625
6.9	0.00010776519775390625
6.91	0.00010776519775390625
6.92	0.00010776519775390625
6.93	0.00010395050048828125
6.94	0.00010395050048828125
6.95	9.72747802734375e-05
6.96	9.72747802734375e-05
6.97	9.72747802734375e-05
6.98	9.632110595703125e-05
6.99	9.632110595703125e-05
7.0	6.771087646484375e-05
7.01	6.67572021484375e-05
7.02	6.67572021484375e-05
7.03	6.67572021484375e-05
7.04	6.67572021484375e-05
7.05	6.67572021484375e-05
7.06	6.580352783203125e-05
7.07	6.580352783203125e-05
7.08	6.4849853515625e-05
7.09	6.4849853515625e-05
7.1	6.4849853515625e-05
7.11	6.4849853515625e-05
7.12	6.4849853515625e-05
7.13	6.4849853515625e-05
7.14	6.4849853515625e-05
7.15	6.4849853515625e-05
7.16	6.4849853515625e-05
7.17	6.4849853515625e-05
7.18	6.4849853515625e-05
7.19	6.4849853515625e-05
7.2	6.4849853515625e-05
7.21	6.4849853515625e-05
7.22	6.103515625e-05
7.23	6.103515625e-05
7.24	6.103515625e-05
7.25	5.7220458984375e-05
7.26	5.53131103515625e-05
7.27	5.53131103515625e-05
7.28	5.53131103515625e-05
7.29	5.340576171875e-05
7.3	5.245208740234375e-05
7.31	5.245208740234375e-05
7.32	5.245208740234375e-05
7.33	5.245208740234375e-05
7.34	5.245208740234375e-05
7.35	5.245208740234375e-05
7.36	5.245208740234375e-05
7.37	5.245208740234375e-05
7.38	5.245208740234375e-05
7.39	5.245208740234375e-05
7.4	5.245208740234375e-05
7.41	5.14984130859375e-05
7.42	5.14984130859375e-05
7.43	5.054473876953125e-05
7.44	5.054473876953125e-05
7.45	5.054473876953125e-05
7.46	5.054473876953125e-05
7.47	5.054473876953125e-05
7.48	4.673004150390625e-05
7.49	4.673004150390625e-05
7.5	4.673004150390625e-05
7.51	4.673004150390625e-05
7.52	4.482269287109375e-05
7.53	4.482269287109375e-05
7.54	4.482269287109375e-05
7.55	4.482269287109375e-05
7.56	4.291534423828125e-05
7.57	4.291534423828125e-05
7.58	4.291534423828125e-05
7.59	4.100799560546875e-05
7.6	3.814697265625e-05
7.61	3.814697265625e-05
7.62	3.814697265625e-05
7.63	3.528594970703125e-05
7.64	3.528594970703125e-05
7.65	3.528594970703125e-05
7.66	3.528594970703125e-05
7.67	3.528594970703125e-05
7.68	3.528594970703125e-05
7.69	3.528594970703125e-05
7.7	3.4332275390625e-05
7.71	3.147125244140625e-05
7.72	3.147125244140625e-05
7.73	3.0517578125e-05
7.74	3.0517578125e-05
7.75	3.0517578125e-05
7.76	3.0517578125e-05
7.77	3.0517578125e-05
7.78	3.0517578125e-05
7.79	3.0517578125e-05
7.8	3.0517578125e-05
7.81	3.0517578125e-05
7.82	2.86102294921875e-05
7.83	2.86102294921875e-05
7.84	2.86102294921875e-05
7.85	2.86102294921875e-05
7.86	2.86102294921875e-05
7.87	2.86102294921875e-05
7.88	2.86102294921875e-05
7.89	2.86102294921875e-05
7.9	2.6702880859375e-05
7.91	2.6702880859375e-05
7.92	2.47955322265625e-05
7.93	2.384185791015625e-05
7.94	2.384185791015625e-05
7.95	2.384185791015625e-05
7.96	2.384185791015625e-05
7.97	2.384185791015625e-05
7.98	2.384185791015625e-05
7.99	2.384185791015625e-05
8.0	2.193450927734375e-05
8.01	2.09808349609375e-05
8.02	2.09808349609375e-05
8.03	2.09808349609375e-05
8.04	2.09808349609375e-05
8.05	2.09808349609375e-05
8.06	2.09808349609375e-05
8.07	2.09808349609375e-05
8.08	2.09808349609375e-05
8.09	2.09808349609375e-05
8.1	2.09808349609375e-05
8.11	2.09808349609375e-05
8.12	2.09808349609375e-05
8.13	2.09808349609375e-05
8.14	2.09808349609375e-05
8.15	2.09808349609375e-05
8.16	2.09808349609375e-05
8.17	2.09808349609375e-05
8.18	2.09808349609375e-05
8.19	2.09808349609375e-05
8.2	2.09808349609375e-05
8.21	2.09808349609375e-05
8.22	2.09808349609375e-05
8.23	2.09808349609375e-05
8.24	1.9073486328125e-05
8.25	1.9073486328125e-05
8.26	1.9073486328125e-05
8.27	1.9073486328125e-05
8.28	1.9073486328125e-05
8.29	1.9073486328125e-05
8.3	1.9073486328125e-05
8.31	1.9073486328125e-05
8.32	1.9073486328125e-05
8.33	1.9073486328125e-05
8.34	1.9073486328125e-05
8.35	1.621246337890625e-05
8.36	1.621246337890625e-05
8.37	1.621246337890625e-05
8.38	1.621246337890625e-05
8.39	1.621246337890625e-05
8.4	1.621246337890625e-05
8.41	1.621246337890625e-05
8.42	1.621246337890625e-05
8.43	1.621246337890625e-05
8.44	1.621246337890625e-05
8.45	1.621246337890625e-05
8.46	1.621246337890625e-05
8.47	1.621246337890625e-05
8.48	1.621246337890625e-05
8.49	1.621246337890625e-05
8.5	1.621246337890625e-05
8.51	1.621246337890625e-05
8.52	1.621246337890625e-05
8.53	1.621246337890625e-05
8.54	1.430511474609375e-05
8.55	1.430511474609375e-05
8.56	1.430511474609375e-05
8.57	1.239776611328125e-05
8.58	1.239776611328125e-05
8.59	1.239776611328125e-05
8.6	1.239776611328125e-05
8.61	1.239776611328125e-05
8.62	1.239776611328125e-05
8.63	1.239776611328125e-05
8.64	1.239776611328125e-05
8.65	7.62939453125e-06
8.66	7.62939453125e-06
8.67	7.62939453125e-06
8.68	7.62939453125e-06
8.69	7.62939453125e-06
8.7	7.62939453125e-06
8.71	7.62939453125e-06
8.72	7.62939453125e-06
8.73	7.62939453125e-06
8.74	7.62939453125e-06
8.75	7.62939453125e-06
8.76	7.62939453125e-06
8.77	7.62939453125e-06
8.78	7.62939453125e-06
8.79	7.62939453125e-06
8.8	7.62939453125e-06
8.81	7.62939453125e-06
8.82	7.62939453125e-06
8.83	7.62939453125e-06
8.84	7.62939453125e-06
8.85	7.62939453125e-06
8.86	7.62939453125e-06
8.87	5.7220458984375e-06
8.88	5.7220458984375e-06
8.89	5.7220458984375e-06
8.9	5.7220458984375e-06
8.91	5.7220458984375e-06
8.92	5.7220458984375e-06
8.93	5.7220458984375e-06
8.94	5.7220458984375e-06
8.95	3.814697265625e-06
8.96	3.814697265625e-06
8.97	3.814697265625e-06
8.98	3.814697265625e-06
8.99	3.814697265625e-06
9.0	3.814697265625e-06
9.01	3.814697265625e-06
9.02	3.814697265625e-06
9.03	3.814697265625e-06
9.04	3.814697265625e-06
9.05	3.814697265625e-06
9.06	3.814697265625e-06
9.07	3.814697265625e-06
9.08	3.814697265625e-06
9.09	3.814697265625e-06
9.1	3.814697265625e-06
9.11	3.814697265625e-06
9.12	3.814697265625e-06
9.13	3.814697265625e-06
9.14	3.814697265625e-06
9.15	3.814697265625e-06
9.16	3.814697265625e-06
9.17	3.814697265625e-06
9.18	3.814697265625e-06
9.19	3.814697265625e-06
9.2	3.814697265625e-06
9.21	3.814697265625e-06
9.22	3.814697265625e-06
9.23	3.814697265625e-06
9.24	3.814697265625e-06
9.25	3.814697265625e-06
9.26	3.814697265625e-06
9.27	3.814697265625e-06
9.28	3.814697265625e-06
9.29	3.814697265625e-06
9.3	1.9073486328125e-06
9.31	1.9073486328125e-06
9.32	1.9073486328125e-06
9.33	1.9073486328125e-06
9.34	1.9073486328125e-06
9.35	1.9073486328125e-06
9.36	1.9073486328125e-06
9.37	1.9073486328125e-06
9.38	1.9073486328125e-06
9.39	1.9073486328125e-06
9.4	1.9073486328125e-06
9.41	1.9073486328125e-06
9.42	1.9073486328125e-06
9.43	1.9073486328125e-06
9.44	1.9073486328125e-06
9.45	1.9073486328125e-06
9.46	1.9073486328125e-06
9.47	1.9073486328125e-06
9.48	1.9073486328125e-06
9.49	1.9073486328125e-06
9.5	1.9073486328125e-06
9.51	1.9073486328125e-06
9.52	1.9073486328125e-06
9.53	1.9073486328125e-06
9.54	1.9073486328125e-06
9.55	1.9073486328125e-06
9.56	1.9073486328125e-06
9.57	1.9073486328125e-06
9.58	1.9073486328125e-06
9.59	0.0
