5.49	0.0005017071962356567
5.5	0.0004973113536834717
5.51	0.0004925280809402466
5.52	0.00048823654651641846
5.53	0.00048410892486572266
5.54	0.00047992169857025146
5.55	0.0004757046699523926
5.56	0.00047124922275543213
5.57	0.0004672408103942871
5.58	0.0004633218050003052
5.59	0.00045943260192871094
5.6	0.0004553794860839844
5.61	0.0004513859748840332
5.62	0.0004467815160751343
5.63	0.0004430115222930908
5.64	0.0004390031099319458
5.65	0.0004351884126663208
5.66	0.00043158233165740967
5.67	0.00042763352394104004
5.68	0.00042395293712615967
5.69	0.0004201233386993408
5.7	0.00041607022285461426
5.71	0.00041259825229644775
5.72	0.00040900707244873047
5.73	0.0004057884216308594
5.74	0.00040200352668762207
5.75	0.0003982633352279663
5.76	0.00039477646350860596
5.77	0.0003913193941116333
5.78	0.0003876537084579468
5.79	0.00038407742977142334
5.8	0.0003806203603744507
5.81	0.0003768652677536011
5.82	0.000373154878616333
5.83	0.0003696829080581665
5.84	0.00036665797233581543
5.85	0.00036346912384033203
5.86	0.00035999715328216553
5.87	0.0003565549850463867
5.88	0.0003535151481628418
5.89	0.0003504753112792969
5.9	0.0003471672534942627
5.91	0.0003440976142883301
5.92	0.000341072678565979
5.93	0.00033773481845855713
5.94	0.00033448636531829834
5.95	0.00033149123191833496
5.96	0.00032845139503479004
5.97	0.00032570958137512207
5.98	0.0003226548433303833
5.99	0.0003200024366378784
6.0	0.00031691789627075195
6.01	0.0003139674663543701
6.02	0.0003109574317932129
6.03	0.0003082007169723511
6.04	0.0003055185079574585
6.05	0.0003026127815246582
6.06	0.00029990077018737793
6.07	0.0002970844507217407
6.08	0.0002945065498352051
6.09	0.000291675329208374
6.1	0.00028868019580841064
6.11	0.0002858489751815796
6.12	0.00028312206268310547
6.13	0.0002806633710861206
6.14	0.00027777254581451416
6.15	0.0002750009298324585
6.16	0.0002724379301071167
6.17	0.000270158052444458
6.18	0.0002676844596862793
6.19	0.0002653747797012329
6.2	0.00026300549507141113
6.21	0.0002607405185699463
6.22	0.00025832653045654297
6.23	0.0002556741237640381
6.24	0.000253334641456604
6.25	0.0002511143684387207
6.26	0.0002484321594238281
6.27	0.0002460777759552002
6.28	0.0002437382936477661
6.29	0.00024153292179107666
6.3	0.0002394169569015503
6.31	0.00023715198040008545
6.32	0.00023508071899414062
6.33	0.00023280084133148193
6.34	0.00023052096366882324
6.35	0.0002282857894897461
6.36	0.00022621452808380127
6.37	0.00022402405738830566
6.38	0.0002218484878540039
6.39	0.00021956861019134521
6.4	0.0002173781394958496
6.41	0.00021523237228393555
6.42	0.00021295249462127686
6.43	0.00021119415760040283
6.44	0.0002092421054840088
6.45	0.00020711123943328857
6.46	0.00020483136177062988
6.47	0.00020292401313781738
6.48	0.0002009868621826172
6.49	0.00019921362400054932
6.5	0.00019720196723937988
6.51	0.00019544363021850586
6.52	0.0001935511827468872
6.53	0.00019189715385437012
6.54	0.00018994510173797607
6.55	0.00018815696239471436
6.56	0.00018659234046936035
6.57	0.00018465518951416016
6.58	0.00018300116062164307
6.59	0.00018100440502166748
6.6	0.00017939507961273193
6.61	0.000177726149559021
6.62	0.00017598271369934082
6.63	0.00017432868480682373
6.64	0.00017249584197998047
6.65	0.00017081201076507568
6.66	0.00016920268535614014
6.67	0.00016760826110839844
6.68	0.00016595423221588135
6.69	0.0001643449068069458
6.7	0.0001627504825592041
6.71	0.0001609325408935547
6.72	0.00015935301780700684
6.73	0.0001576840877532959
6.74	0.00015604496002197266
6.75	0.0001544654369354248
6.76	0.00015302002429962158
6.77	0.0001516193151473999
6.78	0.00015018880367279053
6.79	0.00014853477478027344
6.8	0.00014710426330566406
6.81	0.00014577805995941162
6.82	0.00014428794384002686
6.83	0.00014300644397735596
6.84	0.00014169514179229736
6.85	0.00014008581638336182
6.86	0.0001385211944580078
6.87	0.0001369863748550415
6.88	0.00013588368892669678
6.89	0.00013467669486999512
6.9	0.0001332610845565796
6.91	0.000131949782371521
6.92	0.000130578875541687
6.93	0.0001291036605834961
6.94	0.00012770295143127441
6.95	0.00012664496898651123
6.96	0.00012537837028503418
6.97	0.00012420117855072021
6.98	0.0001226663589477539
6.99	0.00012117624282836914
7.0	0.0001201331615447998
7.01	0.00011892616748809814
7.02	0.00011770427227020264
7.03	0.00011654198169708252
7.04	0.00011518597602844238
7.05	0.00011385977268218994
7.06	0.00011254847049713135
7.07	0.00011149048805236816
7.08	0.00011056661605834961
7.09	0.00010935962200164795
7.1	0.0001081228256225586
7.11	0.00010696053504943848
7.12	0.00010594725608825684
7.13	0.0001048743724822998
7.14	0.00010389089584350586
7.15	0.00010260939598083496
7.16	0.00010161101818084717
7.17	0.00010050833225250244
7.18	9.937584400177002e-05
7.19	9.827315807342529e-05
7.2	9.733438491821289e-05
7.21	9.655952453613281e-05
7.22	9.547173976898193e-05
7.23	9.448826313018799e-05
7.24	9.340047836303711e-05
7.25	9.235739707946777e-05
7.26	9.129941463470459e-05
7.27	9.039044380187988e-05
7.28	8.948147296905518e-05
7.29	8.858740329742432e-05
7.3	8.754432201385498e-05
7.31	8.644163608551025e-05
7.32	8.572638034820557e-05
7.33	8.498132228851318e-05
7.34	8.413195610046387e-05
7.35	8.314847946166992e-05
7.36	8.241832256317139e-05
7.37	8.158385753631592e-05
7.38	8.067488670349121e-05
7.39	7.978081703186035e-05
7.4	7.911026477813721e-05
7.41	7.839500904083252e-05
7.42	7.76052474975586e-05
7.43	7.675588130950928e-05
7.44	7.596611976623535e-05
7.45	7.53253698348999e-05
7.46	7.44163990020752e-05
7.47	7.367134094238281e-05
7.48	7.283687591552734e-05
7.49	7.206201553344727e-05
7.5	7.124245166778564e-05
7.51	7.030367851257324e-05
7.52	6.961822509765625e-05
7.53	6.891787052154541e-05
7.54	6.829202175140381e-05
7.55	6.750226020812988e-05
7.56	6.669759750366211e-05
7.57	6.57886266708374e-05
7.58	6.508827209472656e-05
7.59	6.447732448577881e-05
7.6	6.382167339324951e-05
7.61	6.306171417236328e-05
7.62	6.225705146789551e-05
7.63	6.139278411865234e-05
7.64	6.0811638832092285e-05
7.65	6.0230493545532227e-05
7.66	5.97536563873291e-05
7.67	5.9157609939575195e-05
7.68	5.8516860008239746e-05
7.69	5.774199962615967e-05
7.7	5.696713924407959e-05
7.71	5.653500556945801e-05
7.72	5.59687614440918e-05
7.73	5.544722080230713e-05
7.74	5.46872615814209e-05
7.75	5.4076313972473145e-05
7.76	5.346536636352539e-05
7.77	5.291402339935303e-05
7.78	5.2422285079956055e-05
7.79	5.182623863220215e-05
7.8	5.125999450683594e-05
7.81	5.066394805908203e-05
7.82	5.005300045013428e-05
7.83	4.9427151679992676e-05
7.84	4.8980116844177246e-05
7.85	4.8473477363586426e-05
7.86	4.7847628593444824e-05
7.87	4.7206878662109375e-05
7.88	4.6581029891967773e-05
7.89	4.607439041137695e-05
7.9	4.547834396362305e-05
7.91	4.495680332183838e-05
7.92	4.455447196960449e-05
7.93	4.407763481140137e-05
7.94	4.3526291847229004e-05
7.95	4.3019652366638184e-05
7.96	4.252791404724121e-05
7.97	4.209578037261963e-05
7.98	4.166364669799805e-05
7.99	4.120171070098877e-05
8.0	4.075467586517334e-05
8.01	4.0218234062194824e-05
8.02	3.9711594581604004e-05
8.03	3.930926322937012e-05
8.04	3.892183303833008e-05
8.05	3.8489699363708496e-05
8.06	3.8057565689086914e-05
8.07	3.7670135498046875e-05
8.08	3.725290298461914e-05
8.09	3.6776065826416016e-05
8.1	3.6209821701049805e-05
8.11	3.583729267120361e-05
8.12	3.5569071769714355e-05
8.13	3.515183925628662e-05
8.14	3.4675002098083496e-05
8.15	3.4183263778686523e-05
8.16	3.378093242645264e-05
8.17	3.333389759063721e-05
8.18	3.297626972198486e-05
8.19	3.2588839530944824e-05
8.2	3.2141804695129395e-05
8.21	3.170967102050781e-05
8.22	3.1247735023498535e-05
8.23	3.091990947723389e-05
8.24	3.063678741455078e-05
8.25	3.0368566513061523e-05
8.26	2.9921531677246094e-05
8.27	2.9653310775756836e-05
8.28	2.9280781745910645e-05
8.29	2.8952956199645996e-05
8.3	2.8654932975769043e-05
8.31	2.8371810913085938e-05
8.32	2.8058886528015137e-05
8.33	2.7641654014587402e-05
8.34	2.7194619178771973e-05
8.35	2.6881694793701172e-05
8.36	2.6658177375793457e-05
8.37	2.637505531311035e-05
8.38	2.6032328605651855e-05
8.39	2.562999725341797e-05
8.4	2.530217170715332e-05
8.41	2.5078654289245605e-05
8.42	2.4706125259399414e-05
8.43	2.442300319671631e-05
8.44	2.4259090423583984e-05
8.45	2.396106719970703e-05
8.46	2.35140323638916e-05
8.47	2.3230910301208496e-05
8.48	2.300739288330078e-05
8.49	2.275407314300537e-05
8.5	2.238154411315918e-05
8.51	2.2083520889282227e-05
8.52	2.1860003471374512e-05
8.53	2.16066837310791e-05
8.54	2.1278858184814453e-05
8.55	2.1070241928100586e-05
8.56	2.0906329154968262e-05
8.57	2.0757317543029785e-05
8.58	2.0489096641540527e-05
8.59	2.0235776901245117e-05
8.6	2.0071864128112793e-05
8.61	1.9878149032592773e-05
8.62	1.9595026969909668e-05
8.63	1.932680606842041e-05
8.64	1.9103288650512695e-05
8.65	1.8864870071411133e-05
8.66	1.862645149230957e-05
8.67	1.8358230590820312e-05
8.68	1.8090009689331055e-05
8.69	1.7955899238586426e-05
8.7	1.780688762664795e-05
8.71	1.755356788635254e-05
8.72	1.730024814605713e-05
8.73	1.704692840576172e-05
8.74	1.6763806343078613e-05
8.75	1.658499240875244e-05
8.76	1.6421079635620117e-05
8.77	1.621246337890625e-05
8.78	1.5974044799804688e-05
8.79	1.5676021575927734e-05
8.8	1.5422701835632324e-05
8.81	1.5228986740112305e-05
8.82	1.5139579772949219e-05
8.83	1.4975666999816895e-05
8.84	1.4767050743103027e-05
8.85	1.4513731002807617e-05
8.86	1.4349818229675293e-05
8.87	1.4171004295349121e-05
8.88	1.4021992683410645e-05
8.89	1.3902783393859863e-05
8.9	1.3738870620727539e-05
8.91	1.3574957847595215e-05
8.92	1.3366341590881348e-05
8.93	1.3113021850585938e-05
8.94	1.2964010238647461e-05
8.95	1.2829899787902832e-05
8.96	1.2725591659545898e-05
8.97	1.2576580047607422e-05
8.98	1.2308359146118164e-05
8.99	1.2055039405822754e-05
9.0	1.1965632438659668e-05
9.01	1.1816620826721191e-05
9.02	1.1652708053588867e-05
9.03	1.150369644165039e-05
9.04	1.1309981346130371e-05
9.05	1.1101365089416504e-05
9.06	1.0922551155090332e-05
9.07	1.0788440704345703e-05
9.08	1.074373722076416e-05
9.09	1.0475516319274902e-05
9.1	1.0326504707336426e-05
9.11	1.0102987289428711e-05
9.12	9.98377799987793e-06
9.13	9.879469871520996e-06
9.14	9.73045825958252e-06
9.15	9.626150131225586e-06
9.16	9.551644325256348e-06
9.17	9.432435035705566e-06
9.18	9.313225746154785e-06
9.19	9.238719940185547e-06
9.2	9.164214134216309e-06
9.21	9.08970832824707e-06
9.22	8.970499038696289e-06
9.23	8.791685104370117e-06
9.24	8.687376976013184e-06
9.25	8.553266525268555e-06
9.26	8.448958396911621e-06
9.27	8.344650268554688e-06
9.28	8.285045623779297e-06
9.29	8.180737495422363e-06
9.3	8.061528205871582e-06
9.31	7.957220077514648e-06
9.32	7.852911949157715e-06
9.33	7.763504981994629e-06
9.34	7.674098014831543e-06
9.35	7.554888725280762e-06
9.36	7.450580596923828e-06
9.37	7.286667823791504e-06
9.38	7.152557373046875e-06
9.39	7.048249244689941e-06
9.4	6.988644599914551e-06
9.41	6.943941116333008e-06
9.42	6.8247318267822266e-06
9.43	6.660819053649902e-06
9.44	6.586313247680664e-06
9.45	6.511807441711426e-06
9.46	6.4373016357421875e-06
9.47	6.3478946685791016e-06
9.48	6.288290023803711e-06
9.49	6.16908073425293e-06
9.5	6.094574928283691e-06
9.51	6.0051679611206055e-06
9.52	5.9604644775390625e-06
9.53	5.930662155151367e-06
9.54	5.781650543212891e-06
9.55	5.7220458984375e-06
9.56	5.617737770080566e-06
9.57	5.46872615814209e-06
9.58	5.379319190979004e-06
9.59	5.334615707397461e-06
9.6	5.304813385009766e-06
9.61	5.21540641784668e-06
9.62	5.081295967102051e-06
9.63	4.991888999938965e-06
9.64	4.976987838745117e-06
9.65	4.872679710388184e-06
9.66	4.827976226806641e-06
9.67	4.76837158203125e-06
9.68	4.693865776062012e-06
9.69	4.589557647705078e-06
9.7	4.470348358154297e-06
9.71	4.425644874572754e-06
9.72	4.425644874572754e-06
9.73	4.351139068603516e-06
9.74	4.246830940246582e-06
9.75	4.187226295471191e-06
9.76	4.1425228118896484e-06
9.77	4.06801700592041e-06
9.78	4.0084123611450195e-06
9.79	3.978610038757324e-06
9.8	3.919005393981934e-06
9.81	3.889203071594238e-06
9.82	3.7997961044311523e-06
9.83	3.7401914596557617e-06
9.84	3.7401914596557617e-06
9.85	3.7103891372680664e-06
9.86	3.635883331298828e-06
9.87	3.546476364135742e-06
9.88	3.4570693969726562e-06
9.89	3.427267074584961e-06
9.9	3.382563591003418e-06
9.91	3.293156623840332e-06
9.92	3.2782554626464844e-06
9.93	3.248453140258789e-06
9.94	3.203749656677246e-06
9.95	3.1441450119018555e-06
9.96	3.069639205932617e-06
9.97	3.039836883544922e-06
9.98	2.995133399963379e-06
9.99	2.9653310775756836e-06
10.0	2.905726432800293e-06
10.01	2.86102294921875e-06
10.02	2.8014183044433594e-06
10.03	2.7418136596679688e-06
10.04	2.6971101760864258e-06
10.05	2.682209014892578e-06
10.06	2.6673078536987305e-06
10.07	2.637505531311035e-06
10.08	2.5779008865356445e-06
10.09	2.5331974029541016e-06
10.1	2.4884939193725586e-06
10.11	2.4884939193725586e-06
10.12	2.4586915969848633e-06
10.13	2.3990869522094727e-06
10.14	2.339482307434082e-06
10.15	2.3096799850463867e-06
10.16	2.250075340270996e-06
10.17	2.2202730178833008e-06
10.18	2.1904706954956055e-06
10.19	2.16066837310791e-06
10.2	2.115964889526367e-06
10.21	2.086162567138672e-06
10.22	2.0265579223632812e-06
10.23	2.0116567611694336e-06
10.24	1.9818544387817383e-06
10.25	1.952052116394043e-06
10.26	1.8775463104248047e-06
10.27	1.8477439880371094e-06
10.28	1.817941665649414e-06
10.29	1.773238182067871e-06
10.3	1.773238182067871e-06
10.31	1.7583370208740234e-06
10.32	1.7285346984863281e-06
10.33	1.6987323760986328e-06
10.34	1.6391277313232422e-06
10.35	1.6391277313232422e-06
10.36	1.6242265701293945e-06
10.37	1.6093254089355469e-06
10.38	1.564621925354004e-06
10.39	1.5348196029663086e-06
10.4	1.5348196029663086e-06
10.41	1.4901161193847656e-06
10.42	1.4603137969970703e-06
10.43	1.4603137969970703e-06
10.44	1.4603137969970703e-06
10.45	1.430511474609375e-06
10.46	1.3709068298339844e-06
10.47	1.3262033462524414e-06
10.48	1.3113021850585938e-06
10.49	1.3113021850585938e-06
10.5	1.2814998626708984e-06
10.51	1.2516975402832031e-06
10.52	1.2367963790893555e-06
10.53	1.2367963790893555e-06
10.54	1.2218952178955078e-06
10.55	1.2069940567016602e-06
10.56	1.2069940567016602e-06
10.57	1.1771917343139648e-06
10.58	1.1622905731201172e-06
10.59	1.1175870895385742e-06
10.6	1.1026859283447266e-06
10.61	1.1026859283447266e-06
10.62	1.0579824447631836e-06
10.63	1.0579824447631836e-06
10.64	1.0579824447631836e-06
10.65	1.0579824447631836e-06
10.66	1.0281801223754883e-06
10.67	1.0132789611816406e-06
10.68	1.0132789611816406e-06
10.69	9.98377799987793e-07
10.7	9.834766387939453e-07
10.71	9.5367431640625e-07
10.72	9.387731552124023e-07
10.73	9.08970832824707e-07
10.74	8.791685104370117e-07
10.75	8.791685104370117e-07
10.76	8.791685104370117e-07
10.77	8.642673492431641e-07
10.78	8.493661880493164e-07
10.79	8.195638656616211e-07
10.8	7.748603820800781e-07
10.81	7.599592208862305e-07
10.82	7.450580596923828e-07
10.83	7.450580596923828e-07
10.84	7.450580596923828e-07
10.85	6.854534149169922e-07
10.86	6.705522537231445e-07
10.87	6.705522537231445e-07
10.88	6.556510925292969e-07
10.89	6.407499313354492e-07
10.9	6.407499313354492e-07
10.91	6.109476089477539e-07
10.92	5.960464477539062e-07
10.93	5.662441253662109e-07
10.94	5.662441253662109e-07
10.95	5.662441253662109e-07
10.96	5.662441253662109e-07
10.97	5.513429641723633e-07
10.98	5.21540641784668e-07
10.99	5.21540641784668e-07
11.0	5.066394805908203e-07
11.01	4.917383193969727e-07
11.02	4.76837158203125e-07
11.03	4.6193599700927734e-07
11.04	4.6193599700927734e-07
11.05	4.470348358154297e-07
11.06	4.172325134277344e-07
11.07	4.172325134277344e-07
11.08	4.172325134277344e-07
11.09	4.172325134277344e-07
11.1	4.023313522338867e-07
11.11	3.725290298461914e-07
11.12	3.725290298461914e-07
11.13	3.725290298461914e-07
11.14	3.725290298461914e-07
11.15	3.5762786865234375e-07
11.16	3.5762786865234375e-07
11.17	3.5762786865234375e-07
11.18	3.5762786865234375e-07
11.19	3.5762786865234375e-07
11.2	3.5762786865234375e-07
11.21	3.5762786865234375e-07
11.22	3.5762786865234375e-07
11.23	3.427267074584961e-07
11.24	3.427267074584961e-07
11.25	3.427267074584961e-07
11.26	3.427267074584961e-07
11.27	3.427267074584961e-07
11.28	3.2782554626464844e-07
11.29	3.2782554626464844e-07
11.3	3.129243850708008e-07
11.31	3.129243850708008e-07
11.32	3.129243850708008e-07
11.33	2.980232238769531e-07
11.34	2.8312206268310547e-07
11.35	2.8312206268310547e-07
11.36	2.8312206268310547e-07
11.37	2.5331974029541016e-07
11.38	2.5331974029541016e-07
11.39	2.384185791015625e-07
11.4	2.384185791015625e-07
11.41	2.384185791015625e-07
11.42	2.384185791015625e-07
11.43	2.384185791015625e-07
11.44	2.2351741790771484e-07
11.45	2.2351741790771484e-07
11.46	2.2351741790771484e-07
11.47	2.2351741790771484e-07
11.48	2.086162567138672e-07
11.49	1.9371509552001953e-07
11.5	1.9371509552001953e-07
11.51	1.9371509552001953e-07
11.52	1.9371509552001953e-07
11.53	1.9371509552001953e-07
11.54	1.9371509552001953e-07
11.55	1.9371509552001953e-07
11.56	1.9371509552001953e-07
11.57	1.9371509552001953e-07
11.58	1.9371509552001953e-07
11.59	1.9371509552001953e-07
11.6	1.9371509552001953e-07
11.61	1.7881393432617188e-07
11.62	1.4901161193847656e-07
11.63	1.4901161193847656e-07
11.64	1.4901161193847656e-07
11.65	1.341104507446289e-07
11.66	1.341104507446289e-07
11.67	1.341104507446289e-07
11.68	1.341104507446289e-07
11.69	1.341104507446289e-07
11.7	1.1920928955078125e-07
11.71	1.1920928955078125e-07
11.72	1.1920928955078125e-07
11.73	1.1920928955078125e-07
11.74	1.043081283569336e-07
11.75	1.043081283569336e-07
11.76	1.043081283569336e-07
11.77	1.043081283569336e-07
11.78	1.043081283569336e-07
11.79	1.043081283569336e-07
11.8	1.043081283569336e-07
11.81	1.043081283569336e-07
11.82	8.940696716308594e-08
11.83	8.940696716308594e-08
11.84	8.940696716308594e-08
11.85	8.940696716308594e-08
11.86	8.940696716308594e-08
11.87	8.940696716308594e-08
11.88	8.940696716308594e-08
11.89	8.940696716308594e-08
11.9	8.940696716308594e-08
11.91	8.940696716308594e-08
11.92	8.940696716308594e-08
11.93	8.940696716308594e-08
11.94	7.450580596923828e-08
11.95	7.450580596923828e-08
11.96	5.960464477539063e-08
11.97	5.960464477539063e-08
11.98	5.960464477539063e-08
11.99	5.960464477539063e-08
12.0	5.960464477539063e-08
12.01	5.960464477539063e-08
12.02	5.960464477539063e-08
12.03	4.470348358154297e-08
12.04	4.470348358154297e-08
12.05	4.470348358154297e-08
12.06	4.470348358154297e-08
12.07	4.470348358154297e-08
12.08	4.470348358154297e-08
12.09	4.470348358154297e-08
12.1	4.470348358154297e-08
12.11	4.470348358154297e-08
12.12	4.470348358154297e-08
12.13	4.470348358154297e-08
12.14	4.470348358154297e-08
12.15	4.470348358154297e-08
12.16	4.470348358154297e-08
12.17	4.470348358154297e-08
12.18	4.470348358154297e-08
12.19	4.470348358154297e-08
12.2	4.470348358154297e-08
12.21	2.9802322387695312e-08
12.22	2.9802322387695312e-08
12.23	2.9802322387695312e-08
12.24	2.9802322387695312e-08
12.25	2.9802322387695312e-08
12.26	1.4901161193847656e-08
12.27	1.4901161193847656e-08
12.28	1.4901161193847656e-08
12.29	1.4901161193847656e-08
12.3	1.4901161193847656e-08
12.31	1.4901161193847656e-08
12.32	1.4901161193847656e-08
12.33	1.4901161193847656e-08
12.34	1.4901161193847656e-08
12.35	1.4901161193847656e-08
12.36	1.4901161193847656e-08
12.37	1.4901161193847656e-08
12.38	1.4901161193847656e-08
12.39	1.4901161193847656e-08
12.4	1.4901161193847656e-08
12.41	1.4901161193847656e-08
12.42	1.4901161193847656e-08
12.43	1.4901161193847656e-08
12.44	1.4901161193847656e-08
12.45	1.4901161193847656e-08
12.46	1.4901161193847656e-08
12.47	1.4901161193847656e-08
12.48	1.4901161193847656e-08
12.49	1.4901161193847656e-08
12.5	1.4901161193847656e-08
12.51	1.4901161193847656e-08
12.52	1.4901161193847656e-08
12.53	1.4901161193847656e-08
12.54	1.4901161193847656e-08
12.55	1.4901161193847656e-08
12.56	1.4901161193847656e-08
12.57	1.4901161193847656e-08
12.58	1.4901161193847656e-08
12.59	1.4901161193847656e-08
12.6	1.4901161193847656e-08
12.61	1.4901161193847656e-08
12.62	1.4901161193847656e-08
12.63	1.4901161193847656e-08
12.64	1.4901161193847656e-08
12.65	1.4901161193847656e-08
12.66	1.4901161193847656e-08
12.67	1.4901161193847656e-08
12.68	1.4901161193847656e-08
12.69	1.4901161193847656e-08
12.7	1.4901161193847656e-08
12.71	1.4901161193847656e-08
12.72	1.4901161193847656e-08
12.73	1.4901161193847656e-08
12.74	1.4901161193847656e-08
12.75	1.4901161193847656e-08
12.76	1.4901161193847656e-08
12.77	1.4901161193847656e-08
12.78	1.4901161193847656e-08
12.79	1.4901161193847656e-08
12.8	1.4901161193847656e-08
12.81	1.4901161193847656e-08
12.82	1.4901161193847656e-08
12.83	1.4901161193847656e-08
12.84	1.4901161193847656e-08
12.85	0.0
