2.7	0.0005016326904296875
2.71	0.000499427318572998
2.72	0.000496983528137207
2.73	0.0004941225051879883
2.74	0.0004916191101074219
2.75	0.0004891157150268555
2.76	0.00048601627349853516
2.77	0.0004839301109313965
2.78	0.0004807710647583008
2.79	0.00047844648361206055
2.8	0.00047725439071655273
2.81	0.0004743337631225586
2.82	0.00047200918197631836
2.83	0.0004696846008300781
2.84	0.0004677772521972656
2.85	0.00046712160110473633
2.86	0.0004646778106689453
2.87	0.0004622936248779297
2.88	0.0004608631134033203
2.89	0.0004570484161376953
2.9	0.00045621395111083984
2.91	0.0004546642303466797
2.92	0.0004532337188720703
2.93	0.00045102834701538086
2.94	0.0004470944404602051
2.95	0.00044536590576171875
2.96	0.00044292211532592773
2.97	0.0004412531852722168
2.98	0.00043886899948120117
2.99	0.0004354119300842285
3.0	0.0004321932792663574
3.01	0.0004304051399230957
3.02	0.0004296302795410156
3.03	0.00042682886123657227
3.04	0.0004241466522216797
3.05	0.000420987606048584
3.06	0.0004189610481262207
3.07	0.0004176497459411621
3.08	0.00041431188583374023
3.09	0.0004124641418457031
3.1	0.00040858983993530273
3.11	0.0004067420959472656
3.12	0.00040477514266967773
3.13	0.00040262937545776367
3.14	0.00040072202682495117
3.15	0.0003994107246398926
3.16	0.00039768218994140625
3.17	0.00039649009704589844
3.18	0.00039458274841308594
3.19	0.00039309263229370117
3.2	0.00038945674896240234
3.21	0.0003879070281982422
3.22	0.0003859400749206543
3.23	0.00038498640060424805
3.24	0.0003827810287475586
3.25	0.00038164854049682617
3.26	0.0003795623779296875
3.27	0.0003777146339416504
3.28	0.00037664175033569336
3.29	0.0003749728202819824
3.3	0.00037294626235961914
3.31	0.00037163496017456055
3.32	0.000370025634765625
3.33	0.0003681778907775879
3.34	0.0003657341003417969
3.35	0.00036448240280151367
3.36	0.00036150217056274414
3.37	0.0003590583801269531
3.38	0.00035703182220458984
3.39	0.00035494565963745117
3.4	0.0003536343574523926
3.41	0.0003534555435180664
3.42	0.00035190582275390625
3.43	0.0003504157066345215
3.44	0.00034821033477783203
3.45	0.0003466606140136719
3.46	0.0003446340560913086
3.47	0.00034308433532714844
3.48	0.0003407001495361328
3.49	0.0003387928009033203
3.5	0.00033670663833618164
3.51	0.00033599138259887695
3.52	0.0003337860107421875
3.53	0.00033164024353027344
3.54	0.00033080577850341797
3.55	0.00032979249954223633
3.56	0.0003291964530944824
3.57	0.00032782554626464844
3.58	0.00032633543014526367
3.59	0.00032407045364379883
3.6	0.0003216266632080078
3.61	0.0003210306167602539
3.62	0.0003193020820617676
3.63	0.00031745433807373047
3.64	0.0003159642219543457
3.65	0.00031304359436035156
3.66	0.00031244754791259766
3.67	0.00031071901321411133
3.68	0.0003091096878051758
3.69	0.0003069639205932617
3.7	0.0003038644790649414
3.71	0.0003019571304321289
3.72	0.00030112266540527344
3.73	0.000298917293548584
3.74	0.0002976059913635254
3.75	0.00029468536376953125
3.76	0.0002918243408203125
3.77	0.00029081106185913086
3.78	0.00028759241104125977
3.79	0.00028592348098754883
3.8	0.0002855658531188965
3.81	0.00028324127197265625
3.82	0.00028246641159057617
3.83	0.0002803206443786621
3.84	0.000279843807220459
3.85	0.00027883052825927734
3.86	0.00027561187744140625
3.87	0.0002747178077697754
3.88	0.0002722740173339844
3.89	0.0002703666687011719
3.9	0.00026977062225341797
3.91	0.00026744604110717773
3.92	0.0002669095993041992
3.93	0.00026428699493408203
3.94	0.0002624392509460449
3.95	0.00026100873947143555
3.96	0.0002586841583251953
3.97	0.00025719404220581055
3.98	0.000255584716796875
3.99	0.00025391578674316406
4.0	0.00025326013565063477
4.01	0.0002518892288208008
4.02	0.0002503395080566406
4.03	0.0002486705780029297
4.04	0.00024580955505371094
4.05	0.00024455785751342773
4.06	0.0002440810203552246
4.07	0.0002422928810119629
4.08	0.00024110078811645508
4.09	0.00023895502090454102
4.1	0.0002384781837463379
4.11	0.0002378225326538086
4.12	0.00023567676544189453
4.13	0.00023514032363891602
4.14	0.00023412704467773438
4.15	0.0002327561378479004
4.16	0.0002320408821105957
4.17	0.0002315044403076172
4.18	0.00023043155670166016
4.19	0.00022935867309570312
4.2	0.0002275705337524414
4.21	0.00022685527801513672
4.22	0.00022530555725097656
4.23	0.00022494792938232422
4.24	0.0002238750457763672
4.25	0.0002232193946838379
4.26	0.0002224445343017578
4.27	0.00022101402282714844
4.28	0.00021976232528686523
4.29	0.00021761655807495117
4.3	0.0002167820930480957
4.31	0.0002161860466003418
4.32	0.00021451711654663086
4.33	0.00021386146545410156
4.34	0.00021272897720336914
4.35	0.00020992755889892578
4.36	0.00020939111709594727
4.37	0.00020766258239746094
4.38	0.00020629167556762695
4.39	0.00020587444305419922
4.4	0.0002046823501586914
4.41	0.00020432472229003906
4.42	0.0002028942108154297
4.43	0.00020235776901245117
4.44	0.00020122528076171875
4.45	0.00019997358322143555
4.46	0.00019854307174682617
4.47	0.0001971721649169922
4.48	0.00019556283950805664
4.49	0.0001952052116394043
4.5	0.0001946091651916504
4.51	0.0001939535140991211
4.52	0.00019252300262451172
4.53	0.00019109249114990234
4.54	0.0001901388168334961
4.55	0.00018936395645141602
4.56	0.00018870830535888672
4.57	0.00018739700317382812
4.58	0.00018590688705444336
4.59	0.00018543004989624023
4.6	0.00018477439880371094
4.61	0.0001831650733947754
4.62	0.0001818537712097168
4.63	0.00017958879470825195
4.64	0.0001780986785888672
4.65	0.00017756223678588867
4.66	0.0001761317253112793
4.67	0.00017589330673217773
4.68	0.00017446279525756836
4.69	0.0001736283302307129
4.7	0.00017309188842773438
4.71	0.000171661376953125
4.72	0.0001710057258605957
4.73	0.00016921758651733398
4.74	0.0001679062843322754
4.75	0.00016748905181884766
4.76	0.0001665353775024414
4.77	0.00016611814498901367
4.78	0.00016510486602783203
4.79	0.000164031982421875
4.8	0.00016367435455322266
4.81	0.0001627206802368164
4.82	0.00016224384307861328
4.83	0.00016105175018310547
4.84	0.00016075372695922852
4.85	0.00016045570373535156
4.86	0.00015884637832641602
4.87	0.0001582503318786621
4.88	0.00015687942504882812
4.89	0.00015562772750854492
4.9	0.00015527009963989258
4.91	0.0001537799835205078
4.92	0.00015306472778320312
4.93	0.00015270709991455078
4.94	0.00015205144882202148
4.95	0.00015163421630859375
4.96	0.00015038251876831055
4.97	0.00014984607696533203
4.98	0.0001494288444519043
4.99	0.0001481771469116211
5.0	0.00014793872833251953
5.01	0.00014656782150268555
5.02	0.00014513731002807617
5.03	0.00014454126358032227
5.04	0.00014418363571166992
5.05	0.00014287233352661133
5.06	0.00014263391494750977
5.07	0.00014197826385498047
5.08	0.00014144182205200195
5.09	0.00014126300811767578
5.1	0.00014084577560424805
5.11	0.00014024972915649414
5.12	0.00013846158981323242
5.13	0.0001379847526550293
5.14	0.00013756752014160156
5.15	0.00013691186904907227
5.16	0.00013655424118041992
5.17	0.0001354813575744629
5.18	0.00013506412506103516
5.19	0.0001347661018371582
5.2	0.00013405084609985352
5.21	0.000133514404296875
5.22	0.0001322031021118164
5.23	0.0001310110092163086
5.24	0.00013059377670288086
5.25	0.00012987852096557617
5.26	0.00012946128845214844
5.27	0.00012826919555664062
5.28	0.00012701749801635742
5.29	0.0001265406608581543
5.3	0.000125885009765625
5.31	0.00012534856796264648
5.32	0.00012505054473876953
5.33	0.00012385845184326172
5.34	0.0001232624053955078
5.35	0.0001227855682373047
5.36	0.00012236833572387695
5.37	0.00012201070785522461
5.38	0.00012099742889404297
5.39	0.00012069940567016602
5.4	0.00012034177780151367
5.41	0.00011986494064331055
5.42	0.00011938810348510742
5.43	0.00011926889419555664
5.44	0.0001189112663269043
5.45	0.00011837482452392578
5.46	0.00011783838272094727
5.47	0.00011748075485229492
5.48	0.00011652708053588867
5.49	0.00011622905731201172
5.5	0.00011581182479858398
5.51	0.00011533498764038086
5.52	0.00011485815048217773
5.53	0.00011473894119262695
5.54	0.00011438131332397461
5.55	0.00011402368545532227
5.56	0.00011360645294189453
5.57	0.0001131296157836914
5.58	0.00011295080184936523
5.59	0.0001118779182434082
5.6	0.00011146068572998047
5.61	0.00011098384857177734
5.62	0.00010955333709716797
5.63	0.0001093149185180664
5.64	0.00010889768600463867
5.65	0.00010859966278076172
5.66	0.00010848045349121094
5.67	0.00010800361633300781
5.68	0.00010776519775390625
5.69	0.0001074671745300293
5.7	0.00010704994201660156
5.71	0.00010669231414794922
5.72	0.00010567903518676758
5.73	0.00010538101196289062
5.74	0.00010508298873901367
5.75	0.00010472536087036133
5.76	0.0001042485237121582
5.77	0.00010395050048828125
5.78	0.00010371208190917969
5.79	0.00010353326797485352
5.8	0.00010311603546142578
5.81	0.00010269880294799805
5.82	0.00010257959365844727
5.83	0.00010210275650024414
5.84	0.0001017451286315918
5.85	0.00010114908218383789
5.86	0.00010085105895996094
5.87	9.98377799987793e-05
5.88	9.924173355102539e-05
5.89	9.888410568237305e-05
5.9	9.85264778137207e-05
5.91	9.828805923461914e-05
5.92	9.810924530029297e-05
5.93	9.745359420776367e-05
5.94	9.709596633911133e-05
5.95	9.673833847045898e-05
5.96	9.632110595703125e-05
5.97	9.608268737792969e-05
5.98	9.495019912719727e-05
5.99	9.465217590332031e-05
6.0	9.429454803466797e-05
6.01	9.387731552124023e-05
6.02	9.357929229736328e-05
6.03	9.304285049438477e-05
6.04	9.274482727050781e-05
6.05	9.268522262573242e-05
6.06	9.208917617797852e-05
6.07	9.191036224365234e-05
6.08	9.173154830932617e-05
6.09	9.137392044067383e-05
6.1	9.09566879272461e-05
6.11	9.047985076904297e-05
6.12	9.03010368347168e-05
6.13	9.012222290039062e-05
6.14	8.982419967651367e-05
6.15	8.946657180786133e-05
6.16	8.881092071533203e-05
6.17	8.857250213623047e-05
6.18	8.851289749145508e-05
6.19	8.809566497802734e-05
6.2	8.749961853027344e-05
6.21	8.690357208251953e-05
6.22	8.678436279296875e-05
6.23	8.660554885864258e-05
6.24	8.612871170043945e-05
6.25	8.571147918701172e-05
6.26	8.535385131835938e-05
6.27	8.493661880493164e-05
6.28	8.475780487060547e-05
6.29	8.416175842285156e-05
6.3	8.398294448852539e-05
6.31	8.368492126464844e-05
6.32	8.33272933959961e-05
6.33	8.308887481689453e-05
6.34	8.273124694824219e-05
6.35	8.237361907958984e-05
6.36	8.213520050048828e-05
6.37	8.159875869750977e-05
6.38	8.153915405273438e-05
6.39	8.124113082885742e-05
6.4	8.118152618408203e-05
6.41	8.094310760498047e-05
6.42	8.034706115722656e-05
6.43	8.016824722290039e-05
6.44	7.998943328857422e-05
6.45	7.969141006469727e-05
6.46	7.933378219604492e-05
6.47	7.88569450378418e-05
6.48	7.873773574829102e-05
6.49	7.849931716918945e-05
6.5	7.82012939453125e-05
6.51	7.790327072143555e-05
6.52	7.76052474975586e-05
6.53	7.736682891845703e-05
6.54	7.712841033935547e-05
6.55	7.671117782592773e-05
6.56	7.647275924682617e-05
6.57	7.617473602294922e-05
6.58	7.593631744384766e-05
6.59	7.551908493041992e-05
6.6	7.49826431274414e-05
6.61	7.480382919311523e-05
6.62	7.456541061401367e-05
6.63	7.414817810058594e-05
6.64	7.385015487670898e-05
6.65	7.367134094238281e-05
6.66	7.361173629760742e-05
6.67	7.343292236328125e-05
6.68	7.289648056030273e-05
6.69	7.277727127075195e-05
6.7	7.236003875732422e-05
6.71	7.218122482299805e-05
6.72	7.206201553344727e-05
6.73	7.18235969543457e-05
6.74	7.164478302001953e-05
6.75	7.12275505065918e-05
6.76	7.086992263793945e-05
6.77	7.081031799316406e-05
6.78	7.063150405883789e-05
6.79	7.045269012451172e-05
6.8	7.003545761108398e-05
6.81	6.985664367675781e-05
6.82	6.967782974243164e-05
6.83	6.943941116333008e-05
6.84	6.920099258422852e-05
6.85	6.884336471557617e-05
6.86	6.836652755737305e-05
6.87	6.824731826782227e-05
6.88	6.783008575439453e-05
6.89	6.753206253051758e-05
6.9	6.729364395141602e-05
6.91	6.705522537231445e-05
6.92	6.687641143798828e-05
6.93	6.651878356933594e-05
6.94	6.61611557006836e-05
6.95	6.604194641113281e-05
6.96	6.568431854248047e-05
6.97	6.538629531860352e-05
6.98	6.496906280517578e-05
6.99	6.467103958129883e-05
7.0	6.455183029174805e-05
7.01	6.401538848876953e-05
7.02	6.365776062011719e-05
7.03	6.341934204101562e-05
7.04	6.330013275146484e-05
7.05	6.318092346191406e-05
7.06	6.282329559326172e-05
7.07	6.252527236938477e-05
7.08	6.240606307983398e-05
7.09	6.204843521118164e-05
7.1	6.181001663208008e-05
7.11	6.157159805297852e-05
7.12	6.121397018432617e-05
7.13	6.115436553955078e-05
7.14	6.0677528381347656e-05
7.15	6.026029586791992e-05
7.16	6.002187728881836e-05
7.17	5.9664249420166016e-05
7.18	5.9604644775390625e-05
7.19	5.91278076171875e-05
7.2	5.8770179748535156e-05
7.21	5.8591365814208984e-05
7.22	5.841255187988281e-05
7.23	5.805492401123047e-05
7.24	5.7578086853027344e-05
7.25	5.733966827392578e-05
7.26	5.716085433959961e-05
7.27	5.6803226470947266e-05
7.28	5.650520324707031e-05
7.29	5.59687614440918e-05
7.3	5.5789947509765625e-05
7.31	5.5789947509765625e-05
7.32	5.549192428588867e-05
7.33	5.513429641723633e-05
7.34	5.4836273193359375e-05
7.35	5.46574592590332e-05
7.36	5.447864532470703e-05
7.37	5.424022674560547e-05
7.38	5.3882598876953125e-05
7.39	5.370378494262695e-05
7.4	5.340576171875e-05
7.41	5.310773849487305e-05
7.42	5.2869319915771484e-05
7.43	5.269050598144531e-05
7.44	5.263090133666992e-05
7.45	5.233287811279297e-05
7.46	5.179643630981445e-05
7.47	5.155801773071289e-05
7.48	5.143880844116211e-05
7.49	5.125999450683594e-05
7.5	5.1081180572509766e-05
7.51	5.060434341430664e-05
7.52	5.048513412475586e-05
7.53	5.030632019042969e-05
7.54	5.0008296966552734e-05
7.55	4.9591064453125e-05
7.56	4.935264587402344e-05
7.57	4.9233436584472656e-05
7.58	4.887580871582031e-05
7.59	4.845857620239258e-05
7.6	4.8220157623291016e-05
7.61	4.798173904418945e-05
7.62	4.780292510986328e-05
7.63	4.750490188598633e-05
7.64	4.7326087951660156e-05
7.65	4.7087669372558594e-05
7.66	4.696846008300781e-05
7.67	4.684925079345703e-05
7.68	4.655122756958008e-05
7.69	4.6253204345703125e-05
7.7	4.6133995056152344e-05
7.71	4.595518112182617e-05
7.72	4.571676254272461e-05
7.73	4.547834396362305e-05
7.74	4.5239925384521484e-05
7.75	4.506111145019531e-05
7.76	4.494190216064453e-05
7.77	4.4465065002441406e-05
7.78	4.4286251068115234e-05
7.79	4.4286251068115234e-05
7.8	4.410743713378906e-05
7.81	4.38690185546875e-05
7.82	4.369020462036133e-05
7.83	4.3451786041259766e-05
7.84	4.3332576751708984e-05
7.85	4.279613494873047e-05
7.86	4.2557716369628906e-05
7.87	4.220008850097656e-05
7.88	4.202127456665039e-05
7.89	4.178285598754883e-05
7.9	4.1544437408447266e-05
7.91	4.1365623474121094e-05
7.92	4.112720489501953e-05
7.93	4.100799560546875e-05
7.94	4.07099723815918e-05
7.95	4.0411949157714844e-05
7.96	4.017353057861328e-05
7.97	3.981590270996094e-05
7.98	3.975629806518555e-05
7.99	3.9458274841308594e-05
8.0	3.921985626220703e-05
8.01	3.904104232788086e-05
8.02	3.8683414459228516e-05
8.03	3.8564205169677734e-05
8.04	3.838539123535156e-05
8.05	3.832578659057617e-05
8.06	3.826618194580078e-05
8.07	3.802776336669922e-05
8.08	3.790855407714844e-05
8.09	3.7729740142822266e-05
8.1	3.74913215637207e-05
8.11	3.719329833984375e-05
8.12	3.6835670471191406e-05
8.13	3.6656856536865234e-05
8.14	3.641843795776367e-05
8.15	3.629922866821289e-05
8.16	3.594160079956055e-05
8.17	3.5762786865234375e-05
8.18	3.55839729309082e-05
8.19	3.534555435180664e-05
8.2	3.510713577270508e-05
8.21	3.49879264831543e-05
8.22	3.463029861450195e-05
8.23	3.4332275390625e-05
8.24	3.427267074584961e-05
8.25	3.3974647521972656e-05
8.26	3.3795833587646484e-05
8.27	3.349781036376953e-05
8.28	3.30805778503418e-05
8.29	3.3020973205566406e-05
8.3	3.2842159271240234e-05
8.31	3.2782554626464844e-05
8.32	3.272294998168945e-05
8.33	3.236532211303711e-05
8.34	3.224611282348633e-05
8.35	3.2067298889160156e-05
8.36	3.170967102050781e-05
8.37	3.165006637573242e-05
8.38	3.141164779663086e-05
8.39	3.129243850708008e-05
8.4	3.11732292175293e-05
8.41	3.0994415283203125e-05
8.42	3.0875205993652344e-05
8.43	3.069639205932617e-05
8.44	3.057718276977539e-05
8.45	3.039836883544922e-05
8.46	3.0100345611572266e-05
8.47	3.0040740966796875e-05
8.48	2.9921531677246094e-05
8.49	2.9742717742919922e-05
8.5	2.956390380859375e-05
8.51	2.9325485229492188e-05
8.52	2.9265880584716797e-05
8.53	2.8967857360839844e-05
8.54	2.8848648071289062e-05
8.55	2.866983413696289e-05
8.56	2.8431415557861328e-05
8.57	2.8431415557861328e-05
8.58	2.8371810913085938e-05
8.59	2.8014183044433594e-05
8.6	2.7835369110107422e-05
8.61	2.759695053100586e-05
8.62	2.7418136596679688e-05
8.63	2.7358531951904297e-05
8.64	2.7239322662353516e-05
8.65	2.7179718017578125e-05
8.66	2.7060508728027344e-05
8.67	2.682209014892578e-05
8.68	2.676248550415039e-05
8.69	2.6524066925048828e-05
8.7	2.6345252990722656e-05
8.71	2.6226043701171875e-05
8.72	2.586841583251953e-05
8.73	2.574920654296875e-05
8.74	2.568960189819336e-05
8.75	2.5570392608642578e-05
8.76	2.5331974029541016e-05
8.77	2.5212764739990234e-05
8.78	2.5153160095214844e-05
8.79	2.4974346160888672e-05
8.8	2.491474151611328e-05
8.81	2.467632293701172e-05
8.82	2.4437904357910156e-05
8.83	2.4318695068359375e-05
8.84	2.4259090423583984e-05
8.85	2.4080276489257812e-05
8.86	2.378225326538086e-05
8.87	2.3424625396728516e-05
8.88	2.3365020751953125e-05
8.89	2.3245811462402344e-05
8.9	2.3126602172851562e-05
8.91	2.3066997528076172e-05
8.92	2.282857894897461e-05
8.93	2.2649765014648438e-05
8.94	2.2530555725097656e-05
8.95	2.2351741790771484e-05
8.96	2.2292137145996094e-05
8.97	2.2113323211669922e-05
8.98	2.181529998779297e-05
8.99	2.1636486053466797e-05
9.0	2.1517276763916016e-05
9.01	2.1398067474365234e-05
9.02	2.1278858184814453e-05
9.03	2.1159648895263672e-05
9.04	2.104043960571289e-05
9.05	2.092123031616211e-05
9.06	2.086162567138672e-05
9.07	2.0742416381835938e-05
9.08	2.0563602447509766e-05
9.09	2.0325183868408203e-05
9.1	2.014636993408203e-05
9.11	2.002716064453125e-05
9.12	1.9788742065429688e-05
9.13	1.9609928131103516e-05
9.14	1.9490718841552734e-05
9.15	1.9252300262451172e-05
9.16	1.919269561767578e-05
9.17	1.913309097290039e-05
9.18	1.901388168334961e-05
9.19	1.8835067749023438e-05
9.2	1.8656253814697266e-05
9.21	1.8537044525146484e-05
9.22	1.8417835235595703e-05
9.23	1.8298625946044922e-05
9.24	1.823902130126953e-05
9.25	1.806020736694336e-05
9.26	1.7821788787841797e-05
9.27	1.7762184143066406e-05
9.28	1.7702579498291016e-05
9.29	1.7583370208740234e-05
9.3	1.7464160919189453e-05
9.31	1.7344951629638672e-05
9.32	1.7344951629638672e-05
9.33	1.7344951629638672e-05
9.34	1.728534698486328e-05
9.35	1.71661376953125e-05
9.36	1.6927719116210938e-05
9.37	1.6868114471435547e-05
9.38	1.6689300537109375e-05
9.39	1.6689300537109375e-05
9.4	1.6510486602783203e-05
9.41	1.6391277313232422e-05
9.42	1.633167266845703e-05
9.43	1.627206802368164e-05
9.44	1.627206802368164e-05
9.45	1.609325408935547e-05
9.46	1.5795230865478516e-05
9.47	1.5795230865478516e-05
9.48	1.5616416931152344e-05
9.49	1.5556812286376953e-05
9.5	1.537799835205078e-05
9.51	1.52587890625e-05
9.52	1.5139579772949219e-05
9.53	1.4960765838623047e-05
9.54	1.4841556549072266e-05
9.55	1.4781951904296875e-05
9.56	1.4662742614746094e-05
9.57	1.4483928680419922e-05
9.58	1.4424324035644531e-05
9.59	1.436471939086914e-05
9.6	1.430511474609375e-05
9.61	1.424551010131836e-05
9.62	1.4066696166992188e-05
9.63	1.4007091522216797e-05
9.64	1.3828277587890625e-05
9.65	1.3828277587890625e-05
9.66	1.3768672943115234e-05
9.67	1.3768672943115234e-05
9.68	1.3589859008789062e-05
9.69	1.341104507446289e-05
9.7	1.33514404296875e-05
9.71	1.329183578491211e-05
9.72	1.3172626495361328e-05
9.73	1.3113021850585938e-05
9.74	1.2934207916259766e-05
9.75	1.2874603271484375e-05
9.76	1.2636184692382812e-05
9.77	1.2636184692382812e-05
9.78	1.2576580047607422e-05
9.79	1.233816146850586e-05
9.8	1.2278556823730469e-05
9.81	1.2099742889404297e-05
9.82	1.2040138244628906e-05
9.83	1.1920928955078125e-05
9.84	1.1801719665527344e-05
9.85	1.1622905731201172e-05
9.86	1.1444091796875e-05
9.87	1.138448715209961e-05
9.88	1.1324882507324219e-05
9.89	1.1205673217773438e-05
9.9	1.1086463928222656e-05
9.91	1.1026859283447266e-05
9.92	1.1026859283447266e-05
9.93	1.1026859283447266e-05
9.94	1.0848045349121094e-05
9.95	1.0669231414794922e-05
9.96	1.055002212524414e-05
9.97	1.049041748046875e-05
9.98	1.049041748046875e-05
9.99	1.043081283569336e-05
10.0	1.0311603546142578e-05
10.01	1.0251998901367188e-05
10.02	1.0132789611816406e-05
10.03	1.0132789611816406e-05
10.04	1.0073184967041016e-05
10.05	9.953975677490234e-06
10.06	9.953975677490234e-06
10.07	9.834766387939453e-06
10.08	9.775161743164062e-06
10.09	9.655952453613281e-06
10.1	9.59634780883789e-06
10.11	9.47713851928711e-06
10.12	9.357929229736328e-06
10.13	9.238719940185547e-06
10.14	9.179115295410156e-06
10.15	9.119510650634766e-06
10.16	9.059906005859375e-06
10.17	9.000301361083984e-06
10.18	8.940696716308594e-06
10.19	8.940696716308594e-06
10.2	8.821487426757812e-06
10.21	8.64267349243164e-06
10.22	8.64267349243164e-06
10.23	8.463859558105469e-06
10.24	8.404254913330078e-06
10.25	8.285045623779297e-06
10.26	8.285045623779297e-06
10.27	8.165836334228516e-06
10.28	8.046627044677734e-06
10.29	8.046627044677734e-06
10.3	8.046627044677734e-06
10.31	8.046627044677734e-06
10.32	8.046627044677734e-06
10.33	7.927417755126953e-06
10.34	7.808208465576172e-06
10.35	7.68899917602539e-06
10.36	7.68899917602539e-06
10.37	7.62939453125e-06
10.38	7.62939453125e-06
10.39	7.510185241699219e-06
10.4	7.331371307373047e-06
10.41	7.331371307373047e-06
10.42	7.331371307373047e-06
10.43	7.271766662597656e-06
10.44	7.152557373046875e-06
10.45	6.973743438720703e-06
10.46	6.9141387939453125e-06
10.47	6.854534149169922e-06
10.48	6.794929504394531e-06
10.49	6.67572021484375e-06
10.5	6.556510925292969e-06
10.51	6.377696990966797e-06
10.52	6.377696990966797e-06
10.53	6.258487701416016e-06
10.54	6.139278411865234e-06
10.55	6.079673767089844e-06
10.56	6.020069122314453e-06
10.57	6.020069122314453e-06
10.58	6.020069122314453e-06
10.59	5.900859832763672e-06
10.6	5.841255187988281e-06
10.61	5.781650543212891e-06
10.62	5.662441253662109e-06
10.63	5.543231964111328e-06
10.64	5.4836273193359375e-06
10.65	5.4836273193359375e-06
10.66	5.364418029785156e-06
10.67	5.364418029785156e-06
10.68	5.304813385009766e-06
10.69	5.245208740234375e-06
10.7	5.185604095458984e-06
10.71	5.0067901611328125e-06
10.72	4.947185516357422e-06
10.73	4.887580871582031e-06
10.74	4.827976226806641e-06
10.75	4.827976226806641e-06
10.76	4.76837158203125e-06
10.77	4.708766937255859e-06
10.78	4.649162292480469e-06
10.79	4.5299530029296875e-06
10.8	4.470348358154297e-06
10.81	4.410743713378906e-06
10.82	4.351139068603516e-06
10.83	4.351139068603516e-06
10.84	4.231929779052734e-06
10.85	4.172325134277344e-06
10.86	4.172325134277344e-06
10.87	4.172325134277344e-06
10.88	4.0531158447265625e-06
10.89	3.993511199951172e-06
10.9	3.933906555175781e-06
10.91	3.933906555175781e-06
10.92	3.933906555175781e-06
10.93	3.933906555175781e-06
10.94	3.814697265625e-06
10.95	3.7550926208496094e-06
10.96	3.7550926208496094e-06
10.97	3.7550926208496094e-06
10.98	3.6954879760742188e-06
10.99	3.635883331298828e-06
11.0	3.635883331298828e-06
11.01	3.635883331298828e-06
11.02	3.5762786865234375e-06
11.03	3.516674041748047e-06
11.04	3.4570693969726562e-06
11.05	3.3974647521972656e-06
11.06	3.3974647521972656e-06
11.07	3.337860107421875e-06
11.08	3.337860107421875e-06
11.09	3.337860107421875e-06
11.1	3.2186508178710938e-06
11.11	3.0994415283203125e-06
11.12	3.039836883544922e-06
11.13	2.9802322387695312e-06
11.14	2.9802322387695312e-06
11.15	2.9802322387695312e-06
11.16	2.9206275939941406e-06
11.17	2.86102294921875e-06
11.18	2.86102294921875e-06
11.19	2.86102294921875e-06
11.2	2.8014183044433594e-06
11.21	2.682209014892578e-06
11.22	2.6226043701171875e-06
11.23	2.6226043701171875e-06
11.24	2.562999725341797e-06
11.25	2.562999725341797e-06
11.26	2.562999725341797e-06
11.27	2.562999725341797e-06
11.28	2.4437904357910156e-06
11.29	2.384185791015625e-06
11.3	2.384185791015625e-06
11.31	2.384185791015625e-06
11.32	2.3245811462402344e-06
11.33	2.2649765014648438e-06
11.34	2.2649765014648438e-06
11.35	2.2649765014648438e-06
11.36	2.2649765014648438e-06
11.37	2.205371856689453e-06
11.38	2.086162567138672e-06
11.39	1.9669532775878906e-06
11.4	1.9669532775878906e-06
11.41	1.9669532775878906e-06
11.42	1.9073486328125e-06
11.43	1.8477439880371094e-06
11.44	1.8477439880371094e-06
11.45	1.8477439880371094e-06
11.46	1.8477439880371094e-06
11.47	1.7881393432617188e-06
11.48	1.7285346984863281e-06
11.49	1.6689300537109375e-06
11.5	1.6093254089355469e-06
11.51	1.6093254089355469e-06
11.52	1.6093254089355469e-06
11.53	1.6093254089355469e-06
11.54	1.5497207641601562e-06
11.55	1.4901161193847656e-06
11.56	1.4901161193847656e-06
11.57	1.4901161193847656e-06
11.58	1.430511474609375e-06
11.59	1.430511474609375e-06
11.6	1.430511474609375e-06
11.61	1.3709068298339844e-06
11.62	1.3709068298339844e-06
11.63	1.3709068298339844e-06
11.64	1.3113021850585938e-06
11.65	1.2516975402832031e-06
11.66	1.2516975402832031e-06
11.67	1.1920928955078125e-06
11.68	1.1920928955078125e-06
11.69	1.1920928955078125e-06
11.7	1.1920928955078125e-06
11.71	1.1324882507324219e-06
11.72	1.1324882507324219e-06
11.73	1.1324882507324219e-06
11.74	1.1324882507324219e-06
11.75	1.0728836059570312e-06
11.76	1.0728836059570312e-06
11.77	1.0132789611816406e-06
11.78	9.5367431640625e-07
11.79	9.5367431640625e-07
11.8	8.940696716308594e-07
11.81	8.940696716308594e-07
11.82	8.940696716308594e-07
11.83	8.940696716308594e-07
11.84	8.940696716308594e-07
11.85	8.940696716308594e-07
11.86	8.940696716308594e-07
11.87	8.344650268554688e-07
11.88	7.748603820800781e-07
11.89	7.748603820800781e-07
11.9	7.748603820800781e-07
11.91	7.748603820800781e-07
11.92	7.152557373046875e-07
11.93	7.152557373046875e-07
11.94	7.152557373046875e-07
11.95	7.152557373046875e-07
11.96	7.152557373046875e-07
11.97	6.556510925292969e-07
11.98	5.960464477539062e-07
11.99	5.960464477539062e-07
12.0	5.960464477539062e-07
12.01	5.960464477539062e-07
12.02	5.960464477539062e-07
12.03	5.364418029785156e-07
12.04	4.76837158203125e-07
12.05	4.76837158203125e-07
12.06	4.76837158203125e-07
12.07	4.76837158203125e-07
12.08	4.172325134277344e-07
12.09	4.172325134277344e-07
12.1	4.172325134277344e-07
12.11	4.172325134277344e-07
12.12	4.172325134277344e-07
12.13	4.172325134277344e-07
12.14	3.5762786865234375e-07
12.15	3.5762786865234375e-07
12.16	3.5762786865234375e-07
12.17	3.5762786865234375e-07
12.18	3.5762786865234375e-07
12.19	3.5762786865234375e-07
12.2	3.5762786865234375e-07
12.21	3.5762786865234375e-07
12.22	3.5762786865234375e-07
12.23	3.5762786865234375e-07
12.24	2.980232238769531e-07
12.25	2.980232238769531e-07
12.26	2.980232238769531e-07
12.27	2.980232238769531e-07
12.28	2.980232238769531e-07
12.29	2.980232238769531e-07
12.3	2.980232238769531e-07
12.31	2.980232238769531e-07
12.32	2.980232238769531e-07
12.33	2.980232238769531e-07
12.34	2.384185791015625e-07
12.35	2.384185791015625e-07
12.36	2.384185791015625e-07
12.37	1.7881393432617188e-07
12.38	1.7881393432617188e-07
12.39	1.7881393432617188e-07
12.4	1.7881393432617188e-07
12.41	1.7881393432617188e-07
12.42	1.7881393432617188e-07
12.43	1.7881393432617188e-07
12.44	1.7881393432617188e-07
12.45	1.7881393432617188e-07
12.46	1.7881393432617188e-07
12.47	1.1920928955078125e-07
12.48	1.1920928955078125e-07
12.49	1.1920928955078125e-07
12.5	1.1920928955078125e-07
12.51	1.1920928955078125e-07
12.52	1.1920928955078125e-07
12.53	1.1920928955078125e-07
12.54	1.1920928955078125e-07
12.55	1.1920928955078125e-07
12.56	1.1920928955078125e-07
12.57	1.1920928955078125e-07
12.58	1.1920928955078125e-07
12.59	1.1920928955078125e-07
12.6	1.1920928955078125e-07
12.61	1.1920928955078125e-07
12.62	1.1920928955078125e-07
12.63	5.960464477539063e-08
12.64	5.960464477539063e-08
12.65	5.960464477539063e-08
12.66	5.960464477539063e-08
12.67	5.960464477539063e-08
12.68	5.960464477539063e-08
12.69	5.960464477539063e-08
12.7	5.960464477539063e-08
12.71	5.960464477539063e-08
12.72	5.960464477539063e-08
12.73	0.0
