5.65	0.0005029581370763481
5.66	0.0004973927862010896
5.67	0.0004918828490190208
5.68	0.0004864170332439244
5.69	0.0004809444071725011
5.7	0.0004756406997330487
5.71	0.0004703561426140368
5.72	0.0004651150666177273
5.73	0.0004598754458129406
5.74	0.00045477465027943254
5.75	0.00044967368012294173
5.76	0.00044464448001235723
5.77	0.0004396336735226214
5.78	0.0004346754285506904
5.79	0.0004297580453567207
5.8	0.0004249039920978248
5.81	0.0004200926050543785
5.82	0.00041533022886142135
5.83	0.00041062908712774515
5.84	0.0004059679340571165
5.85	0.0004013658035546541
5.86	0.000396791088860482
5.87	0.0003922684118151665
5.88	0.0003877730341628194
5.89	0.00038333231350407004
5.9	0.0003789257607422769
5.91	0.0003745685098692775
5.92	0.000370257708709687
5.93	0.0003659953363239765
5.94	0.00036174041451886296
5.95	0.0003575962036848068
5.96	0.0003534576389938593
5.97	0.00034937000600621104
5.98	0.00034526712261140347
5.99	0.00034128892002627254
6.0	0.00033731217263266444
6.01	0.0003333655768074095
6.02	0.0003294799826107919
6.03	0.00032563635613769293
6.04	0.00032181350979954004
6.05	0.00031804241007193923
6.06	0.0003142993664368987
6.07	0.00031060026958584785
6.08	0.00030693371081724763
6.09	0.00030330062145367265
6.1	0.0002997207338921726
6.11	0.00029616663232445717
6.12	0.00029266095953062177
6.13	0.0002891900367103517
6.14	0.0002857509534806013
6.15	0.0002823412069119513
6.16	0.0002789759309962392
6.17	0.0002756381290964782
6.18	0.00027233146829530597
6.19	0.0002690291148610413
6.2	0.0002658285666257143
6.21	0.0002626272616907954
6.22	0.00025946483947336674
6.23	0.0002563009620644152
6.24	0.00025323976296931505
6.25	0.0002501655835658312
6.26	0.0002471298794262111
6.27	0.0002441315446048975
6.28	0.00024115550331771374
6.29	0.00023823062656447291
6.3	0.00023531803162768483
6.31	0.00023244123440235853
6.32	0.00022959394846111536
6.33	0.00022678181994706392
6.34	0.0002239974564872682
6.35	0.0002212377730756998
6.36	0.00021850649500265718
6.37	0.00021580292377620935
6.38	0.0002131449873559177
6.39	0.00021049589850008488
6.4	0.0002078884863294661
6.41	0.00020531017798930407
6.42	0.00020275736460462213
6.43	0.00020024453988298774
6.44	0.0001977085485123098
6.45	0.00019526376854628325
6.46	0.00019282143330201507
6.47	0.00019039440667256713
6.48	0.0001879726187326014
6.49	0.00018563197227194905
6.5	0.0001832814305089414
6.51	0.00018097530119121075
6.52	0.00017868803115561604
6.53	0.00017642683815211058
6.54	0.00017419271171092987
6.55	0.0001719764550216496
6.56	0.0001697886036708951
6.57	0.00016761856386438012
6.58	0.00016547617269679904
6.59	0.00016335578402504325
6.6	0.00016126985428854823
6.61	0.0001591964391991496
6.62	0.00015714881010353565
6.63	0.00015512557001784444
6.64	0.00015312759205698967
6.65	0.00015115016140043736
6.66	0.00014918710803613067
6.67	0.00014725129585713148
6.68	0.00014534196816384792
6.69	0.00014345190720632672
6.7	0.0001415915321558714
6.71	0.0001397455926053226
6.72	0.00013791595119982958
6.73	0.0001361163449473679
6.74	0.00013432628475129604
6.75	0.00013256102101877332
6.76	0.0001308131031692028
6.77	0.0001290790969505906
6.78	0.00012737128417938948
6.79	0.00012568954844027758
6.8	0.0001240303390659392
6.81	0.00012238509953022003
6.82	0.00012076209532096982
6.83	0.0001191520132124424
6.84	0.00011756899766623974
6.85	0.00011598982382565737
6.86	0.00011444115079939365
6.87	0.00011290720431134105
6.88	0.0001113812904804945
6.89	0.00010988902067765594
6.9	0.00010840949835255742
6.91	0.00010694906814023852
6.92	0.00010550318984314799
6.93	0.0001040760544128716
6.94	0.00010266469325870275
6.95	0.00010127597488462925
6.96	9.989470709115267e-05
6.97	9.852909715846181e-05
6.98	9.717943612486124e-05
6.99	9.584554936736822e-05
7.0	9.453995153307915e-05
7.01	9.32457041926682e-05
7.02	9.195896564051509e-05
7.03	9.06948116607964e-05
7.04	8.944165892899036e-05
7.05	8.820131188258529e-05
7.06	8.697796147316694e-05
7.07	8.577009430155158e-05
7.08	8.457334479317069e-05
7.09	8.339755004271865e-05
7.1	8.223525946959853e-05
7.11	8.109089685603976e-05
7.12	7.99591070972383e-05
7.13	7.884000660851598e-05
7.14	7.77349341660738e-05
7.15	7.663905853405595e-05
7.16	7.55604705773294e-05
7.17	7.44903227314353e-05
7.18	7.343490142375231e-05
7.19	7.239339174702764e-05
7.2	7.136835483834147e-05
7.21	7.035495946183801e-05
7.22	6.935495184734464e-05
7.23	6.836513057351112e-05
7.24	6.738578667864203e-05
7.25	6.641930667683482e-05
7.26	6.546650547534227e-05
7.27	6.452819798141718e-05
7.28	6.359576946124434e-05
7.29	6.267655408009887e-05
7.3	6.177305476740003e-05
7.31	6.0878286603838205e-05
7.32	5.9997604694217443e-05
7.33	5.912291817367077e-05
7.34	5.826022243127227e-05
7.35	5.740963388234377e-05
7.36	5.657278234139085e-05
7.37	5.575036630034447e-05
7.38	5.493336357176304e-05
7.39	5.4128002375364304e-05
7.4	5.333253648132086e-05
7.41	5.255016731098294e-05
7.42	5.177769344300032e-05
7.43	5.101127317175269e-05
7.44	5.0255737733095884e-05
7.45	4.950410220772028e-05
7.46	4.877097671851516e-05
7.47	4.8042216803878546e-05
7.48	4.732835805043578e-05
7.49	4.6619505155831575e-05
7.5	4.59215953014791e-05
7.51	4.5235909055918455e-05
7.52	4.4549291487783194e-05
7.53	4.388362867757678e-05
7.54	4.321668529883027e-05
7.55	4.256336251273751e-05
7.56	4.19201678596437e-05
7.57	4.128512227907777e-05
7.58	4.065851680934429e-05
7.59	4.004070069640875e-05
7.6	3.942777402698994e-05
7.61	3.882905002683401e-05
7.62	3.823271254077554e-05
7.63	3.764824941754341e-05
7.64	3.7067802622914314e-05
7.65	3.649794962257147e-05
7.66	3.5933509934693575e-05
7.67	3.5380711778998375e-05
7.68	3.4838682040572166e-05
7.69	3.429589560255408e-05
7.7	3.376684617251158e-05
7.71	3.3237680327147245e-05
7.72	3.2718933653086424e-05
7.73	3.221008228138089e-05
7.74	3.1702336855232716e-05
7.75	3.120338078588247e-05
7.76	3.0712748412042856e-05
7.77	3.0227587558329105e-05
7.78	2.9754533898085356e-05
7.79	2.9284157790243626e-05
7.8	2.882175613194704e-05
7.81	2.8365349862724543e-05
7.82	2.7911679353564978e-05
7.83	2.747058169916272e-05
7.84	2.7029833290725946e-05
7.85	2.659746678546071e-05
7.86	2.6170979253947735e-05
7.87	2.575205871835351e-05
7.88	2.533860970288515e-05
7.89	2.4932145606726408e-05
7.9	2.4532782845199108e-05
7.91	2.4134700652211905e-05
7.92	2.374348696321249e-05
7.93	2.3358617909252644e-05
7.94	2.298015169799328e-05
7.95	2.2603722754865885e-05
7.96	2.2230728063732386e-05
7.97	2.18720524571836e-05
7.98	2.1513551473617554e-05
7.99	2.1164596546441317e-05
8.0	2.0816456526517868e-05
8.01	2.0470877643674612e-05
8.02	2.0131468772888184e-05
8.03	1.9796367269009352e-05
8.04	1.9468425307422876e-05
8.05	1.914164749905467e-05
8.06	1.8824764993041754e-05
8.07	1.850927947089076e-05
8.08	1.8202874343842268e-05
8.09	1.7901533283293247e-05
8.1	1.760228769853711e-05
8.11	1.7310085240751505e-05
8.12	1.701555447652936e-05
8.13	1.6724341548979282e-05
8.14	1.6441394109278917e-05
8.15	1.6162695828825235e-05
8.16	1.5891913790255785e-05
8.17	1.5623518265783787e-05
8.18	1.5358731616288424e-05
8.19	1.5097553841769695e-05
8.2	1.4838413335382938e-05
8.21	1.4583638403564692e-05
8.22	1.4335033483803272e-05
8.23	1.4089455362409353e-05
8.24	1.3844226486980915e-05
8.25	1.3605225831270218e-05
8.26	1.3369484804570675e-05
8.27	1.3138807844370604e-05
8.28	1.2910226359963417e-05
8.29	1.2684904504567385e-05
8.3	1.2467789929360151e-05
8.31	1.2246717233210802e-05
8.32	1.203181454911828e-05
8.33	1.1819589417427778e-05
8.34	1.1610391084104776e-05
8.35	1.1408934369683266e-05
8.36	1.1204974725842476e-05
8.37	1.1006253771483898e-05
8.38	1.0812771506607533e-05
8.39	1.0621035471558571e-05
8.4	1.0434945579618216e-05
8.41	1.0249728802591562e-05
8.42	1.0064395610243082e-05
8.43	9.887502528727055e-06
8.44	9.707116987556219e-06
8.45	9.532959666103125e-06
8.46	9.359384421259165e-06
8.47	9.192677680402994e-06
8.48	9.026320185512304e-06
8.49	8.863164111971855e-06
8.5	8.702685590833426e-06
8.51	8.542905561625957e-06
8.52	8.389819413423538e-06
8.53	8.234521374106407e-06
8.54	8.083530701696873e-06
8.55	7.93510116636753e-06
8.56	7.786555215716362e-06
8.57	7.644470315426588e-06
8.58	7.502851076424122e-06
8.59	7.363385520875454e-06
8.6	7.228227332234383e-06
8.61	7.0927198976278305e-06
8.62	6.959366146475077e-06
8.63	6.8284571170806885e-06
8.64	6.702786777168512e-06
8.65	6.577465683221817e-06
8.66	6.455346010625362e-06
8.67	6.335962098091841e-06
8.68	6.216811016201973e-06
8.69	6.098649464547634e-06
8.7	5.983281880617142e-06
8.71	5.868379957973957e-06
8.72	5.756504833698273e-06
8.73	5.647423677146435e-06
8.74	5.539448466151953e-06
8.75	5.433277692645788e-06
8.76	5.328736733645201e-06
8.77	5.226873327046633e-06
8.78	5.128094926476479e-06
8.79	5.029025487601757e-06
8.8	4.929723218083382e-06
8.81	4.833156708627939e-06
8.82	4.737754352390766e-06
8.83	4.647183232009411e-06
8.84	4.556437488645315e-06
8.85	4.465517122298479e-06
8.86	4.37907874584198e-06
8.87	4.293746314942837e-06
8.88	4.20835567638278e-06
8.89	4.126166459172964e-06
8.9	4.045839887112379e-06
8.91	3.964873030781746e-06
8.92	3.887806087732315e-06
8.93	3.809866029769182e-06
8.94	3.734603524208069e-06
8.95	3.6605633795261383e-06
8.96	3.5866396501660347e-06
8.97	3.516674041748047e-06
8.98	3.444729372859001e-06
8.99	3.374123480170965e-06
9.0	3.3068936318159103e-06
9.01	3.2398966141045094e-06
9.02	3.173714503645897e-06
9.03	3.1085219234228134e-06
9.04	3.044202458113432e-06
9.05	2.9828515835106373e-06
9.06	2.9212678782641888e-06
9.07	2.862769179046154e-06
9.08	2.803630195558071e-06
9.09	2.7464120648801327e-06
9.1	2.689426764845848e-06
9.11	2.631393726915121e-06
9.12	2.575863618403673e-06
9.13	2.5221961550414562e-06
9.14	2.471613697707653e-06
9.15	2.4202163331210613e-06
9.16	2.3695174604654312e-06
9.17	2.3202737793326378e-06
9.18	2.272368874400854e-06
9.19	2.2256863303482533e-06
9.2	2.1787709556519985e-06
9.21	2.131389919668436e-06
9.22	2.0862207747995853e-06
9.23	2.040585968643427e-06
9.24	1.9984436221420765e-06
9.25	1.9548460841178894e-06
9.26	1.9134022295475006e-06
9.27	1.8730061128735542e-06
9.28	1.8317950889468193e-06
9.29	1.7923302948474884e-06
9.3	1.7522252164781094e-06
9.31	1.7138663679361343e-06
9.32	1.6757985576987267e-06
9.33	1.63959339261055e-06
9.34	1.602980773895979e-06
9.35	1.5691621229052544e-06
9.36	1.534237526357174e-06
9.37	1.5014666132628918e-06
9.38	1.4683464542031288e-06
9.39	1.4352845028042793e-06
9.4	1.4049583114683628e-06
9.41	1.3736425898969173e-06
9.42	1.341337338089943e-06
9.43	1.3119424693286419e-06
9.44	1.282314769923687e-06
9.45	1.2551317922770977e-06
9.46	1.2272503226995468e-06
9.47	1.1994852684438229e-06
9.48	1.1731171980500221e-06
9.49	1.1465162970125675e-06
9.5	1.1203810572624207e-06
9.51	1.0951189324259758e-06
9.52	1.0691001079976559e-06
9.53	1.0443618521094322e-06
9.54	1.0201474651694298e-06
9.55	9.959912858903408e-07
9.56	9.728246368467808e-07
9.57	9.515206329524517e-07
9.58	9.299837984144688e-07
9.59	9.07224602997303e-07
9.6	8.865026757121086e-07
9.61	8.655479177832603e-07
9.62	8.467468433082104e-07
9.63	8.266652002930641e-07
9.64	8.073984645307064e-07
9.65	7.887138053774834e-07
9.66	7.689814083278179e-07
9.67	7.518683560192585e-07
9.68	7.337657734751701e-07
9.69	7.16187059879303e-07
9.7	6.997724995017052e-07
9.71	6.823684088885784e-07
9.72	6.664777174592018e-07
9.73	6.503541953861713e-07
9.74	6.351037882268429e-07
9.75	6.206100806593895e-07
9.76	6.051850505173206e-07
9.77	5.899346433579922e-07
9.78	5.753245204687119e-07
9.79	5.604815669357777e-07
9.8	5.472102202475071e-07
9.81	5.340552888810635e-07
9.82	5.20551111549139e-07
9.83	5.073379725217819e-07
9.84	4.951725713908672e-07
9.85	4.825415089726448e-07
9.86	4.7119101509451866e-07
9.87	4.591420292854309e-07
9.88	4.470348358154297e-07
9.89	4.3708132579922676e-07
9.9	4.252651706337929e-07
9.91	4.147295840084553e-07
9.92	4.0425220504403114e-07
9.93	3.945315256714821e-07
9.94	3.8510188460350037e-07
9.95	3.7509016692638397e-07
9.96	3.650202415883541e-07
9.97	3.5617267712950706e-07
9.98	3.4674303606152534e-07
9.99	3.373133949935436e-07
10.0	3.2904790714383125e-07
10.01	3.202003426849842e-07
10.02	3.119930624961853e-07
10.03	3.0390219762921333e-07
10.04	2.9598595574498177e-07
10.05	2.8865179046988487e-07
10.06	2.810847945511341e-07
10.07	2.734595909714699e-07
10.08	2.6565976440906525e-07
10.09	2.5832559913396835e-07
10.1	2.512824721634388e-07
10.11	2.4458859115839005e-07
10.12	2.3818574845790863e-07
10.13	2.3201573640108109e-07
10.14	2.25903932005167e-07
10.15	2.2031599655747414e-07
10.16	2.1420419216156006e-07
10.17	2.087908796966076e-07
10.18	2.0308652892708778e-07
10.19	1.971493475139141e-07
10.2	1.916196197271347e-07
10.21	1.864391379058361e-07
10.22	1.812586560845375e-07
10.23	1.7677666619420052e-07
10.24	1.7241109162569046e-07
10.25	1.6746344044804573e-07
10.26	1.626904122531414e-07
10.27	1.5797559171915054e-07
10.28	1.5314435586333275e-07
10.29	1.4918623492121696e-07
10.3	1.4493707567453384e-07
10.31	1.4068791642785072e-07
10.32	1.371372491121292e-07
10.33	1.3230601325631142e-07
10.34	1.2916279956698418e-07
10.35	1.2561213225126266e-07
10.36	1.2182863429188728e-07
10.37	1.1862721294164658e-07
10.38	1.1507654562592506e-07
10.39	1.1117663234472275e-07
10.4	1.0797521099448204e-07
10.41	1.050066202878952e-07
10.42	1.0209623724222183e-07
10.43	9.918585419654846e-08
10.44	9.610084816813469e-08
10.45	9.359791874885559e-08
10.46	9.103678166866302e-08
10.47	8.865026757121086e-08
10.48	8.597271516919136e-08
10.49	8.364440873265266e-08
10.5	8.055940270423889e-08
10.51	7.834751158952713e-08
10.52	7.57281668484211e-08
10.53	7.334165275096893e-08
10.54	7.12461769580841e-08
10.55	6.915070116519928e-08
10.56	6.693881005048752e-08
10.57	6.472691893577576e-08
10.58	6.263144314289093e-08
10.59	6.059417501091957e-08
10.6	5.8731529861688614e-08
10.61	5.675246939063072e-08
10.62	5.477340891957283e-08
10.63	5.3085386753082275e-08
10.64	5.157198756933212e-08
10.65	4.9942173063755035e-08
10.66	4.854518920183182e-08
10.67	4.6798959374427795e-08
10.68	4.528556019067764e-08
10.69	4.394678398966789e-08
10.7	4.243338480591774e-08
10.71	4.115281626582146e-08
10.72	4.016328603029251e-08
10.73	3.8940925151109695e-08
10.74	3.771856427192688e-08
10.75	3.632158041000366e-08
10.76	3.486638888716698e-08
10.77	3.3760443329811096e-08
10.78	3.2654497772455215e-08
10.79	3.16067598760128e-08
10.8	3.0675437301397324e-08
10.81	2.939486876130104e-08
10.82	2.8230715543031693e-08
10.83	2.735760062932968e-08
10.84	2.648448571562767e-08
10.85	2.5436747819185257e-08
10.86	2.4563632905483246e-08
10.87	2.35741026699543e-08
10.88	2.287561073899269e-08
10.89	2.223532646894455e-08
10.9	2.153683453798294e-08
10.91	2.10711732506752e-08
10.92	2.043088898062706e-08
10.93	1.9441358745098114e-08
10.94	1.885928213596344e-08
10.95	1.8102582544088364e-08
10.96	1.7462298274040222e-08
10.97	1.7171259969472885e-08
10.98	1.641456037759781e-08
10.99	1.594889909029007e-08
11.0	1.5308614820241928e-08
11.01	1.4668330550193787e-08
11.02	1.4202669262886047e-08
11.03	1.3737007975578308e-08
11.04	1.3271346688270569e-08
11.05	1.2747477740049362e-08
11.06	1.2165401130914688e-08
11.07	1.1583324521780014e-08
11.08	1.1292286217212677e-08
11.09	1.0710209608078003e-08
11.1	1.0186340659856796e-08
11.11	9.837094694375992e-09
11.12	9.42964106798172e-09
11.13	9.080395102500916e-09
11.14	8.847564458847046e-09
11.15	8.672941476106644e-09
11.16	8.32369551062584e-09
11.17	7.974449545145035e-09
11.18	7.62520357966423e-09
11.19	7.275957614183426e-09
11.2	6.984919309616089e-09
11.21	6.868503987789154e-09
11.22	6.693881005048752e-09
11.23	6.461050361394882e-09
11.24	6.05359673500061e-09
11.25	5.762558430433273e-09
11.26	5.471520125865936e-09
11.27	5.180481821298599e-09
11.28	5.005858838558197e-09
11.29	4.773028194904327e-09
11.3	4.48198989033699e-09
11.31	4.307366907596588e-09
11.32	4.190951585769653e-09
11.33	4.016328603029251e-09
11.34	3.841705620288849e-09
11.35	3.6088749766349792e-09
11.36	3.259629011154175e-09
11.37	3.0850060284137726e-09
11.38	2.9103830456733704e-09
11.39	2.9103830456733704e-09
11.4	2.9103830456733704e-09
11.41	2.735760062932968e-09
11.42	2.6775524020195007e-09
11.43	2.5029294192790985e-09
11.44	2.3865140974521637e-09
11.45	2.3283064365386963e-09
11.46	2.270098775625229e-09
11.47	2.0954757928848267e-09
11.48	2.0954757928848267e-09
11.49	1.9208528101444244e-09
11.5	1.8044374883174896e-09
11.51	1.6880221664905548e-09
11.52	1.57160684466362e-09
11.53	1.57160684466362e-09
11.54	1.4551915228366852e-09
11.55	1.3387762010097504e-09
11.56	1.280568540096283e-09
11.57	1.280568540096283e-09
11.58	1.2223608791828156e-09
11.59	1.2223608791828156e-09
11.6	1.1059455573558807e-09
11.61	1.0477378964424133e-09
11.62	9.313225746154785e-10
11.63	9.313225746154785e-10
11.64	9.313225746154785e-10
11.65	9.313225746154785e-10
11.66	8.731149137020111e-10
11.67	8.731149137020111e-10
11.68	7.566995918750763e-10
11.69	7.566995918750763e-10
11.7	6.984919309616089e-10
11.71	6.984919309616089e-10
11.72	6.984919309616089e-10
11.73	6.402842700481415e-10
11.74	6.402842700481415e-10
11.75	5.820766091346741e-10
11.76	5.820766091346741e-10
11.77	5.238689482212067e-10
11.78	5.238689482212067e-10
11.79	4.0745362639427185e-10
11.8	4.0745362639427185e-10
11.81	3.4924596548080444e-10
11.82	3.4924596548080444e-10
11.83	3.4924596548080444e-10
11.84	2.9103830456733704e-10
11.85	2.9103830456733704e-10
11.86	2.3283064365386963e-10
11.87	2.3283064365386963e-10
11.88	2.3283064365386963e-10
11.89	2.3283064365386963e-10
11.9	2.3283064365386963e-10
11.91	2.3283064365386963e-10
11.92	1.7462298274040222e-10
11.93	1.1641532182693481e-10
11.94	1.1641532182693481e-10
11.95	1.1641532182693481e-10
11.96	1.1641532182693481e-10
11.97	1.1641532182693481e-10
11.98	1.1641532182693481e-10
11.99	1.1641532182693481e-10
12.0	1.1641532182693481e-10
12.01	1.1641532182693481e-10
12.02	1.1641532182693481e-10
12.03	5.820766091346741e-11
12.04	0.0
