5.55	0.0005035512149333954
5.56	0.000497136265039444
5.57	0.0004912726581096649
5.58	0.00048580393195152283
5.59	0.00048020854592323303
5.6	0.0004739686846733093
5.61	0.0004679262638092041
5.62	0.0004625245928764343
5.63	0.0004572272300720215
5.64	0.0004518777132034302
5.65	0.0004460141062736511
5.66	0.00044026970863342285
5.67	0.00043520331382751465
5.68	0.00043001025915145874
5.69	0.0004247985780239105
5.7	0.00041943788528442383
5.71	0.0004146471619606018
5.72	0.00040928274393081665
5.73	0.00040423497557640076
5.74	0.0003991164267063141
5.75	0.0003941468894481659
5.76	0.00038941577076911926
5.77	0.0003847256302833557
5.78	0.00037962570786476135
5.79	0.0003747791051864624
5.8	0.00037025660276412964
5.81	0.00036584585905075073
5.82	0.0003609508275985718
5.83	0.00035631656646728516
5.84	0.00035173073410987854
5.85	0.00034761056303977966
5.86	0.00034339725971221924
5.87	0.0003387928009033203
5.88	0.0003344230353832245
5.89	0.00033008307218551636
5.9	0.00032612308859825134
5.91	0.0003219135105609894
5.92	0.0003179982304573059
5.93	0.00031398236751556396
5.94	0.0003099478781223297
5.95	0.00030608102679252625
5.96	0.00030180811882019043
5.97	0.00029791146516799927
5.98	0.000294320285320282
5.99	0.0002910047769546509
6.0	0.0002869628369808197
6.01	0.00028309598565101624
6.02	0.0002797245979309082
6.03	0.00027623027563095093
6.04	0.0002727620303630829
6.05	0.0002690926194190979
6.06	0.00026545673608779907
6.07	0.0002622343599796295
6.08	0.0002591758966445923
6.09	0.0002558007836341858
6.1	0.0002522207796573639
6.11	0.0002489909529685974
6.12	0.00024584680795669556
6.13	0.00024266541004180908
6.14	0.00023967400193214417
6.15	0.00023647397756576538
6.16	0.0002334192395210266
6.17	0.00023037195205688477
6.18	0.00022738054394721985
6.19	0.00022404640913009644
6.2	0.00022134184837341309
6.21	0.00021855905652046204
6.22	0.00021575018763542175
6.23	0.00021266937255859375
6.24	0.00020970404148101807
6.25	0.00020708516240119934
6.26	0.00020436197519302368
6.27	0.00020172074437141418
6.28	0.00019872188568115234
6.29	0.00019602850079536438
6.3	0.0001935809850692749
6.31	0.00019082054495811462
6.32	0.00018836557865142822
6.33	0.00018577277660369873
6.34	0.00018329545855522156
6.35	0.00018089637160301208
6.36	0.00017837807536125183
6.37	0.00017585977911949158
6.38	0.0001735985279083252
6.39	0.00017143785953521729
6.4	0.0001690015196800232
6.41	0.00016647577285766602
6.42	0.00016442686319351196
6.43	0.00016223639249801636
6.44	0.00016007572412490845
6.45	0.00015781447291374207
6.46	0.00015562772750854492
6.47	0.00015341117978096008
6.48	0.00015159323811531067
6.49	0.0001495666801929474
6.5	0.0001473352313041687
6.51	0.00014526396989822388
6.52	0.00014323368668556213
6.53	0.00014133378863334656
6.54	0.00013926997780799866
6.55	0.00013739988207817078
6.56	0.00013543292880058289
6.57	0.00013364851474761963
6.58	0.00013172999024391174
6.59	0.00012964755296707153
6.6	0.00012786686420440674
6.61	0.00012619048357009888
6.62	0.00012446194887161255
6.63	0.0001225993037223816
6.64	0.00012072920799255371
6.65	0.00011894479393959045
6.66	0.00011735782027244568
6.67	0.00011577829718589783
6.68	0.00011402368545532227
6.69	0.00011229142546653748
6.7	0.00011083856225013733
6.71	0.00010912120342254639
6.72	0.00010754913091659546
6.73	0.00010589510202407837
6.74	0.0001044347882270813
6.75	0.00010280311107635498
6.76	0.00010144710540771484
6.77	9.989738464355469e-05
6.78	9.845569729804993e-05
6.79	9.716302156448364e-05
6.8	9.558722376823425e-05
6.81	9.410083293914795e-05
6.82	9.267032146453857e-05
6.83	9.14447009563446e-05
6.84	9.023398160934448e-05
6.85	8.882582187652588e-05
6.86	8.740276098251343e-05
6.87	8.596107363700867e-05
6.88	8.490309119224548e-05
6.89	8.378922939300537e-05
6.9	8.247047662734985e-05
6.91	8.116289973258972e-05
6.92	8.003413677215576e-05
6.93	7.885321974754333e-05
6.94	7.766485214233398e-05
6.95	7.640570402145386e-05
6.96	7.523223757743835e-05
6.97	7.416680455207825e-05
6.98	7.319077849388123e-05
6.99	7.193908095359802e-05
7.0	7.099658250808716e-05
7.01	6.98976218700409e-05
7.02	6.88992440700531e-05
7.03	6.772950291633606e-05
7.04	6.668642163276672e-05
7.05	6.569549441337585e-05
7.06	6.479769945144653e-05
7.07	6.385520100593567e-05
7.08	6.271526217460632e-05
7.09	6.173551082611084e-05
7.1	6.084516644477844e-05
7.11	5.998089909553528e-05
7.12	5.906447768211365e-05
7.13	5.809217691421509e-05
7.14	5.718693137168884e-05
7.15	5.626678466796875e-05
7.16	5.54695725440979e-05
7.17	5.45307993888855e-05
7.18	5.3651630878448486e-05
7.19	5.293264985084534e-05
7.2	5.2131712436676025e-05
7.21	5.125999450683594e-05
7.22	5.044788122177124e-05
7.23	4.9736350774765015e-05
7.24	4.898756742477417e-05
7.25	4.824995994567871e-05
7.26	4.748627543449402e-05
7.27	4.660710692405701e-05
7.28	4.600733518600464e-05
7.29	4.532560706138611e-05
7.3	4.454702138900757e-05
7.31	4.379451274871826e-05
7.32	4.314631223678589e-05
7.33	4.253163933753967e-05
7.34	4.184246063232422e-05
7.35	4.118680953979492e-05
7.36	4.045665264129639e-05
7.37	3.98196280002594e-05
7.38	3.9227306842803955e-05
7.39	3.8545578718185425e-05
7.4	3.783777356147766e-05
7.41	3.7297606468200684e-05
7.42	3.6660581827163696e-05
7.43	3.6057084798812866e-05
7.44	3.547593951225281e-05
7.45	3.4868717193603516e-05
7.46	3.429874777793884e-05
7.47	3.385916352272034e-05
7.48	3.326311707496643e-05
7.49	3.262236714363098e-05
7.5	3.2044947147369385e-05
7.51	3.160908818244934e-05
7.52	3.103911876678467e-05
7.53	3.052130341529846e-05
7.54	3.0055642127990723e-05
7.55	2.9500573873519897e-05
7.56	2.9012560844421387e-05
7.57	2.8461217880249023e-05
7.58	2.7976930141448975e-05
7.59	2.7470290660858154e-05
7.6	2.7079135179519653e-05
7.61	2.6553869247436523e-05
7.62	2.5998800992965698e-05
7.63	2.563372254371643e-05
7.64	2.5149434804916382e-05
7.65	2.4706125259399414e-05
7.66	2.4218112230300903e-05
7.67	2.3778527975082397e-05
7.68	2.337247133255005e-05
7.69	2.3052096366882324e-05
7.7	2.2608786821365356e-05
7.71	2.2124499082565308e-05
7.72	2.1751970052719116e-05
7.73	2.1398067474365234e-05
7.74	2.1029263734817505e-05
7.75	2.0701438188552856e-05
7.76	2.029910683631897e-05
7.77	1.9945204257965088e-05
7.78	1.957640051841736e-05
7.79	1.924857497215271e-05
7.8	1.88387930393219e-05
7.81	1.85258686542511e-05
7.82	1.8246471881866455e-05
7.83	1.7900019884109497e-05
7.84	1.759454607963562e-05
7.85	1.722574234008789e-05
7.86	1.6942620277404785e-05
7.87	1.6655772924423218e-05
7.88	1.6383826732635498e-05
7.89	1.600012183189392e-05
7.9	1.570582389831543e-05
7.91	1.548975706100464e-05
7.92	1.5165656805038452e-05
7.93	1.4878809452056885e-05
7.94	1.4591962099075317e-05
7.95	1.4342367649078369e-05
7.96	1.4092773199081421e-05
7.97	1.3872981071472168e-05
7.98	1.3627111911773682e-05
7.99	1.3321638107299805e-05
8.0	1.3124197721481323e-05
8.01	1.2837350368499756e-05
8.02	1.259148120880127e-05
8.03	1.2367963790893555e-05
8.04	1.214444637298584e-05
8.05	1.1943280696868896e-05
8.06	1.1660158634185791e-05
8.07	1.1436641216278076e-05
8.08	1.1235475540161133e-05
8.09	1.1060386896133423e-05
8.1	1.090019941329956e-05
8.11	1.0598450899124146e-05
8.12	1.043081283569336e-05
8.13	1.0214745998382568e-05
8.14	1.0028481483459473e-05
8.15	9.834766387939453e-06
8.16	9.607523679733276e-06
8.17	9.424984455108643e-06
8.18	9.287148714065552e-06
8.19	9.119510650634766e-06
8.2	8.899718523025513e-06
8.21	8.769333362579346e-06
8.22	8.627772331237793e-06
8.23	8.448958396911621e-06
8.24	8.273869752883911e-06
8.25	8.098781108856201e-06
8.26	7.949769496917725e-06
8.27	7.80448317527771e-06
8.28	7.666647434234619e-06
8.29	7.469207048416138e-06
8.3	7.327646017074585e-06
8.31	7.227063179016113e-06
8.32	7.096678018569946e-06
8.33	6.9588422775268555e-06
8.34	6.798654794692993e-06
8.35	6.645917892456055e-06
8.36	6.493180990219116e-06
8.37	6.414949893951416e-06
8.38	6.284564733505249e-06
8.39	6.094574928283691e-06
8.4	5.986541509628296e-06
8.41	5.844980478286743e-06
8.42	5.714595317840576e-06
8.43	5.610287189483643e-06
8.44	5.502253770828247e-06
8.45	5.360692739486694e-06
8.46	5.245208740234375e-06
8.47	5.122274160385132e-06
8.48	4.988163709640503e-06
8.49	4.902482032775879e-06
8.5	4.809349775314331e-06
8.51	4.652887582778931e-06
8.52	4.556030035018921e-06
8.53	4.470348358154297e-06
8.54	4.392117261886597e-06
8.55	4.280358552932739e-06
8.56	4.172325134277344e-06
8.57	4.056841135025024e-06
8.58	3.98978590965271e-06
8.59	3.948807716369629e-06
8.6	3.848224878311157e-06
8.61	3.7550926208496094e-06
8.62	3.6694109439849854e-06
8.63	3.5762786865234375e-06
8.64	3.471970558166504e-06
8.65	3.427267074584961e-06
8.66	3.3527612686157227e-06
8.67	3.2745301723480225e-06
8.68	3.214925527572632e-06
8.69	3.125518560409546e-06
8.7	3.0584633350372314e-06
8.71	2.995133399963379e-06
8.72	2.950429916381836e-06
8.73	2.864748239517212e-06
8.74	2.7902424335479736e-06
8.75	2.726912498474121e-06
8.76	2.6635825634002686e-06
8.77	2.592802047729492e-06
8.78	2.5369226932525635e-06
8.79	2.4549663066864014e-06
8.8	2.4102628231048584e-06
8.81	2.3692846298217773e-06
8.82	2.3134052753448486e-06
8.83	2.2388994693756104e-06
8.84	2.209097146987915e-06
8.85	2.130866050720215e-06
8.86	2.08243727684021e-06
8.87	2.0228326320648193e-06
8.88	1.9781291484832764e-06
8.89	1.9334256649017334e-06
8.9	1.8812716007232666e-06
8.91	1.8253922462463379e-06
8.92	1.7620623111724854e-06
8.93	1.73225998878479e-06
8.94	1.6987323760986328e-06
8.95	1.650303602218628e-06
8.96	1.6167759895324707e-06
8.97	1.5497207641601562e-06
8.98	1.5310943126678467e-06
8.99	1.4863908290863037e-06
9.0	1.4491379261016846e-06
9.01	1.4044344425201416e-06
9.02	1.3634562492370605e-06
9.03	1.344829797744751e-06
9.04	1.30385160446167e-06
9.05	1.2814998626708984e-06
9.06	1.2516975402832031e-06
9.07	1.2256205081939697e-06
9.08	1.210719347000122e-06
9.09	1.173466444015503e-06
9.1	1.1324882507324219e-06
9.11	1.1175870895385742e-06
9.12	1.0952353477478027e-06
9.13	1.0691583156585693e-06
9.14	1.039355993270874e-06
9.15	1.0170042514801025e-06
9.16	9.909272193908691e-07
9.17	9.872019290924072e-07
9.18	9.611248970031738e-07
9.19	9.275972843170166e-07
9.2	8.866190910339355e-07
9.21	8.828938007354736e-07
9.22	8.530914783477783e-07
9.23	8.270144462585449e-07
9.24	8.083879947662354e-07
9.25	7.711350917816162e-07
9.26	7.487833499908447e-07
9.27	7.227063179016113e-07
9.28	7.152557373046875e-07
9.29	7.040798664093018e-07
9.3	6.742775440216064e-07
9.31	6.556510925292969e-07
9.32	6.183981895446777e-07
9.33	6.146728992462158e-07
9.34	6.07222318649292e-07
9.35	5.885958671569824e-07
9.36	5.774199962615967e-07
9.37	5.438923835754395e-07
9.38	5.364418029785156e-07
9.39	5.327165126800537e-07
9.4	5.178153514862061e-07
9.41	4.880130290985107e-07
9.42	4.76837158203125e-07
9.43	4.731118679046631e-07
9.44	4.6193599700927734e-07
9.45	4.544854164123535e-07
9.46	4.4330954551696777e-07
9.47	4.172325134277344e-07
9.48	3.986060619354248e-07
9.49	3.986060619354248e-07
9.5	3.7997961044311523e-07
9.51	3.725290298461914e-07
9.52	3.650784492492676e-07
9.53	3.5390257835388184e-07
9.54	3.3527612686157227e-07
9.55	3.2782554626464844e-07
9.56	3.203749656677246e-07
9.57	3.166496753692627e-07
9.58	3.0919909477233887e-07
9.59	2.942979335784912e-07
9.6	2.7939677238464355e-07
9.61	2.7194619178771973e-07
9.62	2.682209014892578e-07
9.63	2.5331974029541016e-07
9.64	2.4586915969848633e-07
9.65	2.3096799850463867e-07
9.66	2.2351741790771484e-07
9.67	2.1979212760925293e-07
9.68	2.1606683731079102e-07
9.69	1.9371509552001953e-07
9.7	1.8998980522155762e-07
9.71	1.825392246246338e-07
9.72	1.7508864402770996e-07
9.73	1.6763806343078613e-07
9.74	1.6391277313232422e-07
9.75	1.4901161193847656e-07
9.76	1.341104507446289e-07
9.77	1.341104507446289e-07
9.78	1.341104507446289e-07
9.79	1.2665987014770508e-07
9.8	1.2665987014770508e-07
9.81	1.1548399925231934e-07
9.82	1.1175870895385742e-07
9.83	1.1175870895385742e-07
9.84	1.0803341865539551e-07
9.85	1.0058283805847168e-07
9.86	9.685754776000977e-08
9.87	9.313225746154785e-08
9.88	9.313225746154785e-08
9.89	8.940696716308594e-08
9.9	8.568167686462402e-08
9.91	8.195638656616211e-08
9.92	8.195638656616211e-08
9.93	8.195638656616211e-08
9.94	7.82310962677002e-08
9.95	7.450580596923828e-08
9.96	7.450580596923828e-08
9.97	7.078051567077637e-08
9.98	7.078051567077637e-08
9.99	6.705522537231445e-08
10.0	6.332993507385254e-08
10.01	6.332993507385254e-08
10.02	6.332993507385254e-08
10.03	6.332993507385254e-08
10.04	5.587935447692871e-08
10.05	5.587935447692871e-08
10.06	5.21540641784668e-08
10.07	5.21540641784668e-08
10.08	5.21540641784668e-08
10.09	4.470348358154297e-08
10.1	4.470348358154297e-08
10.11	4.0978193283081055e-08
10.12	4.0978193283081055e-08
10.13	4.0978193283081055e-08
10.14	4.0978193283081055e-08
10.15	3.725290298461914e-08
10.16	3.3527612686157227e-08
10.17	3.3527612686157227e-08
10.18	3.3527612686157227e-08
10.19	3.3527612686157227e-08
10.2	3.3527612686157227e-08
10.21	2.9802322387695312e-08
10.22	2.9802322387695312e-08
10.23	2.9802322387695312e-08
10.24	2.9802322387695312e-08
10.25	2.60770320892334e-08
10.26	2.60770320892334e-08
10.27	2.60770320892334e-08
10.28	2.60770320892334e-08
10.29	2.60770320892334e-08
10.3	2.60770320892334e-08
10.31	2.2351741790771484e-08
10.32	2.2351741790771484e-08
10.33	2.2351741790771484e-08
10.34	1.862645149230957e-08
10.35	1.862645149230957e-08
10.36	1.862645149230957e-08
10.37	1.862645149230957e-08
10.38	1.862645149230957e-08
10.39	1.4901161193847656e-08
10.4	1.4901161193847656e-08
10.41	1.4901161193847656e-08
10.42	1.4901161193847656e-08
10.43	1.4901161193847656e-08
10.44	1.1175870895385742e-08
10.45	1.1175870895385742e-08
10.46	1.1175870895385742e-08
10.47	1.1175870895385742e-08
10.48	1.1175870895385742e-08
10.49	7.450580596923828e-09
10.5	7.450580596923828e-09
10.51	7.450580596923828e-09
10.52	7.450580596923828e-09
10.53	3.725290298461914e-09
10.54	3.725290298461914e-09
10.55	3.725290298461914e-09
10.56	3.725290298461914e-09
10.57	3.725290298461914e-09
10.58	3.725290298461914e-09
10.59	0.0
