5.44	0.0005035400390625
5.45	0.00049591064453125
5.46	0.00048828125
5.47	0.0004730224609375
5.48	0.000469207763671875
5.49	0.000457763671875
5.5	0.000457763671875
5.51	0.000453948974609375
5.52	0.000446319580078125
5.53	0.000446319580078125
5.54	0.000438690185546875
5.55	0.00043487548828125
5.56	0.000431060791015625
5.57	0.00042724609375
5.58	0.00041961669921875
5.59	0.0004119873046875
5.6	0.00038909912109375
5.61	0.00038909912109375
5.62	0.00037384033203125
5.63	0.00037384033203125
5.64	0.00037384033203125
5.65	0.00037384033203125
5.66	0.00037384033203125
5.67	0.000370025634765625
5.68	0.000370025634765625
5.69	0.0003662109375
5.7	0.0003509521484375
5.71	0.00034332275390625
5.72	0.000335693359375
5.73	0.000331878662109375
5.74	0.00032806396484375
5.75	0.000324249267578125
5.76	0.00031280517578125
5.77	0.00031280517578125
5.78	0.000308990478515625
5.79	0.000308990478515625
5.8	0.00030517578125
5.81	0.00030517578125
5.82	0.00030517578125
5.83	0.00030517578125
5.84	0.0002899169921875
5.85	0.000286102294921875
5.86	0.00026702880859375
5.87	0.00026702880859375
5.88	0.000263214111328125
5.89	0.000263214111328125
5.9	0.000263214111328125
5.91	0.000255584716796875
5.92	0.000255584716796875
5.93	0.00025177001953125
5.94	0.000247955322265625
5.95	0.000247955322265625
5.96	0.000247955322265625
5.97	0.000247955322265625
5.98	0.000247955322265625
5.99	0.000240325927734375
6.0	0.0002288818359375
6.01	0.000213623046875
6.02	0.000209808349609375
6.03	0.00020599365234375
6.04	0.000202178955078125
6.05	0.0001983642578125
6.06	0.0001983642578125
6.07	0.000194549560546875
6.08	0.000194549560546875
6.09	0.000194549560546875
6.1	0.00019073486328125
6.11	0.00019073486328125
6.12	0.000186920166015625
6.13	0.00018310546875
6.14	0.00018310546875
6.15	0.000171661376953125
6.16	0.0001678466796875
6.17	0.000164031982421875
6.18	0.000164031982421875
6.19	0.000164031982421875
6.2	0.000164031982421875
6.21	0.000164031982421875
6.22	0.000164031982421875
6.23	0.000164031982421875
6.24	0.000164031982421875
6.25	0.000156402587890625
6.26	0.00014495849609375
6.27	0.000141143798828125
6.28	0.000141143798828125
6.29	0.0001373291015625
6.3	0.0001373291015625
6.31	0.000133514404296875
6.32	0.00012969970703125
6.33	0.000125885009765625
6.34	0.000125885009765625
6.35	0.000125885009765625
6.36	0.000125885009765625
6.37	0.000125885009765625
6.38	0.000125885009765625
6.39	0.000125885009765625
6.4	0.0001220703125
6.41	0.000118255615234375
6.42	0.00011444091796875
6.43	0.00011444091796875
6.44	0.000110626220703125
6.45	0.000110626220703125
6.46	0.0001068115234375
6.47	0.0001068115234375
6.48	0.0001068115234375
6.49	0.000102996826171875
6.5	0.000102996826171875
6.51	0.000102996826171875
6.52	0.000102996826171875
6.53	0.000102996826171875
6.54	9.918212890625e-05
6.55	9.5367431640625e-05
6.56	8.7738037109375e-05
6.57	8.0108642578125e-05
6.58	7.2479248046875e-05
6.59	7.2479248046875e-05
6.6	7.2479248046875e-05
6.61	7.2479248046875e-05
6.62	7.2479248046875e-05
6.63	7.2479248046875e-05
6.64	7.2479248046875e-05
6.65	7.2479248046875e-05
6.66	7.2479248046875e-05
6.67	7.2479248046875e-05
6.68	6.866455078125e-05
6.69	6.866455078125e-05
6.7	6.4849853515625e-05
6.71	6.103515625e-05
6.72	6.103515625e-05
6.73	5.7220458984375e-05
6.74	5.7220458984375e-05
6.75	5.7220458984375e-05
6.76	5.7220458984375e-05
6.77	5.7220458984375e-05
6.78	5.7220458984375e-05
6.79	5.7220458984375e-05
6.8	5.7220458984375e-05
6.81	5.7220458984375e-05
6.82	4.9591064453125e-05
6.83	4.9591064453125e-05
6.84	4.9591064453125e-05
6.85	4.9591064453125e-05
6.86	4.9591064453125e-05
6.87	4.57763671875e-05
6.88	4.57763671875e-05
6.89	4.1961669921875e-05
6.9	4.1961669921875e-05
6.91	4.1961669921875e-05
6.92	4.1961669921875e-05
6.93	4.1961669921875e-05
6.94	4.1961669921875e-05
6.95	4.1961669921875e-05
6.96	4.1961669921875e-05
6.97	3.4332275390625e-05
6.98	3.4332275390625e-05
6.99	3.4332275390625e-05
7.0	3.4332275390625e-05
7.01	3.4332275390625e-05
7.02	3.0517578125e-05
7.03	3.0517578125e-05
7.04	3.0517578125e-05
7.05	3.0517578125e-05
7.06	3.0517578125e-05
7.07	3.0517578125e-05
7.08	3.0517578125e-05
7.09	3.0517578125e-05
7.1	3.0517578125e-05
7.11	2.6702880859375e-05
7.12	2.6702880859375e-05
7.13	2.288818359375e-05
7.14	2.288818359375e-05
7.15	2.288818359375e-05
7.16	2.288818359375e-05
7.17	2.288818359375e-05
7.18	2.288818359375e-05
7.19	2.288818359375e-05
7.2	2.288818359375e-05
7.21	2.288818359375e-05
7.22	2.288818359375e-05
7.23	2.288818359375e-05
7.24	2.288818359375e-05
7.25	2.288818359375e-05
7.26	1.9073486328125e-05
7.27	1.9073486328125e-05
7.28	1.52587890625e-05
7.29	1.52587890625e-05
7.3	1.52587890625e-05
7.31	1.52587890625e-05
7.32	1.52587890625e-05
7.33	1.52587890625e-05
7.34	1.52587890625e-05
7.35	1.52587890625e-05
7.36	1.52587890625e-05
7.37	1.52587890625e-05
7.38	1.52587890625e-05
7.39	1.52587890625e-05
7.4	1.52587890625e-05
7.41	1.52587890625e-05
7.42	1.52587890625e-05
7.43	1.52587890625e-05
7.44	1.52587890625e-05
7.45	1.52587890625e-05
7.46	1.52587890625e-05
7.47	1.52587890625e-05
7.48	1.52587890625e-05
7.49	1.52587890625e-05
7.5	1.52587890625e-05
7.51	1.52587890625e-05
7.52	1.1444091796875e-05
7.53	7.62939453125e-06
7.54	7.62939453125e-06
7.55	7.62939453125e-06
7.56	7.62939453125e-06
7.57	7.62939453125e-06
7.58	7.62939453125e-06
7.59	7.62939453125e-06
7.6	7.62939453125e-06
7.61	7.62939453125e-06
7.62	7.62939453125e-06
7.63	7.62939453125e-06
7.64	7.62939453125e-06
7.65	7.62939453125e-06
7.66	7.62939453125e-06
7.67	7.62939453125e-06
7.68	7.62939453125e-06
7.69	7.62939453125e-06
7.7	7.62939453125e-06
7.71	7.62939453125e-06
7.72	7.62939453125e-06
7.73	7.62939453125e-06
7.74	7.62939453125e-06
7.75	7.62939453125e-06
7.76	7.62939453125e-06
7.77	7.62939453125e-06
7.78	7.62939453125e-06
7.79	7.62939453125e-06
7.8	7.62939453125e-06
7.81	7.62939453125e-06
7.82	7.62939453125e-06
7.83	7.62939453125e-06
7.84	3.814697265625e-06
7.85	3.814697265625e-06
7.86	3.814697265625e-06
7.87	3.814697265625e-06
7.88	3.814697265625e-06
7.89	3.814697265625e-06
7.9	3.814697265625e-06
7.91	3.814697265625e-06
7.92	3.814697265625e-06
7.93	3.814697265625e-06
7.94	3.814697265625e-06
7.95	3.814697265625e-06
7.96	3.814697265625e-06
7.97	3.814697265625e-06
7.98	3.814697265625e-06
7.99	3.814697265625e-06
8.0	3.814697265625e-06
8.01	3.814697265625e-06
8.02	3.814697265625e-06
8.03	3.814697265625e-06
8.04	3.814697265625e-06
8.05	3.814697265625e-06
8.06	3.814697265625e-06
8.07	3.814697265625e-06
8.08	0.0
