5.69	0.000507354736328125
5.7	0.00048828125
5.71	0.00048828125
5.72	0.00048828125
5.73	0.00048065185546875
5.74	0.00048065185546875
5.75	0.0004730224609375
5.76	0.0004730224609375
5.77	0.0004730224609375
5.78	0.0004730224609375
5.79	0.00045013427734375
5.8	0.000446319580078125
5.81	0.0004425048828125
5.82	0.0004425048828125
5.83	0.000438690185546875
5.84	0.00043487548828125
5.85	0.000431060791015625
5.86	0.000431060791015625
5.87	0.000431060791015625
5.88	0.000431060791015625
5.89	0.000431060791015625
5.9	0.000431060791015625
5.91	0.000423431396484375
5.92	0.000415802001953125
5.93	0.000415802001953125
5.94	0.000415802001953125
5.95	0.0004119873046875
5.96	0.0004119873046875
5.97	0.00040435791015625
5.98	0.00040435791015625
5.99	0.00040435791015625
6.0	0.00040435791015625
6.01	0.00040435791015625
6.02	0.000396728515625
6.03	0.000385284423828125
6.04	0.0003814697265625
6.05	0.0003814697265625
6.06	0.0003814697265625
6.07	0.0003814697265625
6.08	0.00037384033203125
6.09	0.000362396240234375
6.1	0.000362396240234375
6.11	0.000362396240234375
6.12	0.000362396240234375
6.13	0.000362396240234375
6.14	0.000347137451171875
6.15	0.000335693359375
6.16	0.000331878662109375
6.17	0.000331878662109375
6.18	0.000331878662109375
6.19	0.000331878662109375
6.2	0.000324249267578125
6.21	0.000316619873046875
6.22	0.000316619873046875
6.23	0.000316619873046875
6.24	0.000316619873046875
6.25	0.000308990478515625
6.26	0.000286102294921875
6.27	0.000286102294921875
6.28	0.000286102294921875
6.29	0.000286102294921875
6.3	0.000278472900390625
6.31	0.000274658203125
6.32	0.000274658203125
6.33	0.000274658203125
6.34	0.000274658203125
6.35	0.00026702880859375
6.36	0.0002593994140625
6.37	0.00025177001953125
6.38	0.000247955322265625
6.39	0.000247955322265625
6.4	0.000247955322265625
6.41	0.000247955322265625
6.42	0.000240325927734375
6.43	0.000240325927734375
6.44	0.000240325927734375
6.45	0.000240325927734375
6.46	0.000240325927734375
6.47	0.000232696533203125
6.48	0.000225067138671875
6.49	0.000225067138671875
6.5	0.000217437744140625
6.51	0.000217437744140625
6.52	0.000217437744140625
6.53	0.000213623046875
6.54	0.000213623046875
6.55	0.000209808349609375
6.56	0.000209808349609375
6.57	0.00020599365234375
6.58	0.00020599365234375
6.59	0.000202178955078125
6.6	0.000202178955078125
6.61	0.000202178955078125
6.62	0.0001983642578125
6.63	0.0001983642578125
6.64	0.0001983642578125
6.65	0.0001983642578125
6.66	0.0001983642578125
6.67	0.000194549560546875
6.68	0.000194549560546875
6.69	0.00019073486328125
6.7	0.00019073486328125
6.71	0.00019073486328125
6.72	0.000186920166015625
6.73	0.000186920166015625
6.74	0.000186920166015625
6.75	0.000179290771484375
6.76	0.00017547607421875
6.77	0.00017547607421875
6.78	0.00017547607421875
6.79	0.00017547607421875
6.8	0.00017547607421875
6.81	0.00016021728515625
6.82	0.00016021728515625
6.83	0.00016021728515625
6.84	0.00016021728515625
6.85	0.00016021728515625
6.86	0.000152587890625
6.87	0.00014495849609375
6.88	0.000141143798828125
6.89	0.000141143798828125
6.9	0.000141143798828125
6.91	0.000141143798828125
6.92	0.000141143798828125
6.93	0.000125885009765625
6.94	0.000125885009765625
6.95	0.000125885009765625
6.96	0.000125885009765625
6.97	0.000125885009765625
6.98	0.00011444091796875
6.99	0.00011444091796875
7.0	0.00011444091796875
7.01	0.00011444091796875
7.02	0.00011444091796875
7.03	0.00011444091796875
7.04	0.00011444091796875
7.05	0.000110626220703125
7.06	0.000110626220703125
7.07	0.000102996826171875
7.08	0.000102996826171875
7.09	0.000102996826171875
7.1	9.918212890625e-05
7.11	9.5367431640625e-05
7.12	9.5367431640625e-05
7.13	9.5367431640625e-05
7.14	9.5367431640625e-05
7.15	9.5367431640625e-05
7.16	9.5367431640625e-05
7.17	9.1552734375e-05
7.18	9.1552734375e-05
7.19	9.1552734375e-05
7.2	8.392333984375e-05
7.21	8.392333984375e-05
7.22	7.62939453125e-05
7.23	7.2479248046875e-05
7.24	7.2479248046875e-05
7.25	7.2479248046875e-05
7.26	7.2479248046875e-05
7.27	7.2479248046875e-05
7.28	7.2479248046875e-05
7.29	7.2479248046875e-05
7.3	7.2479248046875e-05
7.31	6.866455078125e-05
7.32	6.4849853515625e-05
7.33	6.4849853515625e-05
7.34	6.103515625e-05
7.35	6.103515625e-05
7.36	6.103515625e-05
7.37	6.103515625e-05
7.38	6.103515625e-05
7.39	6.103515625e-05
7.4	6.103515625e-05
7.41	6.103515625e-05
7.42	6.103515625e-05
7.43	6.103515625e-05
7.44	5.340576171875e-05
7.45	5.340576171875e-05
7.46	5.340576171875e-05
7.47	5.340576171875e-05
7.48	5.340576171875e-05
7.49	5.340576171875e-05
7.5	5.340576171875e-05
7.51	5.340576171875e-05
7.52	5.340576171875e-05
7.53	4.57763671875e-05
7.54	4.57763671875e-05
7.55	4.57763671875e-05
7.56	4.57763671875e-05
7.57	4.57763671875e-05
7.58	4.57763671875e-05
7.59	4.57763671875e-05
7.6	4.57763671875e-05
7.61	4.57763671875e-05
7.62	4.57763671875e-05
7.63	4.57763671875e-05
7.64	4.57763671875e-05
7.65	3.814697265625e-05
7.66	3.814697265625e-05
7.67	3.814697265625e-05
7.68	3.814697265625e-05
7.69	3.814697265625e-05
7.7	3.814697265625e-05
7.71	3.814697265625e-05
7.72	3.814697265625e-05
7.73	3.814697265625e-05
7.74	3.814697265625e-05
7.75	3.814697265625e-05
7.76	3.814697265625e-05
7.77	3.4332275390625e-05
7.78	3.0517578125e-05
7.79	3.0517578125e-05
7.8	3.0517578125e-05
7.81	3.0517578125e-05
7.82	3.0517578125e-05
7.83	2.6702880859375e-05
7.84	2.6702880859375e-05
7.85	2.6702880859375e-05
7.86	2.6702880859375e-05
7.87	2.6702880859375e-05
7.88	2.6702880859375e-05
7.89	2.288818359375e-05
7.9	1.9073486328125e-05
7.91	1.9073486328125e-05
7.92	1.9073486328125e-05
7.93	1.9073486328125e-05
7.94	1.9073486328125e-05
7.95	1.52587890625e-05
7.96	1.52587890625e-05
7.97	1.52587890625e-05
7.98	1.52587890625e-05
7.99	1.52587890625e-05
8.0	1.52587890625e-05
8.01	1.52587890625e-05
8.02	1.52587890625e-05
8.03	1.52587890625e-05
8.04	1.1444091796875e-05
8.05	1.1444091796875e-05
8.06	1.1444091796875e-05
8.07	1.1444091796875e-05
8.08	1.1444091796875e-05
8.09	1.1444091796875e-05
8.1	1.1444091796875e-05
8.11	1.1444091796875e-05
8.12	1.1444091796875e-05
8.13	1.1444091796875e-05
8.14	1.1444091796875e-05
8.15	1.1444091796875e-05
8.16	7.62939453125e-06
8.17	7.62939453125e-06
8.18	7.62939453125e-06
8.19	7.62939453125e-06
8.2	7.62939453125e-06
8.21	7.62939453125e-06
8.22	7.62939453125e-06
8.23	7.62939453125e-06
8.24	7.62939453125e-06
8.25	7.62939453125e-06
8.26	7.62939453125e-06
8.27	7.62939453125e-06
8.28	7.62939453125e-06
8.29	7.62939453125e-06
8.3	7.62939453125e-06
8.31	7.62939453125e-06
8.32	7.62939453125e-06
8.33	7.62939453125e-06
8.34	7.62939453125e-06
8.35	7.62939453125e-06
8.36	7.62939453125e-06
8.37	7.62939453125e-06
8.38	7.62939453125e-06
8.39	7.62939453125e-06
8.4	7.62939453125e-06
8.41	7.62939453125e-06
8.42	7.62939453125e-06
8.43	7.62939453125e-06
8.44	7.62939453125e-06
8.45	7.62939453125e-06
8.46	7.62939453125e-06
8.47	7.62939453125e-06
8.48	7.62939453125e-06
8.49	7.62939453125e-06
8.5	3.814697265625e-06
8.51	3.814697265625e-06
8.52	3.814697265625e-06
8.53	3.814697265625e-06
8.54	3.814697265625e-06
8.55	3.814697265625e-06
8.56	3.814697265625e-06
8.57	3.814697265625e-06
8.58	3.814697265625e-06
8.59	3.814697265625e-06
8.6	3.814697265625e-06
8.61	3.814697265625e-06
8.62	0.0
