5.16	0.0005038602274218817
5.17	0.0004997473982299994
5.18	0.0004956636868378439
5.19	0.0004915694249767455
5.2	0.00048758706843443633
5.21	0.00048359425899136
5.22	0.0004796319787523373
5.23	0.00047566135459931047
5.24	0.0004717979691548635
5.25	0.0004679237450773144
5.26	0.00046407701831086
5.27	0.0004602587461803864
5.28	0.0004564691447264124
5.29	0.00045270927910934233
5.3	0.00044897876247418367
5.31	0.0004452755903088246
5.32	0.00044160084306810177
5.33	0.00043795257944267973
5.34	0.0004343306958851656
5.35	0.000430735745418076
5.36	0.0004271676741254282
5.37	0.0004236282885656806
5.38	0.00042011650300466385
5.39	0.00041663119584711694
5.4	0.0004131714758948135
5.41	0.00040973714357406266
5.42	0.0004063288042104318
5.43	0.00040294529232909326
5.44	0.00039955429041071966
5.45	0.0003962568331843386
5.46	0.00039295162211772094
5.47	0.00038967258750588485
5.48	0.00038638493080611624
5.49	0.00038318663403913433
5.5	0.0003799791010656861
5.51	0.00037679603200757583
5.52	0.0003736383273853505
5.53	0.0003705045819089037
5.54	0.0003673954267853219
5.55	0.00036431143717408077
5.56	0.0003612499780629719
5.57	0.00035821143509195963
5.58	0.0003551951982672108
5.59	0.00035220175113437335
5.6	0.00034923192141889103
5.61	0.0003462857929221741
5.62	0.0003433628967535185
5.63	0.0003404621788334339
5.64	0.00033758477875878157
5.65	0.00033472792075528446
5.66	0.00033189257930743565
5.67	0.00032907880908794596
5.68	0.0003262869176765548
5.69	0.0003234902750257618
5.7	0.0003207713064021789
5.71	0.0003180455377105318
5.72	0.00031534050353343446
5.73	0.0003126288423302981
5.74	0.0003099917543138986
5.75	0.00030734818222910576
5.76	0.00030472496456468434
5.77	0.00030212374535310005
5.78	0.0002995426598815243
5.79	0.00029698270458311526
5.8	0.0002944412998324708
5.81	0.0002919197411905827
5.82	0.0002894168998324176
5.83	0.00028693397438317447
5.84	0.00028447092948624686
5.85	0.0002820272824592962
5.86	0.00027960362377754677
5.87	0.0002771994351924434
5.88	0.00027481359062164756
5.89	0.00027244574713947145
5.9	0.0002700959575321349
5.91	0.00026776433290365276
5.92	0.00026545231192187657
5.93	0.000263158546918163
5.94	0.00026086155132887257
5.95	0.00025862631968109895
5.96	0.00025638747763778724
5.97	0.00025416501293662463
5.98	0.0002519376289278341
5.99	0.0002497716479972212
6.0	0.0002476014367154278
6.01	0.0002454496935584416
6.02	0.0002433151127085864
6.03	0.00024119755177309798
6.04	0.00023909632049523566
6.05	0.00023701129052255965
6.06	0.00023494261145984296
6.07	0.00023289042104224222
6.08	0.00023085449457127538
6.09	0.00022883621373637197
6.1	0.00022683405021339809
6.11	0.00022484836086889004
6.12	0.00022287769193241047
6.13	0.00022092216640601237
6.14	0.00021898229081429577
6.15	0.00021705798669557907
6.16	0.0002151495231501599
6.17	0.00021325656255299918
6.18	0.00021137986904307127
6.19	0.0002094994952273055
6.2	0.00020767083016437482
6.21	0.00020583820850816892
6.22	0.00020401929865343504
6.23	0.0002021976618102883
6.24	0.0002004273050779659
6.25	0.0001986535217497476
6.26	0.00019689478456186293
6.27	0.00019514980357371314
6.28	0.00019341909792913725
6.29	0.00019170172101823368
6.3	0.00018999780015249712
6.31	0.00018830797326074844
6.32	0.00018663223570314358
6.33	0.00018497093029878897
6.34	0.0001833234950794349
6.35	0.00018168887088876318
6.36	0.00018006780351242924
6.37	0.00017845908467961635
6.38	0.0001768636120651479
6.39	0.00017528095802532562
6.4	0.00017371174844882376
6.41	0.00017215626919409033
6.42	0.00017061336950874306
6.43	0.00016908356248279688
6.44	0.00016755046364380632
6.45	0.00016605957930693194
6.46	0.0001645658500706304
6.47	0.0001630847227822585
6.48	0.0001616012203484729
6.49	0.00016015957547566018
6.5	0.00015871583678617185
6.51	0.0001572840086971894
6.52	0.00015586344081697234
6.53	0.00015445437090733094
6.54	0.00015305632960505022
6.55	0.00015167029800267073
6.56	0.0001502965620865382
6.57	0.00014893394484971623
6.58	0.00014758350008747811
6.59	0.00014624374371763338
6.6	0.00014491508693836863
6.61	0.00014359677311048813
6.62	0.00014228918248804234
6.63	0.00014099318522653448
6.64	0.0001397079402529755
6.65	0.0001384341143229051
6.66	0.00013717122631007328
6.67	0.00013591833165094158
6.68	0.00013467583073278888
6.69	0.0001334433878703578
6.7	0.00013222112704980304
6.71	0.0001310092105235583
6.72	0.00012980795905548348
6.73	0.00012861752399118132
6.74	0.00012743666651360286
6.75	0.0001262662349077459
6.76	0.0001251046941881384
6.77	0.00012395271859588775
6.78	0.00012281087927235035
6.79	0.00012167818143637987
6.8	0.00012055590108417391
6.81	0.00011944320970869171
6.82	0.00011834040788727407
6.83	0.00011724646477162537
6.84	0.00011616165446781679
6.85	0.00011508570390006412
6.86	0.00011401865594251603
6.87	0.00011296096510804432
6.88	0.00011191273916821842
6.89	0.00011087354588923404
6.9	0.00010984359686005973
6.91	0.00010882220566088563
6.92	0.00010780919541986123
6.93	0.00010680444991351123
6.94	0.00010580808550386678
6.95	0.00010482079924045706
6.96	0.00010384221367942814
6.97	0.00010287234395534028
6.98	0.0001019108578574901
6.99	0.00010095732639925359
7.0	0.00010001186226915593
7.01	9.907406948173048e-05
7.02	9.814443550837382e-05
7.03	9.722286490898568e-05
7.04	9.630976383689926e-05
7.05	9.540487350889748e-05
7.06	9.450758178886076e-05
7.07	9.361818746356221e-05
7.08	9.273598246295478e-05
7.09	9.186105282310564e-05
7.1	9.099405589907406e-05
7.11	9.013418959114006e-05
7.12	8.92826063108032e-05
7.13	8.843866883267992e-05
7.14	8.760192508816544e-05
7.15	8.677255049249766e-05
7.16	8.594964295127738e-05
7.17	8.513394310227795e-05
7.18	8.432534091085131e-05
7.19	8.35238915293246e-05
7.2	8.272988783630808e-05
7.21	8.194285844353999e-05
7.22	8.11632347712532e-05
7.23	8.038974222657203e-05
7.24	7.962303851272168e-05
7.25	7.88625644290164e-05
7.26	7.810911183980807e-05
7.27	7.736233689570327e-05
7.28	7.662244395945095e-05
7.29	7.588926541401975e-05
7.3	7.516249776884365e-05
7.31	7.44418843758865e-05
7.32	7.37276688802524e-05
7.33	7.301916908986072e-05
7.34	7.231706763732859e-05
7.35	7.162158195939128e-05
7.36	7.093234118116243e-05
7.37	7.024958014412164e-05
7.38	6.957256596251682e-05
7.39	6.890173539275679e-05
7.4	6.823627202479088e-05
7.41	6.757677147106733e-05
7.42	6.692310595113327e-05
7.43	6.627527483615836e-05
7.44	6.56338475408802e-05
7.45	6.499827359718324e-05
7.46	6.436811850818458e-05
7.47	6.374362347116858e-05
7.48	6.312412557818448e-05
7.49	6.251019514280642e-05
7.5	6.190193058230875e-05
7.51	6.129908004126605e-05
7.52	6.070206980268722e-05
7.53	6.0110454164430394e-05
7.54	5.9524493245532994e-05
7.55	5.8943180519577254e-05
7.56	5.836700426442576e-05
7.57	5.779584610010602e-05
7.58	5.722982757205841e-05
7.59	5.666931341608006e-05
7.6	5.6113910268607015e-05
7.61	5.556380418525464e-05
7.62	5.50185456269503e-05
7.63	5.4477995799828705e-05
7.64	5.394236746880665e-05
7.65	5.3411029643513075e-05
7.66	5.2884826079235836e-05
7.67	5.2363699420965304e-05
7.68	5.184738657959542e-05
7.69	5.1335964894150266e-05
7.7	5.0829028037213675e-05
7.71	5.032668273230456e-05
7.72	4.982862562030732e-05
7.73	4.933511195304163e-05
7.74	4.884601782961795e-05
7.75	4.836152170284436e-05
7.76	4.788186475579437e-05
7.77	4.740678738102133e-05
7.78	4.693574786429622e-05
7.79	4.6469021871331506e-05
7.8	4.6006150622446285e-05
7.81	4.554776365139901e-05
7.82	4.5093355453218464e-05
7.83	4.4643436968527794e-05
7.84	4.419788967169325e-05
7.85	4.375651425547744e-05
7.86	4.331929480017038e-05
7.87	4.2885742498555146e-05
7.88	4.24559287139914e-05
7.89	4.2030173339924204e-05
7.9	4.160838122047039e-05
7.91	4.119073145147922e-05
7.92	4.0777091349752936e-05
7.93	4.0367269328100974e-05
7.94	3.9961410330136005e-05
7.95	3.955896396945491e-05
7.96	3.91602853966333e-05
7.97	3.8764964514825806e-05
7.98	3.8373556709103696e-05
7.99	3.7986097456865764e-05
8.0	3.7602140604775514e-05
8.01	3.7222153476790254e-05
8.02	3.684526965486157e-05
8.03	3.647202612455658e-05
8.04	3.610207392767961e-05
8.05	3.573552236701971e-05
8.06	3.537237623163492e-05
8.07	3.5012896073993716e-05
8.08	3.465702111071778e-05
8.09	3.4304457432909885e-05
8.1	3.3955076588654265e-05
8.11	3.3608976490739906e-05
8.12	3.3265840706064864e-05
8.13	3.292266671195421e-05
8.14	3.2589403584637466e-05
8.15	3.225610705825943e-05
8.16	3.1926232011869615e-05
8.17	3.1599350798217074e-05
8.18	3.127578181860713e-05
8.19	3.095477937620217e-05
8.2	3.063680443915473e-05
8.21	3.031869799841047e-05
8.22	3.0009919711915245e-05
8.23	2.970123939860514e-05
8.24	2.939546231672807e-05
8.25	2.909273369056109e-05
8.26	2.87928483651001e-05
8.27	2.8495625244318035e-05
8.28	2.8201019866003207e-05
8.29	2.7909261966385657e-05
8.3	2.7620360622648832e-05
8.31	2.7334523668542943e-05
8.32	2.7051357047724878e-05
8.33	2.6771104220557618e-05
8.34	2.6493238461711144e-05
8.35	2.62180721790628e-05
8.36	2.5945433669960494e-05
8.37	2.567526617625049e-05
8.38	2.5405206940831704e-05
8.39	2.514313531420953e-05
8.4	2.4881196519999094e-05
8.41	2.462168731298675e-05
8.42	2.4364611103777634e-05
8.43	2.4109984881448554e-05
8.44	2.385760796741465e-05
8.45	2.3607713089290883e-05
8.46	2.3357865273965217e-05
8.47	2.3115316313493395e-05
8.48	2.2873029781322884e-05
8.49	2.2632939202793523e-05
8.5	2.2395272452513382e-05
8.51	2.2159552685252493e-05
8.52	2.192619423979636e-05
8.53	2.1695145299815977e-05
8.54	2.146628223798075e-05
8.55	2.1239911252024513e-05
8.56	2.1015705481630675e-05
8.57	2.0793718842782027e-05
8.58	2.0574009496954204e-05
8.59	2.0356159776468985e-05
8.6	2.0140399328738567e-05
8.61	1.992672449091515e-05
8.62	1.9715302734368834e-05
8.63	1.950396649519348e-05
8.64	1.9298879870177643e-05
8.65	1.909388407739243e-05
8.66	1.889065020321823e-05
8.67	1.8689534126536955e-05
8.68	1.849011377785814e-05
8.69	1.8292696594812696e-05
8.7	1.8097326002219916e-05
8.71	1.7902095141408836e-05
8.72	1.7712768169531046e-05
8.73	1.752334823024171e-05
8.74	1.7335664438178355e-05
8.75	1.7149857530540658e-05
8.76	1.696574887333213e-05
8.77	1.6783502829298413e-05
8.78	1.6603195849285157e-05
8.79	1.6424607217402354e-05
8.8	1.624811883615962e-05
8.81	1.6073190529652948e-05
8.82	1.5900081411501787e-05
8.83	1.5728410797777315e-05
8.84	1.555852426449178e-05
8.85	1.539032084352243e-05
8.86	1.522385799646031e-05
8.87	1.5059205797030017e-05
8.88	1.489461305226314e-05
8.89	1.4734892086920581e-05
8.9	1.4575180440346003e-05
8.91	1.4416828413743588e-05
8.92	1.426008865479389e-05
8.93	1.4104978166784576e-05
8.94	1.395147307903244e-05
8.95	1.3799658823643313e-05
8.96	1.3647806138550322e-05
8.97	1.3500573974312147e-05
8.98	1.3353155363660107e-05
8.99	1.320732578946604e-05
9.0	1.3062766068827614e-05
9.01	1.2919689858392758e-05
9.02	1.277823566070424e-05
9.03	1.2638213146232147e-05
9.04	1.2499749907135538e-05
9.05	1.2362616427452622e-05
9.06	1.2226789543490213e-05
9.07	1.2092345144765204e-05
9.08	1.1959165806985084e-05
9.09	1.1827376809492307e-05
9.1	1.1696996782717406e-05
9.11	1.1568003966289098e-05
9.12	1.1440489533498521e-05
9.13	1.1312900692672656e-05
9.14	1.1189082300688824e-05
9.15	1.10652083300522e-05
9.16	1.094255969391611e-05
9.17	1.0821201573918415e-05
9.18	1.0701132573842642e-05
9.19	1.0582429322170128e-05
9.2	1.0464915238372896e-05
9.21	1.0347505650543098e-05
9.22	1.0233575711282583e-05
9.23	1.0119479860293268e-05
9.24	1.0006616232516308e-05
9.25	9.894927565312628e-06
9.26	9.78441562793364e-06
9.27	9.675217906846001e-06
9.28	9.567033625756949e-06
9.29	9.460066909383613e-06
9.3	9.354129723249116e-06
9.31	9.249192835625308e-06
9.32	9.14538698637557e-06
9.33	9.042591290864266e-06
9.34	8.941050957389507e-06
9.35	8.840527687681288e-06
9.36	8.74112645732339e-06
9.37	8.642742876929788e-06
9.38	8.544293958578919e-06
9.39	8.448849140307857e-06
9.4	8.353322215270964e-06
9.41	8.25889002697977e-06
9.42	8.165460116060785e-06
9.43	8.07307633721166e-06
9.44	7.981804600376563e-06
9.45	7.891306484708593e-06
9.46	7.80091154339857e-06
9.47	7.713129772213279e-06
9.48	7.625403519284646e-06
9.49	7.53861755242724e-06
9.5	7.45276904012826e-06
9.51	7.367968031246619e-06
9.52	7.28397647620227e-06
9.53	7.200947909069555e-06
9.54	7.1187112347104176e-06
9.55	7.037223785033575e-06
9.56	6.956674660330009e-06
9.57	6.876969141700329e-06
9.58	6.798162306864697e-06
9.59	6.7203242899438465e-06
9.6	6.6431982297388e-06
9.61	6.566982602151938e-06
9.62	6.491464841218431e-06
9.63	6.415973984985612e-06
9.64	6.342776369905323e-06
9.65	6.2696266382999966e-06
9.66	6.19735445184233e-06
9.67	6.125860700478825e-06
9.68	6.055159193607551e-06
9.69	5.985171828370994e-06
9.7	5.915922770327597e-06
9.71	5.846637407103117e-06
9.72	5.77949724345217e-06
9.73	5.712373585708974e-06
9.74	5.646097953615481e-06
9.75	5.580506265090435e-06
9.76	5.515745328921184e-06
9.77	5.451508762632784e-06
9.78	5.388021929064735e-06
9.79	5.325163325409221e-06
9.8	5.262949905215919e-06
9.81	5.201506077412432e-06
9.82	5.140679427029227e-06
9.83	5.080631165554905e-06
9.84	5.021206312960658e-06
9.85	4.962403881592081e-06
9.86	4.904201126976204e-06
9.87	4.846562219995576e-06
9.88	4.789039966368591e-06
9.89	4.733255167366224e-06
9.9	4.6775809181553996e-06
9.91	4.622599917070147e-06
9.92	4.568141076077836e-06
9.93	4.514331742200284e-06
9.94	4.460995096877696e-06
9.95	4.408226025987005e-06
9.96	4.355565152991403e-06
9.97	4.304476533434354e-06
9.98	4.253543906429513e-06
9.99	4.203158763260717e-06
10.0	4.153331492062762e-06
10.01	4.104046393393901e-06
10.02	4.055259307023107e-06
10.03	4.0069780560259005e-06
10.04	3.959232721229e-06
10.05	3.912028862629313e-06
10.06	3.865413692238917e-06
10.07	3.819300548713045e-06
10.08	3.7737570153240085e-06
10.09	3.728614125009244e-06
10.1	3.6840112329628028e-06
10.11	3.6398514247082403e-06
10.12	3.5961600559630824e-06
10.13	3.5526307300415283e-06
10.14	3.510417759144957e-06
10.15	3.468285274976779e-06
10.16	3.42665418529009e-06
10.17	3.385387437049303e-06
10.18	3.344609609712279e-06
10.19	3.3042137914662817e-06
10.2	3.2643337029014674e-06
10.21	3.224489741882053e-06
10.22	3.185923059589868e-06
10.23	3.147460947872105e-06
10.24	3.1093663324099907e-06
10.25	3.0717276331415633e-06
10.26	3.0344232158086015e-06
10.27	2.9975509008295376e-06
10.28	2.9611117682293298e-06
10.29	2.9250863811114414e-06
10.3	2.8895482273583184e-06
10.31	2.854370990235111e-06
10.32	2.8196120744894415e-06
10.33	2.785255272641507e-06
10.34	2.7511899460819222e-06
10.35	2.717559524967328e-06
10.36	2.684251885654021e-06
10.37	2.6513930002636243e-06
10.38	2.618612732874226e-06
10.39	2.5868500479475642e-06
10.4	2.5551421778402528e-06
10.41	2.5237512097930903e-06
10.42	2.4927198225555003e-06
10.43	2.4620030991684416e-06
10.44	2.4316318878447873e-06
10.45	2.401671032714603e-06
10.46	2.371772044540421e-06
10.47	2.342820469181106e-06
10.48	2.313912840889998e-06
10.49	2.2852675201079364e-06
10.5	2.2569595010679677e-06
10.51	2.2289630159377793e-06
10.52	2.2012960165795903e-06
10.53	2.1739823488076127e-06
10.54	2.146975784711458e-06
10.55	2.1203350932808007e-06
10.56	2.0939616867110544e-06
10.57	2.067884910417206e-06
10.58	2.0420710669100117e-06
10.59	2.0165609839750687e-06
10.6	1.991377224896951e-06
10.61	1.966475998926853e-06
10.62	1.9419237951012747e-06
10.63	1.9173869425515022e-06
10.64	1.893614562931134e-06
10.65	1.8698937438443863e-06
10.66	1.8463562554416058e-06
10.67	1.8231569356430555e-06
10.68	1.8001947843515609e-06
10.69	1.777549417880664e-06
10.7	1.7551981912333758e-06
10.71	1.7328673891370272e-06
10.72	1.711236507162539e-06
10.73	1.6896292294177329e-06
10.74	1.6682413139790242e-06
10.75	1.6471178376775697e-06
10.76	1.6262017545898289e-06
10.77	1.6056180172085988e-06
10.78	1.5852484551714952e-06
10.79	1.5651724112331067e-06
10.8	1.5453063895165542e-06
10.81	1.525632136178956e-06
10.82	1.506200057121987e-06
10.83	1.4869804374484374e-06
10.84	1.4680127335964244e-06
10.85	1.4492789084386004e-06
10.86	1.4307796227797098e-06
10.87	1.4125226286409998e-06
10.88	1.3942598044991428e-06
10.89	1.3765882620475622e-06
10.9	1.358898821024468e-06
10.91	1.3414305612968747e-06
10.92	1.324209890185557e-06
10.93	1.3071856663771086e-06
10.94	1.2903866348779047e-06
10.95	1.273796826239959e-06
10.96	1.257223182449252e-06
10.97	1.241170764387789e-06
10.98	1.2251035457211401e-06
10.99	1.209265597879039e-06
11.0	1.1936005073209799e-06
11.01	1.1781617885731066e-06
11.02	1.1629368152910047e-06
11.03	1.147841935278393e-06
11.04	1.1329671600890379e-06
11.05	1.1182305890145017e-06
11.06	1.1036719875789913e-06
11.07	1.0892850639265816e-06
11.08	1.075065522826435e-06
11.09	1.061055918682996e-06
11.1	1.0472260356664265e-06
11.11	1.033575458109226e-06
11.12	1.020070701684972e-06
11.13	1.006577768691841e-06
11.14	9.935143552297632e-07
11.15	9.804636533772282e-07
11.16	9.675949641518855e-07
11.17	9.548944781556656e-07
11.18	9.423464746305399e-07
11.19	9.2998542200462e-07
11.2	9.177271458327141e-07
11.21	9.055117295986292e-07
11.22	8.936546116444788e-07
11.23	8.818291625800612e-07
11.24	8.701805462862922e-07
11.25	8.586685460443277e-07
11.26	8.473044914580896e-07
11.27	8.360990086941911e-07
11.28	8.250076284355146e-07
11.29	8.140532905542841e-07
11.3	8.032105149879953e-07
11.31	7.925095282246275e-07
11.32	7.819500105199495e-07
11.33	7.715302103861177e-07
11.34	7.612737285001003e-07
11.35	7.511011084204711e-07
11.36	7.410879909741652e-07
11.37	7.311475549443003e-07
11.38	7.212526575983702e-07
11.39	7.116643203630701e-07
11.4	7.021123380468453e-07
11.41	6.926942965890248e-07
11.42	6.834082775242223e-07
11.43	6.742231910550345e-07
11.44	6.651549853131655e-07
11.45	6.561656782366754e-07
11.46	6.472239668653401e-07
11.47	6.385523541041493e-07
11.48	6.299239885265706e-07
11.49	6.21414812940202e-07
11.5	6.130092380374208e-07
11.51	6.047300402656219e-07
11.52	5.965193530244051e-07
11.53	5.88417627511717e-07
11.54	5.804024709732403e-07
11.55	5.724938851869865e-07
11.56	5.647076193326939e-07
11.57	5.570075920502404e-07
11.58	5.494175070452911e-07
11.59	5.419339785817101e-07
11.6	5.345198452744171e-07
11.61	5.272124958821678e-07
11.62	5.199752557416559e-07
11.63	5.127673396998489e-07
11.64	5.058032606086726e-07
11.65	4.988615458501044e-07
11.66	4.920229628169182e-07
11.67	4.852589086112857e-07
11.68	4.785924438976963e-07
11.69	4.7197573493917844e-07
11.7	4.654605767484554e-07
11.71	4.589557249801146e-07
11.72	4.5266366299756555e-07
11.73	4.464158962491638e-07
11.74	4.4025011902704136e-07
11.75	4.34143117900021e-07
11.76	4.2813317335799184e-07
11.77	4.2216192142063846e-07
11.78	4.1629396108078254e-07
11.79	4.1048355825523686e-07
11.8	4.0476524532095937e-07
11.81	3.991353416665788e-07
11.82	3.9357254166816347e-07
11.83	3.880941683576111e-07
11.84	3.826577525956054e-07
11.85	3.773033512288748e-07
11.86	3.719985919303781e-07
11.87	3.6677660730788375e-07
11.88	3.6158045446654796e-07
11.89	3.565522632698048e-07
11.9	3.515487421168473e-07
11.91	3.466077203029272e-07
11.92	3.4171775453728515e-07
11.93	3.368977594675471e-07
11.94	3.3213148853405983e-07
11.95	3.274303850275828e-07
11.96	3.227526477189713e-07
11.97	3.1823297419464325e-07
11.98	3.137355406579445e-07
11.99	3.092879232724499e-07
12.0	3.049036045865705e-07
12.01	3.005585718085513e-07
12.02	2.9627075193161545e-07
12.03	2.9204624141243585e-07
12.04	2.878755012147849e-07
12.05	2.8378288519093076e-07
12.06	2.7973708682793585e-07
12.07	2.7574074579206354e-07
12.08	2.717959226572475e-07
12.09	2.678900870023426e-07
12.1	2.6404479669395187e-07
12.11	2.602521824712767e-07
12.12	2.5649999457755257e-07
12.13	2.5279142690237677e-07
12.14	2.4918611529756163e-07
12.15	2.4560982225807493e-07
12.16	2.420593112617553e-07
12.17	2.3856130582089463e-07
12.18	2.351051087146061e-07
12.19	2.3169670626543848e-07
12.2	2.2834436563812233e-07
12.21	2.2500571716932427e-07
12.22	2.217850507690855e-07
12.23	2.185623948491866e-07
12.24	2.1537920957825918e-07
12.25	2.1224268564878912e-07
12.26	2.0913644860343084e-07
12.27	2.0608594653026557e-07
12.28	2.0307969705868345e-07
12.29	2.0010961421235152e-07
12.3	1.9719525568007157e-07
12.31	1.9430408215725947e-07
12.32	1.9146471075259797e-07
12.33	1.8864588113842728e-07
12.34	1.8586535688314143e-07
12.35	1.8312919536356276e-07
12.36	1.8043473204443217e-07
12.37	1.7778720007299853e-07
12.38	1.7514188144218679e-07
12.39	1.7258791018548436e-07
12.4	1.7003157637418553e-07
12.41	1.675120628874538e-07
12.42	1.6502282917940647e-07
12.43	1.6257486024073842e-07
12.44	1.6015645698530534e-07
12.45	1.577923960383032e-07
12.46	1.5541811393404714e-07
12.47	1.531381457198222e-07
12.48	1.5085114313251324e-07
12.49	1.4859949004630835e-07
12.5	1.463746777119468e-07
12.51	1.4418492355616763e-07
12.52	1.4202894504933283e-07
12.53	1.3990686653642115e-07
12.54	1.3781464147655242e-07
12.55	1.357482588559833e-07
12.56	1.3370327422990158e-07
12.57	1.3168996915169373e-07
12.58	1.296993836774618e-07
12.59	1.2774180646601963e-07
12.6	1.2582155406448692e-07
12.61	1.2391602055572548e-07
12.62	1.2205758892491758e-07
12.63	1.2018529105262132e-07
12.64	1.1838972113764612e-07
12.65	1.1658380572043825e-07
12.66	1.1480860351298361e-07
12.67	1.1306271474609275e-07
12.68	1.1134449096061871e-07
12.69	1.0965511521021654e-07
12.7	1.0798673244494239e-07
12.71	1.0632430047508024e-07
12.72	1.0471226019603819e-07
12.73	1.0310644782407508e-07
12.74	1.0152253793194177e-07
12.75	9.996576721960082e-08
12.76	9.84334249665153e-08
12.77	9.692708857755861e-08
12.78	9.543658663346832e-08
12.79	9.397527378496306e-08
12.8	9.25195600132156e-08
12.81	9.109101384296991e-08
12.82	8.968230957862033e-08
12.83	8.829029241042008e-08
12.84	8.692738617810392e-08
12.85	8.558301800576373e-08
12.86	8.425849529203333e-08
12.87	8.295430120597302e-08
12.88	8.164884945927042e-08
12.89	8.038784216068962e-08
12.9	7.913391186775698e-08
12.91	7.789640577016144e-08
12.92	7.668677426408976e-08
12.93	7.54857722995439e-08
12.94	7.431254900325257e-08
12.95	7.314589467455335e-08
12.96	7.198665841201546e-08
12.97	7.086263664746184e-08
12.98	6.974158139883002e-08
12.99	6.86483119238801e-08
13.0	6.756687298548059e-08
13.01	6.650903117133566e-08
13.02	6.546103747950838e-08
13.03	6.442626343527991e-08
13.04	6.340761160572583e-08
13.05	6.239780603323197e-08
13.06	6.140751906968944e-08
13.07	6.043094558094708e-08
13.08	5.9475244285067674e-08
13.09	5.8531245628046236e-08
13.1	5.759961752005438e-08
13.11	5.6685202309836313e-08
13.12	5.577421191560461e-08
13.13	5.488097443162587e-08
13.14	5.400215030704203e-08
13.15	5.3132925614818305e-08
13.16	5.22882821485382e-08
13.17	5.1447642590574105e-08
13.18	5.0625228453782256e-08
13.19	4.981148649108036e-08
13.2	4.9006889213387694e-08
13.21	4.821638199814515e-08
13.22	4.7436312655690926e-08
13.23	4.6669111242181316e-08
13.24	4.591575120116431e-08
13.25	4.517337259812848e-08
13.26	4.444334322784016e-08
13.27	4.372302697674968e-08
13.28	4.300784084421139e-08
13.29	4.2308201386731525e-08
13.3	4.1615251689108845e-08
13.31	4.093971028851229e-08
13.32	4.027045719112721e-08
13.33	3.9617408020831135e-08
13.34	3.897006095598954e-08
13.35	3.833011774645456e-08
13.36	3.7701461508277134e-08
13.37	3.707769025140806e-08
13.38	3.6467298514253343e-08
13.39	3.586957575407723e-08
13.4	3.52773703582443e-08
13.41	3.470013609785383e-08
13.42	3.4126145465052105e-08
13.43	3.356327127335135e-08
13.44	3.300507600556557e-08
13.45	3.245434854193263e-08
13.46	3.19152668737388e-08
13.47	3.1382718646000285e-08
13.48	3.086681132913327e-08
13.49	3.035073348200967e-08
13.5	2.984856806165226e-08
13.51	2.9348690588903992e-08
13.52	2.885539984731622e-08
13.53	2.837330725924403e-08
13.54	2.7896561505258433e-08
13.55	2.742729421356671e-08
13.56	2.6970425892614003e-08
13.57	2.6517792406366425e-08
13.58	2.607445281910259e-08
13.59	2.56329322212423e-08
13.6	2.5198950481808424e-08
13.61	2.4771861006911422e-08
13.62	2.4351471950012638e-08
13.63	2.3941169047247968e-08
13.64	2.3534010296089036e-08
13.65	2.313797509145843e-08
13.66	2.2743552818837998e-08
13.67	2.2355973072762936e-08
13.68	2.1974638997335205e-08
13.69	2.1596886057295706e-08
13.7	2.1228018454166886e-08
13.71	2.0867545913461072e-08
13.72	2.0509506981625236e-08
13.73	2.0161824210163104e-08
13.74	1.981601016609602e-08
13.75	1.9474583723422256e-08
13.76	1.9140248497251378e-08
13.77	1.880624012073895e-08
13.78	1.8482136709963015e-08
13.79	1.8161369297331476e-08
13.8	1.785045355973125e-08
13.81	1.7541317731684103e-08
13.82	1.723806519748905e-08
13.83	1.6938660252208138e-08
13.84	1.6642609068640013e-08
13.85	1.6353595810869592e-08
13.86	1.6067179586798375e-08
13.87	1.578727193418672e-08
13.88	1.5514142859274216e-08
13.89	1.5242097362033746e-08
13.9	1.4978432716361567e-08
13.91	1.4712821183593405e-08
13.92	1.4454084151793722e-08
13.93	1.4198867859249731e-08
13.94	1.3948650234851812e-08
13.95	1.3703818524390954e-08
13.96	1.3462372550065993e-08
13.97	1.3225616157797049e-08
13.98	1.2992124709398922e-08
13.99	1.2759791445660085e-08
14.0	1.2533867277397803e-08
14.01	1.2308639441016567e-08
14.02	1.20919132484687e-08
14.03	1.1877340000410186e-08
14.04	1.1666106303209745e-08
14.05	1.1459746929176617e-08
14.06	1.1254343235123088e-08
14.07	1.1052179615944624e-08
14.08	1.085514256260467e-08
14.09	1.0657601023922325e-08
14.1	1.046637265744721e-08
14.11	1.0278426998411305e-08
14.12	1.0094090896473062e-08
14.13	9.913527776461706e-09
14.14	9.732588068800396e-09
14.15	9.557226121614804e-09
14.16	9.382212340369733e-09
14.17	9.212779872314059e-09
14.18	9.044125448554041e-09
14.19	8.88104878526974e-09
14.2	8.72043059985117e-09
14.21	8.561119813066398e-09
14.22	8.406519924619715e-09
14.23	8.251490157817898e-09
14.24	8.098734127770513e-09
14.25	7.95180454815636e-09
14.26	7.804231927366345e-09
14.27	7.662396939167593e-09
14.28	7.521872902316318e-09
14.29	7.383082589740297e-09
14.3	7.248011968385981e-09
14.31	7.111243149893198e-09
14.32	6.980144462431781e-09
14.33	6.848626554756265e-09
14.34	6.722494561017811e-09
14.35	6.597975499289532e-09
14.36	6.4755774076274975e-09
14.37	6.356753345926336e-09
14.38	6.236948735249825e-09
14.39	6.121553042248706e-09
14.4	6.006182218243339e-09
14.41	5.892939469731573e-09
14.42	5.782631262718496e-09
14.43	5.6745648180367425e-09
14.44	5.56859802713916e-09
14.45	5.464119823272995e-09
14.46	5.359417798445065e-09
14.47	5.258918633899157e-09
14.48	5.1568456171935395e-09
14.49	5.0598281120528554e-09
14.5	4.962764421634347e-09
14.51	4.869757930237029e-09
14.52	4.777660933541483e-09
14.53	4.687390031676841e-09
14.54	4.597836777975317e-09
14.55	4.510635420729159e-09
14.56	4.423093002969836e-09
14.57	4.339607784231703e-09
14.58	4.2549856971163535e-09
14.59	4.174449230731625e-09
14.6	4.0934828859917616e-09
14.61	4.014751198155864e-09
14.62	3.937401515941019e-09
14.63	3.860151309709181e-09
14.64	3.785157076663381e-09
14.65	3.71102615304153e-09
14.66	3.6388598800840555e-09
14.67	3.568718653923497e-09
14.68	3.499266654216626e-09
14.69	3.4318539121613867e-09
14.7	3.364338141409462e-09
14.71	3.298623596492689e-09
14.72	3.2333673516404815e-09
14.73	3.1697169333710917e-09
14.74	3.1079778750608966e-09
14.75	3.046977781195892e-09
14.76	2.987306402246759e-09
14.77	2.928800313384272e-09
14.78	2.8697755283246806e-09
14.79	2.8132198792718555e-09
14.8	2.756099348744101e-09
14.81	2.7014515069367917e-09
14.82	2.6478339520963345e-09
14.83	2.5946818027478002e-09
14.84	2.544059185538572e-09
14.85	2.493127482239288e-09
14.86	2.4433433054582565e-09
14.87	2.394312303977131e-09
14.88	2.3460557940779836e-09
14.89	2.2990214176843438e-09
14.9	2.2527117948811792e-09
14.91	2.207663385433989e-09
14.92	2.1633290714362374e-09
14.93	2.119122655130923e-09
14.94	2.076685490237651e-09
14.95	2.033459622907685e-09
14.96	1.992251696947278e-09
14.97	1.951487860196721e-09
14.98	1.9115944382974703e-09
14.99	1.87341697710508e-09
15.0	1.8345360786042875e-09
15.01	1.7976340416225867e-09
15.02	1.7603447588498966e-09
15.03	1.7235777249879902e-09
15.04	1.688178485892422e-09
15.05	1.6526442436770594e-09
15.06	1.6193411056519835e-09
15.07	1.5858496738019312e-09
15.08	1.5536834041540715e-09
15.09	1.5217942461731582e-09
15.1	1.489706136226232e-09
15.11	1.4584848884169332e-09
15.12	1.427412854582144e-09
15.13	1.397157944893479e-09
15.14	1.3682353028343641e-09
15.15	1.3387868591507868e-09
15.16	1.3118999220296246e-09
15.17	1.2832259699280257e-09
15.18	1.2569749685553688e-09
15.19	1.229796708912545e-09
15.2	1.2041247998695326e-09
15.21	1.1781651210185373e-09
15.22	1.154006668002694e-09
15.23	1.1291696466741996e-09
15.24	1.106084113189354e-09
15.25	1.081883027609365e-09
15.26	1.0593943500225578e-09
15.27	1.0356835389302432e-09
15.28	1.0138592188013718e-09
15.29	9.915801513216138e-10
15.3	9.702851855308836e-10
15.31	9.496154973476223e-10
15.32	9.287184354889177e-10
15.33	9.091358776913694e-10
15.34	8.891589686754742e-10
15.35	8.695160147453862e-10
15.36	8.50768344662356e-10
15.37	8.323119971009874e-10
15.38	8.14331713172578e-10
15.39	7.969482851422072e-10
15.4	7.796003842486243e-10
15.41	7.628031539752556e-10
15.42	7.457003903255099e-10
15.43	7.291269810139056e-10
15.44	7.128768686470721e-10
15.45	6.968683408103971e-10
15.46	6.815703557094821e-10
15.47	6.660130225100147e-10
15.48	6.518163786495279e-10
15.49	6.368132687839534e-10
15.5	6.227942606074066e-10
15.51	6.086722237341746e-10
15.52	5.950440140622959e-10
15.53	5.816076509290724e-10
15.54	5.690203863650822e-10
15.55	5.560032434459572e-10
15.56	5.442473138828063e-10
15.57	5.315996531862766e-10
15.58	5.198366181957681e-10
15.59	5.076117304270156e-10
15.6	4.960334365478047e-10
15.61	4.847109380534675e-10
15.62	4.73484362828458e-10
15.63	4.629967520486389e-10
15.64	4.5209702648207895e-10
15.65	4.419646870701399e-10
15.66	4.3142733829881763e-10
15.67	4.21376711301491e-10
15.68	4.1177017351401446e-10
15.69	4.021956101496471e-10
15.7	3.930651359951298e-10
15.71	3.843396711999958e-10
15.72	3.751168264898297e-10
15.73	3.668354509045457e-10
15.74	3.5781155816039245e-10
15.75	3.497255818274425e-10
15.76	3.412701232718973e-10
15.77	3.333724407639238e-10
15.78	3.256488412262115e-10
15.79	3.1795011068425083e-10
15.8	3.10521386381879e-10
15.81	3.0309621479318594e-10
15.82	2.956639377771353e-10
15.83	2.885407468511403e-10
15.84	2.8120439310441725e-10
15.85	2.7483793019200675e-10
15.86	2.679207966593822e-10
15.87	2.618740779780637e-10
15.88	2.5568880346327205e-10
15.89	2.498197204658936e-10
15.9	2.4377655449825397e-10
15.91	2.3802471105227596e-10
15.92	2.3202417764878192e-10
15.93	2.2651391873296234e-10
15.94	2.2073010086387512e-10
15.95	2.155715606022568e-10
15.96	2.1007195982747362e-10
15.97	2.049738156983949e-10
15.98	1.9958079633397574e-10
15.99	1.9467094602987345e-10
16.0	1.8973977944369835e-10
16.01	1.851105935202213e-10
16.02	1.8070878127218748e-10
16.03	1.7645618299866328e-10
16.04	1.7196200019498065e-10
16.05	1.6786572132332367e-10
16.06	1.6356693777197506e-10
16.07	1.5947065890031809e-10
16.08	1.5553069943052833e-10
16.09	1.5159429267441737e-10
16.1	1.4788525959374965e-10
16.11	1.4418333194043953e-10
16.12	1.404565352913778e-10
16.13	1.369109270399349e-10
16.14	1.3317347224983678e-10
16.15	1.297983942549763e-10
16.16	1.262812077129638e-10
16.17	1.2322587394919537e-10
16.18	1.2000711535620212e-10
16.19	1.171116537079797e-10
16.2	1.141664540682541e-10
16.21	1.1129230870210449e-10
16.22	1.0838974162652448e-10
16.23	1.0578560249996372e-10
16.24	1.0278711215505609e-10
16.25	1.0033573971668375e-10
16.26	9.749356877364335e-11
16.27	9.514167231827741e-11
16.28	9.253753319171665e-11
16.29	9.00648444712715e-11
16.3	8.762057746025675e-11
16.31	8.523315386810282e-11
16.32	8.289191555377329e-11
16.33	8.077449820120819e-11
16.34	7.87032661264675e-11
16.35	7.6628481338048e-11
16.36	7.459988182745292e-11
16.37	7.255707146214263e-11
16.38	7.060307893880235e-11
16.39	6.861000656499527e-11
16.4	6.686207143502543e-11
16.41	6.488320991593355e-11
16.42	6.335554303404933e-11
16.43	6.147260478428507e-11
16.44	6.000533403494046e-11
16.45	5.822897719554021e-11
16.46	5.661249247168598e-11
16.47	5.497824417943775e-11
16.48	5.341505016076553e-11
16.49	5.1887383278881316e-11
16.5	5.0590642786119133e-11
16.51	4.9038106908483314e-11
16.52	4.772360284732713e-11
16.53	4.6359360794667737e-11
16.54	4.5073278442941955e-11
16.55	4.382272322800418e-11
16.56	4.256150987203e-11
16.57	4.147793219999585e-11
16.58	4.028422040391888e-11
16.59	3.927524971913954e-11
16.6	3.8127723200886976e-11
16.61	3.704059281517402e-11
16.62	3.594280428842467e-11
16.63	3.480238319752971e-11
16.64	3.381117608114437e-11
16.65	3.277378368693462e-11
16.66	3.18962634082709e-11
16.67	3.085531830038235e-11
16.68	3.005240500897344e-11
16.69	2.90825141746609e-11
16.7	2.8347102443149197e-11
16.71	2.7505109301273478e-11
16.72	2.6791013851834578e-11
16.73	2.5980995133068063e-11
16.74	2.5302426820417168e-11
16.75	2.446398639222025e-11
16.76	2.383160335739376e-11
16.77	2.3018031924948446e-11
16.78	2.2325252757582348e-11
16.79	2.1532997607209836e-11
16.8	2.091127271341975e-11
16.81	2.0182966409265646e-11
16.82	1.9696244635269977e-11
16.83	1.9021229036297882e-11
16.84	1.8467005702405004e-11
16.85	1.7895018800118123e-11
16.86	1.7340795466225245e-11
16.87	1.680078298704757e-11
16.88	1.6331824781445903e-11
16.89	1.5845103007450234e-11
16.9	1.5415224652315374e-11
16.91	1.4935608305677306e-11
16.92	1.4498624523184844e-11
16.93	1.3997691894473974e-11
16.94	1.3571366253017914e-11
16.95	1.3059775483270641e-11
16.96	1.2679635119638988e-11
16.97	1.227462576025573e-11
16.98	1.184119469144207e-11
16.99	1.1517897746671224e-11
17.0	1.1102230246251565e-11
17.01	1.0732748023656313e-11
17.02	1.043076736095827e-11
17.03	1.0089706847793423e-11
17.04	9.819700608204585e-12
17.05	9.510614518148941e-12
17.06	9.187317573378095e-12
17.07	8.899547765395255e-12
17.08	8.597567102697212e-12
17.09	8.334666290465975e-12
17.1	8.000711204658728e-12
17.11	7.744915819785092e-12
17.12	7.407408020299044e-12
17.13	7.197797913249815e-12
17.14	6.95266066941258e-12
17.15	6.732392421326949e-12
17.16	6.490807891168515e-12
17.17	6.252776074688882e-12
17.18	5.9827698351000436e-12
17.19	5.780265155408415e-12
17.2	5.559996907322784e-12
17.21	5.4143356464919634e-12
17.22	5.233147248873138e-12
17.23	5.066169705969514e-12
17.24	4.881428594671888e-12
17.25	4.725109192804666e-12
17.26	4.554578936222242e-12
17.27	4.387601393318619e-12
17.28	4.245492846166599e-12
17.29	4.0891734442993766e-12
17.3	3.915090474038152e-12
17.31	3.7836400679225335e-12
17.32	3.6060043839825084e-12
17.33	3.4710012641880894e-12
17.34	3.3431035717512714e-12
17.35	3.2152058793144533e-12
17.36	3.1299407510232413e-12
17.37	3.0340174816956278e-12
17.38	2.9274360713316128e-12
17.39	2.8528290840768022e-12
17.4	2.7426949600339867e-12
17.41	2.6645352591003757e-12
17.42	2.5579538487363607e-12
17.43	2.48334686148155e-12
17.44	2.362554596402333e-12
17.45	2.291500322826323e-12
17.46	2.163602630389505e-12
17.47	2.106759211528697e-12
17.48	1.9895196601282805e-12
17.49	1.9326762412674725e-12
17.5	1.808331262509455e-12
17.51	1.7621459846850485e-12
17.52	1.680433570072637e-12
17.53	1.644906433284632e-12
17.54	1.580957587066223e-12
17.55	1.531219595563016e-12
17.56	1.4566126083082054e-12
17.57	1.3997691894473974e-12
17.58	1.3500311979441904e-12
17.59	1.2896350654045818e-12
17.6	1.2470025012589758e-12
17.61	1.1759482276829658e-12
17.62	1.1333156635373598e-12
17.63	1.0658141036401503e-12
17.64	1.0267342531733448e-12
17.65	9.698908343125368e-13
17.66	9.414691248821327e-13
17.67	8.775202786637237e-13
17.68	8.562039965909207e-13
17.69	8.206768598029157e-13
17.7	7.887024366937112e-13
17.71	7.673861546209082e-13
17.72	7.247535904753022e-13
17.73	6.927791673660977e-13
17.74	6.608047442568932e-13
17.75	6.252776074688882e-13
17.76	6.110667527536862e-13
17.77	5.826450433232822e-13
17.78	5.577760475716786e-13
17.79	5.293543381412746e-13
17.8	5.080380560684716e-13
17.81	4.760636329592671e-13
17.82	4.511946372076636e-13
17.83	4.334310688136611e-13
17.84	4.085620730620576e-13
17.85	3.979039320256561e-13
17.86	3.765876499528531e-13
17.87	3.588240815588506e-13
17.88	3.410605131648481e-13
17.89	3.161915174132446e-13
17.9	3.126388037344441e-13
17.91	2.877698079828406e-13
17.92	2.8066438062523957e-13
17.93	2.6290081223123707e-13
17.94	2.5224267119483557e-13
17.95	2.3447910280083306e-13
17.96	2.2737367544323206e-13
17.97	2.0961010704922955e-13
17.98	1.9895196601282805e-13
17.99	1.7763568394002505e-13
18.0	1.6697754290362354e-13
18.01	1.5276668818842154e-13
18.02	1.4921397450962104e-13
18.03	1.4566126083082054e-13
18.04	1.3500311979441904e-13
18.05	1.2789769243681803e-13
18.06	1.2434497875801753e-13
18.07	1.2079226507921703e-13
18.08	1.2079226507921703e-13
18.09	1.1723955140041653e-13
18.1	1.1013412404281553e-13
18.11	9.947598300641403e-14
18.12	8.881784197001252e-14
18.13	7.815970093361102e-14
18.14	7.460698725481052e-14
18.15	6.750155989720952e-14
18.16	6.750155989720952e-14
18.17	6.039613253960852e-14
18.18	6.039613253960852e-14
18.19	5.684341886080802e-14
18.2	5.684341886080802e-14
18.21	5.684341886080802e-14
18.22	5.684341886080802e-14
18.23	5.684341886080802e-14
18.24	5.3290705182007514e-14
18.25	5.3290705182007514e-14
18.26	4.618527782440651e-14
18.27	4.263256414560601e-14
18.28	3.907985046680551e-14
18.29	3.197442310920451e-14
18.3	2.842170943040401e-14
18.31	2.1316282072803006e-14
18.32	1.7763568394002505e-14
18.33	1.4210854715202004e-14
18.34	1.4210854715202004e-14
18.35	1.4210854715202004e-14
18.36	1.4210854715202004e-14
18.37	1.4210854715202004e-14
18.38	1.4210854715202004e-14
18.39	1.4210854715202004e-14
18.4	1.4210854715202004e-14
18.41	1.4210854715202004e-14
18.42	1.0658141036401503e-14
18.43	1.0658141036401503e-14
18.44	3.552713678800501e-15
18.45	3.552713678800501e-15
18.46	0.0
