10.5877138021906
10.5877138021906
9.9354791331786
9.91840960950825
9.91840960950825
9.91840960950825
9.91778454607234
9.86707301587752
9.86707301587752
9.49198585093481
9.47326174704785
9.27753633303343
9.25530770677495
9.1971437597593
9.07319014060434
9.00478402330326
8.48727085102577
8.22392515110589
8.19862465269027
8.19862465269027
7.98897233597616
7.87519013829312
7.78323354070337
7.68021380189871
7.299207539529
7.27222958722614
7.14521531339556
6.9563563459001
6.85089905173127
6.74720098412011
6.73722884780888
6.73468685448154
6.71119791719339
6.63883620289884
6.51325753842011
6.4914382625787
6.33225704492379
6.32877846942807
6.14131872492814
6.09303766423281
5.96417715117425
5.86769654945913
5.56681025779962
4.94300685060304
4.92141219981365
4.56919754767301
4.35463302667475
4.35325045962471
4.23191026165593
4.21873274563794
3.31155666039309
1.72112412866231
0.997687041036804
-0.225838395707459
-0.22652601656287
-0.4841362291741
-0.677847460507887
