2.83	0.0005028244034974705
2.84	0.0004993126278236559
2.85	0.0004958234151217766
2.86	0.0004923554920424067
2.87	0.0004889099609499681
2.88	0.0004854863357763861
2.89	0.0004820843996071744
2.9	0.0004787038582776404
2.91	0.00047534511213598307
2.92	0.0004720074744568592
2.93	0.0004686910068585348
2.94	0.00046539539897594295
2.95	0.0004621210663913189
2.96	0.0004588676013099757
2.97	0.0004556030125399957
2.98	0.00045242324404171086
2.99	0.00044919969201373533
3.0	0.0004460602231119992
3.01	0.0004429092811619739
3.02	0.0004397779558757975
3.03	0.0004366674193079234
3.04	0.0004335765385121704
3.05	0.00043050564880786624
3.06	0.00042745435075630667
3.07	0.00042442302441259017
3.08	0.00042141136185591677
3.09	0.0004184187877740442
3.1	0.0004154452386160301
3.11	0.00041249040293678263
3.12	0.0004095550456213459
3.13	0.00040663825149067634
3.14	0.00040374062263026644
3.15	0.00040086165489583436
3.16	0.0003980014577109614
3.17	0.00039516020126484364
3.18	0.000392337188543479
3.19	0.0003895324946370238
3.2	0.0003867463067308563
3.21	0.00038397724074457074
3.22	0.0003811987096469238
3.23	0.0003784933156794068
3.24	0.00037575132785150345
3.25	0.0003730808385853379
3.26	0.0003704011302829713
3.27	0.0003677387837228707
3.28	0.00036509369255099955
3.29	0.0003624660409968783
3.3	0.0003598556103838746
3.31	0.00035726204083630364
3.32	0.0003546853648117576
3.33	0.00035212541484952453
3.34	0.0003495825766322014
3.35	0.00034705640706533813
3.36	0.0003445470558745001
3.37	0.0003420537473743934
3.38	0.0003395765771188053
3.39	0.00033711592624285913
3.4	0.00033467128628217324
3.41	0.000332242844706343
3.42	0.00032983060873448267
3.43	0.00032743388720746225
3.44	0.00032505307785868354
3.45	0.00032268869216522944
3.46	0.00032033952970778046
3.47	0.0003180060085128389
3.48	0.00031568751768418224
3.49	0.00031338438049033357
3.5	0.00031109652269378785
3.51	0.0003088240401893927
3.52	0.0003065666228394548
3.53	0.00030432427570303844
3.54	0.00030209642324052766
3.55	0.000299883645141108
3.56	0.00029768559460308097
3.57	0.0002955025902338093
3.58	0.00029333384674146146
3.59	0.0002911794748001739
3.6	0.00028903922162726303
3.61	0.0002869135769856257
3.62	0.00028480247010520543
3.63	0.00028270531095131446
3.64	0.00028062207354651036
3.65	0.00027855279563482327
3.66	0.00027649714496646993
3.67	0.0002744555330309595
3.68	0.00027242763974300033
3.69	0.00027041323602361445
3.7	0.0002684122430878233
3.71	0.00026642525881470647
3.72	0.00026445155168630663
3.73	0.00026249125420463315
3.74	0.00026054434772504464
3.75	0.000258610045250407
3.76	0.0002566887606576529
3.77	0.00025478040225834775
3.78	0.0002528849831833213
3.79	0.00025100238605091363
3.8	0.0002491326663403015
3.81	0.0002472756848987956
3.82	0.00024543142029642695
3.83	0.00024359946576169023
3.84	0.00024178033589805636
3.85	0.00023997353088134332
3.86	0.00023817868509468099
3.87	0.00023639614261128372
3.88	0.00023462551331476789
3.89	0.0002328670790348042
3.9	0.0002311207595084852
3.91	0.00022938626062796175
3.92	0.00022766380135408326
3.93	0.0002259531073036669
3.94	0.00022425390159241942
3.95	0.00022256627170236243
3.96	0.00022089038282047113
3.97	0.0002192258318700624
3.98	0.00021757283019496754
3.99	0.00021593103082295784
4.0	0.00021430073502415325
4.01	0.00021268176664079874
4.02	0.0002110737344764857
4.03	0.00020947693809603152
4.04	0.00020789090353900974
4.05	0.00020631550995631187
4.06	0.00020475139319842128
4.07	0.00020319811699209822
4.08	0.00020165547527994931
4.09	0.00020012352774756437
4.1	0.0001986022596724979
4.11	0.00019709153036728821
4.12	0.00019559166810267925
4.13	0.0001941021195079884
4.14	0.00019262227431227075
4.15	0.0001911530764004965
4.16	0.0001896939870675851
4.17	0.00018824515007054288
4.18	0.00018680632274481468
4.19	0.00018536342446395793
4.2	0.0001839588695133898
4.21	0.00018254993665323127
4.22	0.0001811510217066825
4.23	0.000179748102141275
4.24	0.00017838240694345586
4.25	0.0001770125450661908
4.26	0.00017565205297387365
4.27	0.00017430155168085548
4.28	0.00017296043563419516
4.29	0.00017162881056265178
4.3	0.00017030614668556154
4.31	0.0001689927448751405
4.32	0.00016768893408425356
4.33	0.0001663940233811445
4.34	0.00016510815476067364
4.35	0.0001638316911680704
4.36	0.0001625639609414975
4.37	0.00016130525659718842
4.38	0.00016005568727450736
4.39	0.00015881510529425213
4.4	0.00015758306653879117
4.41	0.00015635946533620881
4.42	0.00015514464860189037
4.43	0.00015393839282751287
4.44	0.00015272880011707457
4.45	0.00015155140357592245
4.46	0.00015037083966262799
4.47	0.00014919853441597297
4.48	0.0001480232407971016
4.49	0.0001468794000629714
4.5	0.00014573209415402744
4.51	0.00014459306117942106
4.52	0.00014346203556669934
4.53	0.00014233885383418965
4.54	0.00014122409697847615
4.55	0.00014011715347805875
4.56	0.0001390181633382781
4.57	0.00013792711047244666
4.58	0.00013684379160849858
4.59	0.00013576832338912936
4.6	0.00013470067995058344
4.61	0.00013364037795327022
4.62	0.00013258789823566985
4.63	0.00013154298943618414
4.64	0.0001305054273643691
4.65	0.00012947548992769953
4.66	0.0001284530706584519
4.67	0.0001274382812539443
4.68	0.00012643041503679342
4.69	0.00012541986370706582
4.7	0.00012443656834193462
4.71	0.00012345061401219937
4.72	0.00012247148339383784
4.73	0.00012148997041094844
4.74	0.0001205350224608992
4.75	0.00011957720295185936
4.76	0.00011862643901849879
4.77	0.00011768286373126102
4.78	0.00011674597556066146
4.79	0.00011581595157394986
4.8	0.00011489233321526626
4.81	0.00011397566646564883
4.82	0.00011306564806545794
4.83	0.000112162338325561
4.84	0.00011126563180141602
4.85	0.00011037541833047726
4.86	0.0001094916448209915
4.87	0.0001086145932731597
4.88	0.00010774371668276217
4.89	0.00010687954591048765
4.9	0.00010602158909023274
4.91	0.00010516971462948277
4.92	0.00010432424511463978
4.93	0.0001034850923247177
4.94	0.0001026438515054906
4.95	0.00010182529956637154
4.96	0.00010100438896643027
4.97	0.00010018936143296742
4.98	9.937256555758722e-05
4.99	9.857781941491339e-05
5.0	9.778084250910979e-05
5.01	9.698969188320916e-05
5.02	9.620467892546003e-05
5.03	9.542529346617812e-05
5.04	9.465188719559592e-05
5.05	9.38843476205875e-05
5.06	9.312240678127637e-05
5.07	9.236571730752985e-05
5.08	9.161485428421656e-05
5.09	9.086950990422338e-05
5.1	9.012972390110008e-05
5.11	8.939551730691164e-05
5.12	8.866687329600609e-05
5.13	8.794370216946845e-05
5.14	8.722592599497148e-05
5.15	8.651360423073129e-05
5.16	8.580663279644796e-05
5.17	8.510472889611265e-05
5.18	8.440814082177894e-05
5.19	8.370988956585279e-05
5.2	8.303068966597493e-05
5.21	8.234981510213402e-05
5.22	8.167402967274029e-05
5.23	8.099640365344385e-05
5.24	8.03374043130134e-05
5.25	7.967680198817106e-05
5.26	7.902087952516013e-05
5.27	7.837013771450074e-05
5.28	7.772419866114433e-05
5.29	7.708316536536586e-05
5.3	7.644696523811945e-05
5.31	7.581561385450186e-05
5.32	7.518928788385892e-05
5.33	7.456749358425441e-05
5.34	7.395041455993123e-05
5.35	7.333812970955478e-05
5.36	7.273018172782031e-05
5.37	7.212689916968884e-05
5.38	7.152826611900309e-05
5.39	7.093426245319279e-05
5.4	7.034476186618122e-05
5.41	6.975986735824335e-05
5.42	6.917936821082549e-05
5.43	6.860334627845077e-05
5.44	6.802611613920817e-05
5.45	6.746447957084456e-05
5.46	6.690134193831909e-05
5.47	6.634271085204091e-05
5.48	6.578270313184476e-05
5.49	6.523812442082999e-05
5.5	6.469201144909675e-05
5.51	6.415027871753409e-05
5.52	6.36125904520668e-05
5.53	6.307912138936445e-05
5.54	6.254982616837879e-05
5.55	6.202443785241485e-05
5.56	6.150318756681372e-05
5.57	6.0985959521531186e-05
5.58	6.047264236030969e-05
5.59	5.9963439412058506e-05
5.6	5.945819697217303e-05
5.61	5.895666004107625e-05
5.62	5.845909129220672e-05
5.63	5.7965278472238424e-05
5.64	5.747537136358005e-05
5.65	5.698909279772124e-05
5.66	5.650687398883747e-05
5.67	5.602830844964046e-05
5.68	5.555334917062282e-05
5.69	5.507764518597469e-05
5.7	5.461497022452022e-05
5.71	5.415108239503752e-05
5.72	5.3690924175953114e-05
5.73	5.322960191733728e-05
5.74	5.2781099157073186e-05
5.75	5.2331459698962135e-05
5.76	5.188547351053785e-05
5.77	5.144292134673378e-05
5.78	5.100391126688919e-05
5.79	5.0568376650517166e-05
5.8	5.0136237916831305e-05
5.81	4.9707607558957534e-05
5.82	4.9282175552889385e-05
5.83	4.8860117601634556e-05
5.84	4.844126647185476e-05
5.85	4.802569321782357e-05
5.86	4.7613654317046894e-05
5.87	4.720473128827507e-05
5.88	4.679895050685445e-05
5.89	4.6396507968893275e-05
5.9	4.5997103825357044e-05
5.91	4.5600789803756925e-05
5.92	4.520766850646396e-05
5.93	4.481776727516262e-05
5.94	4.442706642748817e-05
5.95	4.404696824167331e-05
5.96	4.3666248757290305e-05
5.97	4.328863627733881e-05
5.98	4.291027556746485e-05
5.99	4.254222125155138e-05
6.0	4.217335339262718e-05
6.01	4.180747907867044e-05
6.02	4.1444617693287e-05
6.03	4.108448734996273e-05
6.04	4.072724925663351e-05
6.05	4.037293012970622e-05
6.06	4.002142145509424e-05
6.07	3.967276012417642e-05
6.08	3.932709108767085e-05
6.09	3.8984136892850074e-05
6.1	3.864381631046854e-05
6.11	3.8306217959416244e-05
6.12	3.797122849391599e-05
6.13	3.763902168429922e-05
6.14	3.7309519541395275e-05
6.15	3.698255898143543e-05
6.16	3.6658223166341486e-05
6.17	3.633665136248965e-05
6.18	3.601762665539354e-05
6.19	3.569793256019693e-05
6.2	3.538718573281585e-05
6.21	3.5075933737971354e-05
6.22	3.4766997202950733e-05
6.23	3.4457615925020946e-05
6.24	3.41568311341689e-05
6.25	3.385557477031398e-05
6.26	3.355655729819773e-05
6.27	3.325999392700396e-05
6.28	3.296593240520451e-05
6.29	3.267409294949175e-05
6.3	3.238468184463272e-05
6.31	3.2097715802592575e-05
6.32	3.181307590693905e-05
6.33	3.153071628503312e-05
6.34	3.125070827536547e-05
6.35	3.097302868582119e-05
6.36	3.069770048114151e-05
6.37	3.042453926127564e-05
6.38	3.015349329871242e-05
6.39	2.988468122566701e-05
6.4	2.961813999036167e-05
6.41	2.9353697357237252e-05
6.42	2.909153931796027e-05
6.43	2.8831464021550346e-05
6.44	2.857107205045395e-05
6.45	2.8317852923009923e-05
6.46	2.806420349088512e-05
6.47	2.7812668236038007e-05
6.48	2.756076247578676e-05
6.49	2.7315770978475484e-05
6.5	2.707036634319593e-05
6.51	2.6826945429547777e-05
6.52	2.658559606061317e-05
6.53	2.6346277536504203e-05
6.54	2.610885752574177e-05
6.55	2.587340117088388e-05
6.56	2.564002824101408e-05
6.57	2.5408374767721398e-05
6.58	2.5178684779803007e-05
6.59	2.4951060709099693e-05
6.6	2.4725195771679864e-05
6.61	2.4501217353645188e-05
6.62	2.4279262731852214e-05
6.63	2.4059131419562618e-05
6.64	2.384080607953365e-05
6.65	2.3624293248758477e-05
6.66	2.340956393709348e-05
6.67	2.3196690790427965e-05
6.68	2.2985415228049533e-05
6.69	2.2776065577545523e-05
6.7	2.2568532585864887e-05
6.71	2.2362610195614252e-05
6.72	2.2158583476539206e-05
6.73	2.1956155194402527e-05
6.74	2.175550264382764e-05
6.75	2.155661411507026e-05
6.76	2.135932282953945e-05
6.77	2.116356500891925e-05
6.78	2.0969532442904892e-05
6.79	2.0777185000042664e-05
6.8	2.0586362040830863e-05
6.81	2.039722772906316e-05
6.82	2.020966820737158e-05
6.83	2.0023658407808398e-05
6.84	1.9839351296013774e-05
6.85	1.9656540303003567e-05
6.86	1.9475290457648953e-05
6.87	1.9295508820960094e-05
6.88	1.91173117514154e-05
6.89	1.8940690949875716e-05
6.9	1.8765562572298222e-05
6.91	1.859195509723577e-05
6.92	1.84197484145443e-05
6.93	1.8249003119308327e-05
6.94	1.807975894507763e-05
6.95	1.7911898225975165e-05
6.96	1.7745482693953818e-05
6.97	1.7580509165782132e-05
6.98	1.7416928983493563e-05
6.99	1.7254866065741226e-05
7.0	1.7094157499286666e-05
7.01	1.6934864618178835e-05
7.02	1.67768932897161e-05
7.03	1.6620212079487828e-05
7.04	1.6464877376165532e-05
7.05	1.6310907767547178e-05
7.06	1.615829665979618e-05
7.07	1.600697140702323e-05
7.08	1.5856895402066584e-05
7.09	1.5708187902419013e-05
7.1	1.5560736699171684e-05
7.11	1.541464649790214e-05
7.12	1.5269749781054998e-05
7.13	1.5126134428555815e-05
7.14	1.4983717846916988e-05
7.15	1.4842539144410694e-05
7.16	1.4702608211791812e-05
7.17	1.4563915954113327e-05
7.18	1.4426414509216556e-05
7.19	1.4290005765360547e-05
7.2	1.4154972745927807e-05
7.21	1.402097996106022e-05
7.22	1.3888088972180412e-05
7.23	1.3756497139638668e-05
7.24	1.3626002669298032e-05
7.25	1.3496585324901389e-05
7.26	1.3368426380111487e-05
7.27	1.3241315741652215e-05
7.28	1.311545076987386e-05
7.29	1.2990634274956392e-05
7.3	1.2866904398833867e-05
7.31	1.2744267166908685e-05
7.32	1.2622657607153087e-05
7.33	1.2502125969149347e-05
7.34	1.2382675038224988e-05
7.35	1.2264269571460318e-05
7.36	1.214693179463211e-05
7.37	1.2030607138058258e-05
7.38	1.1915346021851292e-05
7.39	1.1801120649579389e-05
7.4	1.168793392025691e-05
7.41	1.157570778786976e-05
7.42	1.1464418207651761e-05
7.43	1.13541007067397e-05
7.44	1.1244799566156871e-05
7.45	1.1136424916458054e-05
7.46	1.1029054007849481e-05
7.47	1.0922616979769373e-05
7.48	1.0817174313615396e-05
7.49	1.0712588277783652e-05
7.5	1.0608990692162479e-05
7.51	1.0506345745397994e-05
7.52	1.04046004025804e-05
7.53	1.030375750588064e-05
7.54	1.0203766748873022e-05
7.55	1.0104749662787071e-05
7.56	1.0006672937379335e-05
7.57	9.909368486660242e-06
7.58	9.812978532863781e-06
7.59	9.717402122078056e-06
7.6	9.622671768738655e-06
7.61	9.528832094929385e-06
7.62	9.43588730706324e-06
7.63	9.343741453449184e-06
7.64	9.25236889770531e-06
7.65	9.16193124567144e-06
7.66	9.072235798157635e-06
7.67	8.983409315987956e-06
7.68	8.895397400010552e-06
7.69	8.808106258584303e-06
7.7	8.721558970137266e-06
7.71	8.635893777864112e-06
7.72	8.550994152756175e-06
7.73	8.466814563234948e-06
7.74	8.383382805732253e-06
7.75	8.300789943405107e-06
7.76	8.218888979172334e-06
7.77	8.137812699260394e-06
7.78	8.057400521011004e-06
7.79	7.97775101091247e-06
7.8	7.898838077835535e-06
7.81	7.82062420512375e-06
7.82	7.743190110431897e-06
7.83	7.666404769679502e-06
7.84	7.590333098050905e-06
7.85	7.5149384883843595e-06
7.86	7.440247316026216e-06
7.87	7.366234797245852e-06
7.88	7.292908378531138e-06
7.89	7.220186034828657e-06
7.9	7.148211125240778e-06
7.91	7.076878944189957e-06
7.92	7.0062414465610345e-06
7.93	6.9362395720418135e-06
7.94	6.866938122129795e-06
7.95	6.7982487053086516e-06
7.96	6.7302054276296985e-06
7.97	6.662760767994769e-06
7.98	6.595940874376538e-06
7.99	6.5296775346723734e-06
8.0	6.464049533860816e-06
8.01	6.399004234936001e-06
8.02	6.334646172945213e-06
8.03	6.270858932566625e-06
8.04	6.20768929593396e-06
8.05	6.145055465367477e-06
8.06	6.083051289351715e-06
8.07	6.021633282671246e-06
8.08	5.960715725450427e-06
8.09	5.900385986024048e-06
8.1	5.840636731591076e-06
8.11	5.781414813554875e-06
8.12	5.722770652027975e-06
8.13	5.664091133894544e-06
8.14	5.607112768757361e-06
8.15	5.550081709770893e-06
8.16	5.493614196439012e-06
8.17	5.437703123334359e-06
8.18	5.382313361224078e-06
8.19	5.327416090494808e-06
8.2	5.273067984035151e-06
8.21	5.218717035404552e-06
8.22	5.165927348116384e-06
8.23	5.1131163445461425e-06
8.24	5.06076747797124e-06
8.25	5.008915593407437e-06
8.26	4.957599912813748e-06
8.27	4.906719880182209e-06
8.28	4.856293116972665e-06
8.29	4.8064092652566615e-06
8.3	4.756971463848458e-06
8.31	4.708030530764518e-06
8.32	4.659561511743959e-06
8.33	4.611576969182352e-06
8.34	4.563972595406085e-06
8.35	4.516852470715094e-06
8.36	4.470164412850863e-06
8.37	4.423912855600065e-06
8.38	4.377707398361963e-06
8.39	4.3328076912985125e-06
8.4	4.287859269425098e-06
8.41	4.243413059157319e-06
8.42	4.199345539745991e-06
8.43	4.155737144628802e-06
8.44	4.112535464173561e-06
8.45	4.069713895660243e-06
8.46	4.026939166124066e-06
8.47	3.985371392900561e-06
8.48	3.943813680962194e-06
8.49	3.902658136212267e-06
8.5	3.861890888856578e-06
8.51	3.821481186605524e-06
8.52	3.7814918982803647e-06
8.53	3.7419063687593734e-06
8.54	3.7026877635071287e-06
8.55	3.6638332403526874e-06
8.56	3.6253649682294053e-06
8.57	3.58728107130446e-06
8.58	3.5495816064212704e-06
8.59	3.512242642500496e-06
8.6	3.4753174418256094e-06
8.61	3.4387064147267665e-06
8.62	3.402413312869612e-06
8.63	3.3661322618172562e-06
8.64	3.3308842262158578e-06
8.65	3.295665806035686e-06
8.66	3.260784296799102e-06
8.67	3.2262028071272653e-06
8.68	3.1920384344630293e-06
8.69	3.158149354476336e-06
8.7	3.124642205420969e-06
8.71	3.091128235155338e-06
8.72	3.058566903746396e-06
8.73	3.0260125072345545e-06
8.74	2.993767793668667e-06
8.75	2.9618247481266735e-06
8.76	2.930200366790814e-06
8.77	2.898913862736663e-06
8.78	2.867918453830498e-06
8.79	2.837214765349927e-06
8.8	2.8068734536645934e-06
8.81	2.7767858341576357e-06
8.82	2.7470152303976647e-06
8.83	2.71754868208518e-06
8.84	2.6883693067247805e-06
8.85	2.6594914288580185e-06
8.86	2.6308978249289794e-06
8.87	2.6026385739896796e-06
8.88	2.574321285919723e-06
8.89	2.5468319790888927e-06
8.9	2.5193476744789223e-06
8.91	2.492131670805975e-06
8.92	2.465189538725099e-06
8.93	2.438506612634228e-06
8.94	2.4120973307617533e-06
8.95	2.3859776092649554e-06
8.96	2.3598345819664246e-06
8.97	2.334490716293658e-06
8.98	2.309130138655746e-06
8.99	2.284053550738463e-06
9.0	2.259221162148606e-06
9.01	2.2346150103658147e-06
9.02	2.2102588559391734e-06
9.03	2.1861511640963727e-06
9.04	2.162247312753607e-06
9.05	2.138626541636768e-06
9.06	2.11525770055232e-06
9.07	2.092112197260576e-06
9.08	2.069202423626848e-06
9.09	2.046518829956767e-06
9.1	2.024080401952233e-06
9.11	2.0018528061882535e-06
9.12	1.9798676476057153e-06
9.13	1.9578938577069493e-06
9.14	1.93657939462355e-06
9.15	1.915253221795865e-06
9.16	1.8941401549454895e-06
9.17	1.8732250168795872e-06
9.18	1.8525163341109874e-06
9.19	1.832037753501936e-06
9.2	1.8117433455699938e-06
9.21	1.791489580682537e-06
9.22	1.7718542721922859e-06
9.23	1.7521913946438872e-06
9.24	1.7327621435470064e-06
9.25	1.713514905077318e-06
9.26	1.6944734397839056e-06
9.27	1.6756299032749666e-06
9.28	1.6569700846957858e-06
9.29	1.6384732361984788e-06
9.3	1.620202226604306e-06
9.31	1.602083955276612e-06
9.32	1.5841619074308255e-06
9.33	1.5664418242522515e-06
9.34	1.5488891449422226e-06
9.35	1.5315615655708825e-06
9.36	1.5144004237299669e-06
9.37	1.497374910286453e-06
9.38	1.4804161878601008e-06
9.39	1.4639201708632754e-06
9.4	1.447417275812768e-06
9.41	1.4311625591290067e-06
9.42	1.4150373317534104e-06
9.43	1.3990361367177684e-06
9.44	1.3832720924256137e-06
9.45	1.3676250318894745e-06
9.46	1.3520191259885905e-06
9.47	1.3368746181185998e-06
9.48	1.321738636761438e-06
9.49	1.3067696045254706e-06
9.5	1.2919453524773417e-06
9.51	1.2772759419021895e-06
9.52	1.2627771184270387e-06
9.53	1.2484322837735817e-06
9.54	1.2342088098193926e-06
9.55	1.220145236402459e-06
9.56	1.206223544159002e-06
9.57	1.1924632303816907e-06
9.58	1.178814954982954e-06
9.59	1.1653169735836855e-06
9.6	1.1519649660840514e-06
9.61	1.1387648441996134e-06
9.62	1.125705807680788e-06
9.63	1.1126741696898534e-06
9.64	1.1000058748322772e-06
9.65	1.087362022644811e-06
9.66	1.0748395311566128e-06
9.67	1.062439764609735e-06
9.68	1.050214450515341e-06
9.69	1.0380960020484054e-06
9.7	1.0260952194585116e-06
9.71	1.0141091593141027e-06
9.72	1.0024853622780938e-06
9.73	9.908999913932348e-07
9.74	9.79415005986084e-07
9.75	9.68065307915822e-07
9.76	9.56856865741429e-07
9.77	9.457373266741342e-07
9.78	9.347344871457608e-07
9.79	9.238640359399142e-07
9.8	9.13129383661726e-07
9.81	9.024778364619124e-07
9.82	8.9193849817093e-07
9.83	8.815310934551235e-07
9.84	8.7123680714285e-07
9.85	8.610155646238127e-07
9.86	8.509267104273022e-07
9.87	8.409579095314257e-07
9.88	8.309931445182883e-07
9.89	8.213498858822277e-07
9.9	8.117175980260072e-07
9.91	8.021730195650889e-07
9.92	7.927531555651512e-07
9.93	7.834037205611821e-07
9.94	7.741489298496163e-07
9.95	7.650104976164585e-07
9.96	7.558786023764696e-07
9.97	7.470290483979625e-07
9.98	7.381942737083591e-07
9.99	7.2943862505781e-07
10.0	7.207923999885679e-07
10.01	7.122353622435185e-07
10.02	7.037914997454209e-07
10.03	6.954506943657179e-07
10.04	6.871681534903473e-07
10.05	6.789809958718251e-07
10.06	6.7088529931425e-07
10.07	6.628799837926636e-07
10.08	6.54980908620928e-07
10.09	6.471494771176367e-07
10.1	6.394131446540996e-07
10.11	6.31766454262106e-07
10.12	6.241894539016357e-07
10.13	6.166384309835848e-07
10.14	6.093102911108872e-07
10.15	6.019963052494859e-07
10.16	5.947557610852527e-07
10.17	5.876136697224865e-07
10.18	5.805489422527899e-07
10.19	5.735588501920574e-07
10.2	5.666247488989029e-07
10.21	5.597028120973846e-07
10.22	5.530005751097633e-07
10.23	5.462883905238414e-07
10.24	5.396669280344213e-07
10.25	5.331133934305399e-07
10.26	5.266284119898046e-07
10.27	5.202297757023189e-07
10.28	5.13906741161918e-07
10.29	5.07652373471501e-07
10.3	5.014747443965462e-07
10.31	4.953663506057637e-07
10.32	4.893179266218795e-07
10.33	4.833477191823476e-07
10.34	4.774425406139926e-07
10.35	4.71594773898687e-07
10.36	4.658110128730186e-07
10.37	4.6009881771169603e-07
10.38	4.544104399428761e-07
10.39	4.488778131417348e-07
10.4	4.4335934035188984e-07
10.41	4.379136271381867e-07
10.42	4.32525723681465e-07
10.43	4.2720381543404073e-07
10.44	4.2194295701847295e-07
10.45	4.167366114415927e-07
10.46	4.115359502065985e-07
10.47	4.064844461026951e-07
10.48	4.0146062474377686e-07
10.49	3.964687493862584e-07
10.5	3.9153496800281573e-07
10.51	3.86675537811243e-07
10.52	3.818522600340657e-07
10.53	3.771038450395281e-07
10.54	3.724150019479566e-07
10.55	3.677733388940396e-07
10.56	3.632004563769442e-07
10.57	3.586720822568168e-07
10.58	3.5418685229160474e-07
10.59	3.4975954577021184e-07
10.6	3.4538430782049545e-07
10.61	3.4104544965885e-07
10.62	3.367650265317934e-07
10.63	3.3248517183892545e-07
10.64	3.2834719831953407e-07
10.65	3.242262209823821e-07
10.66	3.2014281714509707e-07
10.67	3.1610744599674945e-07
10.68	3.12127951929142e-07
10.69	3.081865429521713e-07
10.7	3.0429356456807e-07
10.71	3.004097379744053e-07
10.72	2.966451120300917e-07
10.73	2.9289117264852393e-07
10.74	2.891665076276695e-07
10.75	2.8550073238875484e-07
10.76	2.818709390339791e-07
10.77	2.7827405801872374e-07
10.78	2.747347593867744e-07
10.79	2.712303057705867e-07
10.8	2.677729185052158e-07
10.81	2.643519110279158e-07
10.82	2.6096688543475466e-07
10.83	2.57633530509338e-07
10.84	2.543327468629286e-07
10.85	2.5106936618612963e-07
10.86	2.4784253582765814e-07
10.87	2.4464731041007326e-07
10.88	2.414573145870236e-07
10.89	2.3837372964408132e-07
10.9	2.3529463533122907e-07
10.91	2.322432806067809e-07
10.92	2.2924587028683163e-07
10.93	2.2627614271186758e-07
10.94	2.233522877759242e-07
10.95	2.204718043685716e-07
10.96	2.175859776798461e-07
10.97	2.1478047074197093e-07
10.98	2.1198985677983728e-07
10.99	2.092410795739852e-07
11.0	2.0652385046560084e-07
11.01	2.0383589571792982e-07
11.02	2.0118005750191514e-07
11.03	1.9855133359669708e-07
11.04	1.9595455569287878e-07
11.05	1.9340092194397585e-07
11.06	1.9087656255578622e-07
11.07	1.8837255311154877e-07
11.08	1.859055487329897e-07
11.09	1.834581553339376e-07
11.1	1.8106061361322645e-07
11.11	1.786743837328686e-07
11.12	1.7631026594244759e-07
11.13	1.7395854001733824e-07
11.14	1.716803126328159e-07
11.15	1.6940617797445157e-07
11.16	1.6716387563064927e-07
11.17	1.6494709598191548e-07
11.18	1.6275521375064272e-07
11.19	1.6058709206845379e-07
11.2	1.584629671924631e-07
11.21	1.5634213923476636e-07
11.22	1.5428099686687347e-07
11.23	1.522342927273712e-07
11.24	1.502033342148934e-07
11.25	1.4819363514106954e-07
11.26	1.4621554100813228e-07
11.27	1.4426086636376567e-07
11.28	1.423189246452239e-07
11.29	1.4041438589629252e-07
11.3	1.3853724567525205e-07
11.31	1.3667744269696414e-07
11.32	1.3483571592587396e-07
11.33	1.330206487182295e-07
11.34	1.312347990278795e-07
11.35	1.294743015023414e-07
11.36	1.2772363788826624e-07
11.37	1.2600213494806667e-07
11.38	1.2428739637471153e-07
11.39	1.2261364190635504e-07
11.4	1.209553488479287e-07
11.41	1.1931149401789298e-07
11.42	1.1768389640565147e-07
11.43	1.1608921113293036e-07
11.44	1.1450418924141559e-07
11.45	1.129471911553992e-07
11.46	1.1139354683109559e-07
11.47	1.0988708254444646e-07
11.48	1.0838971320481505e-07
11.49	1.0691081797631341e-07
11.5	1.0544823680902482e-07
11.51	1.0400782457509195e-07
11.52	1.0257048188577755e-07
11.53	1.0116207249666331e-07
11.54	9.976633918995503e-08
11.55	9.838021242103423e-08
11.56	9.702745273898472e-08
11.57	9.568276482241345e-08
11.58	9.436229220227688e-08
11.59	9.306421588917146e-08
11.6	9.177074389299378e-08
11.61	9.050796734300093e-08
11.62	8.926070904635708e-08
11.63	8.801242756817373e-08
11.64	8.67999574438727e-08
11.65	8.55958433021442e-08
11.66	8.440395049547078e-08
11.67	8.322336952915066e-08
11.68	8.206177426473005e-08
11.69	8.091370773399831e-08
11.7	7.978712801559595e-08
11.71	7.865554607633385e-08
11.72	7.756761988275684e-08
11.73	7.647724942216882e-08
11.74	7.54015445636469e-08
11.75	7.434482540702447e-08
11.76	7.329828122237814e-08
11.77	7.226088882816839e-08
11.78	7.124305057004676e-08
11.79	7.022862291705678e-08
11.8	6.923147566340049e-08
11.81	6.824814136052737e-08
11.82	6.72753230901435e-08
11.83	6.632336635448155e-08
11.84	6.537703711728682e-08
11.85	6.44499777990859e-08
11.86	6.353570825012866e-08
11.87	6.262990837058169e-08
11.88	6.173962674438371e-08
11.89	6.08638970334141e-08
11.9	5.99978875470697e-08
11.91	5.9140347730135545e-08
11.92	5.8292584981245454e-08
11.93	5.745783937527449e-08
11.94	5.663116553478176e-08
11.95	5.5816428812249796e-08
11.96	5.5007319588185055e-08
11.97	5.422765525509021e-08
11.98	5.344747933122562e-08
11.99	5.267986580292927e-08
12.0	5.1913332299591275e-08
12.01	5.1161919145670254e-08
12.02	5.0425342124071904e-08
12.03	4.969484734829166e-08
12.04	4.897395911029889e-08
12.05	4.8267111196764745e-08
12.06	4.7559353788528824e-08
12.07	4.686535248765722e-08
12.08	4.618232196662575e-08
12.09	4.550264520730707e-08
12.1	4.484201099330676e-08
12.11	4.418296839503455e-08
12.12	4.3536203975236276e-08
12.13	4.2899500840576366e-08
12.14	4.226961891617975e-08
12.15	4.1655027871456696e-08
12.16	4.1039470488613006e-08
12.17	4.0435168102703756e-08
12.18	3.9841324905864894e-08
12.19	3.924918701159186e-08
12.2	3.8674897950841114e-08
12.21	3.80941855837591e-08
12.22	3.753063992917305e-08
12.23	3.6979542983317515e-08
12.24	3.642975343609578e-08
12.25	3.589087782529532e-08
12.26	3.536473514031968e-08
12.27	3.4838933515857207e-08
12.28	3.432018047533347e-08
12.29	3.380978341738228e-08
12.3	3.3308708680124255e-08
12.31	3.2807236038934207e-08
12.32	3.23215090247686e-08
12.33	3.183293983965996e-08
12.34	3.1355000373878283e-08
12.35	3.088354105784674e-08
12.36	3.041645868506748e-08
12.37	2.995960812768317e-08
12.38	2.9501336484827334e-08
12.39	2.905920837292797e-08
12.4	2.8624867809412535e-08
12.41	2.818683242367115e-08
12.42	2.7760108878283063e-08
12.43	2.7336966468283208e-08
12.44	2.6919565243588295e-08
12.45	2.650773467394174e-08
12.46	2.6094937766174553e-08
12.47	2.5702320272102952e-08
12.48	2.5308395379397552e-08
12.49	2.491856321285013e-08
12.5	2.4540554477425758e-08
12.51	2.4164592105080374e-08
12.52	2.3794655135134235e-08
12.53	2.3434552076651016e-08
12.54	2.3075529043126153e-08
12.55	2.272281562909484e-08
12.56	2.237459284515353e-08
12.57	2.2027506929589435e-08
12.58	2.168741275454522e-08
12.59	2.135101340172696e-08
12.6	2.101819518429693e-08
12.61	2.0694358227046905e-08
12.62	2.037188551184954e-08
12.63	2.0049128579557873e-08
12.64	1.974507313207141e-08
12.65	1.943550387295545e-08
12.66	1.9135313777951524e-08
12.67	1.8837113202607725e-08
12.68	1.8542948510003043e-08
12.69	1.8253103917231783e-08
12.7	1.7965476217796095e-08
12.71	1.7678473795967875e-08
12.72	1.7404715890734224e-08
12.73	1.7127035789599176e-08
12.74	1.6858109574968694e-08
12.75	1.6593162399658468e-08
12.76	1.632872681511799e-08
12.77	1.6074011455202708e-08
12.78	1.5818386600585654e-08
12.79	1.5567934497084934e-08
12.8	1.53234509525646e-08
12.81	1.508368541180971e-08
12.82	1.4841134543530643e-08
12.83	1.4603358522435883e-08
12.84	1.4369447853823658e-08
12.85	1.4140084658720298e-08
12.86	1.3913847851654282e-08
12.87	1.3686815236724215e-08
12.88	1.3467456483340356e-08
12.89	1.3254748409963213e-08
12.9	1.3043347735219868e-08
12.91	1.2836551377404248e-08
12.92	1.262844762095483e-08
12.93	1.242938196810428e-08
12.94	1.2228952073201071e-08
12.95	1.203324018206331e-08
12.96	1.1837130386993522e-08
12.97	1.164562490885146e-08
12.98	1.1454176274128258e-08
12.99	1.1267331956332782e-08
13.0	1.1084068773925537e-08
13.01	1.0904557257163106e-08
13.02	1.07254436443327e-08
13.03	1.054962694979622e-08
13.04	1.0376254522270756e-08
13.05	1.020697482090327e-08
13.06	1.0039173048426164e-08
13.07	9.874042916635517e-09
13.08	9.712891824165126e-09
13.09	9.552820756653091e-09
13.1	9.394852895638905e-09
13.11	9.237282938556746e-09
13.12	9.084772045753198e-09
13.13	8.934193829190917e-09
13.14	8.783558769209776e-09
13.15	8.639972293167375e-09
13.16	8.497920589434216e-09
13.17	8.358824743481819e-09
13.18	8.221945790864993e-09
13.19	8.082338354142848e-09
13.2	7.950802682898939e-09
13.21	7.818812264304142e-09
13.22	7.687276593060233e-09
13.23	7.560799986094935e-09
13.24	7.43028749639052e-09
13.25	7.304890914383577e-09
13.26	7.181654382293345e-09
13.27	7.057110451569315e-09
13.28	6.937227681191871e-09
13.29	6.817685971327592e-09
13.3	6.70291910864762e-09
13.31	6.5879817157110665e-09
13.32	6.476227554230718e-09
13.33	6.365553417708725e-09
13.34	6.256243523239391e-09
13.35	6.151708475954365e-09
13.36	6.0458660300355405e-09
13.37	5.9416151998448186e-09
13.38	5.839410732733086e-09
13.39	5.739195785281481e-09
13.4	5.6396061154373456e-09
13.41	5.5416080613213126e-09
13.42	5.44855538464617e-09
13.43	5.353058440960012e-09
13.44	5.261938440526137e-09
13.45	5.172523742658086e-09
13.46	5.0824269237637054e-09
13.47	4.996365987608442e-09
13.48	4.90899765281938e-09
13.49	4.821174570679432e-09
13.5	4.741366410598857e-09
13.51	4.657010777009418e-09
13.52	4.576861556415679e-09
13.53	4.494893346418394e-09
13.54	4.4153125600132626e-09
13.55	4.339653969509527e-09
13.56	4.2645638131944e-09
13.57	4.191065272607375e-09
13.58	4.118589913559845e-09
13.59	4.046626145282062e-09
13.6	3.974491846747696e-09
13.61	3.904688128386624e-09
13.62	3.837214990198845e-09
13.63	3.768036549445242e-09
13.64	3.7009044717706274e-09
13.65	3.634397671703482e-09
13.66	3.5691414268512744e-09
13.67	3.506841039779829e-09
13.68	3.443460627750028e-09
13.69	3.3816718314483296e-09
13.7	3.3209630601049867e-09
13.71	3.261959591327468e-09
13.72	3.203581400157418e-09
13.73	3.1449189918930642e-09
13.74	3.0892124414094724e-09
13.75	3.032141648873221e-09
13.76	2.9763214115519077e-09
13.77	2.9252191779960413e-09
13.78	2.8703084353765007e-09
13.79	2.8194904189149383e-09
13.8	2.7682744985213503e-09
13.81	2.718593350437004e-09
13.82	2.670674348337343e-09
13.83	2.623607997520594e-09
13.84	2.577110080892453e-09
13.85	2.529986886656843e-09
13.86	2.4836595002852846e-09
13.87	2.438866886222968e-09
13.88	2.393790055066347e-09
13.89	2.3484290068154223e-09
13.9	2.3053985387377907e-09
13.91	2.2613448891206644e-09
13.92	2.2193376025825273e-09
13.93	2.17801243707072e-09
13.94	2.1373125491663814e-09
13.95	2.0969537217752077e-09
13.96	2.0587549443007447e-09
13.97	2.02044247998856e-09
13.98	1.982812136702705e-09
13.99	1.946432348631788e-09
14.0	1.909086222440237e-09
14.01	1.8738433027465362e-09
14.02	1.837463514675619e-09
14.03	1.8025048120762222e-09
14.04	1.7689671949483454e-09
14.05	1.7341221791866701e-09
14.06	1.7022330212057568e-09
14.07	1.6698322724550962e-09
14.08	1.6383978618250694e-09
14.09	1.608327693247702e-09
14.1	1.5777459339005873e-09
14.11	1.548244199511828e-09
14.12	1.5203340808511712e-09
14.13	1.4900933820172213e-09
14.14	1.4616148291679565e-09
14.15	1.4329657460621092e-09
14.16	1.4051693142391741e-09
14.17	1.377657099510543e-09
14.18	1.3508838492271025e-09
14.19	1.3238263818493579e-09
14.2	1.2988721209694631e-09
14.21	1.2730652088066563e-09
14.22	1.249190972885117e-09
14.23	1.2262262316653505e-09
14.24	1.2022383089060895e-09
14.25	1.1800125321315136e-09
14.26	1.1574456948437728e-09
14.27	1.1346514838805888e-09
14.28	1.1135057320643682e-09
14.29	1.0908252079389058e-09
14.3	1.0692815521906596e-09
14.31	1.04751052276697e-09
14.32	1.0259668670187239e-09
14.33	1.0065832611871883e-09
14.34	9.85949100140715e-10
14.35	9.665086508903187e-10
14.36	9.482619134359993e-10
14.37	9.288783076044638e-10
14.38	9.10745256987866e-10
14.39	8.937490747484844e-10
14.4	8.748770596866962e-10
14.41	8.582219379604794e-10
14.42	8.406573215324897e-10
14.43	8.239453563874122e-10
14.44	8.076881385932211e-10
14.45	7.913740773801692e-10
14.46	7.746052688162308e-10
14.47	7.599396667501424e-10
14.48	7.447056304954458e-10
14.49	7.300400284293573e-10
14.5	7.158860171330161e-10
14.51	7.009930413914844e-10
14.52	6.866684998385608e-10
14.53	6.724576451233588e-10
14.54	6.593268153665122e-10
14.55	6.459117685153615e-10
14.56	6.317577572190203e-10
14.57	6.183427103678696e-10
14.58	6.050413503544405e-10
14.59	5.922515811107587e-10
14.6	5.801439328934066e-10
14.61	5.679225978383329e-10
14.62	5.56326540390728e-10
14.63	5.455262908071745e-10
14.64	5.336460162652656e-10
14.65	5.231299837760162e-10
14.66	5.121592039358802e-10
14.67	5.012452675146051e-10
14.68	4.915250428894069e-10
14.69	4.80838480143575e-10
14.7	4.713456291938201e-10
14.71	4.615685611497611e-10
14.72	4.523599272943102e-10
14.73	4.4207126848050393e-10
14.74	4.3297632146277465e-10
14.75	4.239382178639062e-10
14.76	4.1529801819706336e-10
14.77	4.0682834878680296e-10
14.78	3.978470886067953e-10
14.79	3.8897951526450925e-10
14.8	3.8033931559766643e-10
14.81	3.715285856742412e-10
14.82	3.6357050703372806e-10
14.83	3.5487346394802444e-10
14.84	3.4719960240181535e-10
14.85	3.396962711121887e-10
14.86	3.31908722728258e-10
14.87	3.249738256272394e-10
14.88	3.1792524168849923e-10
14.89	3.113314051006455e-10
14.9	3.050217856070958e-10
14.91	2.9751845431746915e-10
14.92	2.9183411243138835e-10
14.93	2.8478552849264815e-10
14.94	2.780780050670728e-10
14.95	2.7193891583010554e-10
14.96	2.6568613975541666e-10
14.97	2.597175807750318e-10
14.98	2.5369217837578617e-10
14.99	2.4795099307084456e-10
15.0	2.4215296434704214e-10
15.01	2.368096829741262e-10
15.02	2.3152324502007104e-10
15.03	2.2669155441690236e-10
15.04	2.2180302039487287e-10
15.05	2.1685764295398258e-10
15.06	2.1185542209423147e-10
15.07	2.0685320123448037e-10
15.08	2.0173729353700764e-10
15.09	1.9764456737902947e-10
15.1	1.9309709387016483e-10
15.11	1.8883383745560423e-10
15.12	1.850253283919301e-10
15.13	1.800799509510398e-10
15.14	1.7672618923825212e-10
15.15	1.7286083675571717e-10
15.16	1.6933654478634708e-10
15.17	1.659259396546986e-10
15.18	1.6194690033444203e-10
15.19	1.5825207810848951e-10
15.2	1.5415935195051134e-10
15.21	1.50407686305698e-10
15.22	1.4671286407974549e-10
15.23	1.4267698134062812e-10
15.24	1.3915268937125802e-10
15.25	1.3591261449619196e-10
15.26	1.326156962022651e-10
15.27	1.2937562132719904e-10
15.28	1.262492332898546e-10
15.29	1.23463905765675e-10
15.3	1.212470124301035e-10
15.31	1.1874590200022794e-10
15.32	1.1601741789490916e-10
15.33	1.1306156011414714e-10
15.34	1.1050360626541078e-10
15.35	1.0720668797148392e-10
15.36	1.0521716831135564e-10
15.37	1.0260237104375847e-10
15.38	1.007265382213518e-10
15.39	9.816858437261544e-11
15.4	9.544010026729666e-11
15.41	9.328005035058595e-11
15.42	9.106315701501444e-11
15.43	8.901679393602535e-11
15.44	8.697043085703626e-11
15.45	8.452616384602152e-11
15.46	8.242295734817162e-11
15.47	8.01492205937393e-11
15.48	7.770495358272456e-11
15.49	7.560174708487466e-11
15.5	7.361222742474638e-11
15.51	7.219114195322618e-11
15.52	7.037215254968032e-11
15.53	6.87805368215777e-11
15.54	6.718892109347507e-11
15.55	6.542677510879003e-11
15.56	6.377831596182659e-11
15.57	6.258460416574962e-11
15.58	6.104983185650781e-11
15.59	5.95719029661268e-11
15.6	5.786660040030256e-11
15.61	5.616129783447832e-11
15.62	5.434230843093246e-11
15.63	5.32054400537163e-11
15.64	5.161382432561368e-11
15.65	5.03632691106759e-11
15.66	4.922640073345974e-11
15.67	4.774847184307873e-11
15.68	4.644107320928015e-11
15.69	4.496314431889914e-11
15.7	4.388311936054379e-11
15.71	4.285993782104924e-11
15.72	4.160938260611147e-11
15.73	4.0472514228895307e-11
15.74	3.9335645851679146e-11
15.75	3.7971403799019754e-11
15.76	3.7118752516107634e-11
15.77	3.603872755775228e-11
15.78	3.5413449950283393e-11
15.79	3.461764208623208e-11
15.8	3.3935521059902385e-11
15.81	3.313971319585107e-11
15.82	3.2230218494078144e-11
15.83	3.1604940886609256e-11
15.84	3.0752289603697136e-11
15.85	3.001332515850663e-11
15.86	2.9046987037872896e-11
15.87	2.83648660115432e-11
15.88	2.722799763432704e-11
15.89	2.6204816094832495e-11
15.9	2.5409008230781183e-11
15.91	2.467004378559068e-11
15.92	2.4272139853565022e-11
15.93	2.3533175408374518e-11
15.94	2.290789780090563e-11
15.95	2.2225776774575934e-11
15.96	2.1600499167107046e-11
15.97	2.1088908397359774e-11
15.98	2.086153472191654e-11
15.99	2.029310053330846e-11
16.0	1.9895196601282805e-11
16.01	1.8985701899509877e-11
16.02	1.864464138634503e-11
16.03	1.801936377887614e-11
16.04	1.750777300912887e-11
16.05	1.722355591482483e-11
16.06	1.659827830735594e-11
16.07	1.6143530956469476e-11
16.08	1.574562702444382e-11
16.09	1.517719283583574e-11
16.1	1.460875864722766e-11
16.11	1.4154011296341196e-11
16.12	1.375610736431554e-11
16.13	1.3415046851150692e-11
16.14	1.3017142919125035e-11
16.15	1.233502189279534e-11
16.16	1.1880274541908875e-11
16.17	1.1482370609883219e-11
16.18	1.1141310096718371e-11
16.19	1.0970779840135947e-11
16.2	1.0686562745831907e-11
16.21	1.0459189070388675e-11
16.22	1.0231815394945443e-11
16.23	9.890754881780595e-12
16.24	9.72022462519817e-12
16.25	9.549694368615746e-12
16.26	9.208633855450898e-12
16.27	9.094947017729282e-12
16.28	8.640199666842818e-12
16.29	8.526512829121202e-12
16.3	8.128608897095546e-12
16.31	7.787548383930698e-12
16.32	7.617018127348274e-12
16.33	7.44648787076585e-12
16.34	7.219114195322618e-12
16.35	6.934897101018578e-12
16.36	6.650680006714538e-12
16.37	6.252776074688882e-12
16.38	6.0254023992456496e-12
16.39	5.7980287238024175e-12
16.4	5.6843418860808015e-12
16.41	5.4569682106375694e-12
16.42	5.172751116333529e-12
16.43	5.059064278611913e-12
16.44	4.888534022029489e-12
16.45	4.774847184307873e-12
16.46	4.774847184307873e-12
16.47	4.604316927725449e-12
16.48	4.490630090003833e-12
16.49	4.376943252282217e-12
16.5	4.092726157978177e-12
16.51	3.922195901395753e-12
16.52	3.694822225952521e-12
16.53	3.581135388230905e-12
16.54	3.467448550509289e-12
16.55	3.183231456205249e-12
16.56	3.126388037344441e-12
16.57	2.8990143619012088e-12
16.58	2.8990143619012088e-12
16.59	2.7284841053187847e-12
16.6	2.7284841053187847e-12
16.61	2.6147972675971687e-12
16.62	2.5579538487363607e-12
16.63	2.3874235921539366e-12
16.64	2.3305801732931286e-12
16.65	2.1600499167107046e-12
16.66	2.1600499167107046e-12
16.67	2.0463630789890885e-12
16.68	1.9895196601282805e-12
16.69	1.9326762412674725e-12
16.7	1.8758328224066645e-12
16.71	1.8189894035458565e-12
16.72	1.7621459846850485e-12
16.73	1.7621459846850485e-12
16.74	1.7053025658242404e-12
16.75	1.7053025658242404e-12
16.76	1.6484591469634324e-12
16.77	1.4210854715202004e-12
16.78	1.4210854715202004e-12
16.79	1.2505552149377763e-12
16.8	1.1937117960769683e-12
16.81	1.1368683772161603e-12
16.82	1.0231815394945443e-12
16.83	9.663381206337363e-13
16.84	9.094947017729282e-13
16.85	9.094947017729282e-13
16.86	9.094947017729282e-13
16.87	9.094947017729282e-13
16.88	9.094947017729282e-13
16.89	9.094947017729282e-13
16.9	9.094947017729282e-13
16.91	8.526512829121202e-13
16.92	7.958078640513122e-13
16.93	7.389644451905042e-13
16.94	6.821210263296962e-13
16.95	6.821210263296962e-13
16.96	6.252776074688882e-13
16.97	5.684341886080801e-13
16.98	4.547473508864641e-13
16.99	4.547473508864641e-13
17.0	4.547473508864641e-13
17.01	4.547473508864641e-13
17.02	4.547473508864641e-13
17.03	4.547473508864641e-13
17.04	3.979039320256561e-13
17.05	3.979039320256561e-13
17.06	3.410605131648481e-13
17.07	3.410605131648481e-13
17.08	3.410605131648481e-13
17.09	2.8421709430404007e-13
17.1	2.2737367544323206e-13
17.11	2.2737367544323206e-13
17.12	2.2737367544323206e-13
17.13	2.2737367544323206e-13
17.14	2.2737367544323206e-13
17.15	2.2737367544323206e-13
17.16	2.2737367544323206e-13
17.17	2.2737367544323206e-13
17.18	2.2737367544323206e-13
17.19	1.7053025658242404e-13
17.2	1.7053025658242404e-13
17.21	1.1368683772161603e-13
17.22	1.1368683772161603e-13
17.23	5.684341886080802e-14
17.24	5.684341886080802e-14
17.25	0.0
