5.84	0.0005044937133789062
5.85	0.0004978179931640625
5.86	0.00048828125
5.87	0.00047397613525390625
5.88	0.00047016143798828125
5.89	0.00046253204345703125
5.9	0.00046253204345703125
5.91	0.00046253204345703125
5.92	0.00046062469482421875
5.93	0.0004596710205078125
5.94	0.00045680999755859375
5.95	0.000453948974609375
5.96	0.000453948974609375
5.97	0.000453948974609375
5.98	0.000453948974609375
5.99	0.000453948974609375
6.0	0.00044918060302734375
6.01	0.00044918060302734375
6.02	0.000431060791015625
6.03	0.00043010711669921875
6.04	0.00043010711669921875
6.05	0.00042629241943359375
6.06	0.0004253387451171875
6.07	0.0004253387451171875
6.08	0.00042247772216796875
6.09	0.00042057037353515625
6.1	0.00041484832763671875
6.11	0.00040912628173828125
6.12	0.00040912628173828125
6.13	0.000400543212890625
6.14	0.000396728515625
6.15	0.00039386749267578125
6.16	0.00037860870361328125
6.17	0.00037288665771484375
6.18	0.0003681182861328125
6.19	0.00035190582275390625
6.2	0.00035190582275390625
6.21	0.00034999847412109375
6.22	0.0003490447998046875
6.23	0.0003490447998046875
6.24	0.0003490447998046875
6.25	0.0003490447998046875
6.26	0.00034332275390625
6.27	0.00034046173095703125
6.28	0.00033855438232421875
6.29	0.00033664703369140625
6.3	0.000335693359375
6.31	0.000335693359375
6.32	0.00033473968505859375
6.33	0.00032901763916015625
6.34	0.00032711029052734375
6.35	0.0003261566162109375
6.36	0.0003204345703125
6.37	0.00031948089599609375
6.38	0.00031948089599609375
6.39	0.00031948089599609375
6.4	0.0003147125244140625
6.41	0.00031185150146484375
6.42	0.0003108978271484375
6.43	0.0002956390380859375
6.44	0.000293731689453125
6.45	0.000293731689453125
6.46	0.000293731689453125
6.47	0.00028705596923828125
6.48	0.000286102294921875
6.49	0.000286102294921875
6.5	0.000286102294921875
6.51	0.000286102294921875
6.52	0.00028133392333984375
6.53	0.00028133392333984375
6.54	0.00028133392333984375
6.55	0.00027179718017578125
6.56	0.0002689361572265625
6.57	0.00026702880859375
6.58	0.0002574920654296875
6.59	0.0002498626708984375
6.6	0.00024318695068359375
6.61	0.00024318695068359375
6.62	0.00024318695068359375
6.63	0.00024127960205078125
6.64	0.00024127960205078125
6.65	0.00024127960205078125
6.66	0.00024127960205078125
6.67	0.00024127960205078125
6.68	0.00023937225341796875
6.69	0.00023937225341796875
6.7	0.00023746490478515625
6.71	0.0002346038818359375
6.72	0.0002346038818359375
6.73	0.0002288818359375
6.74	0.000225067138671875
6.75	0.000225067138671875
6.76	0.000225067138671875
6.77	0.00022125244140625
6.78	0.0002193450927734375
6.79	0.0002193450927734375
6.8	0.00021839141845703125
6.81	0.00021457672119140625
6.82	0.00020599365234375
6.83	0.00020503997802734375
6.84	0.00020313262939453125
6.85	0.000194549560546875
6.86	0.000194549560546875
6.87	0.00019359588623046875
6.88	0.0001773834228515625
6.89	0.00017547607421875
6.9	0.0001735687255859375
6.91	0.0001735687255859375
6.92	0.0001735687255859375
6.93	0.0001735687255859375
6.94	0.0001735687255859375
6.95	0.0001735687255859375
6.96	0.00017261505126953125
6.97	0.00017070770263671875
6.98	0.0001697540283203125
6.99	0.0001697540283203125
7.0	0.0001678466796875
7.01	0.000164031982421875
7.02	0.00016307830810546875
7.03	0.00016307830810546875
7.04	0.0001621246337890625
7.05	0.00016021728515625
7.06	0.00015926361083984375
7.07	0.00015926361083984375
7.08	0.00015926361083984375
7.09	0.00015926361083984375
7.1	0.00015926361083984375
7.11	0.00015926361083984375
7.12	0.000156402587890625
7.13	0.00015544891357421875
7.14	0.00014209747314453125
7.15	0.00014209747314453125
7.16	0.00014209747314453125
7.17	0.00014209747314453125
7.18	0.00014209747314453125
7.19	0.00014209747314453125
7.2	0.00014209747314453125
7.21	0.000141143798828125
7.22	0.00014019012451171875
7.23	0.00014019012451171875
7.24	0.0001373291015625
7.25	0.0001373291015625
7.26	0.0001354217529296875
7.27	0.0001354217529296875
7.28	0.000133514404296875
7.29	0.00012683868408203125
7.3	0.00012683868408203125
7.31	0.00012302398681640625
7.32	0.00011920928955078125
7.33	0.00011920928955078125
7.34	0.00011920928955078125
7.35	0.00011920928955078125
7.36	0.00011920928955078125
7.37	0.00011730194091796875
7.38	0.00011730194091796875
7.39	0.00011730194091796875
7.4	0.00011348724365234375
7.41	0.00011348724365234375
7.42	0.00011348724365234375
7.43	0.000110626220703125
7.44	0.000110626220703125
7.45	0.0001087188720703125
7.46	0.00010395050048828125
7.47	0.00010395050048828125
7.48	0.000102996826171875
7.49	0.000102996826171875
7.5	0.000102996826171875
7.51	0.000102996826171875
7.52	0.000102996826171875
7.53	0.0001010894775390625
7.54	9.918212890625e-05
7.55	9.441375732421875e-05
7.56	9.441375732421875e-05
7.57	9.34600830078125e-05
7.58	9.34600830078125e-05
7.59	9.34600830078125e-05
7.6	9.34600830078125e-05
7.61	9.34600830078125e-05
7.62	9.34600830078125e-05
7.63	9.1552734375e-05
7.64	9.1552734375e-05
7.65	9.1552734375e-05
7.66	9.059906005859375e-05
7.67	9.059906005859375e-05
7.68	9.059906005859375e-05
7.69	9.059906005859375e-05
7.7	8.869171142578125e-05
7.71	8.869171142578125e-05
7.72	8.487701416015625e-05
7.73	8.106231689453125e-05
7.74	8.106231689453125e-05
7.75	8.106231689453125e-05
7.76	8.0108642578125e-05
7.77	8.0108642578125e-05
7.78	8.0108642578125e-05
7.79	8.0108642578125e-05
7.8	8.0108642578125e-05
7.81	7.62939453125e-05
7.82	7.62939453125e-05
7.83	7.534027099609375e-05
7.84	7.343292236328125e-05
7.85	7.343292236328125e-05
7.86	7.343292236328125e-05
7.87	7.152557373046875e-05
7.88	7.152557373046875e-05
7.89	7.152557373046875e-05
7.9	7.152557373046875e-05
7.91	7.152557373046875e-05
7.92	7.152557373046875e-05
7.93	7.05718994140625e-05
7.94	7.05718994140625e-05
7.95	7.05718994140625e-05
7.96	7.05718994140625e-05
7.97	6.866455078125e-05
7.98	6.67572021484375e-05
7.99	6.67572021484375e-05
8.0	6.67572021484375e-05
8.01	6.4849853515625e-05
8.02	6.4849853515625e-05
8.03	6.4849853515625e-05
8.04	6.4849853515625e-05
8.05	6.4849853515625e-05
8.06	6.4849853515625e-05
8.07	6.4849853515625e-05
8.08	6.29425048828125e-05
8.09	6.198883056640625e-05
8.1	6.198883056640625e-05
8.11	6.198883056640625e-05
8.12	6.103515625e-05
8.13	6.103515625e-05
8.14	6.103515625e-05
8.15	6.008148193359375e-05
8.16	6.008148193359375e-05
8.17	5.7220458984375e-05
8.18	5.626678466796875e-05
8.19	5.53131103515625e-05
8.2	5.53131103515625e-05
8.21	5.53131103515625e-05
8.22	5.53131103515625e-05
8.23	5.53131103515625e-05
8.24	5.53131103515625e-05
8.25	5.340576171875e-05
8.26	5.340576171875e-05
8.27	5.14984130859375e-05
8.28	5.14984130859375e-05
8.29	5.14984130859375e-05
8.3	5.14984130859375e-05
8.31	5.14984130859375e-05
8.32	5.14984130859375e-05
8.33	5.14984130859375e-05
8.34	5.14984130859375e-05
8.35	5.054473876953125e-05
8.36	5.054473876953125e-05
8.37	5.054473876953125e-05
8.38	4.9591064453125e-05
8.39	4.9591064453125e-05
8.4	4.9591064453125e-05
8.41	4.863739013671875e-05
8.42	4.482269287109375e-05
8.43	4.482269287109375e-05
8.44	4.482269287109375e-05
8.45	4.482269287109375e-05
8.46	4.482269287109375e-05
8.47	4.482269287109375e-05
8.48	4.482269287109375e-05
8.49	4.482269287109375e-05
8.5	4.291534423828125e-05
8.51	4.291534423828125e-05
8.52	4.291534423828125e-05
8.53	4.100799560546875e-05
8.54	4.100799560546875e-05
8.55	4.100799560546875e-05
8.56	3.910064697265625e-05
8.57	3.910064697265625e-05
8.58	3.719329833984375e-05
8.59	3.4332275390625e-05
8.6	3.4332275390625e-05
8.61	3.4332275390625e-05
8.62	3.4332275390625e-05
8.63	3.4332275390625e-05
8.64	3.4332275390625e-05
8.65	3.4332275390625e-05
8.66	3.4332275390625e-05
8.67	3.4332275390625e-05
8.68	3.0517578125e-05
8.69	3.0517578125e-05
8.7	3.0517578125e-05
8.71	3.0517578125e-05
8.72	3.0517578125e-05
8.73	3.0517578125e-05
8.74	3.0517578125e-05
8.75	3.0517578125e-05
8.76	2.86102294921875e-05
8.77	2.86102294921875e-05
8.78	2.86102294921875e-05
8.79	2.6702880859375e-05
8.8	2.6702880859375e-05
8.81	2.6702880859375e-05
8.82	2.47955322265625e-05
8.83	2.47955322265625e-05
8.84	2.47955322265625e-05
8.85	2.47955322265625e-05
8.86	2.384185791015625e-05
8.87	2.384185791015625e-05
8.88	2.384185791015625e-05
8.89	2.288818359375e-05
8.9	2.288818359375e-05
8.91	2.288818359375e-05
8.92	2.288818359375e-05
8.93	2.288818359375e-05
8.94	2.288818359375e-05
8.95	2.288818359375e-05
8.96	2.288818359375e-05
8.97	2.288818359375e-05
8.98	2.288818359375e-05
8.99	2.288818359375e-05
9.0	2.09808349609375e-05
9.01	2.09808349609375e-05
9.02	2.09808349609375e-05
9.03	2.09808349609375e-05
9.04	2.09808349609375e-05
9.05	2.09808349609375e-05
9.06	2.09808349609375e-05
9.07	2.09808349609375e-05
9.08	2.09808349609375e-05
9.09	2.09808349609375e-05
9.1	2.09808349609375e-05
9.11	2.09808349609375e-05
9.12	2.09808349609375e-05
9.13	2.002716064453125e-05
9.14	2.002716064453125e-05
9.15	2.002716064453125e-05
9.16	2.002716064453125e-05
9.17	2.002716064453125e-05
9.18	2.002716064453125e-05
9.19	2.002716064453125e-05
9.2	2.002716064453125e-05
9.21	2.002716064453125e-05
9.22	2.002716064453125e-05
9.23	2.002716064453125e-05
9.24	2.002716064453125e-05
9.25	2.002716064453125e-05
9.26	2.002716064453125e-05
9.27	2.002716064453125e-05
9.28	1.71661376953125e-05
9.29	1.71661376953125e-05
9.3	1.52587890625e-05
9.31	1.430511474609375e-05
9.32	1.430511474609375e-05
9.33	1.430511474609375e-05
9.34	1.430511474609375e-05
9.35	1.430511474609375e-05
9.36	1.430511474609375e-05
9.37	1.430511474609375e-05
9.38	1.430511474609375e-05
9.39	1.430511474609375e-05
9.4	1.430511474609375e-05
9.41	1.430511474609375e-05
9.42	1.430511474609375e-05
9.43	1.430511474609375e-05
9.44	1.430511474609375e-05
9.45	1.430511474609375e-05
9.46	1.430511474609375e-05
9.47	1.430511474609375e-05
9.48	1.430511474609375e-05
9.49	1.430511474609375e-05
9.5	1.430511474609375e-05
9.51	1.430511474609375e-05
9.52	1.430511474609375e-05
9.53	1.430511474609375e-05
9.54	1.1444091796875e-05
9.55	1.1444091796875e-05
9.56	1.1444091796875e-05
9.57	1.1444091796875e-05
9.58	1.1444091796875e-05
9.59	1.1444091796875e-05
9.6	1.1444091796875e-05
9.61	1.1444091796875e-05
9.62	1.1444091796875e-05
9.63	1.1444091796875e-05
9.64	1.1444091796875e-05
9.65	1.1444091796875e-05
9.66	1.1444091796875e-05
9.67	1.1444091796875e-05
9.68	1.1444091796875e-05
9.69	9.5367431640625e-06
9.7	9.5367431640625e-06
9.71	9.5367431640625e-06
9.72	7.62939453125e-06
9.73	7.62939453125e-06
9.74	7.62939453125e-06
9.75	7.62939453125e-06
9.76	7.62939453125e-06
9.77	7.62939453125e-06
9.78	7.62939453125e-06
9.79	7.62939453125e-06
9.8	7.62939453125e-06
9.81	7.62939453125e-06
9.82	7.62939453125e-06
9.83	7.62939453125e-06
9.84	7.62939453125e-06
9.85	7.62939453125e-06
9.86	7.62939453125e-06
9.87	7.62939453125e-06
9.88	7.62939453125e-06
9.89	7.62939453125e-06
9.9	7.62939453125e-06
9.91	7.62939453125e-06
9.92	7.62939453125e-06
9.93	7.62939453125e-06
9.94	7.62939453125e-06
9.95	5.7220458984375e-06
9.96	5.7220458984375e-06
9.97	5.7220458984375e-06
9.98	5.7220458984375e-06
9.99	4.76837158203125e-06
10.0	4.76837158203125e-06
10.01	4.76837158203125e-06
10.02	4.76837158203125e-06
10.03	4.76837158203125e-06
10.04	4.76837158203125e-06
10.05	4.76837158203125e-06
10.06	4.76837158203125e-06
10.07	4.76837158203125e-06
10.08	4.76837158203125e-06
10.09	4.76837158203125e-06
10.1	4.76837158203125e-06
10.11	4.76837158203125e-06
10.12	4.76837158203125e-06
10.13	4.76837158203125e-06
10.14	4.76837158203125e-06
10.15	4.76837158203125e-06
10.16	4.76837158203125e-06
10.17	4.76837158203125e-06
10.18	4.76837158203125e-06
10.19	4.76837158203125e-06
10.2	4.76837158203125e-06
10.21	4.76837158203125e-06
10.22	4.76837158203125e-06
10.23	4.76837158203125e-06
10.24	4.76837158203125e-06
10.25	4.76837158203125e-06
10.26	3.814697265625e-06
10.27	3.814697265625e-06
10.28	3.814697265625e-06
10.29	3.814697265625e-06
10.3	3.814697265625e-06
10.31	3.814697265625e-06
10.32	3.814697265625e-06
10.33	3.814697265625e-06
10.34	3.814697265625e-06
10.35	3.814697265625e-06
10.36	3.814697265625e-06
10.37	3.814697265625e-06
10.38	3.814697265625e-06
10.39	3.814697265625e-06
10.4	3.814697265625e-06
10.41	1.9073486328125e-06
10.42	1.9073486328125e-06
10.43	1.9073486328125e-06
10.44	1.9073486328125e-06
10.45	1.9073486328125e-06
10.46	1.9073486328125e-06
10.47	1.9073486328125e-06
10.48	1.9073486328125e-06
10.49	1.9073486328125e-06
10.5	1.9073486328125e-06
10.51	1.9073486328125e-06
10.52	1.9073486328125e-06
10.53	1.9073486328125e-06
10.54	1.9073486328125e-06
10.55	1.9073486328125e-06
10.56	1.9073486328125e-06
10.57	1.9073486328125e-06
10.58	1.9073486328125e-06
10.59	1.9073486328125e-06
10.6	1.9073486328125e-06
10.61	1.9073486328125e-06
10.62	1.9073486328125e-06
10.63	1.9073486328125e-06
10.64	1.9073486328125e-06
10.65	1.9073486328125e-06
10.66	1.9073486328125e-06
10.67	0.0
