5.41	0.0005021095275878906
5.42	0.0004984736442565918
5.43	0.0004936456680297852
5.44	0.0004913210868835449
5.45	0.00048786401748657227
5.46	0.00048291683197021484
5.47	0.00047856569290161133
5.48	0.0004744529724121094
5.49	0.00046962499618530273
5.5	0.0004661083221435547
5.51	0.00046312808990478516
5.52	0.00046008825302124023
5.53	0.00045669078826904297
5.54	0.0004515647888183594
5.55	0.00044798851013183594
5.56	0.00044357776641845703
5.57	0.00043958425521850586
5.58	0.00043582916259765625
5.59	0.00043141841888427734
5.6	0.0004280209541320801
5.61	0.0004246234893798828
5.62	0.00042194128036499023
5.63	0.00041788816452026367
5.64	0.00041425228118896484
5.65	0.00040984153747558594
5.66	0.00040656328201293945
5.67	0.00040346384048461914
5.68	0.00040030479431152344
5.69	0.0003972649574279785
5.7	0.0003935098648071289
5.71	0.0003909468650817871
5.72	0.000387728214263916
5.73	0.00038421154022216797
5.74	0.0003807544708251953
5.75	0.0003777146339416504
5.76	0.0003743171691894531
5.77	0.0003706216812133789
5.78	0.00036853551864624023
5.79	0.00036603212356567383
5.8	0.0003635287284851074
5.81	0.00036019086837768555
5.82	0.0003567337989807129
5.83	0.000353395938873291
5.84	0.00035011768341064453
5.85	0.00034743547439575195
5.86	0.0003444552421569824
5.87	0.0003421306610107422
5.88	0.00033915042877197266
5.89	0.00033664703369140625
5.9	0.0003337860107421875
5.91	0.000330507755279541
5.92	0.0003275871276855469
5.93	0.0003237128257751465
5.94	0.0003210902214050293
5.95	0.0003184080123901367
5.96	0.0003158450126647949
5.97	0.0003126859664916992
5.98	0.00030982494354248047
5.99	0.00030601024627685547
6.0	0.0003032088279724121
6.01	0.0002999305725097656
6.02	0.0002962946891784668
6.03	0.0002943873405456543
6.04	0.00029087066650390625
6.05	0.00028783082962036133
6.06	0.00028634071350097656
6.07	0.00028437376022338867
6.08	0.0002817511558532715
6.09	0.00027942657470703125
6.1	0.0002759695053100586
6.11	0.00027292966842651367
6.12	0.00027126073837280273
6.13	0.00026911497116088867
6.14	0.0002675652503967285
6.15	0.0002651214599609375
6.16	0.00026285648345947266
6.17	0.00026106834411621094
6.18	0.0002582669258117676
6.19	0.00025588274002075195
6.2	0.0002532005310058594
6.21	0.0002509951591491699
6.22	0.00024884939193725586
6.23	0.00024706125259399414
6.24	0.0002447962760925293
6.25	0.00024276971817016602
6.26	0.00023990869522094727
6.27	0.00023746490478515625
6.28	0.00023561716079711914
6.29	0.0002326369285583496
6.3	0.00023090839385986328
6.31	0.00022917985916137695
6.32	0.00022655725479125977
6.33	0.0002251267433166504
6.34	0.00022357702255249023
6.35	0.00022149085998535156
6.36	0.00021904706954956055
6.37	0.00021713972091674805
6.38	0.00021445751190185547
6.39	0.0002123713493347168
6.4	0.0002110600471496582
6.41	0.00020903348922729492
6.42	0.0002073049545288086
6.43	0.00020551681518554688
6.44	0.00020313262939453125
6.45	0.00020140409469604492
6.46	0.0001990199089050293
6.47	0.00019693374633789062
6.48	0.00019508600234985352
6.49	0.00019311904907226562
6.5	0.0001913905143737793
6.51	0.0001901388168334961
6.52	0.0001881718635559082
6.53	0.00018638372421264648
6.54	0.00018411874771118164
6.55	0.00018274784088134766
6.56	0.00018084049224853516
6.57	0.00017952919006347656
6.58	0.00017851591110229492
6.59	0.00017708539962768555
6.6	0.00017559528350830078
6.61	0.00017458200454711914
6.62	0.00017315149307250977
6.63	0.00017154216766357422
6.64	0.00016993284225463867
6.65	0.00016802549362182617
6.66	0.00016623735427856445
6.67	0.00016540288925170898
6.68	0.000164031982421875
6.69	0.0001627206802368164
6.7	0.00016164779663085938
6.71	0.00015980005264282227
6.72	0.00015795230865478516
6.73	0.00015687942504882812
6.74	0.00015497207641601562
6.75	0.0001532435417175293
6.76	0.00015240907669067383
6.77	0.0001506805419921875
6.78	0.00014954805374145508
6.79	0.00014865398406982422
6.8	0.00014656782150268555
6.81	0.00014519691467285156
6.82	0.00014394521713256836
6.83	0.00014215707778930664
6.84	0.00014066696166992188
6.85	0.00014007091522216797
6.86	0.0001385807991027832
6.87	0.00013756752014160156
6.88	0.00013643503189086914
6.89	0.00013518333435058594
6.9	0.00013381242752075195
6.91	0.00013250112533569336
6.92	0.00013124942779541016
6.93	0.00012993812561035156
6.94	0.0001289844512939453
6.95	0.00012767314910888672
6.96	0.0001266002655029297
6.97	0.00012546777725219727
6.98	0.00012451410293579102
6.99	0.00012308359146118164
7.0	0.00012201070785522461
7.01	0.00012105703353881836
7.02	0.00011914968490600586
7.03	0.00011801719665527344
7.04	0.00011736154556274414
7.05	0.00011640787124633789
7.06	0.00011563301086425781
7.07	0.00011456012725830078
7.08	0.00011271238327026367
7.09	0.00011163949966430664
7.1	0.00011068582534790039
7.11	0.00010925531387329102
7.12	0.00010865926742553711
7.13	0.00010794401168823242
7.14	0.00010675191879272461
7.15	0.00010579824447631836
7.16	0.00010454654693603516
7.17	0.00010347366333007812
7.18	0.00010228157043457031
7.19	0.00010114908218383789
7.2	0.00010019540786743164
7.21	9.965896606445312e-05
7.22	9.876489639282227e-05
7.23	9.799003601074219e-05
7.24	9.697675704956055e-05
7.25	9.584426879882812e-05
7.26	9.506940841674805e-05
7.27	9.40561294555664e-05
7.28	9.316205978393555e-05
7.29	9.149312973022461e-05
7.3	9.042024612426758e-05
7.31	8.96453857421875e-05
7.32	8.875131607055664e-05
7.33	8.791685104370117e-05
7.34	8.71419906616211e-05
7.35	8.589029312133789e-05
7.36	8.428096771240234e-05
7.37	8.350610733032227e-05
7.38	8.225440979003906e-05
7.39	8.14199447631836e-05
7.4	8.07642936706543e-05
7.41	8.022785186767578e-05
7.42	7.927417755126953e-05
7.43	7.82012939453125e-05
7.44	7.75456428527832e-05
7.45	7.671117782592773e-05
7.46	7.605552673339844e-05
7.47	7.545948028564453e-05
7.48	7.480382919311523e-05
7.49	7.420778274536133e-05
7.5	7.367134094238281e-05
7.51	7.31348991394043e-05
7.52	7.218122482299805e-05
7.53	7.140636444091797e-05
7.54	7.063150405883789e-05
7.55	6.99758529663086e-05
7.56	6.937980651855469e-05
7.57	6.854534149169922e-05
7.58	6.783008575439453e-05
7.59	6.687641143798828e-05
7.6	6.633996963500977e-05
7.61	6.568431854248047e-05
7.62	6.490945816040039e-05
7.63	6.401538848876953e-05
7.64	6.300210952758789e-05
7.65	6.252527236938477e-05
7.66	6.16908073425293e-05
7.67	6.109476089477539e-05
7.68	6.0617923736572266e-05
7.69	5.990266799926758e-05
7.7	5.888938903808594e-05
7.71	5.8531761169433594e-05
7.72	5.7697296142578125e-05
7.73	5.698204040527344e-05
7.74	5.6743621826171875e-05
7.75	5.59687614440918e-05
7.76	5.543231964111328e-05
7.77	5.501508712768555e-05
7.78	5.453824996948242e-05
7.79	5.40614128112793e-05
7.8	5.316734313964844e-05
7.81	5.239248275756836e-05
7.82	5.161762237548828e-05
7.83	5.125999450683594e-05
7.84	5.0902366638183594e-05
7.85	5.054473876953125e-05
7.86	4.982948303222656e-05
7.87	4.935264587402344e-05
7.88	4.89354133605957e-05
7.89	4.851818084716797e-05
7.9	4.8160552978515625e-05
7.91	4.756450653076172e-05
7.92	4.7087669372558594e-05
7.93	4.649162292480469e-05
7.94	4.6372413635253906e-05
7.95	4.6133995056152344e-05
7.96	4.589557647705078e-05
7.97	4.5359134674072266e-05
7.98	4.470348358154297e-05
7.99	4.4226646423339844e-05
8.0	4.380941390991211e-05
8.01	4.3511390686035156e-05
8.02	4.297494888305664e-05
8.03	4.26173210144043e-05
8.04	4.208087921142578e-05
8.05	4.190206527709961e-05
8.06	4.13060188293457e-05
8.07	4.100799560546875e-05
8.08	4.035234451293945e-05
8.09	3.9517879486083984e-05
8.1	3.921985626220703e-05
8.11	3.904104232788086e-05
8.12	3.8564205169677734e-05
8.13	3.820657730102539e-05
8.14	3.7789344787597656e-05
8.15	3.713369369506836e-05
8.16	3.695487976074219e-05
8.17	3.6656856536865234e-05
8.18	3.606081008911133e-05
8.19	3.594160079956055e-05
8.2	3.540515899658203e-05
8.21	3.49879264831543e-05
8.22	3.4868717193603516e-05
8.23	3.4689903259277344e-05
8.24	3.421306610107422e-05
8.25	3.3974647521972656e-05
8.26	3.325939178466797e-05
8.27	3.2961368560791016e-05
8.28	3.272294998168945e-05
8.29	3.224611282348633e-05
8.3	3.1948089599609375e-05
8.31	3.159046173095703e-05
8.32	3.1113624572753906e-05
8.33	3.0994415283203125e-05
8.34	3.057718276977539e-05
8.35	3.0338764190673828e-05
8.36	2.968311309814453e-05
8.37	2.9265880584716797e-05
8.38	2.9146671295166016e-05
8.39	2.8967857360839844e-05
8.4	2.8848648071289062e-05
8.41	2.872943878173828e-05
8.42	2.8014183044433594e-05
8.43	2.765655517578125e-05
8.44	2.7477741241455078e-05
8.45	2.7120113372802734e-05
8.46	2.676248550415039e-05
8.47	2.658367156982422e-05
8.48	2.5987625122070312e-05
8.49	2.562999725341797e-05
8.5	2.5451183319091797e-05
8.51	2.5033950805664062e-05
8.52	2.4616718292236328e-05
8.53	2.4259090423583984e-05
8.54	2.3603439331054688e-05
8.55	2.3424625396728516e-05
8.56	2.3245811462402344e-05
8.57	2.300739288330078e-05
8.58	2.2709369659423828e-05
8.59	2.2351741790771484e-05
8.6	2.199411392211914e-05
8.61	2.187490463256836e-05
8.62	2.1636486053466797e-05
8.63	2.1159648895263672e-05
8.64	2.0802021026611328e-05
8.65	2.0682811737060547e-05
8.66	2.0444393157958984e-05
8.67	2.0444393157958984e-05
8.68	2.0265579223632812e-05
8.69	1.990795135498047e-05
8.7	1.9431114196777344e-05
8.71	1.9252300262451172e-05
8.72	1.895427703857422e-05
8.73	1.8656253814697266e-05
8.74	1.8596649169921875e-05
8.75	1.8417835235595703e-05
8.76	1.806020736694336e-05
8.77	1.7821788787841797e-05
8.78	1.7583370208740234e-05
8.79	1.7404556274414062e-05
8.8	1.710653305053711e-05
8.81	1.704692840576172e-05
8.82	1.6689300537109375e-05
8.83	1.6629695892333984e-05
8.84	1.6570091247558594e-05
8.85	1.6450881958007812e-05
8.86	1.615285873413086e-05
8.87	1.6033649444580078e-05
8.88	1.5735626220703125e-05
8.89	1.5616416931152344e-05
8.9	1.5497207641601562e-05
8.91	1.52587890625e-05
8.92	1.519918441772461e-05
8.93	1.4901161193847656e-05
8.94	1.4841556549072266e-05
8.95	1.4781951904296875e-05
8.96	1.4424324035644531e-05
8.97	1.4185905456542969e-05
8.98	1.4066696166992188e-05
8.99	1.3709068298339844e-05
9.0	1.3470649719238281e-05
9.01	1.33514404296875e-05
9.02	1.3172626495361328e-05
9.03	1.3053417205810547e-05
9.04	1.2874603271484375e-05
9.05	1.2636184692382812e-05
9.06	1.2516975402832031e-05
9.07	1.239776611328125e-05
9.08	1.233816146850586e-05
9.09	1.2159347534179688e-05
9.1	1.1920928955078125e-05
9.11	1.1920928955078125e-05
9.12	1.1920928955078125e-05
9.13	1.1861324310302734e-05
9.14	1.1682510375976562e-05
9.15	1.1563301086425781e-05
9.16	1.1265277862548828e-05
9.17	1.1265277862548828e-05
9.18	1.1146068572998047e-05
9.19	1.1086463928222656e-05
9.2	1.0967254638671875e-05
9.21	1.0907649993896484e-05
9.22	1.0848045349121094e-05
9.23	1.0848045349121094e-05
9.24	1.0609626770019531e-05
9.25	1.055002212524414e-05
9.26	1.043081283569336e-05
9.27	1.0251998901367188e-05
9.28	1.0192394256591797e-05
9.29	1.0132789611816406e-05
9.3	1.0073184967041016e-05
9.31	1.0013580322265625e-05
9.32	9.834766387939453e-06
9.33	9.775161743164062e-06
9.34	9.655952453613281e-06
9.35	9.417533874511719e-06
9.36	9.298324584960938e-06
9.37	9.179115295410156e-06
9.38	9.059906005859375e-06
9.39	9.000301361083984e-06
9.4	8.881092071533203e-06
9.41	8.702278137207031e-06
9.42	8.52346420288086e-06
9.43	8.344650268554688e-06
9.44	8.165836334228516e-06
9.45	8.165836334228516e-06
9.46	7.927417755126953e-06
9.47	7.748603820800781e-06
9.48	7.748603820800781e-06
9.49	7.62939453125e-06
9.5	7.510185241699219e-06
9.51	7.510185241699219e-06
9.52	7.212162017822266e-06
9.53	7.212162017822266e-06
9.54	7.152557373046875e-06
9.55	7.033348083496094e-06
9.56	7.033348083496094e-06
9.57	7.033348083496094e-06
9.58	6.973743438720703e-06
9.59	6.973743438720703e-06
9.6	6.854534149169922e-06
9.61	6.735324859619141e-06
9.62	6.556510925292969e-06
9.63	6.556510925292969e-06
9.64	6.4373016357421875e-06
9.65	6.4373016357421875e-06
9.66	6.258487701416016e-06
9.67	6.198883056640625e-06
9.68	6.079673767089844e-06
9.69	5.9604644775390625e-06
9.7	5.841255187988281e-06
9.71	5.7220458984375e-06
9.72	5.662441253662109e-06
9.73	5.602836608886719e-06
9.74	5.543231964111328e-06
9.75	5.424022674560547e-06
9.76	5.424022674560547e-06
9.77	5.304813385009766e-06
9.78	5.245208740234375e-06
9.79	5.125999450683594e-06
9.8	4.887580871582031e-06
9.81	4.887580871582031e-06
9.82	4.708766937255859e-06
9.83	4.649162292480469e-06
9.84	4.649162292480469e-06
9.85	4.5299530029296875e-06
9.86	4.410743713378906e-06
9.87	4.351139068603516e-06
9.88	4.172325134277344e-06
9.89	4.112720489501953e-06
9.9	4.112720489501953e-06
9.91	4.0531158447265625e-06
9.92	4.0531158447265625e-06
9.93	3.993511199951172e-06
9.94	3.933906555175781e-06
9.95	3.933906555175781e-06
9.96	3.874301910400391e-06
9.97	3.814697265625e-06
9.98	3.814697265625e-06
9.99	3.814697265625e-06
10.0	3.7550926208496094e-06
10.01	3.7550926208496094e-06
10.02	3.6954879760742188e-06
10.03	3.635883331298828e-06
10.04	3.5762786865234375e-06
10.05	3.5762786865234375e-06
10.06	3.5762786865234375e-06
10.07	3.3974647521972656e-06
10.08	3.3974647521972656e-06
10.09	3.3974647521972656e-06
10.1	3.337860107421875e-06
10.11	3.337860107421875e-06
10.12	3.337860107421875e-06
10.13	3.159046173095703e-06
10.14	3.0994415283203125e-06
10.15	3.0994415283203125e-06
10.16	3.039836883544922e-06
10.17	2.9802322387695312e-06
10.18	2.9802322387695312e-06
10.19	2.9206275939941406e-06
10.2	2.86102294921875e-06
10.21	2.86102294921875e-06
10.22	2.8014183044433594e-06
10.23	2.7418136596679688e-06
10.24	2.682209014892578e-06
10.25	2.6226043701171875e-06
10.26	2.6226043701171875e-06
10.27	2.562999725341797e-06
10.28	2.562999725341797e-06
10.29	2.562999725341797e-06
10.3	2.5033950805664062e-06
10.31	2.384185791015625e-06
10.32	2.384185791015625e-06
10.33	2.3245811462402344e-06
10.34	2.2649765014648438e-06
10.35	2.2649765014648438e-06
10.36	2.2649765014648438e-06
10.37	2.205371856689453e-06
10.38	2.205371856689453e-06
10.39	2.205371856689453e-06
10.4	2.205371856689453e-06
10.41	2.205371856689453e-06
10.42	2.205371856689453e-06
10.43	2.205371856689453e-06
10.44	2.1457672119140625e-06
10.45	2.1457672119140625e-06
10.46	2.1457672119140625e-06
10.47	2.1457672119140625e-06
10.48	2.1457672119140625e-06
10.49	2.1457672119140625e-06
10.5	2.086162567138672e-06
10.51	2.086162567138672e-06
10.52	1.9669532775878906e-06
10.53	1.9073486328125e-06
10.54	1.9073486328125e-06
10.55	1.9073486328125e-06
10.56	1.9073486328125e-06
10.57	1.9073486328125e-06
10.58	1.7285346984863281e-06
10.59	1.6689300537109375e-06
10.6	1.6689300537109375e-06
10.61	1.6093254089355469e-06
10.62	1.6093254089355469e-06
10.63	1.6093254089355469e-06
10.64	1.5497207641601562e-06
10.65	1.5497207641601562e-06
10.66	1.5497207641601562e-06
10.67	1.5497207641601562e-06
10.68	1.5497207641601562e-06
10.69	1.4901161193847656e-06
10.7	1.4901161193847656e-06
10.71	1.4901161193847656e-06
10.72	1.4901161193847656e-06
10.73	1.4901161193847656e-06
10.74	1.4901161193847656e-06
10.75	1.430511474609375e-06
10.76	1.430511474609375e-06
10.77	1.430511474609375e-06
10.78	1.430511474609375e-06
10.79	1.430511474609375e-06
10.8	1.2516975402832031e-06
10.81	1.2516975402832031e-06
10.82	1.2516975402832031e-06
10.83	1.2516975402832031e-06
10.84	1.2516975402832031e-06
10.85	1.2516975402832031e-06
10.86	1.0728836059570312e-06
10.87	1.0728836059570312e-06
10.88	1.0728836059570312e-06
10.89	1.0728836059570312e-06
10.9	1.0728836059570312e-06
10.91	1.0728836059570312e-06
10.92	1.0728836059570312e-06
10.93	1.0728836059570312e-06
10.94	1.0728836059570312e-06
10.95	1.0728836059570312e-06
10.96	1.0132789611816406e-06
10.97	1.0132789611816406e-06
10.98	1.0132789611816406e-06
10.99	1.0132789611816406e-06
11.0	9.5367431640625e-07
11.01	9.5367431640625e-07
11.02	8.940696716308594e-07
11.03	8.344650268554688e-07
11.04	8.344650268554688e-07
11.05	8.344650268554688e-07
11.06	7.748603820800781e-07
11.07	7.748603820800781e-07
11.08	7.152557373046875e-07
11.09	6.556510925292969e-07
11.1	6.556510925292969e-07
11.11	6.556510925292969e-07
11.12	6.556510925292969e-07
11.13	6.556510925292969e-07
11.14	5.364418029785156e-07
11.15	5.364418029785156e-07
11.16	5.364418029785156e-07
11.17	5.364418029785156e-07
11.18	5.364418029785156e-07
11.19	5.364418029785156e-07
11.2	4.76837158203125e-07
11.21	4.76837158203125e-07
11.22	4.76837158203125e-07
11.23	4.76837158203125e-07
11.24	4.76837158203125e-07
11.25	4.76837158203125e-07
11.26	4.76837158203125e-07
11.27	4.76837158203125e-07
11.28	4.76837158203125e-07
11.29	4.76837158203125e-07
11.3	4.76837158203125e-07
11.31	4.172325134277344e-07
11.32	4.172325134277344e-07
11.33	4.172325134277344e-07
11.34	4.172325134277344e-07
11.35	4.172325134277344e-07
11.36	4.172325134277344e-07
11.37	3.5762786865234375e-07
11.38	3.5762786865234375e-07
11.39	3.5762786865234375e-07
11.4	3.5762786865234375e-07
11.41	3.5762786865234375e-07
11.42	2.980232238769531e-07
11.43	2.980232238769531e-07
11.44	2.980232238769531e-07
11.45	2.980232238769531e-07
11.46	2.980232238769531e-07
11.47	2.384185791015625e-07
11.48	2.384185791015625e-07
11.49	2.384185791015625e-07
11.5	2.384185791015625e-07
11.51	2.384185791015625e-07
11.52	2.384185791015625e-07
11.53	2.384185791015625e-07
11.54	2.384185791015625e-07
11.55	2.384185791015625e-07
11.56	2.384185791015625e-07
11.57	2.384185791015625e-07
11.58	2.384185791015625e-07
11.59	2.384185791015625e-07
11.6	2.384185791015625e-07
11.61	2.384185791015625e-07
11.62	2.384185791015625e-07
11.63	2.384185791015625e-07
11.64	2.384185791015625e-07
11.65	2.384185791015625e-07
11.66	2.384185791015625e-07
11.67	2.384185791015625e-07
11.68	2.384185791015625e-07
11.69	2.384185791015625e-07
11.7	2.384185791015625e-07
11.71	2.384185791015625e-07
11.72	2.384185791015625e-07
11.73	2.384185791015625e-07
11.74	2.384185791015625e-07
11.75	2.384185791015625e-07
11.76	2.384185791015625e-07
11.77	2.384185791015625e-07
11.78	2.384185791015625e-07
11.79	2.384185791015625e-07
11.8	2.384185791015625e-07
11.81	2.384185791015625e-07
11.82	2.384185791015625e-07
11.83	2.384185791015625e-07
11.84	2.384185791015625e-07
11.85	2.384185791015625e-07
11.86	2.384185791015625e-07
11.87	1.7881393432617188e-07
11.88	1.7881393432617188e-07
11.89	1.7881393432617188e-07
11.9	1.7881393432617188e-07
11.91	1.7881393432617188e-07
11.92	1.7881393432617188e-07
11.93	1.1920928955078125e-07
11.94	1.1920928955078125e-07
11.95	1.1920928955078125e-07
11.96	1.1920928955078125e-07
11.97	1.1920928955078125e-07
11.98	1.1920928955078125e-07
11.99	1.1920928955078125e-07
12.0	1.1920928955078125e-07
12.01	1.1920928955078125e-07
12.02	1.1920928955078125e-07
12.03	1.1920928955078125e-07
12.04	1.1920928955078125e-07
12.05	1.1920928955078125e-07
12.06	1.1920928955078125e-07
12.07	1.1920928955078125e-07
12.08	1.1920928955078125e-07
12.09	1.1920928955078125e-07
12.1	1.1920928955078125e-07
12.11	1.1920928955078125e-07
12.12	1.1920928955078125e-07
12.13	1.1920928955078125e-07
12.14	5.960464477539063e-08
12.15	5.960464477539063e-08
12.16	5.960464477539063e-08
12.17	5.960464477539063e-08
12.18	5.960464477539063e-08
12.19	5.960464477539063e-08
12.2	0.0
