5.96	0.0005012750625610352
5.97	0.0004976987838745117
5.98	0.0004939436912536621
5.99	0.0004902482032775879
6.0	0.0004855990409851074
6.01	0.00048083066940307617
6.02	0.00047647953033447266
6.03	0.0004729032516479492
6.04	0.0004696846008300781
6.05	0.00046443939208984375
6.06	0.0004610419273376465
6.07	0.00045806169509887695
6.08	0.00045490264892578125
6.09	0.0004513859748840332
6.1	0.00044780969619750977
6.11	0.0004451274871826172
6.12	0.00044220685958862305
6.13	0.0004392862319946289
6.14	0.00043511390686035156
6.15	0.0004322528839111328
6.16	0.0004297494888305664
6.17	0.00042623281478881836
6.18	0.0004220008850097656
6.19	0.0004190206527709961
6.2	0.00041669607162475586
6.21	0.00041472911834716797
6.22	0.0004121065139770508
6.23	0.0004087090492248535
6.24	0.0004069209098815918
6.25	0.0004037022590637207
6.26	0.0004011988639831543
6.27	0.0003972649574279785
6.28	0.00039440393447875977
6.29	0.00039124488830566406
6.3	0.0003884434700012207
6.31	0.00038558244705200195
6.32	0.0003826618194580078
6.33	0.0003781318664550781
6.34	0.0003762245178222656
6.35	0.0003743171691894531
6.36	0.00036984682083129883
6.37	0.0003668069839477539
6.38	0.00036209821701049805
6.39	0.0003606081008911133
6.4	0.00035578012466430664
6.41	0.00035262107849121094
6.42	0.00034987926483154297
6.43	0.0003470778465270996
6.44	0.0003447532653808594
6.45	0.00034165382385253906
6.46	0.0003383755683898926
6.47	0.000335693359375
6.48	0.0003338456153869629
6.49	0.0003317594528198242
6.5	0.0003268718719482422
6.51	0.0003230571746826172
6.52	0.00032132863998413086
6.53	0.00031876564025878906
6.54	0.0003159046173095703
6.55	0.00031280517578125
6.56	0.000310361385345459
6.57	0.0003084540367126465
6.58	0.0003059506416320801
6.59	0.000302731990814209
6.6	0.00029969215393066406
6.61	0.00029653310775756836
6.62	0.0002951622009277344
6.63	0.00029152631759643555
6.64	0.0002884864807128906
6.65	0.00028711557388305664
6.66	0.00028437376022338867
6.67	0.00028258562088012695
6.68	0.0002796649932861328
6.69	0.00027674436569213867
6.7	0.0002747774124145508
6.71	0.0002721548080444336
6.72	0.0002696514129638672
6.73	0.00026661157608032227
6.74	0.0002638697624206543
6.75	0.0002613067626953125
6.76	0.0002587437629699707
6.77	0.0002574920654296875
6.78	0.00025331974029541016
6.79	0.00025087594985961914
6.8	0.00024944543838500977
6.81	0.0002467036247253418
6.82	0.00024396181106567383
6.83	0.00024139881134033203
6.84	0.00023919343948364258
6.85	0.00023764371871948242
6.86	0.00023472309112548828
6.87	0.00023174285888671875
6.88	0.0002295970916748047
6.89	0.00022739171981811523
6.9	0.00022614002227783203
6.91	0.00022339820861816406
6.92	0.0002219676971435547
6.93	0.00022047758102416992
6.94	0.00021880865097045898
6.95	0.00021654367446899414
6.96	0.00021380186080932617
6.97	0.00021189451217651367
6.98	0.00021064281463623047
6.99	0.00020825862884521484
7.0	0.00020682811737060547
7.01	0.00020509958267211914
7.02	0.00020366907119750977
7.03	0.00020271539688110352
7.04	0.00020116567611694336
7.05	0.00020045042037963867
7.06	0.00019878149032592773
7.07	0.00019758939743041992
7.08	0.00019609928131103516
7.09	0.00019413232803344727
7.1	0.00019246339797973633
7.11	0.00019091367721557617
7.12	0.00018960237503051758
7.13	0.00018835067749023438
7.14	0.00018638372421264648
7.15	0.0001850724220275879
7.16	0.00018352270126342773
7.17	0.00018256902694702148
7.18	0.00018137693405151367
7.19	0.0001799464225769043
7.2	0.0001786947250366211
7.21	0.0001773834228515625
7.22	0.00017511844635009766
7.23	0.0001735687255859375
7.24	0.00017142295837402344
7.25	0.00016999244689941406
7.26	0.00016933679580688477
7.27	0.00016736984252929688
7.28	0.0001665353775024414
7.29	0.0001652240753173828
7.3	0.00016421079635620117
7.31	0.0001628398895263672
7.32	0.00016057491302490234
7.33	0.0001595616340637207
7.34	0.0001577138900756836
7.35	0.0001563429832458496
7.36	0.00015479326248168945
7.37	0.00015372037887573242
7.38	0.00015211105346679688
7.39	0.00015163421630859375
7.4	0.0001506209373474121
7.41	0.00014954805374145508
7.42	0.0001488327980041504
7.43	0.00014793872833251953
7.44	0.00014710426330566406
7.45	0.0001455545425415039
7.46	0.00014472007751464844
7.47	0.0001430511474609375
7.48	0.0001423954963684082
7.49	0.00014132261276245117
7.5	0.00013953447341918945
7.51	0.00013786554336547852
7.52	0.00013637542724609375
7.53	0.0001354813575744629
7.54	0.0001341700553894043
7.55	0.00013297796249389648
7.56	0.00013190507888793945
7.57	0.00013065338134765625
7.58	0.0001297593116760254
7.59	0.00012880563735961914
7.6	0.00012689828872680664
7.61	0.00012636184692382812
7.62	0.00012558698654174805
7.63	0.0001239180564880371
7.64	0.00012260675430297852
7.65	0.00012159347534179688
7.66	0.00012040138244628906
7.67	0.00011938810348510742
7.68	0.00011813640594482422
7.69	0.00011670589447021484
7.7	0.00011593103408813477
7.71	0.00011473894119262695
7.72	0.00011408329010009766
7.73	0.00011259317398071289
7.74	0.00011181831359863281
7.75	0.00011134147644042969
7.76	0.00011014938354492188
7.77	0.00010901689529418945
7.78	0.00010818243026733398
7.79	0.00010752677917480469
7.8	0.00010627508163452148
7.81	0.00010561943054199219
7.82	0.00010460615158081055
7.83	0.00010281801223754883
7.84	0.00010210275650024414
7.85	0.00010097026824951172
7.86	0.00010007619857788086
7.87	9.870529174804688e-05
7.88	9.78708267211914e-05
7.89	9.733438491821289e-05
7.9	9.66191291809082e-05
7.91	9.584426879882812e-05
7.92	9.399652481079102e-05
7.93	9.322166442871094e-05
7.94	9.256601333618164e-05
7.95	9.167194366455078e-05
7.96	9.059906005859375e-05
7.97	8.946657180786133e-05
7.98	8.89897346496582e-05
7.99	8.845329284667969e-05
8.0	8.779764175415039e-05
8.01	8.654594421386719e-05
8.02	8.618831634521484e-05
8.03	8.58306884765625e-05
8.04	8.505582809448242e-05
8.05	8.398294448852539e-05
8.06	8.314847946166992e-05
8.07	8.249282836914062e-05
8.08	8.159875869750977e-05
8.09	8.064508438110352e-05
8.1	7.987022399902344e-05
8.11	7.963180541992188e-05
8.12	7.933378219604492e-05
8.13	7.891654968261719e-05
8.14	7.855892181396484e-05
8.15	7.784366607666016e-05
8.16	7.742643356323242e-05
8.17	7.69495964050293e-05
8.18	7.587671279907227e-05
8.19	7.50422477722168e-05
8.2	7.432699203491211e-05
8.21	7.301568984985352e-05
8.22	7.236003875732422e-05
8.23	7.176399230957031e-05
8.24	7.128715515136719e-05
8.25	7.086992263793945e-05
8.26	7.051229476928711e-05
8.27	7.015466690063477e-05
8.28	6.902217864990234e-05
8.29	6.824731826782227e-05
8.3	6.73532485961914e-05
8.31	6.699562072753906e-05
8.32	6.598234176635742e-05
8.33	6.568431854248047e-05
8.34	6.496906280517578e-05
8.35	6.461143493652344e-05
8.36	6.407499313354492e-05
8.37	6.341934204101562e-05
8.38	6.300210952758789e-05
8.39	6.252527236938477e-05
8.4	6.204843521118164e-05
8.41	6.16908073425293e-05
8.42	6.115436553955078e-05
8.43	6.0439109802246094e-05
8.44	5.9723854064941406e-05
8.45	5.900859832763672e-05
8.46	5.811452865600586e-05
8.47	5.78761100769043e-05
8.48	5.739927291870117e-05
8.49	5.698204040527344e-05
8.5	5.6743621826171875e-05
8.51	5.638599395751953e-05
8.52	5.626678466796875e-05
8.53	5.5849552154541016e-05
8.54	5.507469177246094e-05
8.55	5.459785461425781e-05
8.56	5.429983139038086e-05
8.57	5.352497100830078e-05
8.58	5.316734313964844e-05
8.59	5.221366882324219e-05
8.6	5.1915645599365234e-05
8.61	5.14984130859375e-05
8.62	5.0902366638183594e-05
8.63	5.066394805908203e-05
8.64	5.0067901611328125e-05
8.65	4.971027374267578e-05
8.66	4.965066909790039e-05
8.67	4.9054622650146484e-05
8.68	4.8160552978515625e-05
8.69	4.774332046508789e-05
8.7	4.744529724121094e-05
8.71	4.7147274017333984e-05
8.72	4.667043685913086e-05
8.73	4.6253204345703125e-05
8.74	4.5418739318847656e-05
8.75	4.51207160949707e-05
8.76	4.4465065002441406e-05
8.77	4.380941390991211e-05
8.78	4.315376281738281e-05
8.79	4.297494888305664e-05
8.8	4.285573959350586e-05
8.81	4.225969314575195e-05
8.82	4.1604042053222656e-05
8.83	4.106760025024414e-05
8.84	4.094839096069336e-05
8.85	4.023313522338867e-05
8.86	4.011392593383789e-05
8.87	3.921985626220703e-05
8.88	3.916025161743164e-05
8.89	3.892183303833008e-05
8.9	3.838539123535156e-05
8.91	3.814697265625e-05
8.92	3.7610530853271484e-05
8.93	3.731250762939453e-05
8.94	3.719329833984375e-05
8.95	3.6656856536865234e-05
8.96	3.612041473388672e-05
8.97	3.5881996154785156e-05
8.98	3.5643577575683594e-05
8.99	3.528594970703125e-05
9.0	3.4749507904052734e-05
9.01	3.463029861450195e-05
9.02	3.415346145629883e-05
9.03	3.3974647521972656e-05
9.04	3.3795833587646484e-05
9.05	3.337860107421875e-05
9.06	3.2782554626464844e-05
9.07	3.272294998168945e-05
9.08	3.254413604736328e-05
9.09	3.212690353393555e-05
9.1	3.1828880310058594e-05
9.11	3.141164779663086e-05
9.12	3.1113624572753906e-05
9.13	3.045797348022461e-05
9.14	3.0040740966796875e-05
9.15	2.944469451904297e-05
9.16	2.9206275939941406e-05
9.17	2.9087066650390625e-05
9.18	2.86102294921875e-05
9.19	2.8431415557861328e-05
9.2	2.7954578399658203e-05
9.21	2.771615982055664e-05
9.22	2.771615982055664e-05
9.23	2.7060508728027344e-05
9.24	2.7060508728027344e-05
9.25	2.664327621459961e-05
9.26	2.6345252990722656e-05
9.27	2.6106834411621094e-05
9.28	2.5928020477294922e-05
9.29	2.574920654296875e-05
9.3	2.568960189819336e-05
9.31	2.5510787963867188e-05
9.32	2.5391578674316406e-05
9.33	2.5093555450439453e-05
9.34	2.47955322265625e-05
9.35	2.467632293701172e-05
9.36	2.4437904357910156e-05
9.37	2.4259090423583984e-05
9.38	2.4199485778808594e-05
9.39	2.390146255493164e-05
9.4	2.372264862060547e-05
9.41	2.3245811462402344e-05
9.42	2.294778823852539e-05
9.43	2.282857894897461e-05
9.44	2.2590160369873047e-05
9.45	2.2411346435546875e-05
9.46	2.2232532501220703e-05
9.47	2.2232532501220703e-05
9.48	2.199411392211914e-05
9.49	2.187490463256836e-05
9.5	2.1517276763916016e-05
9.51	2.1159648895263672e-05
9.52	2.09808349609375e-05
9.53	2.0742416381835938e-05
9.54	2.0205974578857422e-05
9.55	2.002716064453125e-05
9.56	1.9848346710205078e-05
9.57	1.9669532775878906e-05
9.58	1.9609928131103516e-05
9.59	1.9311904907226562e-05
9.6	1.9252300262451172e-05
9.61	1.913309097290039e-05
9.62	1.913309097290039e-05
9.63	1.8775463104248047e-05
9.64	1.8715858459472656e-05
9.65	1.8656253814697266e-05
9.66	1.8537044525146484e-05
9.67	1.823902130126953e-05
9.68	1.800060272216797e-05
9.69	1.7881393432617188e-05
9.7	1.7821788787841797e-05
9.71	1.7762184143066406e-05
9.72	1.7702579498291016e-05
9.73	1.7464160919189453e-05
9.74	1.7464160919189453e-05
9.75	1.7344951629638672e-05
9.76	1.710653305053711e-05
9.77	1.6689300537109375e-05
9.78	1.6570091247558594e-05
9.79	1.6033649444580078e-05
9.8	1.5854835510253906e-05
9.81	1.5437602996826172e-05
9.82	1.537799835205078e-05
9.83	1.5079975128173828e-05
9.84	1.5079975128173828e-05
9.85	1.5079975128173828e-05
9.86	1.4841556549072266e-05
9.87	1.4543533325195312e-05
9.88	1.424551010131836e-05
9.89	1.424551010131836e-05
9.9	1.3589859008789062e-05
9.91	1.3470649719238281e-05
9.92	1.3053417205810547e-05
9.93	1.2993812561035156e-05
9.94	1.2874603271484375e-05
9.95	1.245737075805664e-05
9.96	1.233816146850586e-05
9.97	1.2099742889404297e-05
9.98	1.2040138244628906e-05
9.99	1.2040138244628906e-05
10.0	1.1682510375976562e-05
10.01	1.138448715209961e-05
10.02	1.138448715209961e-05
10.03	1.1205673217773438e-05
10.04	1.1086463928222656e-05
10.05	1.0967254638671875e-05
10.06	1.0848045349121094e-05
10.07	1.0728836059570312e-05
10.08	1.055002212524414e-05
10.09	1.0251998901367188e-05
10.1	1.0192394256591797e-05
10.11	9.894371032714844e-06
10.12	9.775161743164062e-06
10.13	9.715557098388672e-06
10.14	9.59634780883789e-06
10.15	9.59634780883789e-06
10.16	9.5367431640625e-06
10.17	9.47713851928711e-06
10.18	9.357929229736328e-06
10.19	9.179115295410156e-06
10.2	9.059906005859375e-06
10.21	8.940696716308594e-06
10.22	8.940696716308594e-06
10.23	8.64267349243164e-06
10.24	8.52346420288086e-06
10.25	8.225440979003906e-06
10.26	8.046627044677734e-06
10.27	8.046627044677734e-06
10.28	7.808208465576172e-06
10.29	7.808208465576172e-06
10.3	7.748603820800781e-06
10.31	7.62939453125e-06
10.32	7.510185241699219e-06
10.33	7.3909759521484375e-06
10.34	7.271766662597656e-06
10.35	7.271766662597656e-06
10.36	7.092952728271484e-06
10.37	6.9141387939453125e-06
10.38	6.854534149169922e-06
10.39	6.735324859619141e-06
10.4	6.735324859619141e-06
10.41	6.616115570068359e-06
10.42	6.616115570068359e-06
10.43	6.616115570068359e-06
10.44	6.556510925292969e-06
10.45	6.4373016357421875e-06
10.46	6.318092346191406e-06
10.47	6.258487701416016e-06
10.48	6.198883056640625e-06
10.49	6.020069122314453e-06
10.5	6.020069122314453e-06
10.51	5.9604644775390625e-06
10.52	5.9604644775390625e-06
10.53	5.9604644775390625e-06
10.54	5.9604644775390625e-06
10.55	5.9604644775390625e-06
10.56	5.9604644775390625e-06
10.57	5.9604644775390625e-06
10.58	5.900859832763672e-06
10.59	5.841255187988281e-06
10.6	5.781650543212891e-06
10.61	5.7220458984375e-06
10.62	5.662441253662109e-06
10.63	5.662441253662109e-06
10.64	5.4836273193359375e-06
10.65	5.424022674560547e-06
10.66	5.364418029785156e-06
10.67	5.364418029785156e-06
10.68	5.364418029785156e-06
10.69	5.364418029785156e-06
10.7	5.304813385009766e-06
10.71	5.304813385009766e-06
10.72	5.125999450683594e-06
10.73	5.066394805908203e-06
10.74	4.947185516357422e-06
10.75	4.947185516357422e-06
10.76	4.947185516357422e-06
10.77	4.827976226806641e-06
10.78	4.76837158203125e-06
10.79	4.708766937255859e-06
10.8	4.708766937255859e-06
10.81	4.589557647705078e-06
10.82	4.589557647705078e-06
10.83	4.5299530029296875e-06
10.84	4.410743713378906e-06
10.85	4.291534423828125e-06
10.86	4.231929779052734e-06
10.87	4.172325134277344e-06
10.88	4.112720489501953e-06
10.89	4.112720489501953e-06
10.9	4.112720489501953e-06
10.91	4.112720489501953e-06
10.92	4.112720489501953e-06
10.93	4.112720489501953e-06
10.94	3.993511199951172e-06
10.95	3.993511199951172e-06
10.96	3.933906555175781e-06
10.97	3.874301910400391e-06
10.98	3.874301910400391e-06
10.99	3.874301910400391e-06
11.0	3.7550926208496094e-06
11.01	3.5762786865234375e-06
11.02	3.4570693969726562e-06
11.03	3.3974647521972656e-06
11.04	3.3974647521972656e-06
11.05	3.3974647521972656e-06
11.06	3.3974647521972656e-06
11.07	3.3974647521972656e-06
11.08	3.337860107421875e-06
11.09	3.2782554626464844e-06
11.1	3.2186508178710938e-06
11.11	3.2186508178710938e-06
11.12	3.2186508178710938e-06
11.13	3.159046173095703e-06
11.14	3.0994415283203125e-06
11.15	3.039836883544922e-06
11.16	2.9802322387695312e-06
11.17	2.9206275939941406e-06
11.18	2.9206275939941406e-06
11.19	2.86102294921875e-06
11.2	2.86102294921875e-06
11.21	2.8014183044433594e-06
11.22	2.7418136596679688e-06
11.23	2.682209014892578e-06
11.24	2.6226043701171875e-06
11.25	2.6226043701171875e-06
11.26	2.562999725341797e-06
11.27	2.562999725341797e-06
11.28	2.562999725341797e-06
11.29	2.562999725341797e-06
11.3	2.5033950805664062e-06
11.31	2.5033950805664062e-06
11.32	2.384185791015625e-06
11.33	2.384185791015625e-06
11.34	2.384185791015625e-06
11.35	2.384185791015625e-06
11.36	2.3245811462402344e-06
11.37	2.2649765014648438e-06
11.38	2.205371856689453e-06
11.39	2.1457672119140625e-06
11.4	2.1457672119140625e-06
11.41	2.086162567138672e-06
11.42	2.086162567138672e-06
11.43	2.086162567138672e-06
11.44	2.086162567138672e-06
11.45	2.0265579223632812e-06
11.46	1.9669532775878906e-06
11.47	1.9073486328125e-06
11.48	1.9073486328125e-06
11.49	1.9073486328125e-06
11.5	1.9073486328125e-06
11.51	1.9073486328125e-06
11.52	1.9073486328125e-06
11.53	1.9073486328125e-06
11.54	1.9073486328125e-06
11.55	1.9073486328125e-06
11.56	1.9073486328125e-06
11.57	1.9073486328125e-06
11.58	1.7881393432617188e-06
11.59	1.7881393432617188e-06
11.6	1.7285346984863281e-06
11.61	1.7285346984863281e-06
11.62	1.7285346984863281e-06
11.63	1.7285346984863281e-06
11.64	1.7285346984863281e-06
11.65	1.7285346984863281e-06
11.66	1.7285346984863281e-06
11.67	1.7285346984863281e-06
11.68	1.7285346984863281e-06
11.69	1.6689300537109375e-06
11.7	1.6093254089355469e-06
11.71	1.5497207641601562e-06
11.72	1.5497207641601562e-06
11.73	1.5497207641601562e-06
11.74	1.5497207641601562e-06
11.75	1.5497207641601562e-06
11.76	1.5497207641601562e-06
11.77	1.5497207641601562e-06
11.78	1.4901161193847656e-06
11.79	1.430511474609375e-06
11.8	1.430511474609375e-06
11.81	1.430511474609375e-06
11.82	1.3709068298339844e-06
11.83	1.3709068298339844e-06
11.84	1.3113021850585938e-06
11.85	1.3113021850585938e-06
11.86	1.2516975402832031e-06
11.87	1.2516975402832031e-06
11.88	1.2516975402832031e-06
11.89	1.2516975402832031e-06
11.9	1.2516975402832031e-06
11.91	1.2516975402832031e-06
11.92	1.2516975402832031e-06
11.93	1.2516975402832031e-06
11.94	1.1920928955078125e-06
11.95	1.1920928955078125e-06
11.96	1.1324882507324219e-06
11.97	1.1324882507324219e-06
11.98	1.1324882507324219e-06
11.99	1.0728836059570312e-06
12.0	1.0728836059570312e-06
12.01	1.0728836059570312e-06
12.02	1.0728836059570312e-06
12.03	1.0728836059570312e-06
12.04	1.0728836059570312e-06
12.05	1.0728836059570312e-06
12.06	1.0728836059570312e-06
12.07	1.0132789611816406e-06
12.08	1.0132789611816406e-06
12.09	9.5367431640625e-07
12.1	9.5367431640625e-07
12.11	9.5367431640625e-07
12.12	9.5367431640625e-07
12.13	9.5367431640625e-07
12.14	8.940696716308594e-07
12.15	8.940696716308594e-07
12.16	8.940696716308594e-07
12.17	8.940696716308594e-07
12.18	8.940696716308594e-07
12.19	8.940696716308594e-07
12.2	8.940696716308594e-07
12.21	8.940696716308594e-07
12.22	8.344650268554688e-07
12.23	8.344650268554688e-07
12.24	7.748603820800781e-07
12.25	7.748603820800781e-07
12.26	7.748603820800781e-07
12.27	7.152557373046875e-07
12.28	7.152557373046875e-07
12.29	7.152557373046875e-07
12.3	7.152557373046875e-07
12.31	7.152557373046875e-07
12.32	7.152557373046875e-07
12.33	7.152557373046875e-07
12.34	7.152557373046875e-07
12.35	6.556510925292969e-07
12.36	6.556510925292969e-07
12.37	5.960464477539062e-07
12.38	5.960464477539062e-07
12.39	5.960464477539062e-07
12.4	5.960464477539062e-07
12.41	5.960464477539062e-07
12.42	5.960464477539062e-07
12.43	5.960464477539062e-07
12.44	5.960464477539062e-07
12.45	5.960464477539062e-07
12.46	5.960464477539062e-07
12.47	5.960464477539062e-07
12.48	5.960464477539062e-07
12.49	5.960464477539062e-07
12.5	5.364418029785156e-07
12.51	5.364418029785156e-07
12.52	4.76837158203125e-07
12.53	4.76837158203125e-07
12.54	4.76837158203125e-07
12.55	4.76837158203125e-07
12.56	4.76837158203125e-07
12.57	4.76837158203125e-07
12.58	4.76837158203125e-07
12.59	4.76837158203125e-07
12.6	4.76837158203125e-07
12.61	4.76837158203125e-07
12.62	4.76837158203125e-07
12.63	4.172325134277344e-07
12.64	4.172325134277344e-07
12.65	3.5762786865234375e-07
12.66	3.5762786865234375e-07
12.67	3.5762786865234375e-07
12.68	3.5762786865234375e-07
12.69	3.5762786865234375e-07
12.7	3.5762786865234375e-07
12.71	3.5762786865234375e-07
12.72	3.5762786865234375e-07
12.73	3.5762786865234375e-07
12.74	3.5762786865234375e-07
12.75	3.5762786865234375e-07
12.76	3.5762786865234375e-07
12.77	3.5762786865234375e-07
12.78	3.5762786865234375e-07
12.79	3.5762786865234375e-07
12.8	3.5762786865234375e-07
12.81	3.5762786865234375e-07
12.82	3.5762786865234375e-07
12.83	3.5762786865234375e-07
12.84	3.5762786865234375e-07
12.85	3.5762786865234375e-07
12.86	3.5762786865234375e-07
12.87	3.5762786865234375e-07
12.88	3.5762786865234375e-07
12.89	3.5762786865234375e-07
12.9	3.5762786865234375e-07
12.91	2.980232238769531e-07
12.92	2.980232238769531e-07
12.93	2.980232238769531e-07
12.94	2.980232238769531e-07
12.95	2.980232238769531e-07
12.96	2.980232238769531e-07
12.97	2.980232238769531e-07
12.98	2.980232238769531e-07
12.99	2.980232238769531e-07
13.0	2.980232238769531e-07
13.01	2.980232238769531e-07
13.02	2.980232238769531e-07
13.03	2.980232238769531e-07
13.04	2.384185791015625e-07
13.05	2.384185791015625e-07
13.06	2.384185791015625e-07
13.07	2.384185791015625e-07
13.08	2.384185791015625e-07
13.09	2.384185791015625e-07
13.1	2.384185791015625e-07
13.11	2.384185791015625e-07
13.12	2.384185791015625e-07
13.13	2.384185791015625e-07
13.14	2.384185791015625e-07
13.15	2.384185791015625e-07
13.16	2.384185791015625e-07
13.17	2.384185791015625e-07
13.18	2.384185791015625e-07
13.19	2.384185791015625e-07
13.2	2.384185791015625e-07
13.21	2.384185791015625e-07
13.22	2.384185791015625e-07
13.23	2.384185791015625e-07
13.24	2.384185791015625e-07
13.25	2.384185791015625e-07
13.26	2.384185791015625e-07
13.27	1.7881393432617188e-07
13.28	1.1920928955078125e-07
13.29	1.1920928955078125e-07
13.3	1.1920928955078125e-07
13.31	1.1920928955078125e-07
13.32	1.1920928955078125e-07
13.33	1.1920928955078125e-07
13.34	1.1920928955078125e-07
13.35	1.1920928955078125e-07
13.36	1.1920928955078125e-07
13.37	1.1920928955078125e-07
13.38	1.1920928955078125e-07
13.39	1.1920928955078125e-07
13.4	5.960464477539063e-08
13.41	5.960464477539063e-08
13.42	0.0
