5.08	0.000507354736328125
5.09	0.0004968643188476562
5.1	0.0004940032958984375
5.11	0.00048732757568359375
5.12	0.00047397613525390625
5.13	0.00046825408935546875
5.14	0.0004673004150390625
5.15	0.000461578369140625
5.16	0.000457763671875
5.17	0.000453948974609375
5.18	0.00045299530029296875
5.19	0.00044727325439453125
5.2	0.00044536590576171875
5.21	0.000438690185546875
5.22	0.0004367828369140625
5.23	0.00042819976806640625
5.24	0.00042438507080078125
5.25	0.00041961669921875
5.26	0.00041675567626953125
5.27	0.0004100799560546875
5.28	0.0004062652587890625
5.29	0.00040340423583984375
5.3	0.00039768218994140625
5.31	0.00039386749267578125
5.32	0.00039005279541015625
5.33	0.00038433074951171875
5.34	0.00038242340087890625
5.35	0.00037860870361328125
5.36	0.0003757476806640625
5.37	0.00036907196044921875
5.38	0.0003662109375
5.39	0.00035953521728515625
5.4	0.000354766845703125
5.41	0.0003490447998046875
5.42	0.00034236907958984375
5.43	0.000339508056640625
5.44	0.0003376007080078125
5.45	0.00033092498779296875
5.46	0.00032711029052734375
5.47	0.0003261566162109375
5.48	0.0003223419189453125
5.49	0.00031757354736328125
5.5	0.00031757354736328125
5.51	0.0003147125244140625
5.52	0.0003147125244140625
5.53	0.00031185150146484375
5.54	0.0003108978271484375
5.55	0.00030422210693359375
5.56	0.00030231475830078125
5.57	0.00029850006103515625
5.58	0.000293731689453125
5.59	0.0002880096435546875
5.6	0.00028514862060546875
5.61	0.000278472900390625
5.62	0.00027370452880859375
5.63	0.0002689361572265625
5.64	0.00026416778564453125
5.65	0.0002593994140625
5.66	0.00025272369384765625
5.67	0.00024890899658203125
5.68	0.00024509429931640625
5.69	0.000240325927734375
5.7	0.00023937225341796875
5.71	0.0002346038818359375
5.72	0.00023365020751953125
5.73	0.00022792816162109375
5.74	0.00022602081298828125
5.75	0.00022602081298828125
5.76	0.00022411346435546875
5.77	0.00021839141845703125
5.78	0.000217437744140625
5.79	0.000217437744140625
5.8	0.00021457672119140625
5.81	0.000213623046875
5.82	0.00021266937255859375
5.83	0.0002079010009765625
5.84	0.00020694732666015625
5.85	0.000202178955078125
5.86	0.00020122528076171875
5.87	0.00019741058349609375
5.88	0.00019550323486328125
5.89	0.0001926422119140625
5.9	0.0001888275146484375
5.91	0.000186920166015625
5.92	0.00018215179443359375
5.93	0.00018024444580078125
5.94	0.00017833709716796875
5.95	0.00017642974853515625
5.96	0.00017452239990234375
5.97	0.000171661376953125
5.98	0.00016880035400390625
5.99	0.0001659393310546875
6.0	0.000164031982421875
6.01	0.00016117095947265625
6.02	0.0001583099365234375
6.03	0.00015735626220703125
6.04	0.00015544891357421875
6.05	0.0001544952392578125
6.06	0.00015163421630859375
6.07	0.00014972686767578125
6.08	0.00014591217041015625
6.09	0.00014495849609375
6.1	0.000141143798828125
6.11	0.000141143798828125
6.12	0.0001392364501953125
6.13	0.00013828277587890625
6.14	0.00013828277587890625
6.15	0.00013637542724609375
6.16	0.0001354217529296875
6.17	0.00013256072998046875
6.18	0.0001316070556640625
6.19	0.00012969970703125
6.2	0.00012874603271484375
6.21	0.000125885009765625
6.22	0.0001239776611328125
6.23	0.0001201629638671875
6.24	0.00011730194091796875
6.25	0.0001163482666015625
6.26	0.00011157989501953125
6.27	0.00010967254638671875
6.28	0.00010776519775390625
6.29	0.0001068115234375
6.3	0.00010395050048828125
6.31	0.0001010894775390625
6.32	0.0001010894775390625
6.33	9.822845458984375e-05
6.34	9.72747802734375e-05
6.35	9.632110595703125e-05
6.36	9.632110595703125e-05
6.37	9.5367431640625e-05
6.38	9.250640869140625e-05
6.39	9.1552734375e-05
6.4	8.96453857421875e-05
6.41	8.869171142578125e-05
6.42	8.58306884765625e-05
6.43	8.58306884765625e-05
6.44	8.487701416015625e-05
6.45	8.296966552734375e-05
6.46	8.20159912109375e-05
6.47	8.106231689453125e-05
6.48	8.0108642578125e-05
6.49	7.82012939453125e-05
6.5	7.62939453125e-05
6.51	7.343292236328125e-05
6.52	7.2479248046875e-05
6.53	7.05718994140625e-05
6.54	6.961822509765625e-05
6.55	6.961822509765625e-05
6.56	6.866455078125e-05
6.57	6.580352783203125e-05
6.58	6.4849853515625e-05
6.59	6.198883056640625e-05
6.6	6.103515625e-05
6.61	6.103515625e-05
6.62	5.91278076171875e-05
6.63	5.817413330078125e-05
6.64	5.7220458984375e-05
6.65	5.626678466796875e-05
6.66	5.626678466796875e-05
6.67	5.53131103515625e-05
6.68	5.340576171875e-05
6.69	5.245208740234375e-05
6.7	5.245208740234375e-05
6.71	5.14984130859375e-05
6.72	4.9591064453125e-05
6.73	4.9591064453125e-05
6.74	4.863739013671875e-05
6.75	4.863739013671875e-05
6.76	4.863739013671875e-05
6.77	4.76837158203125e-05
6.78	4.76837158203125e-05
6.79	4.76837158203125e-05
6.8	4.76837158203125e-05
6.81	4.57763671875e-05
6.82	4.482269287109375e-05
6.83	4.38690185546875e-05
6.84	4.291534423828125e-05
6.85	4.1961669921875e-05
6.86	4.100799560546875e-05
6.87	4.00543212890625e-05
6.88	3.910064697265625e-05
6.89	3.910064697265625e-05
6.9	3.719329833984375e-05
6.91	3.719329833984375e-05
6.92	3.62396240234375e-05
6.93	3.528594970703125e-05
6.94	3.337860107421875e-05
6.95	3.24249267578125e-05
6.96	3.147125244140625e-05
6.97	3.147125244140625e-05
6.98	3.147125244140625e-05
6.99	3.147125244140625e-05
7.0	2.956390380859375e-05
7.01	2.956390380859375e-05
7.02	2.956390380859375e-05
7.03	2.86102294921875e-05
7.04	2.765655517578125e-05
7.05	2.765655517578125e-05
7.06	2.6702880859375e-05
7.07	2.6702880859375e-05
7.08	2.574920654296875e-05
7.09	2.574920654296875e-05
7.1	2.47955322265625e-05
7.11	2.384185791015625e-05
7.12	2.193450927734375e-05
7.13	2.193450927734375e-05
7.14	2.09808349609375e-05
7.15	2.002716064453125e-05
7.16	2.002716064453125e-05
7.17	2.002716064453125e-05
7.18	2.002716064453125e-05
7.19	1.811981201171875e-05
7.2	1.811981201171875e-05
7.21	1.811981201171875e-05
7.22	1.71661376953125e-05
7.23	1.71661376953125e-05
7.24	1.621246337890625e-05
7.25	1.52587890625e-05
7.26	1.430511474609375e-05
7.27	1.33514404296875e-05
7.28	1.33514404296875e-05
7.29	1.239776611328125e-05
7.3	1.239776611328125e-05
7.31	1.239776611328125e-05
7.32	1.239776611328125e-05
7.33	1.239776611328125e-05
7.34	1.239776611328125e-05
7.35	1.239776611328125e-05
7.36	1.239776611328125e-05
7.37	1.239776611328125e-05
7.38	1.239776611328125e-05
7.39	1.239776611328125e-05
7.4	1.239776611328125e-05
7.41	1.239776611328125e-05
7.42	1.1444091796875e-05
7.43	1.049041748046875e-05
7.44	9.5367431640625e-06
7.45	9.5367431640625e-06
7.46	8.58306884765625e-06
7.47	7.62939453125e-06
7.48	7.62939453125e-06
7.49	7.62939453125e-06
7.5	7.62939453125e-06
7.51	7.62939453125e-06
7.52	7.62939453125e-06
7.53	7.62939453125e-06
7.54	6.67572021484375e-06
7.55	6.67572021484375e-06
7.56	6.67572021484375e-06
7.57	5.7220458984375e-06
7.58	5.7220458984375e-06
7.59	5.7220458984375e-06
7.6	5.7220458984375e-06
7.61	5.7220458984375e-06
7.62	5.7220458984375e-06
7.63	5.7220458984375e-06
7.64	5.7220458984375e-06
7.65	5.7220458984375e-06
7.66	5.7220458984375e-06
7.67	5.7220458984375e-06
7.68	5.7220458984375e-06
7.69	5.7220458984375e-06
7.7	5.7220458984375e-06
7.71	5.7220458984375e-06
7.72	4.76837158203125e-06
7.73	4.76837158203125e-06
7.74	4.76837158203125e-06
7.75	4.76837158203125e-06
7.76	3.814697265625e-06
7.77	3.814697265625e-06
7.78	3.814697265625e-06
7.79	3.814697265625e-06
7.8	3.814697265625e-06
7.81	3.814697265625e-06
7.82	3.814697265625e-06
7.83	3.814697265625e-06
7.84	3.814697265625e-06
7.85	3.814697265625e-06
7.86	2.86102294921875e-06
7.87	2.86102294921875e-06
7.88	2.86102294921875e-06
7.89	1.9073486328125e-06
7.9	1.9073486328125e-06
7.91	1.9073486328125e-06
7.92	1.9073486328125e-06
7.93	1.9073486328125e-06
7.94	1.9073486328125e-06
7.95	1.9073486328125e-06
7.96	1.9073486328125e-06
7.97	1.9073486328125e-06
7.98	1.9073486328125e-06
7.99	1.9073486328125e-06
8.0	1.9073486328125e-06
8.01	1.9073486328125e-06
8.02	1.9073486328125e-06
8.03	1.9073486328125e-06
8.04	9.5367431640625e-07
8.05	9.5367431640625e-07
8.06	9.5367431640625e-07
8.07	9.5367431640625e-07
8.08	0.0
