6.48	0.0005022796567573096
6.49	0.0004978098404535558
6.5	0.0004933368682031869
6.51	0.0004888940966338851
6.52	0.0004844832246817532
6.53	0.00048011366470746
6.54	0.00047578118210367393
6.55	0.00047147824352578027
6.56	0.00046721425405849004
6.57	0.0004629892910088529
6.58	0.00045880420202593086
6.59	0.00045464620416169055
6.6	0.0004505253391471342
6.61	0.00044643596356763737
6.62	0.00044238870577828493
6.63	0.0004383650639283587
6.64	0.00043437201748020016
6.65	0.00043041429489676375
6.66	0.00042649298757169163
6.67	0.00042259361362084746
6.68	0.0004187301065030624
6.69	0.0004148968864683411
6.7	0.0004111006137463846
6.71	0.0004073269965374493
6.72	0.0004035922156617744
6.73	0.0003998856527687167
6.74	0.00039621273845114047
6.75	0.00039256480704352725
6.76	0.0003889525014528772
6.77	0.0003853754924421082
6.78	0.00038182622029125923
6.79	0.00037830178098374745
6.8	0.0003748091112356633
6.81	0.00037134926606086083
6.82	0.00036791444836126175
6.83	0.00036450234074436594
6.84	0.0003611209494920331
6.85	0.00035777104312728625
6.86	0.0003544456740200985
6.87	0.00035114592628815444
6.88	0.00034787901495292317
6.89	0.0003446412019911804
6.9	0.00034142738149967045
6.91	0.0003382420600246405
6.92	0.00033508794331282843
6.93	0.00033196450385730714
6.94	0.0003288607904323726
6.95	0.0003257810440118192
6.96	0.0003227332163078245
6.97	0.00031971266071195714
6.98	0.0003167110808135476
6.99	0.00031373059209727217
7.0	0.00031078426945896354
7.01	0.00030785623403062345
7.02	0.0003049516162718646
7.03	0.00030206866722437553
7.04	0.00029921856184955686
7.05	0.0002963882561743958
7.06	0.000293580807010585
7.07	0.0002907964026235277
7.08	0.0002880435959013994
7.09	0.00028531252064567525
7.1	0.0002826035397447413
7.11	0.0002799218464133446
7.12	0.0002772693114820868
7.13	0.0002746311793089262
7.14	0.0002720149241213221
7.15	0.00026942254316963954
7.16	0.0002668544957487029
7.17	0.0002643038051246549
7.18	0.0002617721556816832
7.19	0.0002592651135273627
7.2	0.000256782609540096
7.21	0.00025431554513488663
7.22	0.00025187294249917613
7.23	0.0002494545260560699
7.24	0.00024705817668291274
7.25	0.00024468190986226546
7.26	0.00024232201667473419
7.27	0.00023999113818717888
7.28	0.00023767794846207835
7.29	0.00023538379446108593
7.3	0.00023310859796765726
7.31	0.00023085640896169934
7.32	0.00022862249352328945
7.33	0.00022640314273303375
7.34	0.00022420461391448043
7.35	0.00022202679065230768
7.36	0.00021986655701766722
7.37	0.00021772118907392723
7.38	0.00021559663764492143
7.39	0.000213495412026532
7.4	0.00021141173237992916
7.41	0.0002093462944685598
7.42	0.00020730066171381623
7.43	0.00020527470951492433
7.44	0.00020326766480138758
7.45	0.00020127546576986788
7.46	0.00019930573307647137
7.47	0.00019735116620722692
7.48	0.00019541098663466983
7.49	0.00019348626847204287
7.5	0.00019158311624778435
7.51	0.00018969547454616986
7.52	0.00018782096321956487
7.53	0.0001859610238170717
7.54	0.0001841222101575113
7.55	0.00018229856596008176
7.56	0.00018049081791104982
7.57	0.00017869813927973155
7.58	0.0001769242508089519
7.59	0.00017516967727715382
7.6	0.00017342584669677308
7.61	0.00017169987586385105
7.62	0.00016999254876282066
7.63	0.00016830151707836194
7.64	0.00016661891459079925
7.65	0.0001649543346502469
7.66	0.0001633077454243903
7.67	0.00016167425019375514
7.68	0.0001600510277057765
7.69	0.00015844412700971588
7.7	0.00015685397738707252
7.71	0.00015527854611718794
7.72	0.00015371304198197322
7.73	0.00015216498923109611
7.74	0.00015063415867189178
7.75	0.00014911765720171388
7.76	0.00014761085003556218
7.77	0.0001461201045458438
7.78	0.0001446480355298263
7.79	0.00014318386911327252
7.8	0.0001417338453393313
7.81	0.00014029816065885825
7.82	0.00013887711156712612
7.83	0.00013746292916039238
7.84	0.0001360635505989194
7.85	0.00013467615644913167
7.86	0.00013330588626558892
7.87	0.00013194415896577993
7.88	0.0001305928790316102
7.89	0.00012925593728141394
7.9	0.00012793570112989983
7.91	0.00012662352219194872
7.92	0.00012532395976450061
7.93	0.00012403950950101716
7.94	0.00012276759207452415
7.95	0.00012150500333518721
7.96	0.00012025483647448709
7.97	0.00011901969719474437
7.98	0.00011779390024457825
7.99	0.00011657795857900055
8.0	0.00011537438422237756
8.01	0.00011418214126024395
8.02	0.00011300041478534695
8.03	0.00011182847265445162
8.04	0.00011066771457990399
8.05	0.00010952056618407369
8.06	0.00010838172875082819
8.07	0.00010725323591032065
8.08	0.00010613797621772392
8.09	0.00010503413432161324
8.1	0.00010393859156465624
8.11	0.00010285121334163705
8.12	0.00010177873991779052
8.13	0.000100704686701647
8.14	9.96612589005963e-05
8.15	9.861484886641847e-05
8.16	9.758225405676058e-05
8.17	9.655750818637898e-05
8.18	9.554267489875201e-05
8.19	9.453571419726359e-05
8.2	9.354098983749282e-05
8.21	9.254585893359035e-05
8.22	9.157805016002385e-05
8.23	9.060933462023968e-05
8.24	8.965335382526973e-05
8.25	8.870509464031784e-05
8.26	8.776590402703732e-05
8.27	8.68340976012405e-05
8.28	8.591532423452009e-05
8.29	8.500366766384104e-05
8.3	8.410019654547796e-05
8.31	8.320473261846928e-05
8.32	8.232035906985402e-05
8.33	8.144360617734492e-05
8.34	8.057379454839975e-05
8.35	7.971231934789103e-05
8.36	7.886133153078845e-05
8.37	7.801781885063974e-05
8.38	7.71723871366703e-05
8.39	7.635137262695935e-05
8.4	7.553299838036764e-05
8.41	7.471982098650187e-05
8.42	7.391506824205862e-05
8.43	7.31177133275196e-05
8.44	7.233158885355806e-05
8.45	7.154990180424647e-05
8.46	7.076760084601119e-05
8.47	7.000972073001321e-05
8.48	6.925389789103065e-05
8.49	6.850271711300593e-05
8.5	6.775977635697927e-05
8.51	6.70248828100739e-05
8.52	6.629879771935521e-05
8.53	6.557721735589439e-05
8.54	6.486378606496146e-05
8.55	6.415810639737174e-05
8.56	6.345934980345191e-05
8.57	6.276499607338337e-05
8.58	6.2077857364784e-05
8.59	6.139956349215936e-05
8.6	6.072791256883647e-05
8.61	6.006104467815021e-05
8.62	5.940135815762915e-05
8.63	5.874333783140173e-05
8.64	5.810597122035688e-05
8.65	5.746517035731813e-05
8.66	5.683204835804645e-05
8.67	5.62065333724604e-05
8.68	5.558681004913524e-05
8.69	5.497211441252148e-05
8.7	5.43645392099279e-05
8.71	5.375721775635611e-05
8.72	5.316776514519006e-05
8.73	5.257632165012183e-05
8.74	5.199333463679068e-05
8.75	5.141493784321938e-05
8.76	5.0842532800743356e-05
8.77	5.027361476095393e-05
8.78	4.9712871259544045e-05
8.79	4.915916906611528e-05
8.8	4.860850367549574e-05
8.81	4.80636372230947e-05
8.82	4.752694258058909e-05
8.83	4.699571400124114e-05
8.84	4.6468373511743266e-05
8.85	4.594650454237126e-05
8.86	4.5431486796587706e-05
8.87	4.4921440348844044e-05
8.88	4.440997236088151e-05
8.89	4.391343918541679e-05
8.9	4.341798285167897e-05
8.91	4.292768608138431e-05
8.92	4.244053980073659e-05
8.93	4.1959236114053056e-05
8.94	4.148373682255624e-05
8.95	4.101262311451137e-05
8.96	4.0540485315432306e-05
8.97	4.008352516393643e-05
8.98	3.96286422983394e-05
8.99	3.917590220225975e-05
9.0	3.8728455365344416e-05
9.01	3.82863527192967e-05
9.02	3.785052649618592e-05
9.03	3.741748696484137e-05
9.04	3.698862656165147e-05
9.05	3.656471199064981e-05
9.06	3.6147180253465194e-05
9.07	3.5731730349652935e-05
9.08	3.531985203153454e-05
9.09	3.4911930924863555e-05
9.1	3.451104566920549e-05
9.11	3.411172565392917e-05
9.12	3.3716253710736055e-05
9.13	3.332308551762253e-05
9.14	3.2941889912763145e-05
9.15	3.2559845749347005e-05
9.16	3.218126130377641e-05
9.17	3.1809839128982276e-05
9.18	3.144065703963861e-05
9.19	3.107532029389404e-05
9.2	3.071263199672103e-05
9.21	3.0352100111485925e-05
9.22	3.0002159292052966e-05
9.23	2.9651508157257922e-05
9.24	2.9303560040716548e-05
9.25	2.8961067073396407e-05
9.26	2.862122346414253e-05
9.27	2.8284822292334866e-05
9.28	2.7950794901698828e-05
9.29	2.762202529993374e-05
9.3	2.7295908694213722e-05
9.31	2.6972823434334714e-05
9.32	2.6654365683498327e-05
9.33	2.633995063661132e-05
9.34	2.6029044420283753e-05
9.35	2.572006815171335e-05
9.36	2.5416597964067478e-05
9.37	2.5116559299931396e-05
9.38	2.481628325767815e-05
9.39	2.4523527827113867e-05
9.4	2.4232319447037298e-05
9.41	2.3944351596583147e-05
9.42	2.3658772988710552e-05
9.43	2.3374768716166727e-05
9.44	2.30956875384436e-05
9.45	2.2819405785412528e-05
9.46	2.254267019452527e-05
9.47	2.2274742150329985e-05
9.48	2.2007391635270324e-05
9.49	2.1743417164543644e-05
9.5	2.148098428733647e-05
9.51	2.1222821487754118e-05
9.52	2.0967351701983716e-05
9.53	2.0715566279250197e-05
9.54	2.0465178749873303e-05
9.55	2.0217846213199664e-05
9.56	1.997439449041849e-05
9.57	1.9733315639314242e-05
9.58	1.9493258150760084e-05
9.59	1.9256293853686657e-05
9.6	1.9022225387743674e-05
9.61	1.8790092326526064e-05
9.62	1.8559950149210636e-05
9.63	1.8330444618186448e-05
9.64	1.8109036318492144e-05
9.65	1.7887500689539593e-05
9.66	1.7668045074969996e-05
9.67	1.745178633427713e-05
9.68	1.723906916595297e-05
9.69	1.702763529465301e-05
9.7	1.6818231415527407e-05
9.71	1.660973339312477e-05
9.72	1.6408819647040218e-05
9.73	1.6206521650019567e-05
9.74	1.600571886228863e-05
9.75	1.5808662283234298e-05
9.76	1.561322369525442e-05
9.77	1.541927304060664e-05
9.78	1.5226595678541344e-05
9.79	1.503730527474545e-05
9.8	1.4850457773718517e-05
9.81	1.4664644368167501e-05
9.82	1.448093189537758e-05
9.83	1.430063093721401e-05
9.84	1.4122075299383141e-05
9.85	1.3946061699243728e-05
9.86	1.3771105841442477e-05
9.87	1.3600057172880042e-05
9.88	1.3428772945189849e-05
9.89	1.326172878179932e-05
9.9	1.309561775997281e-05
9.91	1.293130662816111e-05
9.92	1.27690427689231e-05
9.93	1.2607415555976331e-05
9.94	1.2448237612261437e-05
9.95	1.2290729500818998e-05
9.96	1.2133606105635408e-05
9.97	1.1980396266153548e-05
9.98	1.1828260539914481e-05
9.99	1.1678622286126483e-05
10.0	1.1530013580340892e-05
10.01	1.1383063792891335e-05
10.02	1.12389470814378e-05
10.03	1.1096206435468048e-05
10.04	1.0955253856081981e-05
10.05	1.0815230780281126e-05
10.06	1.0677524187485687e-05
10.07	1.0541723895585164e-05
10.08	1.0405980901850853e-05
10.09	1.0272086001350544e-05
10.1	1.0140149242943153e-05
10.11	1.000936572381761e-05
10.12	9.879254321276676e-06
10.13	9.749738637765404e-06
10.14	9.624467566027306e-06
10.15	9.499820407654624e-06
10.16	9.375890840601642e-06
10.17	9.254286851501092e-06
10.18	9.134417268796824e-06
10.19	9.01634030014975e-06
10.2	8.89922466740245e-06
10.21	8.782829354458954e-06
10.22	8.670370334584732e-06
10.23	8.55738380778348e-06
10.24	8.445456842309795e-06
10.25	8.334955055033788e-06
10.26	8.22668971522944e-06
10.27	8.11847439763369e-06
10.28	8.010954843484797e-06
10.29	7.905181519163307e-06
10.3	7.8012462836341e-06
10.31	7.697952241869643e-06
10.32	7.5957759690936655e-06
10.33	7.495269528590143e-06
10.34	7.396475666610058e-06
10.35	7.2988095780601725e-06
10.36	7.201947482826654e-06
10.37	7.107029887265526e-06
10.38	7.0125852289493196e-06
10.39	6.920193300175015e-06
10.4	6.828030564065557e-06
10.41	6.737488547514658e-06
10.42	6.647852387686726e-06
10.43	6.55850180919515e-06
10.44	6.469772415584885e-06
10.45	6.383179425029084e-06
10.46	6.296269930317067e-06
10.47	6.212205335032195e-06
10.48	6.127955202828161e-06
10.49	6.045342161087319e-06
10.5	5.963964213151485e-06
10.51	5.883664925931953e-06
10.52	5.804117790830787e-06
10.53	5.72578574065119e-06
10.54	5.648731530527584e-06
10.55	5.572363988903817e-06
10.56	5.496781341207679e-06
10.57	5.422682079370134e-06
10.58	5.348875674826559e-06
10.59	5.27550855622394e-06
10.6	5.2032910389243625e-06
10.61	5.132242222316563e-06
10.62	5.061569027020596e-06
10.63	4.990391971659847e-06
10.64	4.922102561977226e-06
10.65	4.8545480240136385e-06
10.66	4.787498255609535e-06
10.67	4.7212952267727815e-06
10.68	4.655998964153696e-06
10.69	4.5922597564640455e-06
10.7	4.528761564870365e-06
10.71	4.465567144507077e-06
10.72	4.404520950629376e-06
10.73	4.343836735642981e-06
10.74	4.283339876565151e-06
10.75	4.223613359499723e-06
10.76	4.165012796875089e-06
10.77	4.107238055439666e-06
10.78	4.049530616612174e-06
10.79	3.992739038949367e-06
10.8	3.936774191970471e-06
10.81	3.881605152855627e-06
10.82	3.826574356935453e-06
10.83	3.7727395465481095e-06
10.84	3.7197496567387134e-06
10.85	3.66749463864835e-06
10.86	3.6157671274850145e-06
10.87	3.5647763070301153e-06
10.88	3.5144375942763872e-06
10.89	3.4654203773243353e-06
10.9	3.4160329960286617e-06
10.91	3.367624231032096e-06
10.92	3.319803909107577e-06
10.93	3.2724838092690334e-06
10.94	3.225239197490737e-06
10.95	3.179225132043939e-06
10.96	3.133121026621666e-06
10.97	3.088529410888441e-06
10.98	3.0438231988227926e-06
10.99	3.0002020139363594e-06
11.0	2.9571256163762882e-06
11.01	2.914250217145309e-06
11.02	2.8717986424453557e-06
11.03	2.8308568289503455e-06
11.04	2.7901342036784627e-06
11.05	2.7499891075422056e-06
11.06	2.710034095798619e-06
11.07	2.671222318895161e-06
11.08	2.632707946759183e-06
11.09	2.5944582375814207e-06
11.1	2.5565004762029275e-06
11.11	2.5194585759891197e-06
11.12	2.482592208252754e-06
11.13	2.4457258405163884e-06
11.14	2.4099790607579052e-06
11.15	2.3747516024741344e-06
11.16	2.3398279154207557e-06
11.17	2.305268935742788e-06
11.18	2.2715203158441e-06
11.19	2.2380054360837676e-06
11.2	2.2051945052226074e-06
11.21	2.172156200686004e-06
11.22	2.1402129277703352e-06
11.23	2.1088335415697657e-06
11.24	2.077810677292291e-06
11.25	2.0467005015234463e-06
11.26	2.0161423890385777e-06
11.27	1.9864719433826394e-06
11.28	1.9568251445889473e-06
11.29	1.9274684746051207e-06
11.3	1.8985083443112671e-06
11.31	1.8701384760788642e-06
11.32	1.8420514606987126e-06
11.33	1.8142482076655142e-06
11.34	1.7868542272481136e-06
11.35	1.7602005755179562e-06
11.36	1.7334168660454452e-06
11.37	1.70739531313302e-06
11.38	1.6813601178000681e-06
11.39	1.656419044593349e-06
11.4	1.631197847018484e-06
11.41	1.6065159798017703e-06
11.42	1.5821333363419399e-06
11.43	1.5581899788230658e-06
11.44	1.5342629922088236e-06
11.45	1.5107598301256076e-06
11.46	1.4875022316118702e-06
11.47	1.4648885553469881e-06
11.48	1.4421539162867703e-06
11.49	1.4199686120264232e-06
11.5	1.3981461961520836e-06
11.51	1.3765948096988723e-06
11.52	1.3551207302953117e-06
11.53	1.3340577424969524e-06
11.54	1.313664142799098e-06
11.55	1.2933041944052093e-06
11.56	1.2730997696053237e-06
11.57	1.2533109838841483e-06
11.58	1.2342170521151274e-06
11.59	1.2149002941441722e-06
11.6	1.1958190953009762e-06
11.61	1.1773827282013372e-06
11.62	1.1592064765864052e-06
11.63	1.1408201316953637e-06
11.64	1.122886715165805e-06
11.65	1.1052297850255854e-06
11.66	1.0880512490984984e-06
11.67	1.0708117770263925e-06
11.68	1.053635060088709e-06
11.69	1.037028596329037e-06
11.7	1.020654963213019e-06
11.71	1.0042249414254911e-06
11.72	9.883660823106766e-07
11.73	9.727264114189893e-07
11.74	9.572822818881832e-07
11.75	9.419363777851686e-07
11.76	9.268223948311061e-07
11.77	9.120531103690155e-07
11.78	8.974820957519114e-07
11.79	8.829520083963871e-07
11.8	8.686665751156397e-07
11.81	8.547895049559884e-07
11.82	8.409951988141984e-07
11.83	8.272363629657775e-07
11.84	8.136848919093609e-07
11.85	8.004981282283552e-07
11.86	7.875360097386874e-07
11.87	7.746593837509863e-07
11.88	7.618345989612862e-07
11.89	7.495054887840524e-07
11.9	7.373337211902253e-07
11.91	7.251574061228894e-07
11.92	7.134258339647204e-07
11.93	7.019270924502052e-07
11.94	6.903319444973022e-07
11.95	6.789250619476661e-07
11.96	6.675491022178903e-07
11.97	6.567506716237403e-07
11.98	6.458394636865705e-07
11.99	6.35011019767262e-07
12.0	6.244108590180986e-07
12.01	6.141144694993272e-07
12.02	6.038253559381701e-07
12.03	5.936499292147346e-07
12.04	5.836918717250228e-07
12.05	5.738947947975248e-07
12.06	5.64185029361397e-07
12.07	5.546708052861504e-07
12.08	5.453139237943105e-07
12.09	5.361844159779139e-07
12.1	5.270248948363587e-07
12.11	5.181218512007035e-07
12.12	5.094798325444572e-07
12.13	5.008287189411931e-07
12.14	4.9235768528888e-07
12.15	4.838911991100758e-07
12.16	4.7566663852194324e-07
12.17	4.675875970860943e-07
12.18	4.5954038796480745e-07
12.19	4.515859473031014e-07
12.2	4.438925316208042e-07
12.21	4.361627361504361e-07
12.22	4.28613020631019e-07
12.23	4.2126521293539554e-07
12.24	4.140065357205458e-07
12.25	4.0684153645997867e-07
12.26	3.9961287257028744e-07
12.27	3.9275619201362133e-07
12.28	3.860350261675194e-07
12.29	3.792620191234164e-07
12.3	3.7261543184285983e-07
12.31	3.6611072573577985e-07
12.32	3.59789737558458e-07
12.33	3.535478754201904e-07
12.34	3.4720051189651713e-07
12.35	3.4110234992112964e-07
12.36	3.350305632920936e-07
12.37	3.290633685537614e-07
12.38	3.231261871405877e-07
12.39	3.1746731110615656e-07
12.4	3.1172930903267115e-07
12.41	3.061031748075038e-07
12.42	3.006371116498485e-07
12.43	2.9533202905440703e-07
12.44	2.9010789148742333e-07
12.45	2.848710209946148e-07
12.46	2.7970600058324635e-07
12.47	2.748456608969718e-07
12.48	2.700289769563824e-07
12.49	2.651413524290547e-07
12.5	2.6030738808913156e-07
12.51	2.5568169803591445e-07
12.52	2.5109329726547003e-07
12.53	2.4640576157253236e-07
12.54	2.4182281777029857e-07
12.55	2.3749635147396475e-07
12.56	2.3305256036110222e-07
12.57	2.2872700355947018e-07
12.58	2.2444692149292678e-07
12.59	2.2036874725017697e-07
12.6	2.1629421098623425e-07
12.61	2.1232244762359187e-07
12.62	2.0847346604568884e-07
12.63	2.0461902749957517e-07
12.64	2.0093102648388594e-07
12.65	1.9720846466952935e-07
12.66	1.9356957636773586e-07
12.67	1.9007711671292782e-07
12.68	1.8647460819920525e-07
12.69	1.82934854819905e-07
12.7	1.7952424968825653e-07
12.71	1.7613092495594174e-07
12.72	1.7273669072892517e-07
12.73	1.6943886294029653e-07
12.74	1.6622561815893278e-07
12.75	1.630905899219215e-07
12.76	1.5996738511603326e-07
12.77	1.56952410179656e-07
12.78	1.54056579049211e-07
12.79	1.5118348528631032e-07
12.8	1.483012965763919e-07
12.81	1.455500751035288e-07
12.82	1.4288161764852703e-07
12.83	1.401376721332781e-07
12.84	1.3736371329287067e-07
12.85	1.3475619198288769e-07
12.86	1.3218414096627384e-07
12.87	1.2957389117218554e-07
12.88	1.2692999007413164e-07
12.89	1.244352461071685e-07
12.9	1.2199143384350464e-07
12.91	1.1957763490499929e-07
12.92	1.1713746062014252e-07
12.93	1.1488464224385098e-07
12.94	1.1262818588875234e-07
12.95	1.1043721315218136e-07
12.96	1.0828352969838306e-07
12.97	1.0623716661939397e-07
12.98	1.0420353646622971e-07
12.99	1.0214262147201225e-07
13.0	1.0011444828705862e-07
13.01	9.819723345572129e-08
13.02	9.624727681512013e-08
13.03	9.426457836525515e-08
13.04	9.23009793041274e-08
13.05	9.049108484759927e-08
13.06	8.8645720097702e-08
13.07	8.681490726303309e-08
13.08	8.503502613166347e-08
13.09	8.327242539962754e-08
13.1	8.163806342054158e-08
13.11	7.991820893948898e-08
13.12	7.833750714780763e-08
13.13	7.683411240577698e-08
13.14	7.526978151872754e-08
13.15	7.376547728199512e-08
13.16	7.229209586512297e-08
13.17	7.085691322572529e-08
13.18	6.94053596816957e-08
13.19	6.791469786548987e-08
13.2	6.643676897510886e-08
13.21	6.504251359729096e-08
13.22	6.363916327245533e-08
13.23	6.22194420429878e-08
13.24	6.08752088737674e-08
13.25	5.961373972240835e-08
13.26	5.833317118231207e-08
13.27	5.7085344451479614e-08
13.28	5.589208740275353e-08
13.29	5.473702913150191e-08
13.3	5.3572875913232565e-08
13.31	5.247147782938555e-08
13.32	5.1395545597188175e-08
13.33	5.035144567955285e-08
13.34	4.9301888793706894e-08
13.35	4.821959009859711e-08
13.36	4.715366230811924e-08
13.37	4.615503712557256e-08
13.38	4.506728146225214e-08
13.39	4.405501385917887e-08
13.4	4.301818989915773e-08
13.41	4.2046849557664245e-08
13.42	4.110188456252217e-08
13.43	4.017874744022265e-08
13.44	3.93338268622756e-08
13.45	3.848617780022323e-08
13.46	3.765580913750455e-08
13.47	3.6853634810540825e-08
13.48	3.606874088291079e-08
13.49	3.5297489375807345e-08
13.5	3.448531060712412e-08
13.51	3.3716787584125996e-08
13.52	3.2980096875689924e-08
13.53	3.224977263016626e-08
13.54	3.146851668134332e-08
13.55	3.072455001529306e-08
13.56	3.00378815154545e-08
13.57	2.9302100301720202e-08
13.58	2.8606336854863912e-08
13.59	2.7951500669587404e-08
13.6	2.730121195781976e-08
13.61	2.666729415068403e-08
13.62	2.6051566237583756e-08
13.63	2.5528606784064323e-08
13.64	2.4966539058368653e-08
13.65	2.4402652343269438e-08
13.66	2.38260327023454e-08
13.67	2.329124981770292e-08
13.68	2.2771928342990577e-08
13.69	2.2171661839820445e-08
13.7	2.1613232092931867e-08
13.71	2.1087544155307114e-08
13.72	2.055821823887527e-08
13.73	2.0025254343636334e-08
13.74	1.9523213268257678e-08
13.75	1.906755642266944e-08
13.76	1.8587343220133334e-08
13.77	1.811713445931673e-08
13.78	1.767875801306218e-08
13.79	1.7276761354878545e-08
13.8	1.687749318080023e-08
13.81	1.6463673091493547e-08
13.82	1.6075318853836507e-08
13.83	1.5727891877759248e-08
13.84	1.5342266124207526e-08
13.85	1.499211066402495e-08
13.86	1.4605575415771455e-08
13.87	1.4261786418501288e-08
13.88	1.3888893590774387e-08
13.89	1.351691025774926e-08
13.9	1.318494469160214e-08
13.91	1.2835698726121336e-08
13.92	1.250464265467599e-08
13.93	1.2196323950774968e-08
13.94	1.1900738172698766e-08
13.95	1.1620613804552704e-08
13.96	1.1316842574160546e-08
13.97	1.1049451131839305e-08
13.98	1.079024514183402e-08
13.99	1.0530129657126963e-08
14.0	1.0255462257191539e-08
14.01	9.9980752565898e-09
14.02	9.75887815002352e-09
14.03	9.496034181211144e-09
14.04	9.233190212398767e-09
14.05	8.98853613762185e-09
14.06	8.74024408403784e-09
14.07	8.496499503962696e-09
14.08	8.262759365607053e-09
14.09	8.02901922725141e-09
14.1	7.813468982931226e-09
14.11	7.607923180330545e-09
14.12	7.397829904220998e-09
14.13	7.2177499532699585e-09
14.14	7.045855454634875e-09
14.15	6.866684998385608e-09
14.16	6.703885446768254e-09
14.17	6.518348527606577e-09
14.18	6.3555489759892225e-09
14.19	6.201844371389598e-09
14.2	6.017216946929693e-09
14.21	5.85168891120702e-09
14.22	5.679794412571937e-09
14.23	5.503352440427989e-09
14.24	5.323272489476949e-09
14.25	5.175024853087962e-09
14.26	5.0258677219972014e-09
14.27	4.887624527327716e-09
14.28	4.744833859149367e-09
14.29	4.621142579708248e-09
14.3	4.502908268477768e-09
14.31	4.392859409563243e-09
14.32	4.270077624823898e-09
14.33	4.170033207628876e-09
14.34	4.058165359310806e-09
14.35	3.9472070056945086e-09
14.36	3.839886630885303e-09
14.37	3.738932718988508e-09
14.38	3.6416167858988047e-09
14.39	3.5197444958612323e-09
14.4	3.408786142244935e-09
14.41	3.2978277886286378e-09
14.42	3.194145392626524e-09
14.43	3.0968294595368207e-09
14.44	2.991328074131161e-09
14.45	2.915840013884008e-09
14.46	2.837623469531536e-09
14.47	2.7548594516701996e-09
14.48	2.6921043172478676e-09
14.49	2.624801709316671e-09
14.5	2.545675670262426e-09
14.51	2.4556356947869062e-09
14.52	2.3665052140131593e-09
14.53	2.307388058397919e-09
14.54	2.2246240405365825e-09
14.55	2.1382220438681543e-09
14.56	2.0590960048139095e-09
14.57	2.000888343900442e-09
14.58	1.925400283653289e-09
14.59	1.8517312128096819e-09
14.6	1.7889760783873498e-09
14.61	1.7198544810526073e-09
14.62	1.6689227777533233e-09
14.63	1.6034391592256725e-09
14.64	1.5625118976458907e-09
14.65	1.5297700883820653e-09
14.66	1.4815668691881e-09
14.67	1.44427758641541e-09
14.68	1.4106262824498117e-09
14.69	1.3660610420629382e-09
14.7	1.3114913599565625e-09
14.71	1.2596501619555056e-09
14.72	1.215994416270405e-09
14.73	1.165062712971121e-09
14.74	1.1223164619877934e-09
14.75	1.0795702110044658e-09
14.76	1.0431904229335487e-09
14.77	1.0049916454590857e-09
14.78	9.74978320300579e-10
14.79	9.37689037527889e-10
14.8	9.058567229658365e-10
14.81	8.667484507896006e-10
14.82	8.330971468240023e-10
14.83	8.121787686832249e-10
14.84	7.848939276300371e-10
14.85	7.557900971733034e-10
14.86	7.321432349272072e-10
14.87	7.012204150669277e-10
14.88	6.748450687155128e-10
14.89	6.421032594516873e-10
14.9	6.039044819772243e-10
14.91	5.766196409240365e-10
14.92	5.393303581513464e-10
14.93	5.138645065017045e-10
14.94	4.993125912733376e-10
14.95	4.793037078343332e-10
14.96	4.6475179260596633e-10
14.97	4.4656189857050776e-10
14.98	4.3291947804391384e-10
14.99	4.18367562815547e-10
15.0	4.0108716348186135e-10
15.01	3.8107828004285693e-10
15.02	3.6288838600739837e-10
15.03	3.446984919719398e-10
15.04	3.319655661471188e-10
15.05	3.1650415621697903e-10
15.06	3.019522409886122e-10
15.07	2.801243681460619e-10
15.08	2.6921043172478676e-10
15.09	2.510205376893282e-10
15.1	2.2737367544323206e-10
15.11	2.1373125491663814e-10
15.12	2.02817318495363e-10
15.13	1.964508555829525e-10
15.14	1.8826540326699615e-10
15.15	1.864464138634503e-10
15.16	1.837179297581315e-10
15.17	1.7462298274040222e-10
15.18	1.709850039333105e-10
15.19	1.6007106751203537e-10
15.2	1.5279510989785194e-10
15.21	1.3642420526593924e-10
15.22	1.291482476517558e-10
15.23	1.2369127944111824e-10
15.24	1.1459633242338896e-10
15.25	1.0913936421275139e-10
15.26	1.0550138540565968e-10
15.27	1.000444171950221e-10
15.28	9.276845958083868e-11
15.29	8.549250196665525e-11
15.3	8.36735125631094e-11
15.31	7.821654435247183e-11
15.32	7.457856554538012e-11
15.33	6.912159733474255e-11
15.34	6.912159733474255e-11
15.35	6.548361852765083e-11
15.36	6.184563972055912e-11
15.37	5.4569682106375694e-11
15.38	4.729372449219227e-11
15.39	4.18367562815547e-11
15.4	3.456079866737127e-11
15.41	2.9103830456733704e-11
15.42	2.546585164964199e-11
15.43	2.3646862246096134e-11
15.44	2.1827872842550278e-11
15.45	2.1827872842550278e-11
15.46	2.1827872842550278e-11
15.47	2.1827872842550278e-11
15.48	2.000888343900442e-11
15.49	2.000888343900442e-11
15.5	1.8189894035458565e-11
15.51	1.6370904631912708e-11
15.52	1.6370904631912708e-11
15.53	1.4551915228366852e-11
15.54	1.4551915228366852e-11
15.55	1.2732925824820995e-11
15.56	1.2732925824820995e-11
15.57	1.2732925824820995e-11
15.58	9.094947017729282e-12
15.59	9.094947017729282e-12
15.6	9.094947017729282e-12
15.61	7.275957614183426e-12
15.62	7.275957614183426e-12
15.63	7.275957614183426e-12
15.64	7.275957614183426e-12
15.65	7.275957614183426e-12
15.66	7.275957614183426e-12
15.67	5.4569682106375694e-12
15.68	5.4569682106375694e-12
15.69	3.637978807091713e-12
15.7	1.8189894035458565e-12
15.71	1.8189894035458565e-12
15.72	0.0
