5.67	0.0005035400390625
5.68	0.000499725341796875
5.69	0.000492095947265625
5.7	0.000484466552734375
5.71	0.000476837158203125
5.72	0.000476837158203125
5.73	0.000476837158203125
5.74	0.000469207763671875
5.75	0.000469207763671875
5.76	0.000461578369140625
5.77	0.000461578369140625
5.78	0.000457763671875
5.79	0.000457763671875
5.8	0.00045013427734375
5.81	0.00045013427734375
5.82	0.0004425048828125
5.83	0.000438690185546875
5.84	0.000438690185546875
5.85	0.000438690185546875
5.86	0.00043487548828125
5.87	0.00043487548828125
5.88	0.000431060791015625
5.89	0.000431060791015625
5.9	0.000431060791015625
5.91	0.000423431396484375
5.92	0.000423431396484375
5.93	0.000423431396484375
5.94	0.000423431396484375
5.95	0.0004119873046875
5.96	0.0004119873046875
5.97	0.00040435791015625
5.98	0.00040435791015625
5.99	0.00040435791015625
6.0	0.000400543212890625
6.01	0.000396728515625
6.02	0.000396728515625
6.03	0.000396728515625
6.04	0.00038909912109375
6.05	0.00038909912109375
6.06	0.000385284423828125
6.07	0.0003814697265625
6.08	0.000377655029296875
6.09	0.000377655029296875
6.1	0.000377655029296875
6.11	0.00037384033203125
6.12	0.00037384033203125
6.13	0.00037384033203125
6.14	0.00037384033203125
6.15	0.0003662109375
6.16	0.00035858154296875
6.17	0.00035858154296875
6.18	0.000354766845703125
6.19	0.0003509521484375
6.2	0.00034332275390625
6.21	0.000331878662109375
6.22	0.00032806396484375
6.23	0.000324249267578125
6.24	0.0003204345703125
6.25	0.0003204345703125
6.26	0.000316619873046875
6.27	0.000316619873046875
6.28	0.000316619873046875
6.29	0.000316619873046875
6.3	0.00031280517578125
6.31	0.00031280517578125
6.32	0.00031280517578125
6.33	0.000308990478515625
6.34	0.00030517578125
6.35	0.000301361083984375
6.36	0.000301361083984375
6.37	0.00029754638671875
6.38	0.00029754638671875
6.39	0.00029754638671875
6.4	0.00029754638671875
6.41	0.000293731689453125
6.42	0.000293731689453125
6.43	0.000293731689453125
6.44	0.000293731689453125
6.45	0.000293731689453125
6.46	0.000293731689453125
6.47	0.0002899169921875
6.48	0.000286102294921875
6.49	0.000286102294921875
6.5	0.00028228759765625
6.51	0.000278472900390625
6.52	0.000274658203125
6.53	0.000274658203125
6.54	0.000270843505859375
6.55	0.000270843505859375
6.56	0.000270843505859375
6.57	0.000270843505859375
6.58	0.00026702880859375
6.59	0.000263214111328125
6.6	0.000263214111328125
6.61	0.000263214111328125
6.62	0.000263214111328125
6.63	0.0002593994140625
6.64	0.0002593994140625
6.65	0.0002593994140625
6.66	0.0002593994140625
6.67	0.00025177001953125
6.68	0.00025177001953125
6.69	0.000247955322265625
6.7	0.000244140625
6.71	0.000244140625
6.72	0.000240325927734375
6.73	0.00023651123046875
6.74	0.00023651123046875
6.75	0.000232696533203125
6.76	0.000232696533203125
6.77	0.000225067138671875
6.78	0.000225067138671875
6.79	0.000225067138671875
6.8	0.000225067138671875
6.81	0.000225067138671875
6.82	0.00022125244140625
6.83	0.00022125244140625
6.84	0.00022125244140625
6.85	0.00022125244140625
6.86	0.000217437744140625
6.87	0.000213623046875
6.88	0.000213623046875
6.89	0.000213623046875
6.9	0.000213623046875
6.91	0.000213623046875
6.92	0.000213623046875
6.93	0.000202178955078125
6.94	0.000202178955078125
6.95	0.0001983642578125
6.96	0.0001983642578125
6.97	0.0001983642578125
6.98	0.0001983642578125
6.99	0.0001983642578125
7.0	0.0001983642578125
7.01	0.0001983642578125
7.02	0.000194549560546875
7.03	0.00019073486328125
7.04	0.00019073486328125
7.05	0.00019073486328125
7.06	0.000186920166015625
7.07	0.000186920166015625
7.08	0.000186920166015625
7.09	0.000186920166015625
7.1	0.00018310546875
7.11	0.00018310546875
7.12	0.00018310546875
7.13	0.00018310546875
7.14	0.000179290771484375
7.15	0.000179290771484375
7.16	0.000179290771484375
7.17	0.000179290771484375
7.18	0.000179290771484375
7.19	0.000171661376953125
7.2	0.000171661376953125
7.21	0.000171661376953125
7.22	0.000164031982421875
7.23	0.000164031982421875
7.24	0.000164031982421875
7.25	0.00016021728515625
7.26	0.00016021728515625
7.27	0.00016021728515625
7.28	0.00016021728515625
7.29	0.000156402587890625
7.3	0.000156402587890625
7.31	0.000156402587890625
7.32	0.000156402587890625
7.33	0.000156402587890625
7.34	0.000156402587890625
7.35	0.000152587890625
7.36	0.000152587890625
7.37	0.000148773193359375
7.38	0.000148773193359375
7.39	0.000148773193359375
7.4	0.000148773193359375
7.41	0.000148773193359375
7.42	0.000148773193359375
7.43	0.00014495849609375
7.44	0.00014495849609375
7.45	0.0001373291015625
7.46	0.0001373291015625
7.47	0.0001373291015625
7.48	0.0001373291015625
7.49	0.000133514404296875
7.5	0.000133514404296875
7.51	0.000133514404296875
7.52	0.000125885009765625
7.53	0.000125885009765625
7.54	0.000125885009765625
7.55	0.000125885009765625
7.56	0.000125885009765625
7.57	0.000125885009765625
7.58	0.000125885009765625
7.59	0.000125885009765625
7.6	0.000125885009765625
7.61	0.0001220703125
7.62	0.0001220703125
7.63	0.0001220703125
7.64	0.0001220703125
7.65	0.0001220703125
7.66	0.0001220703125
7.67	0.0001220703125
7.68	0.0001220703125
7.69	0.0001220703125
7.7	0.000118255615234375
7.71	0.00011444091796875
7.72	0.00011444091796875
7.73	0.00011444091796875
7.74	0.00011444091796875
7.75	0.00011444091796875
7.76	0.00011444091796875
7.77	0.000110626220703125
7.78	0.000110626220703125
7.79	0.000110626220703125
7.8	0.000110626220703125
7.81	0.000110626220703125
7.82	0.000110626220703125
7.83	0.000110626220703125
7.84	0.000110626220703125
7.85	0.000110626220703125
7.86	0.000110626220703125
7.87	0.000110626220703125
7.88	0.000110626220703125
7.89	0.0001068115234375
7.9	0.0001068115234375
7.91	0.0001068115234375
7.92	0.000102996826171875
7.93	9.918212890625e-05
7.94	9.918212890625e-05
7.95	9.918212890625e-05
7.96	9.1552734375e-05
7.97	9.1552734375e-05
7.98	9.1552734375e-05
7.99	9.1552734375e-05
8.0	9.1552734375e-05
8.01	8.7738037109375e-05
8.02	8.7738037109375e-05
8.03	8.7738037109375e-05
8.04	8.392333984375e-05
8.05	8.0108642578125e-05
8.06	8.0108642578125e-05
8.07	8.0108642578125e-05
8.08	8.0108642578125e-05
8.09	8.0108642578125e-05
8.1	8.0108642578125e-05
8.11	8.0108642578125e-05
8.12	8.0108642578125e-05
8.13	8.0108642578125e-05
8.14	8.0108642578125e-05
8.15	8.0108642578125e-05
8.16	8.0108642578125e-05
8.17	7.62939453125e-05
8.18	7.62939453125e-05
8.19	7.62939453125e-05
8.2	7.62939453125e-05
8.21	7.62939453125e-05
8.22	7.2479248046875e-05
8.23	7.2479248046875e-05
8.24	7.2479248046875e-05
8.25	7.2479248046875e-05
8.26	7.2479248046875e-05
8.27	7.2479248046875e-05
8.28	7.2479248046875e-05
8.29	7.2479248046875e-05
8.3	7.2479248046875e-05
8.31	7.2479248046875e-05
8.32	7.2479248046875e-05
8.33	6.866455078125e-05
8.34	6.866455078125e-05
8.35	6.866455078125e-05
8.36	6.866455078125e-05
8.37	6.866455078125e-05
8.38	6.866455078125e-05
8.39	6.866455078125e-05
8.4	6.866455078125e-05
8.41	6.866455078125e-05
8.42	6.866455078125e-05
8.43	6.866455078125e-05
8.44	6.4849853515625e-05
8.45	6.4849853515625e-05
8.46	6.4849853515625e-05
8.47	6.103515625e-05
8.48	5.7220458984375e-05
8.49	5.7220458984375e-05
8.5	5.7220458984375e-05
8.51	5.7220458984375e-05
8.52	5.7220458984375e-05
8.53	5.7220458984375e-05
8.54	5.7220458984375e-05
8.55	5.340576171875e-05
8.56	5.340576171875e-05
8.57	5.340576171875e-05
8.58	5.340576171875e-05
8.59	5.340576171875e-05
8.6	5.340576171875e-05
8.61	5.340576171875e-05
8.62	5.340576171875e-05
8.63	5.340576171875e-05
8.64	5.340576171875e-05
8.65	5.340576171875e-05
8.66	5.340576171875e-05
8.67	4.9591064453125e-05
8.68	4.9591064453125e-05
8.69	4.9591064453125e-05
8.7	4.9591064453125e-05
8.71	4.9591064453125e-05
8.72	4.9591064453125e-05
8.73	4.9591064453125e-05
8.74	4.9591064453125e-05
8.75	4.9591064453125e-05
8.76	4.9591064453125e-05
8.77	4.9591064453125e-05
8.78	4.9591064453125e-05
8.79	4.9591064453125e-05
8.8	4.9591064453125e-05
8.81	4.9591064453125e-05
8.82	4.9591064453125e-05
8.83	4.9591064453125e-05
8.84	4.9591064453125e-05
8.85	4.9591064453125e-05
8.86	4.9591064453125e-05
8.87	4.9591064453125e-05
8.88	4.9591064453125e-05
8.89	4.9591064453125e-05
8.9	4.9591064453125e-05
8.91	4.9591064453125e-05
8.92	4.9591064453125e-05
8.93	4.9591064453125e-05
8.94	4.57763671875e-05
8.95	4.57763671875e-05
8.96	4.1961669921875e-05
8.97	4.1961669921875e-05
8.98	4.1961669921875e-05
8.99	3.814697265625e-05
9.0	3.814697265625e-05
9.01	3.814697265625e-05
9.02	3.814697265625e-05
9.03	3.814697265625e-05
9.04	3.814697265625e-05
9.05	3.814697265625e-05
9.06	3.814697265625e-05
9.07	3.4332275390625e-05
9.08	3.4332275390625e-05
9.09	3.4332275390625e-05
9.1	3.4332275390625e-05
9.11	3.4332275390625e-05
9.12	3.4332275390625e-05
9.13	3.4332275390625e-05
9.14	3.4332275390625e-05
9.15	3.4332275390625e-05
9.16	3.4332275390625e-05
9.17	3.4332275390625e-05
9.18	3.4332275390625e-05
9.19	3.4332275390625e-05
9.2	3.0517578125e-05
9.21	3.0517578125e-05
9.22	3.0517578125e-05
9.23	3.0517578125e-05
9.24	3.0517578125e-05
9.25	3.0517578125e-05
9.26	3.0517578125e-05
9.27	3.0517578125e-05
9.28	3.0517578125e-05
9.29	3.0517578125e-05
9.3	3.0517578125e-05
9.31	3.0517578125e-05
9.32	3.0517578125e-05
9.33	3.0517578125e-05
9.34	3.0517578125e-05
9.35	3.0517578125e-05
9.36	2.6702880859375e-05
9.37	2.6702880859375e-05
9.38	2.6702880859375e-05
9.39	2.6702880859375e-05
9.4	2.6702880859375e-05
9.41	2.6702880859375e-05
9.42	2.6702880859375e-05
9.43	2.6702880859375e-05
9.44	2.6702880859375e-05
9.45	2.6702880859375e-05
9.46	2.288818359375e-05
9.47	2.288818359375e-05
9.48	2.288818359375e-05
9.49	2.288818359375e-05
9.5	1.9073486328125e-05
9.51	1.9073486328125e-05
9.52	1.9073486328125e-05
9.53	1.9073486328125e-05
9.54	1.9073486328125e-05
9.55	1.9073486328125e-05
9.56	1.9073486328125e-05
9.57	1.9073486328125e-05
9.58	1.9073486328125e-05
9.59	1.9073486328125e-05
9.6	1.9073486328125e-05
9.61	1.9073486328125e-05
9.62	1.9073486328125e-05
9.63	1.9073486328125e-05
9.64	1.9073486328125e-05
9.65	1.9073486328125e-05
9.66	1.52587890625e-05
9.67	1.52587890625e-05
9.68	1.52587890625e-05
9.69	1.52587890625e-05
9.7	1.52587890625e-05
9.71	1.52587890625e-05
9.72	1.52587890625e-05
9.73	1.52587890625e-05
9.74	1.52587890625e-05
9.75	1.52587890625e-05
9.76	1.52587890625e-05
9.77	1.52587890625e-05
9.78	1.52587890625e-05
9.79	1.52587890625e-05
9.8	1.52587890625e-05
9.81	1.52587890625e-05
9.82	1.52587890625e-05
9.83	1.52587890625e-05
9.84	1.52587890625e-05
9.85	1.52587890625e-05
9.86	1.52587890625e-05
9.87	1.52587890625e-05
9.88	1.52587890625e-05
9.89	1.52587890625e-05
9.9	1.52587890625e-05
9.91	1.52587890625e-05
9.92	1.52587890625e-05
9.93	1.52587890625e-05
9.94	1.52587890625e-05
9.95	1.52587890625e-05
9.96	1.52587890625e-05
9.97	1.52587890625e-05
9.98	1.52587890625e-05
9.99	1.52587890625e-05
10.0	1.52587890625e-05
10.01	1.52587890625e-05
10.02	1.1444091796875e-05
10.03	1.1444091796875e-05
10.04	1.1444091796875e-05
10.05	1.1444091796875e-05
10.06	1.1444091796875e-05
10.07	1.1444091796875e-05
10.08	1.1444091796875e-05
10.09	1.1444091796875e-05
10.1	1.1444091796875e-05
10.11	1.1444091796875e-05
10.12	1.1444091796875e-05
10.13	1.1444091796875e-05
10.14	1.1444091796875e-05
10.15	1.1444091796875e-05
10.16	1.1444091796875e-05
10.17	1.1444091796875e-05
10.18	7.62939453125e-06
10.19	7.62939453125e-06
10.2	7.62939453125e-06
10.21	7.62939453125e-06
10.22	7.62939453125e-06
10.23	7.62939453125e-06
10.24	7.62939453125e-06
10.25	7.62939453125e-06
10.26	7.62939453125e-06
10.27	7.62939453125e-06
10.28	7.62939453125e-06
10.29	7.62939453125e-06
10.3	7.62939453125e-06
10.31	7.62939453125e-06
10.32	7.62939453125e-06
10.33	7.62939453125e-06
10.34	7.62939453125e-06
10.35	7.62939453125e-06
10.36	7.62939453125e-06
10.37	7.62939453125e-06
10.38	7.62939453125e-06
10.39	7.62939453125e-06
10.4	7.62939453125e-06
10.41	7.62939453125e-06
10.42	7.62939453125e-06
10.43	7.62939453125e-06
10.44	7.62939453125e-06
10.45	7.62939453125e-06
10.46	7.62939453125e-06
10.47	7.62939453125e-06
10.48	7.62939453125e-06
10.49	7.62939453125e-06
10.5	7.62939453125e-06
10.51	7.62939453125e-06
10.52	7.62939453125e-06
10.53	7.62939453125e-06
10.54	7.62939453125e-06
10.55	7.62939453125e-06
10.56	7.62939453125e-06
10.57	7.62939453125e-06
10.58	7.62939453125e-06
10.59	7.62939453125e-06
10.6	7.62939453125e-06
10.61	7.62939453125e-06
10.62	7.62939453125e-06
10.63	7.62939453125e-06
10.64	7.62939453125e-06
10.65	7.62939453125e-06
10.66	7.62939453125e-06
10.67	7.62939453125e-06
10.68	3.814697265625e-06
10.69	3.814697265625e-06
10.7	3.814697265625e-06
10.71	3.814697265625e-06
10.72	3.814697265625e-06
10.73	3.814697265625e-06
10.74	3.814697265625e-06
10.75	3.814697265625e-06
10.76	3.814697265625e-06
10.77	3.814697265625e-06
10.78	3.814697265625e-06
10.79	3.814697265625e-06
10.8	3.814697265625e-06
10.81	3.814697265625e-06
10.82	3.814697265625e-06
10.83	3.814697265625e-06
10.84	3.814697265625e-06
10.85	3.814697265625e-06
10.86	3.814697265625e-06
10.87	3.814697265625e-06
10.88	3.814697265625e-06
10.89	3.814697265625e-06
10.9	3.814697265625e-06
10.91	3.814697265625e-06
10.92	3.814697265625e-06
10.93	3.814697265625e-06
10.94	3.814697265625e-06
10.95	3.814697265625e-06
10.96	3.814697265625e-06
10.97	3.814697265625e-06
10.98	3.814697265625e-06
10.99	3.814697265625e-06
11.0	3.814697265625e-06
11.01	3.814697265625e-06
11.02	3.814697265625e-06
11.03	3.814697265625e-06
11.04	3.814697265625e-06
11.05	3.814697265625e-06
11.06	3.814697265625e-06
11.07	3.814697265625e-06
11.08	3.814697265625e-06
11.09	3.814697265625e-06
11.1	3.814697265625e-06
11.11	3.814697265625e-06
11.12	3.814697265625e-06
11.13	3.814697265625e-06
11.14	3.814697265625e-06
11.15	3.814697265625e-06
11.16	3.814697265625e-06
11.17	3.814697265625e-06
11.18	3.814697265625e-06
11.19	3.814697265625e-06
11.2	3.814697265625e-06
11.21	0.0
