0.12	0.000500551646507752
0.13	0.0004980192284289586
0.14	0.0004954639039480568
0.15	0.0004929788910761346
0.16	0.0004904629313360331
0.17	0.000487956938148848
0.18	0.0004854989268645582
0.19	0.0004830320887903028
0.2	0.00048056761585701935
0.21	0.0004781318764619513
0.22	0.00047569736298846976
0.23	0.0004732745605231514
0.24	0.0004708615286990181
0.25	0.00046846784923637586
0.26	0.00046607773425666466
0.27	0.00046369758889142076
0.28	0.0004613105861706046
0.29	0.00045898325462889744
0.3	0.0004566376552297413
0.31	0.00045430294090831325
0.32	0.00045198856568529067
0.33	0.0004496732811443138
0.34	0.0004473489043590462
0.35	0.00044508226168016307
0.36	0.00044281408940971545
0.37	0.0004405341696500642
0.38	0.000438276803099491
0.39	0.00043602717808788327
0.4	0.0004338003311179506
0.41	0.0004315603642464083
0.42	0.00042934961651219794
0.43	0.0004271414075036617
0.44	0.0004249525803592391
0.45	0.0004227552788114153
0.46	0.0004205897529292457
0.47	0.00041842262017421916
0.48	0.0004162747012701473
0.49	0.00041412022371378754
0.5	0.00041199773535272044
0.51	0.00040986839025425326
0.52	0.00040775966824213583
0.53	0.0004056493083703927
0.54	0.00040356780176331597
0.55	0.00040147607139218167
0.56	0.0003993870129104238
0.57	0.00039734343175279463
0.58	0.0003952995147455951
0.59	0.0003932482976924945
0.6	0.00039122032419669495
0.61	0.000389200866831807
0.62	0.0003871903141678956
0.63	0.00038518164739542726
0.64	0.0003831927628308307
0.65	0.000381212320887947
0.66	0.00037923403777018194
0.67	0.0003772668933255119
0.68	0.00037529615931841676
0.69	0.00037337232513490193
0.7	0.00037142762532660356
0.71	0.0003694997930265842
0.72	0.0003675843634907139
0.73	0.00036567968338196977
0.74	0.0003637706307113575
0.75	0.0003618824664490816
0.76	0.00036000105262168347
0.77	0.0003581323546777426
0.78	0.00035626014977108156
0.79	0.00035441058745355747
0.8	0.0003525591645088255
0.81	0.0003507077850484208
0.82	0.00034889081745337336
0.83	0.00034707944810907776
0.84	0.0003452588909480525
0.85	0.000343460063434442
0.86	0.0003416623678775821
0.87	0.00033988630439552026
0.88	0.0003381008702927346
0.89	0.0003363377109160126
0.9	0.0003345770317739749
0.91	0.00033283390443461514
0.92	0.00033108240110202303
0.93	0.00032935547270174226
0.94	0.00032762978256606345
0.95	0.00032591628297140574
0.96	0.000324198933618014
0.97	0.00032250625087204554
0.98	0.0003208134921663941
0.99	0.00031913101930580723
1.0	0.00031745009747297104
1.01	0.0003157899816192966
1.02	0.00031412970026600817
1.03	0.0003124766577835558
1.04	0.0003108342337156955
1.05	0.0003092038002190378
1.06	0.0003075751924352943
1.07	0.00030595251395215683
1.08	0.0003043446138439876
1.09	0.00030274184075818056
1.1	0.0003011457897992287
1.11	0.000299538310521541
1.12	0.0002979614705926892
1.13	0.00029640161833910383
1.14	0.0002948381495331276
1.15	0.0002932791365974907
1.16	0.0002917358656011615
1.17	0.0002901875222525163
1.18	0.0002886553105039269
1.19	0.000287128558147387
1.2	0.0002856156583321834
1.21	0.00028409462690337506
1.22	0.0002825954063867542
1.23	0.0002810978359937266
1.24	0.00027961283846078544
1.25	0.0002781209476587776
1.26	0.0002766529846818244
1.27	0.00027518275444471385
1.28	0.0002737268584001029
1.29	0.0002722673991906177
1.3	0.00027082861109750667
1.31	0.0002693860930005343
1.32	0.0002679573770327792
1.33	0.0002665293278667491
1.34	0.00026511827384290143
1.35	0.00026370373597028873
1.36	0.000262287949184703
1.37	0.0002608895764417696
1.38	0.0002595174141744039
1.39	0.00025812946060455033
1.4	0.000256754889794486
1.41	0.00025538462186691646
1.42	0.000254023772405354
1.43	0.0002526626518779551
1.44	0.000251314693964666
1.45	0.00024997462830533834
1.46	0.00024863676444031313
1.47	0.00024730461324651287
1.48	0.0002459827033947093
1.49	0.0002446688467143687
1.5	0.00024335298338051814
1.51	0.00024205017995004852
1.52	0.00024075380119814582
1.53	0.0002394640952667615
1.54	0.00023817381969593043
1.55	0.0002369008106937187
1.56	0.00023562747175898124
1.57	0.0002343632461236922
1.58	0.00023309876402244356
1.59	0.0002318529556388782
1.6	0.00023060389043916274
1.61	0.00022935526855860644
1.62	0.00022811750249829288
1.63	0.00022690958930926541
1.64	0.0002256821821813304
1.65	0.00022447177676099273
1.66	0.0002232601945513224
1.67	0.0002220644909103342
1.68	0.00022086114803787638
1.69	0.0002196746678029271
1.7	0.00021848860413786753
1.71	0.00021731509832711993
1.72	0.00021613726492475394
1.73	0.00021497450499374793
1.74	0.00021381364969919048
1.75	0.00021266055628732516
1.76	0.00021150621362320265
1.77	0.0002103666975070695
1.78	0.00020922830022751526
1.79	0.00020809574763180905
1.8	0.00020696743328230127
1.81	0.00020584851210081467
1.82	0.00020473000040777123
1.83	0.00020361810820368476
1.84	0.0002025141578085865
1.85	0.00020141554861830002
1.86	0.00020032040058826084
1.87	0.00019923006696576095
1.88	0.00019815084878693767
1.89	0.0001970718044628228
1.9	0.00019599904516098832
1.91	0.00019493029945127915
1.92	0.00019387430308892561
1.93	0.00019281510494106868
1.94	0.00019176434995316072
1.95	0.00019071736248132964
1.96	0.00018968301094801632
1.97	0.0001886438974612048
1.98	0.00018761629000252356
1.99	0.000186592101691474
2.0	0.00018557881341596527
2.01	0.00018455895380231624
2.02	0.000183555343554076
2.03	0.00018255300703717836
2.04	0.0001815593808665028
2.05	0.0001805612016694269
2.06	0.0001795801154012011
2.07	0.0001785959520210767
2.08	0.00017762107145102846
2.09	0.0001766446203790295
2.1	0.00017568292007386077
2.11	0.00017471699117610484
2.12	0.00017376142103753267
2.13	0.000172808090217913
2.14	0.0001718643646970719
2.15	0.0001709176319266703
2.16	0.000169980075168219
2.17	0.0001690486203820285
2.18	0.0001681224801384218
2.19	0.00016719481568561179
2.2	0.00016627640282251832
2.21	0.00016536455074867007
2.22	0.00016444439088836305
2.23	0.00016354448424404922
2.24	0.0001626363290307964
2.25	0.00016175112315330864
2.26	0.00016085619944306018
2.27	0.0001599677806236599
2.28	0.00015908542401366077
2.29	0.00015820955556744565
2.3	0.00015733254670635688
2.31	0.00015646570563276896
2.32	0.00015559956920174756
2.33	0.00015474154274297547
2.34	0.00015388170908536836
2.35	0.00015303443785796844
2.36	0.00015218540809325276
2.37	0.00015134444311648565
2.38	0.0001505018123486579
2.39	0.0001496732010908275
2.4	0.00014884100847467607
2.41	0.0001480169410950083
2.42	0.000147193728828654
2.43	0.00014638289299107043
2.44	0.00014556655763708903
2.45	0.00014476052704726072
2.46	0.00014395646974296739
2.47	0.0001431533404465668
2.48	0.00014236132200284857
2.49	0.0001415648921732071
2.5	0.00014078567898145877
2.51	0.00014000465556751607
2.52	0.00013922096391461025
2.53	0.00013844884227598442
2.54	0.00013767785094476181
2.55	0.00013691140735083707
2.56	0.00013614551283325227
2.57	0.00013538810577795601
2.58	0.0001346330645759508
2.59	0.0001338818066649594
2.6	0.00013313264533110214
2.61	0.00013239007061827124
2.62	0.00013165056380337603
2.63	0.00013091293238343127
2.64	0.00013018149805699153
2.65	0.00012945318728085908
2.66	0.00012872756254544981
2.67	0.00012800513807320613
2.68	0.00012729050203397207
2.69	0.00012657506275814967
2.7	0.00012586423855509565
2.71	0.0001251583186556715
2.72	0.00012445383850678837
2.73	0.00012375852324719716
2.74	0.00012305721017114024
2.75	0.00012237259252856347
2.76	0.00012169022564023635
2.77	0.00012100142837123684
2.78	0.00012032317714893992
2.79	0.00011964579994661051
2.8	0.00011897604148813912
2.81	0.00011830147426028503
2.82	0.00011763876155246322
2.83	0.00011697502032070872
2.84	0.00011631735436878898
2.85	0.00011565788592893256
2.86	0.00011500940079489652
2.87	0.00011435945660576152
2.88	0.00011371537355309158
2.89	0.00011307025230600232
2.9	0.00011243465854970935
2.91	0.00011179851043507938
2.92	0.00011116694271873229
2.93	0.00011053668902594183
2.94	0.00010991309768915158
2.95	0.00010928809186872002
2.96	0.0001086696206273885
2.97	0.00010804855094193044
2.98	0.000107442786687173
2.99	0.0001068250654965297
3.0	0.00010622591589459773
3.01	0.00010562510617440068
3.02	0.00010502474614604296
3.03	0.00010442667885968149
3.04	0.00010383519013501541
3.05	0.00010324823039109532
3.06	0.0001026586826400333
3.07	0.00010207470037570943
3.08	0.00010149540158366221
3.09	0.00010092005239759061
3.1	0.00010034220216326162
3.11	9.977286950935138e-05
3.12	9.920517674544271e-05
3.13	9.86410937775517e-05
3.14	9.80757136384014e-05
3.15	9.751991823581108e-05
3.16	9.696295711236758e-05
3.17	9.641175562613569e-05
3.18	9.585986814197867e-05
3.19	9.531621677272284e-05
3.2	9.476948330444657e-05
3.21	9.422868092823222e-05
3.22	9.368395570152899e-05
3.23	9.315743695292866e-05
3.24	9.261565007356864e-05
3.25	9.209144165822636e-05
3.26	9.156344542571304e-05
3.27	9.104119848668546e-05
3.28	9.051651780467296e-05
3.29	8.999915637986078e-05
3.3	8.948253912421933e-05
3.31	8.897008515340588e-05
3.32	8.845657370315507e-05
3.33	8.795019127916248e-05
3.34	8.74453995365343e-05
3.35	8.694230627614985e-05
3.36	8.644044347771995e-05
3.37	8.594522351312861e-05
3.38	8.5450498298556e-05
3.39	8.49565935423513e-05
3.4	8.446672869943939e-05
3.41	8.39818184310559e-05
3.42	8.349780820182673e-05
3.43	8.301559118351065e-05
3.44	8.253777817301966e-05
3.45	8.206205725791449e-05
3.46	8.158889985310225e-05
3.47	8.111718032566273e-05
3.48	8.065121433187272e-05
3.49	8.018478853255573e-05
3.5	7.972218790808228e-05
3.51	7.926083010900697e-05
3.52	7.880588575215342e-05
3.53	7.834793562899733e-05
3.54	7.789538989300127e-05
3.55	7.744459498493228e-05
3.56	7.699953037931806e-05
3.57	7.65505092426011e-05
3.58	7.610835089977286e-05
3.59	7.566692601468361e-05
3.6	7.523141877374684e-05
3.61	7.479213732963785e-05
3.62	7.435977613479139e-05
3.63	7.392811906115071e-05
3.64	7.349983206150768e-05
3.65	7.306971583886934e-05
3.66	7.264783395033447e-05
3.67	7.222406793339076e-05
3.68	7.180364931436145e-05
3.69	7.138426884090165e-05
3.7	7.097124245536435e-05
3.71	7.055581578274683e-05
3.72	7.014377896474855e-05
3.73	6.973421105183064e-05
3.74	6.932930665914938e-05
3.75	6.892324903784441e-05
3.76	6.852053973904759e-05
3.77	6.812042223192094e-05
3.78	6.772322594095215e-05
3.79	6.73261100523348e-05
3.8	6.693245319500107e-05
3.81	6.654209326928395e-05
3.82	6.615194886894216e-05
3.83	6.576394690060994e-05
3.84	6.53792323079827e-05
3.85	6.499799517367677e-05
3.86	6.461571641835917e-05
3.87	6.423740136618505e-05
3.88	6.386144578574005e-05
3.89	6.348826790603113e-05
3.9	6.31141455453843e-05
3.91	6.274524502369871e-05
3.92	6.237710817913467e-05
3.93	6.201194821908729e-05
3.94	6.164604387937089e-05
3.95	6.128637261237913e-05
3.96	6.092558890991029e-05
3.97	6.056770482931739e-05
3.98	6.021033230663164e-05
3.99	5.985876550429481e-05
4.0	5.9504529338560985e-05
4.01	5.9154572665143235e-05
4.02	5.880530070179191e-05
4.03	5.846156561961635e-05
4.04	5.81143463005418e-05
4.05	5.777153141828251e-05
4.06	5.743015231018944e-05
4.07	5.709325170943913e-05
4.08	5.675339669419799e-05
4.09	5.641820059310021e-05
4.1	5.608439859550174e-05
4.11	5.575401160040627e-05
4.12	5.5422048641950994e-05
4.13	5.509508194556645e-05
4.14	5.476857681241398e-05
4.15	5.444393836562256e-05
4.16	5.412078043054436e-05
4.17	5.380106261565487e-05
4.18	5.3481574716407465e-05
4.19	5.316050733217281e-05
4.2	5.284855160869739e-05
4.21	5.253554892270529e-05
4.22	5.2223356670211274e-05
4.23	5.190882562011723e-05
4.24	5.160475640586526e-05
4.25	5.129828416894355e-05
4.26	5.0993049868885976e-05
4.27	5.068890026027617e-05
4.28	5.038969164772311e-05
4.29	5.0088887415533634e-05
4.3	4.9790710400010596e-05
4.31	4.9494086694856776e-05
4.32	4.920109649919624e-05
4.33	4.890576149740866e-05
4.34	4.861479588758044e-05
4.35	4.832450703862179e-05
4.36	4.803785271167982e-05
4.37	4.774883757541204e-05
4.38	4.746428816826409e-05
4.39	4.718057840324974e-05
4.4	4.6899929677657326e-05
4.41	4.661760969781881e-05
4.42	4.633970738598947e-05
4.43	4.606243997340442e-05
4.44	4.578467021065791e-05
4.45	4.55117990334486e-05
4.46	4.524026849228591e-05
4.47	4.496863760383718e-05
4.48	4.469680360497108e-05
4.49	4.443057257752514e-05
4.5	4.416529511619416e-05
4.51	4.3898863782310116e-05
4.52	4.3634833760464176e-05
4.53	4.337293842571199e-05
4.54	4.3114230003915566e-05
4.55	4.2853704332657117e-05
4.56	4.259557181196527e-05
4.57	4.234063106256514e-05
4.58	4.208633645053084e-05
4.59	4.18323118580588e-05
4.6	4.1580581602751465e-05
4.61	4.1331203198602395e-05
4.62	4.108179880812912e-05
4.63	4.0833868729883704e-05
4.64	4.0587449966267286e-05
4.65	4.034385383722139e-05
4.66	4.0099247510916314e-05
4.67	3.9857370317086804e-05
4.68	3.961705699140339e-05
4.69	3.937614640836529e-05
4.7	3.9138698209484346e-05
4.71	3.890327219213674e-05
4.72	3.866833762877775e-05
4.73	3.8432325585091576e-05
4.74	3.820035985935277e-05
4.75	3.7970663063546795e-05
4.76	3.7739846414197586e-05
4.77	3.75111753188051e-05
4.78	3.7282252478121336e-05
4.79	3.7057761905323616e-05
4.8	3.6831578791307606e-05
4.81	3.6608014244876586e-05
4.82	3.6385008650441364e-05
4.83	3.616532121686333e-05
4.84	3.594374872939454e-05
4.85	3.572580945476744e-05
4.86	3.550881278346907e-05
4.87	3.529350799347242e-05
4.88	3.507716143591466e-05
4.89	3.486415007891708e-05
4.9	3.465223805410034e-05
4.91	3.444158080068149e-05
4.92	3.423054233042677e-05
4.93	3.4022307738190705e-05
4.94	3.381313241757056e-05
4.95	3.360886053105361e-05
4.96	3.3403352277971976e-05
4.97	3.320023325237287e-05
4.98	3.29958453493262e-05
4.99	3.279592376781437e-05
5.0	3.259645992148563e-05
5.01	3.2397657055760476e-05
5.02	3.219976416346526e-05
5.03	3.200215287435526e-05
5.04	3.180731726271091e-05
5.05	3.161243193972041e-05
5.06	3.1419201031113175e-05
5.07	3.122569844293821e-05
5.08	3.103523060499214e-05
5.09	3.084429016286805e-05
5.1	3.065491280018762e-05
5.11	3.0466240738213912e-05
5.12	3.0280207040433993e-05
5.13	3.009309124824e-05
5.14	2.9908258729172132e-05
5.15	2.9724112887485887e-05
5.16	2.9542059060361225e-05
5.17	2.9358704067838914e-05
5.18	2.9178641641536274e-05
5.19	2.8996893354893416e-05
5.2	2.8820125759665416e-05
5.21	2.8640684682557094e-05
5.22	2.8465019928702873e-05
5.23	2.828749007477427e-05
5.24	2.8114547731661332e-05
5.25	2.7939720660619116e-05
5.26	2.7768340215672538e-05
5.27	2.75967510212638e-05
5.28	2.7426158982102322e-05
5.29	2.7256185911817e-05
5.3	2.7088823040699594e-05
5.31	2.6921144778313533e-05
5.32	2.675488084680211e-05
5.33	2.658938938626676e-05
5.34	2.6425439923372096e-05
5.35	2.626153523976882e-05
5.36	2.6098883598280054e-05
5.37	2.593781670601203e-05
5.38	2.5777275149074796e-05
5.39	2.5617014185463916e-05
5.4	2.5457979100806938e-05
5.41	2.53011764392852e-05
5.42	2.5143785571835053e-05
5.43	2.4987831628742185e-05
5.44	2.4831239447742348e-05
5.45	2.467926890936667e-05
5.46	2.45247567463025e-05
5.47	2.4373053596704608e-05
5.48	2.421979009259445e-05
5.49	2.407077434618543e-05
5.5	2.3919478425504792e-05
5.51	2.377155034682943e-05
5.52	2.3623112792137135e-05
5.53	2.347580986228337e-05
5.54	2.3328055489990618e-05
5.55	2.318353956987096e-05
5.56	2.303843701767505e-05
5.57	2.2894464916767276e-05
5.58	2.2750634323998042e-05
5.59	2.2609661502137612e-05
5.6	2.2467578250306985e-05
5.61	2.232700652538e-05
5.62	2.2186878092966822e-05
5.63	2.2048676924235622e-05
5.64	2.190986097350134e-05
5.65	2.1772590899971078e-05
5.66	2.1635998052715877e-05
5.67	2.1500656417927644e-05
5.68	2.136516980222325e-05
5.69	2.1230156035834113e-05
5.7	2.1098754920068075e-05
5.71	2.096633112991242e-05
5.72	2.0833838265232885e-05
5.73	2.0702693485752377e-05
5.74	2.057445563430349e-05
5.75	2.044471056716901e-05
5.76	2.0316172254730702e-05
5.77	2.01891412068278e-05
5.78	2.006220226213884e-05
5.79	1.9935468103859932e-05
5.8	1.981056154498617e-05
5.81	1.9685912466371747e-05
5.82	1.9561861274830505e-05
5.83	1.9437993461934866e-05
5.84	1.9316452922524263e-05
5.85	1.9194496622354507e-05
5.86	1.907352020680264e-05
5.87	1.8952515620895838e-05
5.88	1.8833958008279694e-05
5.89	1.871444581968973e-05
5.9	1.8596154553129907e-05
5.91	1.8478052414394597e-05
5.92	1.8361960715473913e-05
5.93	1.8244966807579033e-05
5.94	1.8128658245686324e-05
5.95	1.8014379450370654e-05
5.96	1.7900579955210105e-05
5.97	1.7786245972928327e-05
5.98	1.7672862938411527e-05
5.99	1.7561729334758525e-05
6.0	1.74504690386712e-05
6.01	1.7338628570229275e-05
6.02	1.7229582491395945e-05
6.03	1.712000396292268e-05
6.04	1.701126072894965e-05
6.05	1.6902480651559415e-05
6.06	1.6795904076438717e-05
6.07	1.6688815575705007e-05
6.08	1.658242968538559e-05
6.09	1.6476578534430075e-05
6.1	1.637241600782602e-05
6.11	1.626814294652945e-05
6.12	1.616410822791181e-05
6.13	1.6061110213350105e-05
6.14	1.595922224506552e-05
6.15	1.585718957120008e-05
6.16	1.5755738981937384e-05
6.17	1.5655768342170973e-05
6.18	1.5555761478047714e-05
6.19	1.5455050095702916e-05
6.2	1.5357361799139824e-05
6.21	1.525961000581333e-05
6.22	1.516152016911576e-05
6.23	1.5063482226906899e-05
6.24	1.4967837264734385e-05
6.25	1.4872482351435679e-05
6.26	1.4776402843530434e-05
6.27	1.4681855081910555e-05
6.28	1.4587393010856431e-05
6.29	1.4494304982903827e-05
6.3	1.4400481435750123e-05
6.31	1.4308648984773242e-05
6.32	1.421657858191594e-05
6.33	1.4125170171297441e-05
6.34	1.4033715125982837e-05
6.35	1.394450052583096e-05
6.36	1.3854523793099816e-05
6.37	1.3765152059974639e-05
6.38	1.3676226281233994e-05
6.39	1.358922091299064e-05
6.4	1.3501279263472554e-05
6.41	1.3413997309363879e-05
6.42	1.3327559901021857e-05
6.43	1.3242555988668414e-05
6.44	1.315568804827194e-05
6.45	1.3071740134762422e-05
6.46	1.2987542696407672e-05
6.47	1.2903926759122442e-05
6.48	1.2819388752305372e-05
6.49	1.2737857605138458e-05
6.5	1.2655702766650734e-05
6.51	1.2573647858893366e-05
6.52	1.2492112356099483e-05
6.53	1.2411596051364882e-05
6.54	1.2331493737249843e-05
6.55	1.2251285167685921e-05
6.56	1.2171780449321545e-05
6.57	1.2093175454808147e-05
6.58	1.2015007574639469e-05
6.59	1.193638080732029e-05
6.6	1.1858958809618514e-05
6.61	1.1782142973260079e-05
6.62	1.1705586715038407e-05
6.63	1.1629027146575766e-05
6.64	1.1553840361777645e-05
6.65	1.1478393052044567e-05
6.66	1.1403516256613955e-05
6.67	1.1329078160038364e-05
6.68	1.1255987009128887e-05
6.69	1.1182077899185572e-05
6.7	1.1109125298780498e-05
6.71	1.1036576319511937e-05
6.72	1.0965377975402646e-05
6.73	1.0893195343975037e-05
6.74	1.0822217151762459e-05
6.75	1.0751564897937271e-05
6.76	1.0682019599528303e-05
6.77	1.0611511720881595e-05
6.78	1.0542616172948271e-05
6.79	1.0473736891114527e-05
6.8	1.0405640071375899e-05
6.81	1.0337177792862917e-05
6.82	1.027020015786917e-05
6.83	1.0203142082332306e-05
6.84	1.013634241964212e-05
6.85	1.0069887698804791e-05
6.86	1.0004554057196913e-05
6.87	9.938992106661715e-06
6.88	9.873652712322212e-06
6.89	9.808889951834487e-06
6.9	9.745105018943434e-06
6.91	9.680998417138653e-06
6.92	9.617165639852487e-06
6.93	9.554136168432592e-06
6.94	9.491569699093816e-06
6.95	9.42909894874333e-06
6.96	9.366902677498956e-06
6.97	9.305431087014426e-06
6.98	9.244100240834996e-06
6.99	9.183158962144944e-06
7.0	9.122637834479974e-06
7.01	9.062740676135661e-06
7.02	9.002509920641444e-06
7.03	8.942959082602897e-06
7.04	8.88399241461002e-06
7.05	8.82568230231584e-06
7.06	8.766705534846153e-06
7.07	8.708778406862905e-06
7.08	8.651329557629595e-06
7.09	8.594345168866369e-06
7.1	8.536978388207217e-06
7.11	8.480739328575737e-06
7.12	8.424615856483797e-06
7.13	8.369087766801897e-06
7.14	8.313309230345567e-06
7.15	8.258636336577752e-06
7.16	8.203848012477977e-06
7.17	8.149555048575507e-06
7.18	8.09523994504957e-06
7.19	8.042135575259124e-06
7.2	7.988447873863436e-06
7.21	7.935442845941054e-06
7.22	7.8827489549127e-06
7.23	7.831011658687714e-06
7.24	7.778632170385436e-06
7.25	7.727044062377786e-06
7.26	7.675901173342936e-06
7.27	7.625114093912089e-06
7.28	7.574158575884837e-06
7.29	7.523852647572937e-06
7.3	7.4740492337355136e-06
7.31	7.424201976746758e-06
7.32	7.3744785602514185e-06
7.33	7.325555561266128e-06
7.34	7.276791834875951e-06
7.35	7.227792154118617e-06
7.36	7.179552538261191e-06
7.37	7.131912962421438e-06
7.38	7.084161939729938e-06
7.39	7.036312248409615e-06
7.4	6.989326654327499e-06
7.41	6.942817510235955e-06
7.42	6.896446224757824e-06
7.43	6.849832954181068e-06
7.44	6.804014229366828e-06
7.45	6.7584473786297394e-06
7.46	6.713153092086088e-06
7.47	6.667885878997026e-06
7.48	6.623385429449513e-06
7.49	6.578603543694328e-06
7.5	6.5344886097662425e-06
7.51	6.4906069736636596e-06
7.52	6.447233418249709e-06
7.53	6.403456928261164e-06
7.54	6.360684255746207e-06
7.55	6.318007597982955e-06
7.56	6.275707428393673e-06
7.57	6.233215516182611e-06
7.58	6.191515082853982e-06
7.59	6.149931017773724e-06
7.6	6.108621659173252e-06
7.61	6.067270405196723e-06
7.62	6.026703226247321e-06
7.63	5.986039658623099e-06
7.64	5.945509212956779e-06
7.65	5.905290286989384e-06
7.66	5.865807016114388e-06
7.67	5.8261407049897684e-06
7.68	5.786663479945275e-06
7.69	5.747504218334143e-06
7.7	5.7088882288169884e-06
7.71	5.670232224197491e-06
7.72	5.6316986718485396e-06
7.73	5.5936059339956046e-06
7.74	5.555922044209183e-06
7.75	5.518240865143298e-06
7.76	5.480593133100342e-06
7.77	5.443555853190674e-06
7.78	5.4066319252754624e-06
7.79	5.36985694754577e-06
7.8	5.333369324844739e-06
7.81	5.297260580405805e-06
7.82	5.261117272503668e-06
7.83	5.225513466378118e-06
7.84	5.1900789159731175e-06
7.85	5.154888508940303e-06
7.86	5.119520118057608e-06
7.87	5.084970536195499e-06
7.88	5.050497904335316e-06
7.89	5.01615183789994e-06
7.9	4.981530896230879e-06
7.91	4.947889667761274e-06
7.92	4.914239028153133e-06
7.93	4.880828645248414e-06
7.94	4.8472373315178174e-06
7.95	4.814461066260378e-06
7.96	4.781503311512836e-06
7.97	4.7489562646774175e-06
7.98	4.716396468040784e-06
7.99	4.684444267155641e-06
8.0	4.652261149651338e-06
8.01	4.620493974094586e-06
8.02	4.588859871645923e-06
8.03	4.557686244410775e-06
8.04	4.526188684295107e-06
8.05	4.495164276363539e-06
8.06	4.464479722798842e-06
8.07	4.433899048805756e-06
8.08	4.403249334039572e-06
8.09	4.373061412543677e-06
8.1	4.343158860109497e-06
8.11	4.313285568713354e-06
8.12	4.28360201443212e-06
8.13	4.253952208266298e-06
8.14	4.225103892530058e-06
8.15	4.19584814714824e-06
8.16	4.167025586809814e-06
8.17	4.138478011839197e-06
8.18	4.1100153369555414e-06
8.19	4.081439236358619e-06
8.2	4.053450240348866e-06
8.21	4.025399632290316e-06
8.22	3.997841134584235e-06
8.23	3.970014720522386e-06
8.24	3.942943880730354e-06
8.25	3.915794906994563e-06
8.26	3.888788348227479e-06
8.27	3.861823108408657e-06
8.28	3.835443867394872e-06
8.29	3.808857432119339e-06
8.3	3.7826929402129394e-06
8.31	3.7565214450197004e-06
8.32	3.7307156288690635e-06
8.33	3.7047001884005226e-06
8.34	3.679239014786617e-06
8.35	3.6538177523581794e-06
8.36	3.628597415428203e-06
8.37	3.6031667507430143e-06
8.38	3.5781322846872854e-06
8.39	3.553665803401884e-06
8.4	3.5290269595478208e-06
8.41	3.504235945861467e-06
8.42	3.480050367876686e-06
8.43	3.455937177321289e-06
8.44	3.4318790689269463e-06
8.45	3.407820034162512e-06
8.46	3.3839923272438455e-06
8.47	3.3605640208378418e-06
8.48	3.3370509795460634e-06
8.49	3.313782618086236e-06
8.5	3.2907342406574003e-06
8.51	3.2675997081454966e-06
8.52	3.2446874120850566e-06
8.53	3.2222577539542385e-06
8.54	3.199624654115496e-06
8.55	3.177198026449446e-06
8.56	3.154975400931903e-06
8.57	3.13314533784137e-06
8.58	3.11112605366759e-06
8.59	3.0894188753904928e-06
8.6	3.0677621882801986e-06
8.61	3.0464806561880664e-06
8.62	3.025107584875286e-06
8.63	3.003805087331557e-06
8.64	2.9829857677299287e-06
8.65	2.9622926192018895e-06
8.66	2.941427080571657e-06
8.67	2.9209701501997642e-06
8.68	2.900598218502637e-06
8.69	2.8803427509771495e-06
8.7	2.8599542263307853e-06
8.71	2.839955253186588e-06
8.72	2.820256365332341e-06
8.73	2.8005013161802594e-06
8.74	2.7806787210593598e-06
8.75	2.7613019257799465e-06
8.76	2.7418683758995144e-06
8.77	2.7225521481710757e-06
8.78	2.703324147645958e-06
8.79	2.6844068390374787e-06
8.8	2.6653467450898916e-06
8.81	2.6465800635477876e-06
8.82	2.627944439836938e-06
8.83	2.609384710083873e-06
8.84	2.5907998493224227e-06
8.85	2.572529377964372e-06
8.86	2.5544840234204003e-06
8.87	2.536328740809779e-06
8.88	2.5179828035959417e-06
8.89	2.500428596619031e-06
8.9	2.482862959674037e-06
8.91	2.4651584737966914e-06
8.92	2.44751578648561e-06
8.93	2.4302803565134923e-06
8.94	2.4131854310383005e-06
8.95	2.3958961898884468e-06
8.96	2.378771634781174e-06
8.97	2.362140547162994e-06
8.98	2.345457407848528e-06
8.99	2.328665899220539e-06
9.0	2.312324989262038e-06
9.01	2.295849229838609e-06
9.02	2.279603405597186e-06
9.03	2.263294658355619e-06
9.04	2.2474611753864338e-06
9.05	2.2314268610656995e-06
9.06	2.2155692933623072e-06
9.07	2.1997460546430148e-06
9.08	2.184338388389051e-06
9.09	2.1687090612232396e-06
9.1	2.1532683724956314e-06
9.11	2.137947110014693e-06
9.12	2.1229021873736542e-06
9.13	2.1074530351938847e-06
9.14	2.09271142193046e-06
9.15	2.07782343597529e-06
9.16	2.0630004708976912e-06
9.17	2.0481024520790925e-06
9.18	2.0336249022534503e-06
9.19	2.019154663912559e-06
9.2	2.0046310957866353e-06
9.21	1.989979185879065e-06
9.22	1.976026315908541e-06
9.23	1.961937844185968e-06
9.24	1.947804267210529e-06
9.25	1.9337510241967948e-06
9.26	1.9199580743034517e-06
9.27	1.9061968039579824e-06
9.28	1.892435806283288e-06
9.29	1.8788286011428568e-06
9.3	1.865339266160504e-06
9.31	1.8519269513461722e-06
9.32	1.838568050693823e-06
9.33	1.825424465806691e-06
9.34	1.8121979499241547e-06
9.35	1.7990998566475014e-06
9.36	1.7861811549835238e-06
9.37	1.773527566584221e-06
9.38	1.7605063709069668e-06
9.39	1.7478948812765793e-06
9.4	1.7353814865117556e-06
9.41	1.7230819189251179e-06
9.42	1.7104945539969663e-06
9.43	1.698182687803751e-06
9.44	1.686002400802522e-06
9.45	1.6739484278716077e-06
9.46	1.6615901028416147e-06
9.47	1.6497826171857355e-06
9.48	1.6378866440902584e-06
9.49	1.626124697118314e-06
9.5	1.6142657690565443e-06
9.51	1.6027181057864937e-06
9.52	1.5910961330689588e-06
9.53	1.5795636043591799e-06
9.54	1.5680566516351746e-06
9.55	1.5568177174074549e-06
9.56	1.5455301678457545e-06
9.57	1.534285727800011e-06
9.58	1.523083479781917e-06
9.59	1.512066041264859e-06
9.6	1.5010356246847323e-06
9.61	1.4901223845953382e-06
9.62	1.4792677456298975e-06
9.63	1.4683835702911097e-06
9.64	1.4577207494426148e-06
9.65	1.4471903986290613e-06
9.66	1.4367071399234987e-06
9.67	1.4262213037241622e-06
9.68	1.4157324921271197e-06
9.69	1.405535526188828e-06
9.7	1.3954094058021838e-06
9.71	1.3850265014880847e-06
9.72	1.3749479510494211e-06
9.73	1.3650402204135048e-06
9.74	1.3551977984249675e-06
9.75	1.345157960130905e-06
9.76	1.335333480234624e-06
9.77	1.3256439954645316e-06
9.78	1.3160346581386761e-06
9.79	1.3062866512925098e-06
9.8	1.296774077452767e-06
9.81	1.2872917789508165e-06
9.82	1.2779567288845328e-06
9.83	1.268518666996954e-06
9.84	1.2593374831837423e-06
9.85	1.2500427493122857e-06
9.86	1.2408666520968836e-06
9.87	1.2317534503480942e-06
9.88	1.2227329664327158e-06
9.89	1.213729348137349e-06
9.9	1.2047641932966258e-06
9.91	1.1959144261552979e-06
9.92	1.187218082954189e-06
9.93	1.178340110818965e-06
9.94	1.1696750696899016e-06
9.95	1.1610665602290737e-06
9.96	1.1524604834889374e-06
9.97	1.143958520799515e-06
9.98	1.1355985032324156e-06
9.99	1.1272144613272417e-06
10.0	1.118880119221899e-06
10.01	1.1105726906990299e-06
10.02	1.1024848927121411e-06
10.03	1.0943472776858698e-06
10.04	1.0861555210794904e-06
10.05	1.0781040646890006e-06
10.06	1.0702637789350433e-06
10.07	1.0623557900046876e-06
10.08	1.0544219382069286e-06
10.09	1.046617699174135e-06
10.1	1.0389637861152323e-06
10.11	1.0312845262205883e-06
10.12	1.0236605048064007e-06
10.13	1.0160501693334822e-06
10.14	1.0085964943229442e-06
10.15	1.0011256668107649e-06
10.16	9.937744840371465e-07
10.17	9.86487145304693e-07
10.18	9.79086799191009e-07
10.19	9.7183249980759e-07
10.2	9.646590450884673e-07
10.21	9.575143637974293e-07
10.22	9.50352314177394e-07
10.23	9.433036263217787e-07
10.24	9.363121256100726e-07
10.25	9.29429524454406e-07
10.26	9.223988497453206e-07
10.27	9.155350531031559e-07
10.28	9.087186683132131e-07
10.29	9.020026796591196e-07
10.3	8.951722287875441e-07
10.31	8.885200522001924e-07
10.32	8.8184584434714e-07
10.33	8.752349485163791e-07
10.34	8.686440757799119e-07
10.35	8.622238762967527e-07
10.36	8.557023125632668e-07
10.37	8.492492336031887e-07
10.38	8.428274824723303e-07
10.39	8.366695585237949e-07
10.4	8.3031494568786e-07
10.41	8.240796187664046e-07
10.42	8.179189556756228e-07
10.43	8.11870553896199e-07
10.44	8.057414504492044e-07
10.45	7.997032520634662e-07
10.46	7.936718713352775e-07
10.47	7.877880792150904e-07
10.48	7.818637772771808e-07
10.49	7.760360594133431e-07
10.5	7.702593700642524e-07
10.51	7.64432677158311e-07
10.52	7.586920895974458e-07
10.53	7.530621566331774e-07
10.54	7.474612395697022e-07
10.55	7.417618386185154e-07
10.56	7.36195925554739e-07
10.57	7.307435856418465e-07
10.58	7.252539377944345e-07
10.59	7.197040163831048e-07
10.6	7.143309446178137e-07
10.61	7.089709788132836e-07
10.62	7.036310876173957e-07
10.63	6.982289253443241e-07
10.64	6.930542699734588e-07
10.65	6.877774190172659e-07
10.66	6.825670082477586e-07
10.67	6.774047758284496e-07
10.68	6.723411161146942e-07
10.69	6.671710011119103e-07
10.7	6.620959371872459e-07
10.71	6.570279582618355e-07
10.72	6.521584889895848e-07
10.73	6.471206965841247e-07
10.74	6.421841032278053e-07
10.75	6.373407304138823e-07
10.76	6.32537821232404e-07
10.77	6.276546011818596e-07
10.78	6.228575264444203e-07
10.79	6.181605352040265e-07
10.8	6.134753158804074e-07
10.81	6.087649673247597e-07
10.82	6.041664173395134e-07
10.83	5.995510523604253e-07
10.84	5.949620796030786e-07
10.85	5.904430961933826e-07
10.86	5.860062302076585e-07
10.87	5.81507527463998e-07
10.88	5.770139619443171e-07
10.89	5.727039589231708e-07
10.9	5.683786863386331e-07
10.91	5.64011408243914e-07
10.92	5.596991510259386e-07
10.93	5.554849300537512e-07
10.94	5.512609524416234e-07
10.95	5.470400505913631e-07
10.96	5.428147860087051e-07
10.97	5.387648256416355e-07
10.98	5.346121501048628e-07
10.99	5.305188821580487e-07
11.0	5.26466953587601e-07
11.01	5.224839583206631e-07
11.02	5.183972682232252e-07
11.03	5.144252916977621e-07
11.04	5.105024385443357e-07
11.05	5.066126487207612e-07
11.06	5.026499145799335e-07
11.07	4.988023452057178e-07
11.08	4.949854464086911e-07
11.09	4.911930453488367e-07
11.1	4.873556029849624e-07
11.11	4.836158806753588e-07
11.12	4.798934680749767e-07
11.13	4.7619246412722305e-07
11.14	4.7253086687959467e-07
11.15	4.689008745728529e-07
11.16	4.6525894425997194e-07
11.17	4.6167734968349805e-07
11.18	4.5814196170113064e-07
11.19	4.546357015300373e-07
11.2	4.510733093709973e-07
11.21	4.4755143857599933e-07
11.22	4.4419268618867136e-07
11.23	4.4076895644451497e-07
11.24	4.3733056021011407e-07
11.25	4.339577550638296e-07
11.26	4.3065164767597253e-07
11.27	4.273028011425595e-07
11.28	4.239902695601927e-07
11.29	4.20697237046852e-07
11.3	4.1746997059277646e-07
11.31	4.1421750474057717e-07
11.32	4.11001527034216e-07
11.33	4.0782245314119336e-07
11.34	4.0466572936992407e-07
11.35	4.014934429363848e-07
11.36	3.9836881793320345e-07
11.37	3.953115053079159e-07
11.38	3.922085927143826e-07
11.39	3.891480462314689e-07
11.4	3.861491038037457e-07
11.41	3.831587616076604e-07
11.42	3.8017225545416977e-07
11.43	3.771648175998621e-07
11.44	3.7426108523419543e-07
11.45	3.713416560913174e-07
11.46	3.684075018384192e-07
11.47	3.655510534272821e-07
11.48	3.6273564596456254e-07
11.49	3.5987237989587584e-07
11.5	3.570744588898833e-07
11.51	3.5430630607180547e-07
11.52	3.515573911982983e-07
11.53	3.4875262056033307e-07
11.54	3.460508990471567e-07
11.55	3.4338847942905204e-07
11.56	3.40706503010324e-07
11.57	3.379899329303271e-07
11.58	3.353593518440334e-07
11.59	3.3276475619459234e-07
11.6	3.301649051934419e-07
11.61	3.275464273144735e-07
11.62	3.2499577962141757e-07
11.63	3.2245084735649243e-07
11.64	3.1993375237959754e-07
11.65	3.174464016098e-07
11.66	3.1496547681086895e-07
11.67	3.1248195142552504e-07
11.68	3.100128020960824e-07
11.69	3.076251005040831e-07
11.7	3.051883332716443e-07
11.71	3.02743347724288e-07
11.72	3.003582840221952e-07
11.73	2.9803701728781107e-07
11.74	2.9567109649519807e-07
11.75	2.9331934037202245e-07
11.76	2.9097850084980337e-07
11.77	2.887114263216972e-07
11.78	2.864121624313043e-07
11.79	2.8414395547571303e-07
11.8	2.8189387268895416e-07
11.81	2.796786633396664e-07
11.82	2.774262259919169e-07
11.83	2.7524194923245204e-07
11.84	2.730788937199691e-07
11.85	2.7090356802261795e-07
11.86	2.6871492586622026e-07
11.87	2.6660366625463894e-07
11.88	2.644828516196185e-07
11.89	2.62397796824132e-07
11.9	2.60289221287735e-07
11.91	2.5825711968963105e-07
11.92	2.562287164664667e-07
11.93	2.5419302662754717e-07
11.94	2.5216731636135137e-07
11.95	2.5020140537179714e-07
11.96	2.4820889077403763e-07
11.97	2.462755901433411e-07
11.98	2.443271469587671e-07
11.99	2.4239475138188027e-07
12.0	2.4046516156062125e-07
12.01	2.3857479636291146e-07
12.02	2.3669352877675465e-07
12.03	2.347986622908138e-07
12.04	2.3291366968436478e-07
12.05	2.3106593172173007e-07
12.06	2.2925457265898785e-07
12.07	2.2740825933453834e-07
12.08	2.2557545875656615e-07
12.09	2.2376770747456476e-07
12.1	2.220091497306953e-07
12.11	2.2021655254889083e-07
12.12	2.1844971076490083e-07
12.13	2.1668189997825493e-07
12.14	2.149522249084157e-07
12.15	2.1320304455230144e-07
12.16	2.115061636942528e-07
12.17	2.0979882364713376e-07
12.18	2.080926631009561e-07
12.19	2.06396970625633e-07
12.2	2.0477158813037022e-07
12.21	2.030930170704437e-07
12.22	2.01461002546921e-07
12.23	1.9981531806934072e-07
12.24	1.9825333463785455e-07
12.25	1.9665267547708254e-07
12.26	1.9507109350058727e-07
12.27	1.9348893687265445e-07
12.28	1.9195432177099292e-07
12.29	1.9040174770168505e-07
12.3	1.8888552055784658e-07
12.31	1.8735864593111273e-07
12.32	1.8585546612825965e-07
12.33	1.8435137150163428e-07
12.34	1.8287812952877402e-07
12.35	1.8141448610009547e-07
12.36	1.7995750756227835e-07
12.37	1.7849183819862446e-07
12.38	1.7706435961883926e-07
12.39	1.756737626479321e-07
12.4	1.74239336736548e-07
12.41	1.728114336074782e-07
12.42	1.7145129227458256e-07
12.43	1.7008040842370065e-07
12.44	1.6868287211480038e-07
12.45	1.673240097588291e-07
12.46	1.659598982683974e-07
12.47	1.6462329011091015e-07
12.48	1.6327392593495915e-07
12.49	1.6197287422414774e-07
12.5	1.6064148411487622e-07
12.51	1.5932957619924082e-07
12.52	1.580299349157599e-07
12.53	1.5677342002362593e-07
12.54	1.554778137347057e-07
12.55	1.5418996479610314e-07
12.56	1.5293689425988077e-07
12.57	1.517172991682969e-07
12.58	1.5045955503723007e-07
12.59	1.4921319468896854e-07
12.6	1.479917699498401e-07
12.61	1.468005503824088e-07
12.62	1.4558139227460742e-07
12.63	1.4438276263462058e-07
12.64	1.4321150931806415e-07
12.65	1.4204319676025534e-07
12.66	1.4086071775665232e-07
12.67	1.3973875834238925e-07
12.68	1.3859325154186308e-07
12.69	1.3745477822624252e-07
12.7	1.363198682824418e-07
12.71	1.3523418207483928e-07
12.72	1.3412834842796428e-07
12.73	1.3301716705882427e-07
12.74	1.3193117087695327e-07
12.75	1.308770736230258e-07
12.76	1.2980260333250726e-07
12.77	1.2873385735190368e-07
12.78	1.2767648005507226e-07
12.79	1.2664067217116326e-07
12.8	1.2560926343496703e-07
12.81	1.245749459144463e-07
12.82	1.2355834755339856e-07
12.83	1.2254681625023522e-07
12.84	1.2153137962656047e-07
12.85	1.2053477327356177e-07
12.86	1.1955540202279735e-07
12.87	1.1855679193928381e-07
12.88	1.1756421347541846e-07
12.89	1.166103178462663e-07
12.9	1.1566290325504269e-07
12.91	1.1467965954636838e-07
12.92	1.1373108321777181e-07
12.93	1.127853952453961e-07
12.94	1.1186475301627752e-07
12.95	1.1092013973978965e-07
12.96	1.0999799915367703e-07
12.97	1.0908996816993977e-07
12.98	1.081926805923672e-07
12.99	1.072870423612926e-07
13.0	1.0641858594340192e-07
13.01	1.0552679352571204e-07
13.02	1.0464725619385717e-07
13.03	1.0377906800584924e-07
13.04	1.0294486063600061e-07
13.05	1.0208378586895606e-07
13.06	1.0122232474429893e-07
13.07	1.0038448827742741e-07
13.08	9.958128188714e-08
13.09	9.874394102382666e-08
13.1	9.790532029541055e-08
13.11	9.709804782431775e-08
13.12	9.631002662047194e-08
13.13	9.549866852864852e-08
13.14	9.47041991494757e-08
13.15	9.391990740681422e-08
13.16	9.313797022514336e-08
13.17	9.235615650027285e-08
13.18	9.159621150445219e-08
13.19	9.082741136978711e-08
13.2	9.006265866418062e-08
13.21	8.930849748622904e-08
13.22	8.856769273535292e-08
13.23	8.782863503142835e-08
13.24	8.70792540297316e-08
13.25	8.634224801795654e-08
13.26	8.562825826174958e-08
13.27	8.490734781929632e-08
13.28	8.418507579932566e-08
13.29	8.348169355798518e-08
13.3	8.278285434926147e-08
13.31	8.20826420167009e-08
13.32	8.139588025812827e-08
13.33	8.072652146751125e-08
13.34	8.003650719956568e-08
13.35	7.935420853755204e-08
13.36	7.869763418710818e-08
13.37	7.805395974003204e-08
13.38	7.738218421593501e-08
13.39	7.672148782944532e-08
13.4	7.608472873954497e-08
13.41	7.546218583343034e-08
13.42	7.480984010044267e-08
13.43	7.41793471092933e-08
13.44	7.35597902590257e-08
13.45	7.295239790039432e-08
13.46	7.232702348147768e-08
13.47	7.172763449858621e-08
13.48	7.111986288776961e-08
13.49	7.052584383160365e-08
13.5	6.993155565737652e-08
13.51	6.935075536063096e-08
13.52	6.875943991957456e-08
13.53	6.817262754310605e-08
13.54	6.759918402821086e-08
13.55	6.703955790499094e-08
13.56	6.645995043186304e-08
13.57	6.588589762657193e-08
13.58	6.533050900259241e-08
13.59	6.478494274375635e-08
13.6	6.421984100057898e-08
13.61	6.367083305036658e-08
13.62	6.313231804000452e-08
13.63	6.25954594823952e-08
13.64	6.205919511614866e-08
13.65	6.152966847139396e-08
13.66	6.100336413794594e-08
13.67	6.047448675161604e-08
13.68	5.99600884498841e-08
13.69	5.945290393327696e-08
13.7	5.8947565939604374e-08
13.71	5.8428915927777325e-08
13.72	5.792956692118878e-08
13.73	5.7445351586693505e-08
13.74	5.695962101981422e-08
13.75	5.64602053998442e-08
13.76	5.598298802311774e-08
13.77	5.5510742669184765e-08
13.78	5.504249589449728e-08
13.79	5.457152685295341e-08
13.8	5.4111366054598875e-08
13.81	5.364814992248057e-08
13.82	5.319587881302823e-08
13.83	5.2745522616248763e-08
13.84	5.230128685695945e-08
13.85	5.1846813953204673e-08
13.86	5.1401705114528795e-08
13.87	5.0967586595618286e-08
13.88	5.054240581614522e-08
13.89	5.009990644566642e-08
13.9	4.966635369640926e-08
13.91	4.924574970033291e-08
13.92	4.8831193311116294e-08
13.93	4.840558442964493e-08
13.94	4.798474773082262e-08
13.95	4.757574600944281e-08
13.96	4.716681445415816e-08
13.97	4.675485332228391e-08
13.98	4.634838290940024e-08
13.99	4.5948884697111225e-08
14.0	4.5546963534093265e-08
14.01	4.5149698202351374e-08
14.02	4.4769040030701035e-08
14.03	4.437448364313923e-08
14.04	4.3978492847429607e-08
14.05	4.3599417409723173e-08
14.06	4.323465407907179e-08
14.07	4.28543138752957e-08
14.08	4.247647122923581e-08
14.09	4.210991555453347e-08
14.1	4.175257739547078e-08
14.11	4.1387314908547523e-08
14.12	4.101961703639745e-08
14.13	4.066923153800417e-08
14.14	4.031754130551235e-08
14.15	3.9967023468534535e-08
14.16	3.96164416827105e-08
14.17	3.927791780711232e-08
14.18	3.892825617413109e-08
14.19	3.859734487576816e-08
14.2	3.827115424570593e-08
14.21	3.794081671060212e-08
14.22	3.760124567264711e-08
14.23	3.727970110389833e-08
14.24	3.6965774441455324e-08
14.25	3.664659598001663e-08
14.26	3.632205203274452e-08
14.27	3.6006700732116315e-08
14.28	3.5698670686201694e-08
14.29	3.5383586727277816e-08
14.3	3.507144796799366e-08
14.31	3.477198173840179e-08
14.32	3.446958896091701e-08
14.33	3.4161449669056765e-08
14.34	3.3867367577045115e-08
14.35	3.35739631651677e-08
14.36	3.327388586882307e-08
14.37	3.298102058124641e-08
14.38	3.269233062042076e-08
14.39	3.241003643239537e-08
14.4	3.211990851070823e-08
14.41	3.1831493885192685e-08
14.42	3.155197436655044e-08
14.43	3.128028325249943e-08
14.44	3.100032852643153e-08
14.45	3.072158438754968e-08
14.46	3.04510576754069e-08
14.47	3.018514949104656e-08
14.48	2.991848546685105e-08
14.49	2.9657834410556916e-08
14.5	2.9393524059173615e-08
14.51	2.9134562318233748e-08
14.52	2.8884687530705833e-08
14.53	2.8636296001138817e-08
14.54	2.8377023397752055e-08
14.55	2.8126486917301463e-08
14.56	2.7884670572575487e-08
14.57	2.7643078048811276e-08
14.58	2.7392429657879802e-08
14.59	2.7146983327952512e-08
14.6	2.691306200119925e-08
14.61	2.6677676068231904e-08
14.62	2.6442711131835495e-08
14.63	2.620337546943574e-08
14.64	2.5974986606058792e-08
14.65	2.574246060760288e-08
14.66	2.5520963120584383e-08
14.67	2.5290166405511627e-08
14.68	2.5067675046841487e-08
14.69	2.4841574131073685e-08
14.7	2.4621387595402666e-08
14.71	2.440332380615473e-08
14.72	2.4189653835549052e-08
14.73	2.3968190099310505e-08
14.74	2.3750825306478873e-08
14.75	2.3544240335127142e-08
14.76	2.3334334464664153e-08
14.77	2.312395874781714e-08
14.78	2.291814116262003e-08
14.79	2.2716664105359996e-08
14.8	2.251433262046021e-08
14.81	2.231671825114745e-08
14.82	2.2119004405851683e-08
14.83	2.1920320669721605e-08
14.84	2.1723573162546472e-08
14.85	2.153407852034661e-08
14.86	2.1343320888433936e-08
14.87	2.1148340856314007e-08
14.88	2.095495954534954e-08
14.89	2.0772369602184426e-08
14.9	2.058875292476614e-08
14.91	2.0402978861966403e-08
14.92	2.021292555554055e-08
14.93	2.0040481274463673e-08
14.94	1.986076991755681e-08
14.95	1.9683661811598085e-08
14.96	1.9504740933484754e-08
14.97	1.933296545075791e-08
14.98	1.9159439368365838e-08
14.99	1.8987337924158965e-08
15.0	1.8816074920380288e-08
15.01	1.8646276522815697e-08
15.02	1.8475552643337778e-08
15.03	1.8310892357931152e-08
15.04	1.8149405534018115e-08
15.05	1.7981816924361738e-08
15.06	1.781508984777247e-08
15.07	1.7658217998928194e-08
15.08	1.7502390647905486e-08
15.09	1.734012577969679e-08
15.1	1.7179687006319e-08
15.11	1.702723739782641e-08
15.12	1.6876430919410268e-08
15.13	1.672104765759741e-08
15.14	1.656747716793916e-08
15.15	1.6419278381363256e-08
15.16	1.626803936005672e-08
15.17	1.6117048140529278e-08
15.18	1.5974213951608363e-08
15.19	1.5829630939379058e-08
15.2	1.5680621245905968e-08
15.21	1.553876938231724e-08
15.22	1.540468819172247e-08
15.23	1.526204940205389e-08
15.24	1.5122066265860212e-08
15.25	1.4986992979970637e-08
15.26	1.4856051500089507e-08
15.27	1.4721295293895764e-08
15.28	1.4588662722303525e-08
15.29	1.4457206098938968e-08
15.3	1.4328514374994938e-08
15.31	1.4199185827123983e-08
15.32	1.4073722631735563e-08
15.33	1.3946142018994578e-08
15.34	1.3818202582172034e-08
15.35	1.3689886557699538e-08
15.36	1.3570057078027276e-08
15.37	1.3446572744157947e-08
15.38	1.3320607727962397e-08
15.39	1.3195838199919763e-08
15.4	1.3078476968075847e-08
15.41	1.2957363182408699e-08
15.42	1.283772910198877e-08
15.43	1.2716872888063335e-08
15.44	1.2601741872231287e-08
15.45	1.2486265354993975e-08
15.46	1.236982161145761e-08
15.47	1.2252610481766624e-08
15.48	1.2138910321368712e-08
15.49	1.202527233346018e-08
15.5	1.1914892183995107e-08
15.51	1.1805250998975225e-08
15.52	1.1693580326266328e-08
15.53	1.1582450554215029e-08
15.54	1.1479097672406624e-08
15.55	1.1375560937665341e-08
15.56	1.1267608179821309e-08
15.57	1.116231285180902e-08
15.58	1.1061943361312387e-08
15.59	1.0964808616620303e-08
15.6	1.086180390075242e-08
15.61	1.076033395719378e-08
15.62	1.0663383953612993e-08
15.63	1.0569397801418745e-08
15.64	1.0470825095865166e-08
15.65	1.0374034076221506e-08
15.66	1.0279482154373909e-08
15.67	1.0185615018087901e-08
15.68	1.0092017888041482e-08
15.69	1.000097604730854e-08
15.7	9.908018405724306e-09
15.71	9.816547574814649e-09
15.72	9.726168315182804e-09
15.73	9.63948831866901e-09
15.74	9.54918100148916e-09
15.75	9.459418137680586e-09
15.76	9.370912046335889e-09
15.77	9.287665747592655e-09
15.78	9.199810691029597e-09
15.79	9.112692822554891e-09
15.8	9.027417924301062e-09
15.81	8.943644935754946e-09
15.82	8.857668376549555e-09
15.83	8.777965909700924e-09
15.84	8.695349329457258e-09
15.85	8.610836488287532e-09
15.86	8.526770400862915e-09
15.87	8.450938615567338e-09
15.88	8.371744186774777e-09
15.89	8.290243158626254e-09
15.9	8.209458890462429e-09
15.91	8.136397333657897e-09
15.92	8.061222800392898e-09
15.93	7.982770888759205e-09
15.94	7.905531340668404e-09
15.95	7.833373061316706e-09
15.96	7.760890596841818e-09
15.97	7.686973724219115e-09
15.98	7.615234665081516e-09
15.99	7.542742430644012e-09
16.0	7.47243245058371e-09
16.01	7.402234381004291e-09
16.02	7.336281804271039e-09
16.03	7.264771006987303e-09
16.04	7.197217044563331e-09
16.05	7.131427004480884e-09
16.06	7.068408081067901e-09
16.07	6.998437385163925e-09
16.08	6.932031837436625e-09
16.09	6.869715463153625e-09
16.1	6.8081256188179395e-09
16.11	6.73949873686297e-09
16.12	6.67703403678388e-09
16.13	6.614814473948627e-09
16.14	6.553650067075978e-09
16.15	6.491380766249222e-09
16.16	6.430824761594067e-09
16.17	6.3682792372787844e-09
16.18	6.3092615576465505e-09
16.19	6.248835227040672e-09
16.2	6.191306134439856e-09
16.21	6.1310627685884356e-09
16.22	6.0713256644362446e-09
16.23	6.0129687895482675e-09
16.24	5.9579408073773266e-09
16.25	5.899676303044998e-09
16.26	5.840828265490927e-09
16.27	5.7854441237736864e-09
16.28	5.729867247339371e-09
16.29	5.6749174248693635e-09
16.3	5.620802490113874e-09
16.31	5.56693979802958e-09
16.32	5.5137494570089984e-09
16.33	5.460237595400486e-09
16.34	5.41087974426091e-09
16.35	5.359549248851181e-09
16.36	5.307203565507734e-09
16.37	5.255627044675748e-09
16.38	5.209319198229423e-09
16.39	5.159638938323496e-09
16.4	5.107527734082851e-09
16.41	5.05794872651677e-09
16.42	5.01183183843068e-09
16.43	4.96595475851791e-09
16.44	4.916823392875358e-09
16.45	4.868800473900592e-09
16.46	4.822771515478053e-09
16.47	4.778828888163389e-09
16.48	4.732638281268464e-09
16.49	4.686494747829784e-09
16.5	4.641695028340109e-09
16.51	4.597297653674559e-09
16.52	4.5526826752961824e-09
16.53	4.509618456438602e-09
16.54	4.465269043407716e-09
16.55	4.421314869773596e-09
16.56	4.379200113646675e-09
16.57	4.337233683315844e-09
16.58	4.2934127364446795e-09
16.59	4.250541252304174e-09
16.6	4.21068691025539e-09
16.61	4.171449852208298e-09
16.62	4.128799524494298e-09
16.63	4.088850147354606e-09
16.64	4.04959266120386e-09
16.65	4.011468490716652e-09
16.66	3.971741158181885e-09
16.67	3.934423453699765e-09
16.68	3.896532874136938e-09
16.69	3.857882902025267e-09
16.7	3.8200766994123114e-09
16.71	3.785617153084786e-09
16.72	3.748630739153214e-09
16.73	3.7099621152947293e-09
16.74	3.6735405828380863e-09
16.75	3.640606038857186e-09
16.76	3.6049758733724957e-09
16.77	3.569030404548812e-09
16.78	3.534332826404807e-09
16.79	3.5014009469591656e-09
16.8	3.4672691384685095e-09
16.81	3.4328708764519433e-09
16.82	3.400336012759908e-09
16.83	3.366881884403483e-09
16.84	3.333904707858437e-09
16.85	3.302877082944633e-09
16.86	3.270625548168482e-09
16.87	3.2364804170015304e-09
16.88	3.2053657506025957e-09
16.89	3.1749189943752754e-09
16.9	3.143761695412195e-09
16.91	3.1112659115706265e-09
16.92	3.080085519968634e-09
16.93	3.050887542599412e-09
16.94	3.0215909774256033e-09
16.95	2.991174419264553e-09
16.96	2.9613138607942346e-09
16.97	2.932289966395274e-09
16.98	2.9028450754253754e-09
16.99	2.8738567081632027e-09
17.0	2.8457236567192012e-09
17.01	2.816911148784129e-09
17.02	2.789159125882179e-09
17.03	2.7617605979912696e-09
17.04	2.7351960696364586e-09
17.05	2.7070790054040117e-09
17.06	2.68013078397189e-09
17.07	2.6542084086145223e-09
17.08	2.629703566014996e-09
17.09	2.6022455301699665e-09
17.1	2.5768720490759733e-09
17.11	2.551812983142554e-09
17.12	2.527499098903263e-09
17.13	2.502232199219634e-09
17.14	2.4786963592760003e-09
17.15	2.454289216302641e-09
17.16	2.430297740829701e-09
17.17	2.4067796644544615e-09
17.18	2.3837367635337614e-09
17.19	2.3602071408390657e-09
17.2	2.3367325852063914e-09
17.21	2.313983671342612e-09
17.22	2.2919550701772096e-09
17.23	2.269467280768822e-09
17.24	2.245391428346011e-09
17.25	2.2228494600540216e-09
17.26	2.202264148820632e-09
17.27	2.1795090177079146e-09
17.28	2.1566020080854287e-09
17.29	2.1347714707076193e-09
17.3	2.1133121919092446e-09
17.31	2.0922001908729726e-09
17.32	2.0707897618876814e-09
17.33	2.0500028341530196e-09
17.34	2.0287220792170046e-09
17.35	2.0087096430643214e-09
17.36	1.988476050485133e-09
17.37	1.969108431865152e-09
17.38	1.9481989355085716e-09
17.39	1.9286536812046506e-09
17.4	1.909901570229522e-09
17.41	1.8910775168023974e-09
17.42	1.870997579089817e-09
17.43	1.8521282285632878e-09
17.44	1.8346462127283303e-09
17.45	1.8165229320743492e-09
17.46	1.797748616638728e-09
17.47	1.77929049272052e-09
17.48	1.7623271730826673e-09
17.49	1.7447092659494956e-09
17.5	1.7272032692972061e-09
17.51	1.7104673233347967e-09
17.52	1.6930412627402802e-09
17.53	1.6756906973114383e-09
17.54	1.6593357798910802e-09
17.55	1.6439622996244907e-09
17.56	1.6263896895907237e-09
17.57	1.6098455901669695e-09
17.58	1.5942811515401445e-09
17.59	1.5790035945428826e-09
17.6	1.5623102811446188e-09
17.61	1.5461711910802478e-09
17.62	1.5309478129665877e-09
17.63	1.5157670674170731e-09
17.64	1.5001226927324751e-09
17.65	1.4848335894157572e-09
17.66	1.4701715400633475e-09
17.67	1.4549916826922527e-09
17.68	1.44024969728207e-09
17.69	1.4259962100027224e-09
17.7	1.41116451857215e-09
17.71	1.3960006484126097e-09
17.72	1.3818342026183927e-09
17.73	1.3688001843092934e-09
17.74	1.3538423715431236e-09
17.75	1.3391439068755062e-09
17.76	1.324998777363362e-09
17.77	1.3122942732479714e-09
17.78	1.2987664277375188e-09
17.79	1.2843228702763554e-09
17.8	1.271419414194952e-09
17.81	1.2583019071144008e-09
17.82	1.2460592557772543e-09
17.83	1.2332659338198937e-09
17.84	1.2208714039729784e-09
17.85	1.2078986699748384e-09
17.86	1.196277743531482e-09
17.87	1.1848912961909264e-09
17.88	1.1727703252972788e-09
17.89	1.1602043770153614e-09
17.9	1.148772632575401e-09
17.91	1.138036331838066e-09
17.92	1.1257084153726282e-09
17.93	1.1140288691535716e-09
17.94	1.102633540028819e-09
17.95	1.0918332904452654e-09
17.96	1.0804921402041145e-09
17.97	1.0694289898083298e-09
17.98	1.0582930087821296e-09
17.99	1.0476135514636553e-09
18.0	1.036922547825725e-09
18.01	1.026324802921863e-09
18.02	1.015537876014605e-09
18.03	1.0046816711906104e-09
18.04	9.943095236053523e-10
18.05	9.839196124517002e-10
18.06	9.740377393541166e-10
18.07	9.63711777046683e-10
18.08	9.531122557859817e-10
18.09	9.432907788209377e-10
18.1	9.338911866052513e-10
18.11	9.241603038390167e-10
18.12	9.141123413769492e-10
18.13	9.050973304169929e-10
18.14	8.960565622828653e-10
18.15	8.868044076848491e-10
18.16	8.778116011853854e-10
18.17	8.683374019824441e-10
18.18	8.595923972620767e-10
18.19	8.512444082953152e-10
18.2	8.427685216361169e-10
18.21	8.334959389344476e-10
18.22	8.242606597264057e-10
18.23	8.16108958190398e-10
18.24	8.080602853510754e-10
18.25	7.992007056145667e-10
18.26	7.901874710114498e-10
18.27	7.823128811423885e-10
18.28	7.745830643557383e-10
18.29	7.664713308486171e-10
18.3	7.579972205462582e-10
18.31	7.502523047264731e-10
18.32	7.425580150766109e-10
18.33	7.348557318209714e-10
18.34	7.27093940611212e-10
18.35	7.192060280658552e-10
18.36	7.111689015459888e-10
18.37	7.039808735953557e-10
18.38	6.969402832623928e-10
18.39	6.89549750632068e-10
18.4	6.816200937009853e-10
18.41	6.743618996551959e-10
18.42	6.679856667801687e-10
18.43	6.609566227666619e-10
18.44	6.535989527378661e-10
18.45	6.467182345204492e-10
18.46	6.405294072919787e-10
18.47	6.332792068519666e-10
18.48	6.269118557611364e-10
18.49	6.202069968708201e-10
18.5	6.138360930663112e-10
18.51	6.067821800570528e-10
18.52	6.00683058848972e-10
18.53	5.944507108779362e-10
18.54	5.875602226979026e-10
18.55	5.811084946572009e-10
18.56	5.754765552978824e-10
18.57	5.693996385502942e-10
18.58	5.63387558827344e-10
18.59	5.572662331587708e-10
18.6	5.519940060594308e-10
18.61	5.464455554715641e-10
18.62	5.406635139593163e-10
18.63	5.349782838948158e-10
18.64	5.294040761327778e-10
18.65	5.239462197437206e-10
18.66	5.184439544336783e-10
18.67	5.13083797670788e-10
18.68	5.073399478305873e-10
18.69	5.017186666123052e-10
18.7	4.966214106616462e-10
18.71	4.916840268265332e-10
18.72	4.856035573652662e-10
18.73	4.802753750254851e-10
18.74	4.753202276219781e-10
18.75	4.704832079482912e-10
18.76	4.6479975424063014e-10
18.77	4.596509839416285e-10
18.78	4.547597853843399e-10
18.79	4.5004355797573226e-10
18.8	4.447402446317028e-10
18.81	4.3950620920440997e-10
18.82	4.346851767422777e-10
18.83	4.2999204197258223e-10
18.84	4.2524561649770476e-10
18.85	4.20686596669384e-10
18.86	4.1608672063375707e-10
18.87	4.114193430382329e-10
18.88	4.069731218692141e-10
18.89	4.0326142425328726e-10
18.9	3.9883119029582303e-10
18.91	3.9455194666970783e-10
18.92	3.9040681798496735e-10
18.93	3.866436060206979e-10
18.94	3.8268321844725506e-10
18.95	3.785594060445874e-10
18.96	3.745963539358854e-10
18.97	3.7067948710500787e-10
18.98	3.666453807227299e-10
18.99	3.6291236682473027e-10
19.0	3.588809249777114e-10
19.01	3.5500669071097946e-10
19.02	3.5131453302028604e-10
19.03	3.476374743627275e-10
19.04	3.439977191987964e-10
19.05	3.4006131244268545e-10
19.06	3.362670142337265e-10
19.07	3.327871311853414e-10
19.08	3.2938007876737174e-10
19.09	3.255617997410809e-10
19.1	3.2163161023390785e-10
19.11	3.1821389967490177e-10
19.12	3.150137928287222e-10
19.13	3.11184855661395e-10
19.14	3.077236243598236e-10
19.15	3.042446294898582e-10
19.16	3.008802096360341e-10
19.17	2.9745006457915224e-10
19.18	2.944116062053581e-10
19.19	2.908748797381122e-10
19.2	2.8752911163110184e-10
19.21	2.844409152658045e-10
19.22	2.815152555513123e-10
19.23	2.780593533202591e-10
19.24	2.7480329123363845e-10
19.25	2.7193181040274794e-10
19.26	2.6918822726429426e-10
19.27	2.659792386339177e-10
19.28	2.6278890175035485e-10
19.29	2.6000890329669346e-10
19.3	2.574713775516102e-10
19.31	2.545963440070409e-10
19.32	2.517888120223688e-10
19.33	2.490185835313241e-10
19.34	2.4643043161631795e-10
19.35	2.4366197948211266e-10
19.36	2.4134916287721353e-10
19.37	2.3869350940231016e-10
19.38	2.360218687158522e-10
19.39	2.334656912239552e-10
19.4	2.312718905272959e-10
19.41	2.2856827541772873e-10
19.42	2.2585222581028574e-10
19.43	2.234896712138834e-10
19.44	2.212745542351513e-10
19.45	2.1861090715447062e-10
19.46	2.1621815449179849e-10
19.47	2.1381740822334905e-10
19.48	2.1157564589202593e-10
19.49	2.091873341214523e-10
19.5	2.070565940925917e-10
19.51	2.0460078076212085e-10
19.52	2.020978939754059e-10
19.53	1.9974777387687936e-10
19.54	1.9758061853281106e-10
19.55	1.9537971240879415e-10
19.56	1.928617265889443e-10
19.57	1.9050361288464046e-10
19.58	1.8847323701720597e-10
19.59	1.8632118070627257e-10
19.6	1.8399770596033704e-10
19.61	1.8196910644974196e-10
19.62	1.7990764433761797e-10
19.63	1.780247060878537e-10
19.64	1.758726497769203e-10
19.65	1.7396040163930593e-10
19.66	1.7194601298342604e-10
19.67	1.7002399488319497e-10
19.68	1.6820056458755062e-10
19.69	1.6646950484755507e-10
19.7	1.644524516564161e-10
19.71	1.6253753898354262e-10
19.72	1.6089618526393679e-10
19.73	1.5926016061484916e-10
19.74	1.573763341866652e-10
19.75	1.5545076337275532e-10
19.76	1.5377654705162058e-10
19.77	1.5231904626489268e-10
19.78	1.5051515589448172e-10
19.79	1.4875922715873457e-10
19.8	1.4701484474244353e-10
19.81	1.4554313310100042e-10
19.82	1.438875685266794e-10
19.83	1.4214762700248684e-10
19.84	1.4051959595917651e-10
19.85	1.3888001859641008e-10
19.86	1.3731327186405906e-10
19.87	1.3570389256756243e-10
19.88	1.34099842341584e-10
19.89	1.3242384966360987e-10
19.9	1.3100187601366997e-10
19.91	1.2958434325582857e-10
19.92	1.2794654224990154e-10
19.93	1.262971949245184e-10
19.94	1.24906307519268e-10
19.95	1.2364242962803473e-10
19.96	1.2210410460511412e-10
19.97	1.2070788812934552e-10
19.98	1.1930723076147842e-10
19.99	1.1802825383711024e-10
20.0	1.1654854858988983e-10
20.01	1.1531575694334606e-10
20.02	1.1413181510988579e-10
20.03	1.1270717692468679e-10
20.04	1.1125589338689679e-10
20.05	1.1013856493491403e-10
20.06	1.0895462310145376e-10
20.07	1.0752287948889716e-10
20.08	1.0624567892136838e-10
20.09	1.0515766035723573e-10
20.1	1.0404299644051207e-10
20.11	1.0276046680246509e-10
20.12	1.0146639084496201e-10
20.13	1.0042011666655526e-10
20.14	9.937473066656821e-11
20.15	9.819256518994735e-11
20.16	9.698286618231577e-11
20.17	9.584510962667991e-11
20.18	9.477130191726246e-11
20.19	9.371170506256021e-11
20.2	9.270451073462027e-11
20.21	9.14734954449159e-11
20.22	9.037659509658624e-11
20.23	8.93862761586206e-11
20.24	8.841549714588837e-11
20.25	8.710010490631248e-11
20.26	8.611689139570444e-11
20.27	8.521716665654822e-11
20.28	8.430944831161469e-11
20.29	8.312106558605592e-11
20.3	8.216183289277978e-11
20.31	8.122214012473705e-11
20.32	8.033218534819753e-11
20.33	7.930722745186358e-11
20.34	7.840394999902855e-11
20.35	7.745981633888732e-11
20.36	7.650768907296879e-11
20.37	7.567191318003097e-11
20.38	7.483169639499465e-11
20.39	7.390266176798832e-11
20.4	7.3018036061967e-11
20.41	7.215739117327757e-11
20.42	7.138734048339757e-11
20.43	7.057288087253255e-11
20.44	6.961808907135492e-11
20.45	6.884359748937641e-11
20.46	6.80921985463101e-11
20.47	6.7346128673762e-11
20.48	6.660627605015179e-11
20.49	6.583800171711118e-11
20.5	6.502443028466587e-11
20.51	6.435563193463167e-11
20.52	6.369837990405358e-11
20.53	6.291056564577957e-11
20.54	6.211475778172826e-11
20.55	6.142197861436216e-11
20.56	6.074074576645216e-11
20.57	6.006661834589977e-11
20.58	5.923617152348015e-11
20.59	5.849276618619115e-11
20.6	5.7831073263514554e-11
20.61	5.714628770192576e-11
20.62	5.6416205040932255e-11
20.63	5.5640825280534045e-11
20.64	5.494893429158765e-11
20.65	5.433520300357486e-11
20.66	5.362288391097536e-11
20.67	5.2940762884645665e-11
20.68	5.227995814038877e-11
20.69	5.168843131286849e-11
20.7	5.1032067460710095e-11
20.71	5.047429141313842e-11
20.72	4.986500101722413e-11
20.73	4.9246828837112844e-11
20.74	4.872102721265037e-11
20.75	4.8194337409768195e-11
20.76	4.7541526271288603e-11
20.77	4.700329014895033e-11
20.78	4.646683038345145e-11
20.79	4.5983661323134584e-11
20.8	4.5363712786183896e-11
20.81	4.480416038177282e-11
20.82	4.4294345968864945e-11
20.83	4.381828233590568e-11
20.84	4.333511327558881e-11
20.85	4.282174614900214e-11
20.86	4.2309267200835166e-11
20.87	4.179145918214999e-11
20.88	4.132960640390593e-11
20.89	4.0886405372475565e-11
20.9	4.036326828327219e-11
20.91	3.9814374019897514e-11
20.92	3.930100689331084e-11
20.93	3.891909017283979e-11
20.94	3.838618312101971e-11
20.95	3.7848835177101137e-11
20.96	3.7412739573028375e-11
20.97	3.6985525753152615e-11
20.98	3.6481928589182644e-11
20.99	3.604760934194928e-11
21.0	3.5638159090467525e-11
21.01	3.5214497984270565e-11
21.02	3.4790836878073605e-11
21.03	3.4433789153354155e-11
21.04	3.4000358084540494e-11
21.05	3.348255006585532e-11
21.06	3.307043527911446e-11
21.07	3.2725822052270814e-11
21.08	3.229061462661775e-11
21.09	3.1799451960523584e-11
21.1	3.135713910751292e-11
21.11	3.097611056546157e-11
21.12	3.057820663343591e-11
21.13	3.023004069291346e-11
21.14	2.97948332672604e-11
21.15	2.9457325467774353e-11
21.16	2.9102054099894303e-11
21.17	2.8766322657247656e-11
21.18	2.844924296141471e-11
21.19	2.8117952410866565e-11
21.2	2.780264907187302e-11
21.21	2.751576744230988e-11
21.22	2.7220892206969438e-11
21.23	2.680433652813008e-11
21.24	2.6505908579110837e-11
21.25	2.6254554086335702e-11
21.26	2.5934809855243657e-11
21.27	2.55342413879589e-11
21.28	2.5219826227385056e-11
21.29	2.4924062813624914e-11
21.3	2.4667379250331578e-11
21.31	2.4360957695535035e-11
21.32	2.404743071338089e-11
21.33	2.376410179749655e-11
21.34	2.3452351172181807e-11
21.35	2.3216095712541573e-11
21.36	2.2875923377796425e-11
21.37	2.2583712677715084e-11
21.38	2.2297719226571644e-11
21.39	2.19877449580963e-11
21.4	2.170796875589076e-11
21.41	2.142108712632762e-11
21.42	2.1118218285209878e-11
21.43	2.0803803124636033e-11
21.44	2.0595081196006504e-11
21.45	2.034816759532987e-11
21.46	2.0045298754212126e-11
21.47	1.9826806862965896e-11
21.48	1.9590551403325662e-11
21.49	1.9392487615732534e-11
21.5	1.9180212973424204e-11
21.51	1.894751022746277e-11
21.52	1.8674839452614833e-11
21.53	1.8495427411835408e-11
21.54	1.829825180266198e-11
21.55	1.8044232774627744e-11
21.56	1.7780443783976807e-11
21.57	1.7537971075398673e-11
21.58	1.7362111748298048e-11
21.59	1.7127632645497215e-11
21.6	1.6915358003188885e-11
21.61	1.6648904477278847e-11
21.62	1.6496137789090426e-11
21.63	1.6272316827325994e-11
21.64	1.609912203548447e-11
21.65	1.5834444866413833e-11
21.66	1.5647927398276806e-11
21.67	1.545608085962158e-11
21.68	1.5232259897857148e-11
21.69	1.502797886132612e-11
21.7	1.483169143057239e-11
21.71	1.4642509427176265e-11
21.72	1.4455991959039238e-11
21.73	1.4312107055047818e-11
21.74	1.4082957022765186e-11
21.75	1.3911538587763062e-11
21.76	1.3767653683771641e-11
21.77	1.3630874207137822e-11
21.78	1.3437251311643195e-11
21.79	1.3269385590319871e-11
21.8	1.3131717935266352e-11
21.81	1.298428031759613e-11
21.82	1.2768452961609e-11
21.83	1.2638778912332782e-11
21.84	1.2467360477330658e-11
21.85	1.2290612971810333e-11
21.86	1.213074085626431e-11
21.87	1.1972645097557688e-11
21.88	1.1789680343099462e-11
21.89	1.163424911965194e-11
21.9	1.149214057249992e-11
21.91	1.1385559162135905e-11
21.92	1.1211476191874681e-11
21.93	1.1033840507934656e-11
21.94	1.0914824599694839e-11
21.95	1.0793144156195922e-11
21.96	1.0669687355857604e-11
21.97	1.0529355165544985e-11
21.98	1.0401457473108167e-11
21.99	1.0254019855437946e-11
22.0	1.0127010341420828e-11
22.01	1.0015099860538612e-11
22.02	9.877432205485093e-12
22.03	9.728218230975472e-12
22.04	9.595879646440153e-12
22.05	9.497291841853439e-12
22.06	9.332090655789216e-12
22.07	9.209522033870599e-12
22.08	9.094947017729282e-12
22.09	8.994582856303168e-12
22.1	8.843592524954147e-12
22.11	8.693490372024826e-12
22.12	8.563816322748607e-12
22.13	8.464340339742193e-12
22.14	8.316014543652273e-12
22.15	8.196110456992756e-12
22.16	8.054001909840736e-12
22.17	7.952749569994921e-12
22.18	7.852385408568807e-12
22.19	7.761791209759394e-12
22.2	7.675637903048482e-12
22.21	7.564615600585967e-12
22.22	7.477574115455354e-12
22.23	7.411848912397545e-12
22.24	7.330136497785134e-12
22.25	7.243983191074221e-12
22.26	7.16582349014061e-12
22.27	7.0956573949843005e-12
22.28	7.01927405089009e-12
22.29	6.9038108563290734e-12
22.3	6.822986620136362e-12
22.31	6.73505695658605e-12
22.32	6.66577903984944e-12
22.33	6.5574212726460246e-12
22.34	6.4579452896396106e-12
22.35	6.3513638792755955e-12
22.36	6.2874150330571865e-12
22.37	6.2163607594811765e-12
22.38	6.122213846992963e-12
22.39	6.022737863986549e-12
22.4	5.942801806213538e-12
22.41	5.853095785823825e-12
22.42	5.777600620149315e-12
22.43	5.687894599759602e-12
22.44	5.586642259913788e-12
22.45	5.5004889532028756e-12
22.46	5.4436455343420675e-12
22.47	5.353939513952355e-12
22.48	5.277556169858144e-12
22.49	5.206501896282134e-12
22.5	5.146993942162226e-12
22.51	5.055511564933113e-12
22.52	5.0031090381708054e-12
22.53	4.937383835112996e-12
22.54	4.862776847858186e-12
22.55	4.789946217442775e-12
22.56	4.744649118038069e-12
22.57	4.6842529854984605e-12
22.58	4.5989878572072485e-12
22.59	4.526157226791838e-12
22.6	4.4781955921280314e-12
22.61	4.419575816427823e-12
22.62	4.346745186012413e-12
22.63	4.281908161374304e-12
22.64	4.242828310907498e-12
22.65	4.191313962564891e-12
22.66	4.141575971061684e-12
22.67	4.080291660102375e-12
22.68	4.033218203858269e-12
22.69	3.9896974612929625e-12
22.7	3.949729432406457e-12
22.71	3.893774191965349e-12
22.72	3.839595308363641e-12
22.73	3.793410030539235e-12
22.74	3.749889287973929e-12
22.75	3.707256723828323e-12
22.76	3.637978807091713e-12
22.77	3.594458064526407e-12
22.78	3.5553782140596013e-12
22.79	3.518074720432196e-12
22.8	3.4434677331773855e-12
22.81	3.4017233474514796e-12
22.82	3.360867140145274e-12
22.83	3.3164582191602676e-12
22.84	3.269384762916161e-12
22.85	3.213429522475053e-12
22.86	3.1663560662309465e-12
22.87	3.1024072200125374e-12
22.88	3.0588864774472313e-12
22.89	3.008260307524324e-12
22.9	2.9451996397256153e-12
22.91	2.900790718740609e-12
22.92	2.8563817977556027e-12
22.93	2.8190783041281975e-12
22.94	2.772893026303791e-12
22.95	2.7338131758369855e-12
22.96	2.6991742174686806e-12
22.97	2.6689761511988763e-12
22.98	2.630784479151771e-12
22.99	2.5979218776228663e-12
23.0	2.5659474545136618e-12
23.01	2.5295321393059567e-12
23.02	2.496669537777052e-12
23.03	2.4726887204451486e-12
23.04	2.4371615836571436e-12
23.05	2.3945290195115376e-12
23.06	2.3669954885008337e-12
23.07	2.3456792064280307e-12
23.08	2.3154811401582265e-12
23.09	2.2781776465308212e-12
23.1	2.248867758680717e-12
23.11	2.2213342276700132e-12
23.12	2.20001794559721e-12
23.13	2.1609380951304047e-12
23.14	2.1183055309847987e-12
23.15	2.0952128920725954e-12
23.16	2.063238468963391e-12
23.17	2.0374812947920873e-12
23.18	1.9904078385479806e-12
23.19	1.9602097722781764e-12
23.2	1.9326762412674725e-12
23.21	1.9024781749976682e-12
23.22	1.8696155734687636e-12
23.23	1.8394175071989594e-12
23.24	1.8136603330276557e-12
23.25	1.7887913372760522e-12
23.26	1.7692514120426495e-12
23.27	1.7355006320940447e-12
23.28	1.7070789226636407e-12
23.29	1.6902035326893383e-12
23.3	1.673328142715036e-12
23.31	1.63158375698913e-12
23.32	1.6120438317557273e-12
23.33	1.5871748360041238e-12
23.34	1.5543122344752192e-12
23.35	1.531219595563016e-12
23.36	1.517896919267514e-12
23.37	1.4885870314174099e-12
23.38	1.4628298572461063e-12
23.39	1.4388490399142029e-12
23.4	1.4264145420384011e-12
23.41	1.4050982599655981e-12
23.42	1.3811174426336947e-12
23.43	1.3624656958199921e-12
23.44	1.3491430195244902e-12
23.45	1.3322676295501878e-12
23.46	1.3038459201197838e-12
23.47	1.2878587085651816e-12
23.48	1.27631238910908e-12
23.49	1.2594369991347776e-12
23.5	1.234568003383174e-12
23.51	1.2159162565694714e-12
23.52	1.1999290450148692e-12
23.53	1.1821654766208667e-12
23.54	1.1723955140041653e-12
23.55	1.1501910535116622e-12
23.56	1.127098414599459e-12
23.57	1.1119993814645568e-12
23.58	1.1004530620084552e-12
23.59	1.0826894936144527e-12
23.6	1.0551559626037488e-12
23.61	1.042721464727947e-12
23.62	1.0293987884324451e-12
23.63	1.0018652574217413e-12
23.64	9.894307595459395e-13
23.65	9.734435479913373e-13
23.66	9.627854069549358e-13
23.67	9.423573033018329e-13
23.68	9.316991622654314e-13
23.69	9.14823772291129e-13
23.7	9.023892744153272e-13
23.71	8.899547765395255e-13
23.72	8.801848139228241e-13
23.73	8.659739592076221e-13
23.74	8.499867476530198e-13
23.75	8.348877145181177e-13
23.76	8.251177519014163e-13
23.77	8.126832540256146e-13
23.78	7.949196856316121e-13
23.79	7.833733661755105e-13
23.8	7.753797603982093e-13
23.81	7.664979762012081e-13
23.82	7.531752999057062e-13
23.83	7.442935157087049e-13
23.84	7.318590178329032e-13
23.85	7.238654120556021e-13
23.86	7.176481631177012e-13
23.87	7.052136652418994e-13
23.88	6.954437026251981e-13
23.89	6.865619184281968e-13
23.9	6.785683126508957e-13
23.91	6.705747068735946e-13
23.92	6.554756737386924e-13
23.93	6.439293542825908e-13
23.94	6.31494856406789e-13
23.95	6.261657858885883e-13
23.96	6.10178574333986e-13
23.97	6.012967901369848e-13
23.98	5.870859354217828e-13
23.99	5.808686864838819e-13
24.0	5.728750807065808e-13
24.01	5.595524044110789e-13
24.02	5.524469770534779e-13
24.03	5.46229728115577e-13
24.04	5.382361223382759e-13
24.05	5.293543381412746e-13
24.06	5.213607323639735e-13
24.07	5.133671265866724e-13
24.08	5.098144129078719e-13
24.09	5.027089855502709e-13
24.1	4.947153797729698e-13
24.11	4.858335955759685e-13
24.12	4.787281682183675e-13
24.13	4.742872761198669e-13
24.14	4.662936703425657e-13
24.15	4.60964599824365e-13
24.16	4.511946372076636e-13
24.17	4.476419235288631e-13
24.18	4.440892098500626e-13
24.19	4.3787196091216174e-13
24.2	4.32542890393961e-13
24.21	4.2454928461665986e-13
24.22	4.156675004196586e-13
24.23	4.0945025148175773e-13
24.24	4.005684672847565e-13
24.25	3.9168668308775523e-13
24.26	3.863576125695545e-13
24.27	3.801403636316536e-13
24.28	3.730349362740526e-13
24.29	3.6504133049675147e-13
24.3	3.5704772471945034e-13
24.31	3.5438318946034997e-13
24.32	3.4994229736184934e-13
24.33	3.4372504842394846e-13
24.34	3.3661962106634746e-13
24.35	3.339550858072471e-13
24.36	3.2951419370874646e-13
24.37	3.2596148002994596e-13
24.38	3.2240876635114546e-13
24.39	3.135269821541442e-13
24.4	3.0730973321624333e-13
24.41	3.0375701953744283e-13
24.42	3.0020430585864233e-13
24.43	2.8954616482224083e-13
24.44	2.8421709430404007e-13
24.45	2.788880237858393e-13
24.46	2.7355895326763857e-13
24.47	2.6911806116913795e-13
24.48	2.6290081223123707e-13
24.49	2.611244553918368e-13
24.5	2.575717417130363e-13
24.51	2.540190280342358e-13
24.52	2.4868995751603507e-13
24.53	2.4780177909633494e-13
24.54	2.4424906541753444e-13
24.55	2.433608869978343e-13
24.56	2.4158453015843406e-13
24.57	2.362554596402333e-13
24.58	2.3092638912203256e-13
24.59	2.291500322826323e-13
24.6	2.2737367544323206e-13
24.61	2.1938006966593093e-13
24.62	2.1405099914773018e-13
24.63	2.1049828546892968e-13
24.64	2.0961010704922955e-13
24.65	2.0694557179012918e-13
24.66	2.0339285811132868e-13
24.67	2.0161650127192843e-13
24.68	1.9895196601282805e-13
24.69	1.9539925233402755e-13
24.7	1.9273471707492718e-13
24.71	1.8829382497642655e-13
24.72	1.829647544582258e-13
24.73	1.8030021919912542e-13
24.74	1.7319479184152442e-13
24.75	1.7053025658242404e-13
24.76	1.6697754290362354e-13
24.77	1.5987211554602254e-13
24.78	1.5987211554602254e-13
24.79	1.580957587066223e-13
24.8	1.5631940186722204e-13
24.81	1.5187850976872141e-13
24.82	1.509903313490213e-13
24.83	1.5010215292932116e-13
24.84	1.4832579608992091e-13
24.85	1.474376176702208e-13
24.86	1.4299672557172016e-13
24.87	1.4299672557172016e-13
24.88	1.412203687323199e-13
24.89	1.3944401189291966e-13
24.9	1.3677947663381929e-13
24.91	1.3322676295501878e-13
24.92	1.3145040611561853e-13
24.93	1.305622276959184e-13
24.94	1.2612133559741778e-13
24.95	1.234568003383174e-13
24.96	1.2256862191861728e-13
24.97	1.199040866595169e-13
24.98	1.1901590823981678e-13
24.99	1.1546319456101628e-13
25.0	1.127986593019159e-13
25.01	1.1102230246251565e-13
25.02	1.1013412404281553e-13
25.03	1.0480505352461478e-13
25.04	1.0391687510491465e-13
25.05	1.0302869668521453e-13
25.06	1.0036416142611415e-13
25.07	9.947598300641403e-14
25.08	9.947598300641403e-14
25.09	9.681144774731365e-14
25.1	9.592326932761353e-14
25.11	9.592326932761353e-14
25.12	9.50350909079134e-14
25.13	9.237055564881302e-14
25.14	9.237055564881302e-14
25.15	9.14823772291129e-14
25.16	8.970602038971265e-14
25.17	8.79296635503124e-14
25.18	8.615330671091215e-14
25.19	8.43769498715119e-14
25.2	8.171241461241152e-14
25.21	8.171241461241152e-14
25.22	7.993605777301127e-14
25.23	7.638334409421077e-14
25.24	7.460698725481052e-14
25.25	7.460698725481052e-14
25.26	7.194245199571014e-14
25.27	7.194245199571014e-14
25.28	6.927791673660977e-14
25.29	6.838973831690964e-14
25.3	6.661338147750939e-14
25.31	6.661338147750939e-14
25.32	6.483702463810914e-14
25.33	6.394884621840902e-14
25.34	6.306066779870889e-14
25.35	6.128431095930864e-14
25.36	6.039613253960852e-14
25.37	6.039613253960852e-14
25.38	5.861977570020827e-14
25.39	5.861977570020827e-14
25.4	5.773159728050814e-14
25.41	5.5067062021407764e-14
25.42	5.5067062021407764e-14
25.43	5.5067062021407764e-14
25.44	5.5067062021407764e-14
25.45	5.062616992290714e-14
25.46	4.884981308350689e-14
25.47	4.618527782440651e-14
25.48	4.529709940470639e-14
25.49	4.3520742565306136e-14
25.5	4.085620730620576e-14
25.51	4.085620730620576e-14
25.52	4.085620730620576e-14
25.53	4.085620730620576e-14
25.54	4.085620730620576e-14
25.55	4.085620730620576e-14
25.56	4.085620730620576e-14
25.57	4.085620730620576e-14
25.58	4.085620730620576e-14
25.59	3.9968028886505635e-14
25.6	3.9968028886505635e-14
25.61	3.9968028886505635e-14
25.62	3.907985046680551e-14
25.63	3.8191672047105385e-14
25.64	3.6415315207705135e-14
25.65	3.552713678800501e-14
25.66	3.552713678800501e-14
25.67	3.375077994860476e-14
25.68	3.375077994860476e-14
25.69	3.2862601528904634e-14
25.7	3.108624468950438e-14
25.71	3.108624468950438e-14
25.72	3.108624468950438e-14
25.73	2.842170943040401e-14
25.74	2.7533531010703882e-14
25.75	2.6645352591003757e-14
25.76	2.4868995751603507e-14
25.77	2.4868995751603507e-14
25.78	2.398081733190338e-14
25.79	2.220446049250313e-14
25.8	2.220446049250313e-14
25.81	2.220446049250313e-14
25.82	2.1316282072803006e-14
25.83	2.1316282072803006e-14
25.84	2.1316282072803006e-14
25.85	2.042810365310288e-14
25.86	2.042810365310288e-14
25.87	2.042810365310288e-14
25.88	2.042810365310288e-14
25.89	2.042810365310288e-14
25.9	2.042810365310288e-14
25.91	2.042810365310288e-14
25.92	1.865174681370263e-14
25.93	1.7763568394002505e-14
25.94	1.7763568394002505e-14
25.95	1.7763568394002505e-14
25.96	1.5987211554602254e-14
25.97	1.5987211554602254e-14
25.98	1.5987211554602254e-14
25.99	1.5987211554602254e-14
26.0	1.5987211554602254e-14
26.01	1.509903313490213e-14
26.02	1.509903313490213e-14
26.03	1.509903313490213e-14
26.04	1.509903313490213e-14
26.05	1.4210854715202004e-14
26.06	1.4210854715202004e-14
26.07	1.4210854715202004e-14
26.08	1.4210854715202004e-14
26.09	1.4210854715202004e-14
26.1	1.4210854715202004e-14
26.11	1.3322676295501878e-14
26.12	1.3322676295501878e-14
26.13	1.3322676295501878e-14
26.14	1.2434497875801753e-14
26.15	1.2434497875801753e-14
26.16	1.2434497875801753e-14
26.17	1.2434497875801753e-14
26.18	1.1546319456101628e-14
26.19	1.1546319456101628e-14
26.2	1.0658141036401503e-14
26.21	9.769962616701378e-15
26.22	8.881784197001252e-15
26.23	7.993605777301127e-15
26.24	7.993605777301127e-15
26.25	7.105427357601002e-15
26.26	7.105427357601002e-15
26.27	7.105427357601002e-15
26.28	7.105427357601002e-15
26.29	7.105427357601002e-15
26.3	7.105427357601002e-15
26.31	7.105427357601002e-15
26.32	7.105427357601002e-15
26.33	7.105427357601002e-15
26.34	7.105427357601002e-15
26.35	7.105427357601002e-15
26.36	7.105427357601002e-15
26.37	7.105427357601002e-15
26.38	7.105427357601002e-15
26.39	7.105427357601002e-15
26.4	7.105427357601002e-15
26.41	7.105427357601002e-15
26.42	7.105427357601002e-15
26.43	7.105427357601002e-15
26.44	7.105427357601002e-15
26.45	7.105427357601002e-15
26.46	7.105427357601002e-15
26.47	6.217248937900877e-15
26.48	6.217248937900877e-15
26.49	5.329070518200751e-15
26.5	5.329070518200751e-15
26.51	4.440892098500626e-15
26.52	3.552713678800501e-15
26.53	3.552713678800501e-15
26.54	3.552713678800501e-15
26.55	3.552713678800501e-15
26.56	3.552713678800501e-15
26.57	3.552713678800501e-15
26.58	3.552713678800501e-15
26.59	3.552713678800501e-15
26.6	3.552713678800501e-15
26.61	3.552713678800501e-15
26.62	3.552713678800501e-15
26.63	3.552713678800501e-15
26.64	3.552713678800501e-15
26.65	2.6645352591003757e-15
26.66	2.6645352591003757e-15
26.67	2.6645352591003757e-15
26.68	2.6645352591003757e-15
26.69	1.7763568394002505e-15
26.7	1.7763568394002505e-15
26.71	1.7763568394002505e-15
26.72	1.7763568394002505e-15
26.73	1.7763568394002505e-15
26.74	1.7763568394002505e-15
26.75	1.7763568394002505e-15
26.76	1.7763568394002505e-15
26.77	1.7763568394002505e-15
26.78	1.7763568394002505e-15
26.79	1.7763568394002505e-15
26.8	1.7763568394002505e-15
26.81	1.7763568394002505e-15
26.82	1.7763568394002505e-15
26.83	1.7763568394002505e-15
26.84	1.7763568394002505e-15
26.85	1.7763568394002505e-15
26.86	1.7763568394002505e-15
26.87	1.7763568394002505e-15
26.88	1.7763568394002505e-15
26.89	1.7763568394002505e-15
26.9	1.7763568394002505e-15
26.91	1.7763568394002505e-15
26.92	1.7763568394002505e-15
26.93	1.7763568394002505e-15
26.94	8.881784197001252e-16
26.95	8.881784197001252e-16
26.96	8.881784197001252e-16
26.97	8.881784197001252e-16
26.98	0.0
