5.58	0.0005052089691162109
5.59	0.0004999637603759766
5.6	0.00049591064453125
5.61	0.0004909038543701172
5.62	0.00048732757568359375
5.63	0.00048279762268066406
5.64	0.0004773139953613281
5.65	0.0004715919494628906
5.66	0.0004639625549316406
5.67	0.00045752525329589844
5.68	0.0004513263702392578
5.69	0.000446319580078125
5.7	0.0004432201385498047
5.71	0.0004379749298095703
5.72	0.0004329681396484375
5.73	0.0004298686981201172
5.74	0.00042510032653808594
5.75	0.00042057037353515625
5.76	0.0004172325134277344
5.77	0.00041222572326660156
5.78	0.000408172607421875
5.79	0.00040459632873535156
5.8	0.0003998279571533203
5.81	0.0003962516784667969
5.82	0.0003910064697265625
5.83	0.0003864765167236328
5.84	0.0003833770751953125
5.85	0.00038051605224609375
5.86	0.0003788471221923828
5.87	0.00037550926208496094
5.88	0.0003731250762939453
5.89	0.0003707408905029297
5.9	0.0003662109375
5.91	0.0003631114959716797
5.92	0.00035858154296875
5.93	0.0003542900085449219
5.94	0.00034928321838378906
5.95	0.0003457069396972656
5.96	0.00034165382385253906
5.97	0.0003364086151123047
5.98	0.00033092498779296875
5.99	0.00032711029052734375
6.0	0.00032329559326171875
6.01	0.0003204345703125
6.02	0.0003173351287841797
6.03	0.0003139972686767578
6.04	0.0003120899200439453
6.05	0.0003085136413574219
6.06	0.0003039836883544922
6.07	0.00030159950256347656
6.08	0.0002968311309814453
6.09	0.0002930164337158203
6.1	0.00029015541076660156
6.11	0.00028634071350097656
6.12	0.0002837181091308594
6.13	0.00028014183044433594
6.14	0.0002772808074951172
6.15	0.00027561187744140625
6.16	0.0002722740173339844
6.17	0.0002713203430175781
6.18	0.00026917457580566406
6.19	0.0002663135528564453
6.2	0.0002644062042236328
6.21	0.0002613067626953125
6.22	0.00025773048400878906
6.23	0.00025534629821777344
6.24	0.0002510547637939453
6.25	0.0002484321594238281
6.26	0.0002453327178955078
6.27	0.00024199485778808594
6.28	0.0002384185791015625
6.29	0.00023555755615234375
6.3	0.00023174285888671875
6.31	0.0002300739288330078
6.32	0.00022721290588378906
6.33	0.00022530555725097656
6.34	0.0002231597900390625
6.35	0.0002200603485107422
6.36	0.00021719932556152344
6.37	0.000213623046875
6.38	0.00021147727966308594
6.39	0.0002086162567138672
6.4	0.00020623207092285156
6.41	0.0002052783966064453
6.42	0.0002028942108154297
6.43	0.00020074844360351562
6.44	0.0001976490020751953
6.45	0.00019598007202148438
6.46	0.00019359588623046875
6.47	0.00019240379333496094
6.48	0.0001900196075439453
6.49	0.00018858909606933594
6.5	0.00018739700317382812
6.51	0.0001850128173828125
6.52	0.00018167495727539062
6.53	0.00017905235290527344
6.54	0.00017690658569335938
6.55	0.00017499923706054688
6.56	0.00017189979553222656
6.57	0.0001709461212158203
6.58	0.00016760826110839844
6.59	0.00016498565673828125
6.6	0.00016236305236816406
6.61	0.00015974044799804688
6.62	0.00015735626220703125
6.63	0.00015616416931152344
6.64	0.00015497207641601562
6.65	0.0001537799835205078
6.66	0.00015211105346679688
6.67	0.0001499652862548828
6.68	0.0001480579376220703
6.69	0.00014662742614746094
6.7	0.00014400482177734375
6.71	0.0001437664031982422
6.72	0.00014162063598632812
6.73	0.00014066696166992188
6.74	0.00013875961303710938
6.75	0.00013637542724609375
6.76	0.00013446807861328125
6.77	0.00013256072998046875
6.78	0.00013065338134765625
6.79	0.00012993812561035156
6.8	0.00012874603271484375
6.81	0.0001277923583984375
6.82	0.000125885009765625
6.83	0.00012350082397460938
6.84	0.00012040138244628906
6.85	0.000118255615234375
6.86	0.0001163482666015625
6.87	0.00011467933654785156
6.88	0.00011277198791503906
6.89	0.00011110305786132812
6.9	0.00010895729064941406
6.91	0.00010752677917480469
6.92	0.00010633468627929688
6.93	0.00010418891906738281
6.94	0.00010395050048828125
6.95	0.00010347366333007812
6.96	0.00010228157043457031
6.97	0.00010204315185546875
6.98	0.00010037422180175781
6.99	9.846687316894531e-05
7.0	9.679794311523438e-05
7.01	9.417533874511719e-05
7.02	9.34600830078125e-05
7.03	9.250640869140625e-05
7.04	9.131431579589844e-05
7.05	9.036064147949219e-05
7.06	8.845329284667969e-05
7.07	8.7738037109375e-05
7.08	8.702278137207031e-05
7.09	8.463859558105469e-05
7.1	8.440017700195312e-05
7.11	8.368492126464844e-05
7.12	8.225440979003906e-05
7.13	8.153915405273438e-05
7.14	7.963180541992188e-05
7.15	7.748603820800781e-05
7.16	7.557868957519531e-05
7.17	7.319450378417969e-05
7.18	7.2479248046875e-05
7.19	7.200241088867188e-05
7.2	7.128715515136719e-05
7.21	7.081031799316406e-05
7.22	6.985664367675781e-05
7.23	6.866455078125e-05
7.24	6.794929504394531e-05
7.25	6.651878356933594e-05
7.26	6.651878356933594e-05
7.27	6.556510925292969e-05
7.28	6.437301635742188e-05
7.29	6.389617919921875e-05
7.3	6.246566772460938e-05
7.31	6.103515625e-05
7.32	5.9604644775390625e-05
7.33	5.817413330078125e-05
7.34	5.793571472167969e-05
7.35	5.7220458984375e-05
7.36	5.698204040527344e-05
7.37	5.650520324707031e-05
7.38	5.53131103515625e-05
7.39	5.459785461425781e-05
7.4	5.316734313964844e-05
7.41	5.269050598144531e-05
7.42	5.221366882324219e-05
7.43	5.1021575927734375e-05
7.44	5.030632019042969e-05
7.45	4.982948303222656e-05
7.46	4.8160552978515625e-05
7.47	4.744529724121094e-05
7.48	4.6253204345703125e-05
7.49	4.506111145019531e-05
7.5	4.506111145019531e-05
7.51	4.458427429199219e-05
7.52	4.410743713378906e-05
7.53	4.38690185546875e-05
7.54	4.291534423828125e-05
7.55	4.2438507080078125e-05
7.56	4.1484832763671875e-05
7.57	4.124641418457031e-05
7.58	4.076957702636719e-05
7.59	4.029273986816406e-05
7.6	4.00543212890625e-05
7.61	3.933906555175781e-05
7.62	3.838539123535156e-05
7.63	3.743171691894531e-05
7.64	3.647804260253906e-05
7.65	3.552436828613281e-05
7.66	3.528594970703125e-05
7.67	3.457069396972656e-05
7.68	3.3855438232421875e-05
7.69	3.337860107421875e-05
7.7	3.24249267578125e-05
7.71	3.170967102050781e-05
7.72	3.0994415283203125e-05
7.73	3.075599670410156e-05
7.74	2.9802322387695312e-05
7.75	2.9325485229492188e-05
7.76	2.8848648071289062e-05
7.77	2.8133392333984375e-05
7.78	2.7179718017578125e-05
7.79	2.6702880859375e-05
7.8	2.5510787963867188e-05
7.81	2.5510787963867188e-05
7.82	2.5033950805664062e-05
7.83	2.5033950805664062e-05
7.84	2.47955322265625e-05
7.85	2.47955322265625e-05
7.86	2.4080276489257812e-05
7.87	2.4080276489257812e-05
7.88	2.384185791015625e-05
7.89	2.3603439331054688e-05
7.9	2.3365020751953125e-05
7.91	2.3126602172851562e-05
7.92	2.2649765014648438e-05
7.93	2.193450927734375e-05
7.94	2.0742416381835938e-05
7.95	2.0503997802734375e-05
7.96	1.9311904907226562e-05
7.97	1.9311904907226562e-05
7.98	1.8835067749023438e-05
7.99	1.8596649169921875e-05
8.0	1.8596649169921875e-05
8.01	1.811981201171875e-05
8.02	1.6927719116210938e-05
8.03	1.6450881958007812e-05
8.04	1.5974044799804688e-05
8.05	1.5735626220703125e-05
8.06	1.5020370483398438e-05
8.07	1.5020370483398438e-05
8.08	1.4543533325195312e-05
8.09	1.4066696166992188e-05
8.1	1.33514404296875e-05
8.11	1.33514404296875e-05
8.12	1.3113021850585938e-05
8.13	1.3113021850585938e-05
8.14	1.3113021850585938e-05
8.15	1.2874603271484375e-05
8.16	1.2874603271484375e-05
8.17	1.2874603271484375e-05
8.18	1.1920928955078125e-05
8.19	1.1920928955078125e-05
8.2	1.1682510375976562e-05
8.21	1.1682510375976562e-05
8.22	1.1444091796875e-05
8.23	1.1444091796875e-05
8.24	1.1205673217773438e-05
8.25	1.049041748046875e-05
8.26	1.049041748046875e-05
8.27	1.0251998901367188e-05
8.28	1.0013580322265625e-05
8.29	1.0013580322265625e-05
8.3	1.0013580322265625e-05
8.31	9.775161743164062e-06
8.32	9.5367431640625e-06
8.33	9.059906005859375e-06
8.34	8.58306884765625e-06
8.35	8.106231689453125e-06
8.36	7.867813110351562e-06
8.37	7.867813110351562e-06
8.38	7.867813110351562e-06
8.39	7.62939453125e-06
8.4	7.62939453125e-06
8.41	6.9141387939453125e-06
8.42	6.9141387939453125e-06
8.43	6.67572021484375e-06
8.44	6.4373016357421875e-06
8.45	6.4373016357421875e-06
8.46	6.4373016357421875e-06
8.47	6.198883056640625e-06
8.48	6.198883056640625e-06
8.49	5.7220458984375e-06
8.5	5.4836273193359375e-06
8.51	5.245208740234375e-06
8.52	5.245208740234375e-06
8.53	5.245208740234375e-06
8.54	5.245208740234375e-06
8.55	5.0067901611328125e-06
8.56	5.0067901611328125e-06
8.57	4.5299530029296875e-06
8.58	4.5299530029296875e-06
8.59	4.291534423828125e-06
8.6	4.291534423828125e-06
8.61	4.291534423828125e-06
8.62	4.291534423828125e-06
8.63	4.291534423828125e-06
8.64	4.291534423828125e-06
8.65	3.814697265625e-06
8.66	3.814697265625e-06
8.67	3.337860107421875e-06
8.68	3.337860107421875e-06
8.69	3.337860107421875e-06
8.7	3.0994415283203125e-06
8.71	3.0994415283203125e-06
8.72	3.0994415283203125e-06
8.73	2.6226043701171875e-06
8.74	2.6226043701171875e-06
8.75	2.384185791015625e-06
8.76	2.384185791015625e-06
8.77	2.384185791015625e-06
8.78	2.384185791015625e-06
8.79	2.384185791015625e-06
8.8	2.384185791015625e-06
8.81	1.9073486328125e-06
8.82	1.9073486328125e-06
8.83	1.430511474609375e-06
8.84	1.430511474609375e-06
8.85	1.430511474609375e-06
8.86	1.1920928955078125e-06
8.87	1.1920928955078125e-06
8.88	1.1920928955078125e-06
8.89	9.5367431640625e-07
8.9	9.5367431640625e-07
8.91	9.5367431640625e-07
8.92	9.5367431640625e-07
8.93	9.5367431640625e-07
8.94	9.5367431640625e-07
8.95	9.5367431640625e-07
8.96	7.152557373046875e-07
8.97	7.152557373046875e-07
8.98	7.152557373046875e-07
8.99	4.76837158203125e-07
9.0	4.76837158203125e-07
9.01	4.76837158203125e-07
9.02	4.76837158203125e-07
9.03	4.76837158203125e-07
9.04	4.76837158203125e-07
9.05	4.76837158203125e-07
9.06	4.76837158203125e-07
9.07	4.76837158203125e-07
9.08	4.76837158203125e-07
9.09	4.76837158203125e-07
9.1	4.76837158203125e-07
9.11	4.76837158203125e-07
9.12	2.384185791015625e-07
9.13	2.384185791015625e-07
9.14	2.384185791015625e-07
9.15	0.0
