5.85	0.0005035400390625
5.86	0.000499725341796875
5.87	0.00049591064453125
5.88	0.000492095947265625
5.89	0.00048065185546875
5.9	0.00048065185546875
5.91	0.000476837158203125
5.92	0.0004730224609375
5.93	0.000469207763671875
5.94	0.00046539306640625
5.95	0.00046539306640625
5.96	0.000461578369140625
5.97	0.000453948974609375
5.98	0.000446319580078125
5.99	0.000446319580078125
6.0	0.000446319580078125
6.01	0.000446319580078125
6.02	0.00043487548828125
6.03	0.00043487548828125
6.04	0.00042724609375
6.05	0.000415802001953125
6.06	0.0004119873046875
6.07	0.000396728515625
6.08	0.000396728515625
6.09	0.000396728515625
6.1	0.000392913818359375
6.11	0.000392913818359375
6.12	0.000392913818359375
6.13	0.000392913818359375
6.14	0.000392913818359375
6.15	0.00038909912109375
6.16	0.000377655029296875
6.17	0.000362396240234375
6.18	0.000362396240234375
6.19	0.00035858154296875
6.2	0.000354766845703125
6.21	0.0003509521484375
6.22	0.0003509521484375
6.23	0.000347137451171875
6.24	0.00034332275390625
6.25	0.000331878662109375
6.26	0.00032806396484375
6.27	0.00032806396484375
6.28	0.00032806396484375
6.29	0.000324249267578125
6.3	0.000324249267578125
6.31	0.0003204345703125
6.32	0.000316619873046875
6.33	0.00031280517578125
6.34	0.000308990478515625
6.35	0.000308990478515625
6.36	0.00030517578125
6.37	0.000301361083984375
6.38	0.00029754638671875
6.39	0.00029754638671875
6.4	0.00028228759765625
6.41	0.00028228759765625
6.42	0.00028228759765625
6.43	0.00028228759765625
6.44	0.000278472900390625
6.45	0.000274658203125
6.46	0.000270843505859375
6.47	0.00026702880859375
6.48	0.000263214111328125
6.49	0.000263214111328125
6.5	0.0002593994140625
6.51	0.0002593994140625
6.52	0.00025177001953125
6.53	0.000247955322265625
6.54	0.000247955322265625
6.55	0.000247955322265625
6.56	0.000240325927734375
6.57	0.00023651123046875
6.58	0.000232696533203125
6.59	0.000232696533203125
6.6	0.00022125244140625
6.61	0.00022125244140625
6.62	0.000217437744140625
6.63	0.000217437744140625
6.64	0.000213623046875
6.65	0.000209808349609375
6.66	0.0001983642578125
6.67	0.000194549560546875
6.68	0.00019073486328125
6.69	0.00019073486328125
6.7	0.000186920166015625
6.71	0.000186920166015625
6.72	0.000186920166015625
6.73	0.00018310546875
6.74	0.000179290771484375
6.75	0.00017547607421875
6.76	0.00017547607421875
6.77	0.00017547607421875
6.78	0.00017547607421875
6.79	0.00017547607421875
6.8	0.00017547607421875
6.81	0.0001678466796875
6.82	0.0001678466796875
6.83	0.000164031982421875
6.84	0.000164031982421875
6.85	0.000164031982421875
6.86	0.000164031982421875
6.87	0.00016021728515625
6.88	0.00016021728515625
6.89	0.00016021728515625
6.9	0.000156402587890625
6.91	0.000156402587890625
6.92	0.000156402587890625
6.93	0.000152587890625
6.94	0.000152587890625
6.95	0.000152587890625
6.96	0.000152587890625
6.97	0.000152587890625
6.98	0.000152587890625
6.99	0.000152587890625
7.0	0.000152587890625
7.01	0.00014495849609375
7.02	0.0001373291015625
7.03	0.0001373291015625
7.04	0.0001373291015625
7.05	0.0001373291015625
7.06	0.000133514404296875
7.07	0.00012969970703125
7.08	0.00012969970703125
7.09	0.00012969970703125
7.1	0.000125885009765625
7.11	0.0001220703125
7.12	0.0001220703125
7.13	0.0001220703125
7.14	0.000118255615234375
7.15	0.000118255615234375
7.16	0.000118255615234375
7.17	0.000118255615234375
7.18	0.000118255615234375
7.19	0.000118255615234375
7.2	0.00011444091796875
7.21	0.00011444091796875
7.22	0.00011444091796875
7.23	0.000110626220703125
7.24	0.000110626220703125
7.25	0.000110626220703125
7.26	0.000110626220703125
7.27	0.000110626220703125
7.28	0.000110626220703125
7.29	0.000110626220703125
7.3	0.0001068115234375
7.31	0.0001068115234375
7.32	0.0001068115234375
7.33	0.000102996826171875
7.34	9.918212890625e-05
7.35	9.918212890625e-05
7.36	9.918212890625e-05
7.37	9.5367431640625e-05
7.38	9.5367431640625e-05
7.39	9.5367431640625e-05
7.4	9.5367431640625e-05
7.41	9.5367431640625e-05
7.42	9.1552734375e-05
7.43	8.7738037109375e-05
7.44	8.7738037109375e-05
7.45	8.7738037109375e-05
7.46	8.7738037109375e-05
7.47	8.7738037109375e-05
7.48	8.7738037109375e-05
7.49	8.7738037109375e-05
7.5	8.392333984375e-05
7.51	8.0108642578125e-05
7.52	7.62939453125e-05
7.53	7.62939453125e-05
7.54	7.62939453125e-05
7.55	7.62939453125e-05
7.56	7.62939453125e-05
7.57	7.62939453125e-05
7.58	7.62939453125e-05
7.59	7.62939453125e-05
7.6	7.2479248046875e-05
7.61	7.2479248046875e-05
7.62	7.2479248046875e-05
7.63	7.2479248046875e-05
7.64	7.2479248046875e-05
7.65	7.2479248046875e-05
7.66	7.2479248046875e-05
7.67	7.2479248046875e-05
7.68	7.2479248046875e-05
7.69	6.866455078125e-05
7.7	6.4849853515625e-05
7.71	6.4849853515625e-05
7.72	6.4849853515625e-05
7.73	6.4849853515625e-05
7.74	6.4849853515625e-05
7.75	6.4849853515625e-05
7.76	6.4849853515625e-05
7.77	6.4849853515625e-05
7.78	6.103515625e-05
7.79	5.7220458984375e-05
7.8	5.7220458984375e-05
7.81	5.7220458984375e-05
7.82	5.7220458984375e-05
7.83	5.7220458984375e-05
7.84	5.7220458984375e-05
7.85	5.7220458984375e-05
7.86	5.7220458984375e-05
7.87	5.7220458984375e-05
7.88	5.7220458984375e-05
7.89	5.7220458984375e-05
7.9	5.340576171875e-05
7.91	5.340576171875e-05
7.92	5.340576171875e-05
7.93	4.9591064453125e-05
7.94	4.9591064453125e-05
7.95	4.9591064453125e-05
7.96	4.9591064453125e-05
7.97	4.9591064453125e-05
7.98	4.9591064453125e-05
7.99	4.9591064453125e-05
8.0	4.9591064453125e-05
8.01	4.9591064453125e-05
8.02	4.9591064453125e-05
8.03	4.9591064453125e-05
8.04	4.9591064453125e-05
8.05	4.57763671875e-05
8.06	4.57763671875e-05
8.07	4.57763671875e-05
8.08	4.57763671875e-05
8.09	4.1961669921875e-05
8.1	4.1961669921875e-05
8.11	3.814697265625e-05
8.12	3.814697265625e-05
8.13	3.4332275390625e-05
8.14	3.4332275390625e-05
8.15	3.4332275390625e-05
8.16	3.4332275390625e-05
8.17	3.4332275390625e-05
8.18	3.4332275390625e-05
8.19	3.0517578125e-05
8.2	3.0517578125e-05
8.21	3.0517578125e-05
8.22	3.0517578125e-05
8.23	3.0517578125e-05
8.24	3.0517578125e-05
8.25	3.0517578125e-05
8.26	2.6702880859375e-05
8.27	2.6702880859375e-05
8.28	2.6702880859375e-05
8.29	2.6702880859375e-05
8.3	2.6702880859375e-05
8.31	2.6702880859375e-05
8.32	2.6702880859375e-05
8.33	2.6702880859375e-05
8.34	2.6702880859375e-05
8.35	2.6702880859375e-05
8.36	2.6702880859375e-05
8.37	2.6702880859375e-05
8.38	2.6702880859375e-05
8.39	2.6702880859375e-05
8.4	2.6702880859375e-05
8.41	2.6702880859375e-05
8.42	2.6702880859375e-05
8.43	2.6702880859375e-05
8.44	2.6702880859375e-05
8.45	2.6702880859375e-05
8.46	1.9073486328125e-05
8.47	1.9073486328125e-05
8.48	1.9073486328125e-05
8.49	1.9073486328125e-05
8.5	1.9073486328125e-05
8.51	1.9073486328125e-05
8.52	1.9073486328125e-05
8.53	1.9073486328125e-05
8.54	1.52587890625e-05
8.55	1.1444091796875e-05
8.56	1.1444091796875e-05
8.57	1.1444091796875e-05
8.58	1.1444091796875e-05
8.59	1.1444091796875e-05
8.6	1.1444091796875e-05
8.61	1.1444091796875e-05
8.62	1.1444091796875e-05
8.63	1.1444091796875e-05
8.64	1.1444091796875e-05
8.65	1.1444091796875e-05
8.66	1.1444091796875e-05
8.67	1.1444091796875e-05
8.68	1.1444091796875e-05
8.69	1.1444091796875e-05
8.7	1.1444091796875e-05
8.71	1.1444091796875e-05
8.72	1.1444091796875e-05
8.73	1.1444091796875e-05
8.74	1.1444091796875e-05
8.75	1.1444091796875e-05
8.76	1.1444091796875e-05
8.77	1.1444091796875e-05
8.78	1.1444091796875e-05
8.79	1.1444091796875e-05
8.8	1.1444091796875e-05
8.81	1.1444091796875e-05
8.82	1.1444091796875e-05
8.83	1.1444091796875e-05
8.84	1.1444091796875e-05
8.85	1.1444091796875e-05
8.86	1.1444091796875e-05
8.87	1.1444091796875e-05
8.88	1.1444091796875e-05
8.89	1.1444091796875e-05
8.9	1.1444091796875e-05
8.91	1.1444091796875e-05
8.92	1.1444091796875e-05
8.93	1.1444091796875e-05
8.94	1.1444091796875e-05
8.95	1.1444091796875e-05
8.96	7.62939453125e-06
8.97	7.62939453125e-06
8.98	7.62939453125e-06
8.99	7.62939453125e-06
9.0	7.62939453125e-06
9.01	7.62939453125e-06
9.02	7.62939453125e-06
9.03	7.62939453125e-06
9.04	7.62939453125e-06
9.05	7.62939453125e-06
9.06	7.62939453125e-06
9.07	7.62939453125e-06
9.08	7.62939453125e-06
9.09	7.62939453125e-06
9.1	7.62939453125e-06
9.11	7.62939453125e-06
9.12	7.62939453125e-06
9.13	7.62939453125e-06
9.14	7.62939453125e-06
9.15	7.62939453125e-06
9.16	7.62939453125e-06
9.17	7.62939453125e-06
9.18	7.62939453125e-06
9.19	7.62939453125e-06
9.2	7.62939453125e-06
9.21	7.62939453125e-06
9.22	7.62939453125e-06
9.23	3.814697265625e-06
9.24	3.814697265625e-06
9.25	3.814697265625e-06
9.26	3.814697265625e-06
9.27	3.814697265625e-06
9.28	3.814697265625e-06
9.29	3.814697265625e-06
9.3	3.814697265625e-06
9.31	3.814697265625e-06
9.32	3.814697265625e-06
9.33	3.814697265625e-06
9.34	3.814697265625e-06
9.35	3.814697265625e-06
9.36	3.814697265625e-06
9.37	3.814697265625e-06
9.38	3.814697265625e-06
9.39	3.814697265625e-06
9.4	3.814697265625e-06
9.41	3.814697265625e-06
9.42	3.814697265625e-06
9.43	3.814697265625e-06
9.44	3.814697265625e-06
9.45	3.814697265625e-06
9.46	3.814697265625e-06
9.47	3.814697265625e-06
9.48	3.814697265625e-06
9.49	3.814697265625e-06
9.5	3.814697265625e-06
9.51	3.814697265625e-06
9.52	3.814697265625e-06
9.53	3.814697265625e-06
9.54	3.814697265625e-06
9.55	3.814697265625e-06
9.56	3.814697265625e-06
9.57	3.814697265625e-06
9.58	3.814697265625e-06
9.59	3.814697265625e-06
9.6	3.814697265625e-06
9.61	3.814697265625e-06
9.62	3.814697265625e-06
9.63	3.814697265625e-06
9.64	3.814697265625e-06
9.65	3.814697265625e-06
9.66	3.814697265625e-06
9.67	3.814697265625e-06
9.68	3.814697265625e-06
9.69	3.814697265625e-06
9.7	3.814697265625e-06
9.71	3.814697265625e-06
9.72	3.814697265625e-06
9.73	3.814697265625e-06
9.74	3.814697265625e-06
9.75	3.814697265625e-06
9.76	3.814697265625e-06
9.77	3.814697265625e-06
9.78	3.814697265625e-06
9.79	3.814697265625e-06
9.8	3.814697265625e-06
9.81	3.814697265625e-06
9.82	3.814697265625e-06
9.83	3.814697265625e-06
9.84	3.814697265625e-06
9.85	3.814697265625e-06
9.86	3.814697265625e-06
9.87	3.814697265625e-06
9.88	3.814697265625e-06
9.89	3.814697265625e-06
9.9	3.814697265625e-06
9.91	3.814697265625e-06
9.92	3.814697265625e-06
9.93	3.814697265625e-06
9.94	3.814697265625e-06
9.95	3.814697265625e-06
9.96	3.814697265625e-06
9.97	3.814697265625e-06
9.98	3.814697265625e-06
9.99	0.0
