5.78	0.0005025863647460938
5.79	0.0004978179931640625
5.8	0.00048732757568359375
5.81	0.00048160552978515625
5.82	0.0004787445068359375
5.83	0.000476837158203125
5.84	0.00047016143798828125
5.85	0.00046634674072265625
5.86	0.0004634857177734375
5.87	0.0004596710205078125
5.88	0.00045680999755859375
5.89	0.00045490264892578125
5.9	0.00045013427734375
5.91	0.00044918060302734375
5.92	0.00044345855712890625
5.93	0.0004425048828125
5.94	0.0004405975341796875
5.95	0.000438690185546875
5.96	0.00043582916259765625
5.97	0.000431060791015625
5.98	0.00042629241943359375
5.99	0.00041866302490234375
6.0	0.00041675567626953125
6.01	0.0004119873046875
6.02	0.0004100799560546875
6.03	0.0004062652587890625
6.04	0.00039768218994140625
6.05	0.000392913818359375
6.06	0.00038623809814453125
6.07	0.0003795623779296875
6.08	0.0003757476806640625
6.09	0.00037288665771484375
6.1	0.00037097930908203125
6.11	0.00036716461181640625
6.12	0.0003643035888671875
6.13	0.00035858154296875
6.14	0.000354766845703125
6.15	0.0003528594970703125
6.16	0.0003490447998046875
6.17	0.0003452301025390625
6.18	0.00034332275390625
6.19	0.000339508056640625
6.2	0.0003376007080078125
6.21	0.0003337860107421875
6.22	0.000331878662109375
6.23	0.00032711029052734375
6.24	0.00032329559326171875
6.25	0.0003223419189453125
6.26	0.00032138824462890625
6.27	0.00032138824462890625
6.28	0.00031948089599609375
6.29	0.000316619873046875
6.3	0.00031185150146484375
6.31	0.0003070831298828125
6.32	0.00030517578125
6.33	0.00030422210693359375
6.34	0.000301361083984375
6.35	0.00029850006103515625
6.36	0.00029468536376953125
6.37	0.0002899169921875
6.38	0.0002880096435546875
6.39	0.00028324127197265625
6.4	0.00028228759765625
6.41	0.000278472900390625
6.42	0.00027561187744140625
6.43	0.00027370452880859375
6.44	0.00027179718017578125
6.45	0.00026988983154296875
6.46	0.00026607513427734375
6.47	0.000263214111328125
6.48	0.00026035308837890625
6.49	0.00025653839111328125
6.5	0.00025463104248046875
6.51	0.0002536773681640625
6.52	0.00025081634521484375
6.53	0.0002498626708984375
6.54	0.0002460479736328125
6.55	0.0002460479736328125
6.56	0.00024318695068359375
6.57	0.00024318695068359375
6.58	0.0002422332763671875
6.59	0.0002384185791015625
6.6	0.00023651123046875
6.61	0.00023555755615234375
6.62	0.00023555755615234375
6.63	0.00023174285888671875
6.64	0.0002288818359375
6.65	0.0002288818359375
6.66	0.00022792816162109375
6.67	0.0002269744873046875
6.68	0.00022602081298828125
6.69	0.00022125244140625
6.7	0.00022125244140625
6.71	0.0002155303955078125
6.72	0.00021457672119140625
6.73	0.00021266937255859375
6.74	0.00020885467529296875
6.75	0.00020694732666015625
6.76	0.000202178955078125
6.77	0.0001983642578125
6.78	0.00019741058349609375
6.79	0.0001964569091796875
6.8	0.000194549560546875
6.81	0.0001926422119140625
6.82	0.0001888275146484375
6.83	0.0001888275146484375
6.84	0.00018787384033203125
6.85	0.00018787384033203125
6.86	0.000186920166015625
6.87	0.00018596649169921875
6.88	0.0001811981201171875
6.89	0.0001811981201171875
6.9	0.0001811981201171875
6.91	0.000179290771484375
6.92	0.0001773834228515625
6.93	0.00017261505126953125
6.94	0.00017070770263671875
6.95	0.00016880035400390625
6.96	0.00016880035400390625
6.97	0.0001678466796875
6.98	0.0001659393310546875
6.99	0.00016021728515625
7.0	0.00015735626220703125
7.01	0.00015544891357421875
7.02	0.0001544952392578125
7.03	0.00015354156494140625
7.04	0.00015163421630859375
7.05	0.00014972686767578125
7.06	0.00014781951904296875
7.07	0.0001468658447265625
7.08	0.00014495849609375
7.09	0.0001430511474609375
7.1	0.0001430511474609375
7.11	0.000141143798828125
7.12	0.00014019012451171875
7.13	0.00013828277587890625
7.14	0.0001373291015625
7.15	0.0001373291015625
7.16	0.00013446807861328125
7.17	0.0001316070556640625
7.18	0.00013065338134765625
7.19	0.00012874603271484375
7.2	0.0001277923583984375
7.21	0.00012683868408203125
7.22	0.00012683868408203125
7.23	0.000125885009765625
7.24	0.00012302398681640625
7.25	0.00012111663818359375
7.26	0.00011920928955078125
7.27	0.00011920928955078125
7.28	0.00011730194091796875
7.29	0.00011730194091796875
7.3	0.0001163482666015625
7.31	0.00011444091796875
7.32	0.00011348724365234375
7.33	0.000110626220703125
7.34	0.00010967254638671875
7.35	0.00010776519775390625
7.36	0.00010776519775390625
7.37	0.0001068115234375
7.38	0.0001049041748046875
7.39	0.000102996826171875
7.4	0.0001010894775390625
7.41	0.00010013580322265625
7.42	9.918212890625e-05
7.43	9.918212890625e-05
7.44	9.918212890625e-05
7.45	9.822845458984375e-05
7.46	9.72747802734375e-05
7.47	9.632110595703125e-05
7.48	9.5367431640625e-05
7.49	9.34600830078125e-05
7.5	9.34600830078125e-05
7.51	9.34600830078125e-05
7.52	9.1552734375e-05
7.53	9.1552734375e-05
7.54	9.1552734375e-05
7.55	9.059906005859375e-05
7.56	8.7738037109375e-05
7.57	8.58306884765625e-05
7.58	8.58306884765625e-05
7.59	8.487701416015625e-05
7.6	8.487701416015625e-05
7.61	8.487701416015625e-05
7.62	8.392333984375e-05
7.63	8.296966552734375e-05
7.64	8.0108642578125e-05
7.65	7.82012939453125e-05
7.66	7.724761962890625e-05
7.67	7.724761962890625e-05
7.68	7.724761962890625e-05
7.69	7.43865966796875e-05
7.7	7.2479248046875e-05
7.71	7.05718994140625e-05
7.72	7.05718994140625e-05
7.73	6.866455078125e-05
7.74	6.866455078125e-05
7.75	6.67572021484375e-05
7.76	6.67572021484375e-05
7.77	6.580352783203125e-05
7.78	6.4849853515625e-05
7.79	6.4849853515625e-05
7.8	6.4849853515625e-05
7.81	6.389617919921875e-05
7.82	6.389617919921875e-05
7.83	6.389617919921875e-05
7.84	6.389617919921875e-05
7.85	6.389617919921875e-05
7.86	6.389617919921875e-05
7.87	6.389617919921875e-05
7.88	6.198883056640625e-05
7.89	6.198883056640625e-05
7.9	6.198883056640625e-05
7.91	6.198883056640625e-05
7.92	6.103515625e-05
7.93	6.008148193359375e-05
7.94	5.91278076171875e-05
7.95	5.7220458984375e-05
7.96	5.53131103515625e-05
7.97	5.435943603515625e-05
7.98	5.340576171875e-05
7.99	5.340576171875e-05
8.0	5.340576171875e-05
8.01	5.245208740234375e-05
8.02	5.14984130859375e-05
8.03	5.054473876953125e-05
8.04	4.863739013671875e-05
8.05	4.863739013671875e-05
8.06	4.863739013671875e-05
8.07	4.863739013671875e-05
8.08	4.863739013671875e-05
8.09	4.76837158203125e-05
8.1	4.673004150390625e-05
8.11	4.57763671875e-05
8.12	4.482269287109375e-05
8.13	4.291534423828125e-05
8.14	4.291534423828125e-05
8.15	4.1961669921875e-05
8.16	4.1961669921875e-05
8.17	4.100799560546875e-05
8.18	4.100799560546875e-05
8.19	4.00543212890625e-05
8.2	3.910064697265625e-05
8.21	3.814697265625e-05
8.22	3.814697265625e-05
8.23	3.814697265625e-05
8.24	3.814697265625e-05
8.25	3.814697265625e-05
8.26	3.814697265625e-05
8.27	3.719329833984375e-05
8.28	3.62396240234375e-05
8.29	3.62396240234375e-05
8.3	3.62396240234375e-05
8.31	3.62396240234375e-05
8.32	3.62396240234375e-05
8.33	3.528594970703125e-05
8.34	3.4332275390625e-05
8.35	3.337860107421875e-05
8.36	3.24249267578125e-05
8.37	3.24249267578125e-05
8.38	3.147125244140625e-05
8.39	3.147125244140625e-05
8.4	3.147125244140625e-05
8.41	3.147125244140625e-05
8.42	3.147125244140625e-05
8.43	3.0517578125e-05
8.44	3.0517578125e-05
8.45	2.956390380859375e-05
8.46	2.956390380859375e-05
8.47	2.956390380859375e-05
8.48	2.956390380859375e-05
8.49	2.956390380859375e-05
8.5	2.956390380859375e-05
8.51	2.956390380859375e-05
8.52	2.86102294921875e-05
8.53	2.765655517578125e-05
8.54	2.765655517578125e-05
8.55	2.765655517578125e-05
8.56	2.765655517578125e-05
8.57	2.765655517578125e-05
8.58	2.765655517578125e-05
8.59	2.765655517578125e-05
8.6	2.574920654296875e-05
8.61	2.574920654296875e-05
8.62	2.574920654296875e-05
8.63	2.574920654296875e-05
8.64	2.574920654296875e-05
8.65	2.574920654296875e-05
8.66	2.574920654296875e-05
8.67	2.384185791015625e-05
8.68	2.384185791015625e-05
8.69	2.384185791015625e-05
8.7	2.384185791015625e-05
8.71	2.288818359375e-05
8.72	2.288818359375e-05
8.73	2.193450927734375e-05
8.74	2.193450927734375e-05
8.75	2.193450927734375e-05
8.76	2.193450927734375e-05
8.77	2.09808349609375e-05
8.78	2.09808349609375e-05
8.79	2.09808349609375e-05
8.8	2.09808349609375e-05
8.81	2.09808349609375e-05
8.82	2.09808349609375e-05
8.83	2.09808349609375e-05
8.84	2.002716064453125e-05
8.85	1.9073486328125e-05
8.86	1.9073486328125e-05
8.87	1.9073486328125e-05
8.88	1.811981201171875e-05
8.89	1.71661376953125e-05
8.9	1.621246337890625e-05
8.91	1.621246337890625e-05
8.92	1.621246337890625e-05
8.93	1.621246337890625e-05
8.94	1.52587890625e-05
8.95	1.52587890625e-05
8.96	1.430511474609375e-05
8.97	1.430511474609375e-05
8.98	1.430511474609375e-05
8.99	1.430511474609375e-05
9.0	1.33514404296875e-05
9.01	1.33514404296875e-05
9.02	1.33514404296875e-05
9.03	1.33514404296875e-05
9.04	1.33514404296875e-05
9.05	1.33514404296875e-05
9.06	1.33514404296875e-05
9.07	1.239776611328125e-05
9.08	1.239776611328125e-05
9.09	1.239776611328125e-05
9.1	1.239776611328125e-05
9.11	1.239776611328125e-05
9.12	1.239776611328125e-05
9.13	1.049041748046875e-05
9.14	1.049041748046875e-05
9.15	1.049041748046875e-05
9.16	1.049041748046875e-05
9.17	9.5367431640625e-06
9.18	9.5367431640625e-06
9.19	9.5367431640625e-06
9.2	9.5367431640625e-06
9.21	9.5367431640625e-06
9.22	9.5367431640625e-06
9.23	9.5367431640625e-06
9.24	8.58306884765625e-06
9.25	8.58306884765625e-06
9.26	8.58306884765625e-06
9.27	8.58306884765625e-06
9.28	8.58306884765625e-06
9.29	7.62939453125e-06
9.3	6.67572021484375e-06
9.31	6.67572021484375e-06
9.32	6.67572021484375e-06
9.33	6.67572021484375e-06
9.34	5.7220458984375e-06
9.35	5.7220458984375e-06
9.36	4.76837158203125e-06
9.37	4.76837158203125e-06
9.38	4.76837158203125e-06
9.39	4.76837158203125e-06
9.4	4.76837158203125e-06
9.41	4.76837158203125e-06
9.42	4.76837158203125e-06
9.43	4.76837158203125e-06
9.44	4.76837158203125e-06
9.45	4.76837158203125e-06
9.46	4.76837158203125e-06
9.47	4.76837158203125e-06
9.48	4.76837158203125e-06
9.49	4.76837158203125e-06
9.5	4.76837158203125e-06
9.51	4.76837158203125e-06
9.52	4.76837158203125e-06
9.53	3.814697265625e-06
9.54	3.814697265625e-06
9.55	3.814697265625e-06
9.56	3.814697265625e-06
9.57	3.814697265625e-06
9.58	3.814697265625e-06
9.59	3.814697265625e-06
9.6	3.814697265625e-06
9.61	3.814697265625e-06
9.62	3.814697265625e-06
9.63	3.814697265625e-06
9.64	3.814697265625e-06
9.65	3.814697265625e-06
9.66	3.814697265625e-06
9.67	3.814697265625e-06
9.68	3.814697265625e-06
9.69	3.814697265625e-06
9.7	3.814697265625e-06
9.71	3.814697265625e-06
9.72	3.814697265625e-06
9.73	3.814697265625e-06
9.74	3.814697265625e-06
9.75	3.814697265625e-06
9.76	3.814697265625e-06
9.77	3.814697265625e-06
9.78	3.814697265625e-06
9.79	3.814697265625e-06
9.8	3.814697265625e-06
9.81	3.814697265625e-06
9.82	3.814697265625e-06
9.83	3.814697265625e-06
9.84	3.814697265625e-06
9.85	3.814697265625e-06
9.86	3.814697265625e-06
9.87	3.814697265625e-06
9.88	3.814697265625e-06
9.89	3.814697265625e-06
9.9	3.814697265625e-06
9.91	3.814697265625e-06
9.92	2.86102294921875e-06
9.93	2.86102294921875e-06
9.94	2.86102294921875e-06
9.95	2.86102294921875e-06
9.96	2.86102294921875e-06
9.97	2.86102294921875e-06
9.98	2.86102294921875e-06
9.99	2.86102294921875e-06
10.0	2.86102294921875e-06
10.01	2.86102294921875e-06
10.02	2.86102294921875e-06
10.03	2.86102294921875e-06
10.04	2.86102294921875e-06
10.05	2.86102294921875e-06
10.06	2.86102294921875e-06
10.07	2.86102294921875e-06
10.08	2.86102294921875e-06
10.09	1.9073486328125e-06
10.1	1.9073486328125e-06
10.11	1.9073486328125e-06
10.12	1.9073486328125e-06
10.13	1.9073486328125e-06
10.14	1.9073486328125e-06
10.15	1.9073486328125e-06
10.16	1.9073486328125e-06
10.17	1.9073486328125e-06
10.18	1.9073486328125e-06
10.19	1.9073486328125e-06
10.2	1.9073486328125e-06
10.21	1.9073486328125e-06
10.22	1.9073486328125e-06
10.23	1.9073486328125e-06
10.24	1.9073486328125e-06
10.25	1.9073486328125e-06
10.26	1.9073486328125e-06
10.27	1.9073486328125e-06
10.28	1.9073486328125e-06
10.29	1.9073486328125e-06
10.3	1.9073486328125e-06
10.31	1.9073486328125e-06
10.32	9.5367431640625e-07
10.33	9.5367431640625e-07
10.34	9.5367431640625e-07
10.35	9.5367431640625e-07
10.36	9.5367431640625e-07
10.37	9.5367431640625e-07
10.38	9.5367431640625e-07
10.39	9.5367431640625e-07
10.4	9.5367431640625e-07
10.41	9.5367431640625e-07
10.42	9.5367431640625e-07
10.43	9.5367431640625e-07
10.44	9.5367431640625e-07
10.45	9.5367431640625e-07
10.46	9.5367431640625e-07
10.47	9.5367431640625e-07
10.48	9.5367431640625e-07
10.49	0.0
