5.81	0.0005033016204833984
5.82	0.0004982948303222656
5.83	0.0004932880401611328
5.84	0.0004899501800537109
5.85	0.00048422813415527344
5.86	0.00047898292541503906
5.87	0.0004754066467285156
5.88	0.0004737377166748047
5.89	0.00047135353088378906
5.9	0.0004658699035644531
5.91	0.00046253204345703125
5.92	0.0004601478576660156
5.93	0.0004558563232421875
5.94	0.00045108795166015625
5.95	0.0004477500915527344
5.96	0.0004436969757080078
5.97	0.0004401206970214844
5.98	0.0004367828369140625
5.99	0.0004334449768066406
6.0	0.00043010711669921875
6.01	0.0004284381866455078
6.02	0.00042319297790527344
6.03	0.00041937828063964844
6.04	0.0004143714904785156
6.05	0.0004115104675292969
6.06	0.00040984153747558594
6.07	0.0004062652587890625
6.08	0.00040340423583984375
6.09	0.0003991127014160156
6.1	0.0003952980041503906
6.11	0.0003910064697265625
6.12	0.00038814544677734375
6.13	0.0003857612609863281
6.14	0.00038242340087890625
6.15	0.00037860870361328125
6.16	0.0003750324249267578
6.17	0.0003719329833984375
6.18	0.00036907196044921875
6.19	0.0003643035888671875
6.2	0.00036144256591796875
6.21	0.0003592967987060547
6.22	0.00035500526428222656
6.23	0.00035071372985839844
6.24	0.0003476142883300781
6.25	0.00034499168395996094
6.26	0.0003414154052734375
6.27	0.0003376007080078125
6.28	0.0003330707550048828
6.29	0.0003306865692138672
6.3	0.0003287792205810547
6.31	0.00032448768615722656
6.32	0.0003216266632080078
6.33	0.00031948089599609375
6.34	0.0003173351287841797
6.35	0.00031304359436035156
6.36	0.0003104209899902344
6.37	0.0003085136413574219
6.38	0.0003070831298828125
6.39	0.00030517578125
6.4	0.00030112266540527344
6.41	0.0002980232238769531
6.42	0.00029659271240234375
6.43	0.0002942085266113281
6.44	0.00028967857360839844
6.45	0.00028634071350097656
6.46	0.0002841949462890625
6.47	0.00028228759765625
6.48	0.00027942657470703125
6.49	0.0002758502960205078
6.5	0.00027298927307128906
6.51	0.000270843505859375
6.52	0.0002682209014892578
6.53	0.00026607513427734375
6.54	0.0002627372741699219
6.55	0.00025963783264160156
6.56	0.0002562999725341797
6.57	0.0002532005310058594
6.58	0.00025081634521484375
6.59	0.00024819374084472656
6.6	0.0002455711364746094
6.61	0.00024175643920898438
6.62	0.00023937225341796875
6.63	0.0002372264862060547
6.64	0.0002357959747314453
6.65	0.0002346038818359375
6.66	0.00023221969604492188
6.67	0.0002307891845703125
6.68	0.00022745132446289062
6.69	0.00022602081298828125
6.7	0.00022482872009277344
6.71	0.00022363662719726562
6.72	0.00022125244140625
6.73	0.00021982192993164062
6.74	0.0002186298370361328
6.75	0.00021648406982421875
6.76	0.00021505355834960938
6.77	0.00021338462829589844
6.78	0.0002124309539794922
6.79	0.0002117156982421875
6.8	0.00020933151245117188
6.81	0.0002071857452392578
6.82	0.00020456314086914062
6.83	0.00020265579223632812
6.84	0.00020122528076171875
6.85	0.00019884109497070312
6.86	0.00019693374633789062
6.87	0.0001952648162841797
6.88	0.00019359588623046875
6.89	0.00019049644470214844
6.9	0.0001888275146484375
6.91	0.00018715858459472656
6.92	0.0001842975616455078
6.93	0.0001823902130126953
6.94	0.0001800060272216797
6.95	0.00017881393432617188
6.96	0.00017762184143066406
6.97	0.00017499923706054688
6.98	0.00017261505126953125
6.99	0.0001723766326904297
7.0	0.000171661376953125
7.01	0.0001678466796875
7.02	0.0001666545867919922
7.03	0.0001647472381591797
7.04	0.00016307830810546875
7.05	0.0001609325408935547
7.06	0.00016021728515625
7.07	0.00015974044799804688
7.08	0.00015878677368164062
7.09	0.0001575946807861328
7.1	0.00015616416931152344
7.11	0.00015544891357421875
7.12	0.0001544952392578125
7.13	0.00015306472778320312
7.14	0.00015163421630859375
7.15	0.00015115737915039062
7.16	0.00015044212341308594
7.17	0.00014781951904296875
7.18	0.00014662742614746094
7.19	0.0001456737518310547
7.2	0.00014519691467285156
7.21	0.0001437664031982422
7.22	0.00014162063598632812
7.23	0.00013899803161621094
7.24	0.00013756752014160156
7.25	0.00013709068298339844
7.26	0.00013518333435058594
7.27	0.00013327598571777344
7.28	0.00013208389282226562
7.29	0.00013017654418945312
7.3	0.00012731552124023438
7.31	0.00012564659118652344
7.32	0.00012421607971191406
7.33	0.00012254714965820312
7.34	0.00012063980102539062
7.35	0.00011849403381347656
7.36	0.00011610984802246094
7.37	0.00011491775512695312
7.38	0.00011444091796875
7.39	0.00011396408081054688
7.4	0.00011277198791503906
7.41	0.00011205673217773438
7.42	0.000110626220703125
7.43	0.00010895729064941406
7.44	0.00010824203491210938
7.45	0.00010728836059570312
7.46	0.00010657310485839844
7.47	0.00010609626770019531
7.48	0.00010585784912109375
7.49	0.00010538101196289062
7.5	0.00010514259338378906
7.51	0.00010442733764648438
7.52	0.000102996826171875
7.53	0.00010204315185546875
7.54	0.00010061264038085938
7.55	9.894371032714844e-05
7.56	9.775161743164062e-05
7.57	9.751319885253906e-05
7.58	9.608268737792969e-05
7.59	9.489059448242188e-05
7.6	9.393692016601562e-05
7.61	9.274482727050781e-05
7.62	9.131431579589844e-05
7.63	8.940696716308594e-05
7.64	8.726119995117188e-05
7.65	8.678436279296875e-05
7.66	8.58306884765625e-05
7.67	8.440017700195312e-05
7.68	8.296966552734375e-05
7.69	8.249282836914062e-05
7.7	8.130073547363281e-05
7.71	8.034706115722656e-05
7.72	7.939338684082031e-05
7.73	7.891654968261719e-05
7.74	7.867813110351562e-05
7.75	7.748603820800781e-05
7.76	7.677078247070312e-05
7.77	7.581710815429688e-05
7.78	7.510185241699219e-05
7.79	7.462501525878906e-05
7.8	7.462501525878906e-05
7.81	7.462501525878906e-05
7.82	7.367134094238281e-05
7.83	7.343292236328125e-05
7.84	7.2479248046875e-05
7.85	7.224082946777344e-05
7.86	7.200241088867188e-05
7.87	7.176399230957031e-05
7.88	7.128715515136719e-05
7.89	7.104873657226562e-05
7.9	7.081031799316406e-05
7.91	7.009506225585938e-05
7.92	6.961822509765625e-05
7.93	6.890296936035156e-05
7.94	6.747245788574219e-05
7.95	6.556510925292969e-05
7.96	6.437301635742188e-05
7.97	6.413459777832031e-05
7.98	6.365776062011719e-05
7.99	6.29425048828125e-05
8.0	6.198883056640625e-05
8.01	6.079673767089844e-05
8.02	6.031990051269531e-05
8.03	5.91278076171875e-05
8.04	5.7220458984375e-05
8.05	5.5789947509765625e-05
8.06	5.555152893066406e-05
8.07	5.53131103515625e-05
8.08	5.3882598876953125e-05
8.09	5.269050598144531e-05
8.1	5.1975250244140625e-05
8.11	5.173683166503906e-05
8.12	5.078315734863281e-05
8.13	5.030632019042969e-05
8.14	5.0067901611328125e-05
8.15	4.935264587402344e-05
8.16	4.863739013671875e-05
8.17	4.76837158203125e-05
8.18	4.744529724121094e-05
8.19	4.696846008300781e-05
8.2	4.673004150390625e-05
8.21	4.649162292480469e-05
8.22	4.649162292480469e-05
8.23	4.649162292480469e-05
8.24	4.6253204345703125e-05
8.25	4.57763671875e-05
8.26	4.506111145019531e-05
8.27	4.4345855712890625e-05
8.28	4.363059997558594e-05
8.29	4.3392181396484375e-05
8.3	4.315376281738281e-05
8.31	4.291534423828125e-05
8.32	4.267692565917969e-05
8.33	4.1961669921875e-05
8.34	4.100799560546875e-05
8.35	4.0531158447265625e-05
8.36	3.910064697265625e-05
8.37	3.814697265625e-05
8.38	3.7670135498046875e-05
8.39	3.743171691894531e-05
8.4	3.743171691894531e-05
8.41	3.647804260253906e-05
8.42	3.552436828613281e-05
8.43	3.504753112792969e-05
8.44	3.4809112548828125e-05
8.45	3.4332275390625e-05
8.46	3.3855438232421875e-05
8.47	3.3855438232421875e-05
8.48	3.337860107421875e-05
8.49	3.2901763916015625e-05
8.5	3.24249267578125e-05
8.51	3.147125244140625e-05
8.52	3.123283386230469e-05
8.53	3.123283386230469e-05
8.54	3.0994415283203125e-05
8.55	3.0994415283203125e-05
8.56	3.075599670410156e-05
8.57	3.0517578125e-05
8.58	3.0517578125e-05
8.59	3.0517578125e-05
8.6	3.0279159545898438e-05
8.61	3.0040740966796875e-05
8.62	2.9802322387695312e-05
8.63	2.956390380859375e-05
8.64	2.956390380859375e-05
8.65	2.9325485229492188e-05
8.66	2.8848648071289062e-05
8.67	2.8371810913085938e-05
8.68	2.7418136596679688e-05
8.69	2.6464462280273438e-05
8.7	2.6464462280273438e-05
8.71	2.6226043701171875e-05
8.72	2.6226043701171875e-05
8.73	2.6226043701171875e-05
8.74	2.5272369384765625e-05
8.75	2.4557113647460938e-05
8.76	2.4557113647460938e-05
8.77	2.4080276489257812e-05
8.78	2.3365020751953125e-05
8.79	2.3365020751953125e-05
8.8	2.3365020751953125e-05
8.81	2.3126602172851562e-05
8.82	2.288818359375e-05
8.83	2.2172927856445312e-05
8.84	2.1696090698242188e-05
8.85	2.1457672119140625e-05
8.86	2.1219253540039062e-05
8.87	2.09808349609375e-05
8.88	2.09808349609375e-05
8.89	2.0742416381835938e-05
8.9	2.0503997802734375e-05
8.91	1.9788742065429688e-05
8.92	1.9550323486328125e-05
8.93	1.9550323486328125e-05
8.94	1.9550323486328125e-05
8.95	1.9311904907226562e-05
8.96	1.9073486328125e-05
8.97	1.9073486328125e-05
8.98	1.9073486328125e-05
8.99	1.9073486328125e-05
9.0	1.9073486328125e-05
9.01	1.9073486328125e-05
9.02	1.8596649169921875e-05
9.03	1.7881393432617188e-05
9.04	1.7881393432617188e-05
9.05	1.7881393432617188e-05
9.06	1.7642974853515625e-05
9.07	1.71661376953125e-05
9.08	1.6927719116210938e-05
9.09	1.621246337890625e-05
9.1	1.621246337890625e-05
9.11	1.621246337890625e-05
9.12	1.5974044799804688e-05
9.13	1.5735626220703125e-05
9.14	1.5735626220703125e-05
9.15	1.52587890625e-05
9.16	1.4543533325195312e-05
9.17	1.4066696166992188e-05
9.18	1.4066696166992188e-05
9.19	1.4066696166992188e-05
9.2	1.4066696166992188e-05
9.21	1.4066696166992188e-05
9.22	1.3828277587890625e-05
9.23	1.33514404296875e-05
9.24	1.3113021850585938e-05
9.25	1.2874603271484375e-05
9.26	1.2159347534179688e-05
9.27	1.1682510375976562e-05
9.28	1.1444091796875e-05
9.29	1.1444091796875e-05
9.3	1.1444091796875e-05
9.31	1.1444091796875e-05
9.32	1.1444091796875e-05
9.33	1.1444091796875e-05
9.34	1.1444091796875e-05
9.35	1.1205673217773438e-05
9.36	1.1205673217773438e-05
9.37	1.1205673217773438e-05
9.38	1.1205673217773438e-05
9.39	1.1205673217773438e-05
9.4	1.1205673217773438e-05
9.41	1.1205673217773438e-05
9.42	1.1205673217773438e-05
9.43	1.0967254638671875e-05
9.44	1.0728836059570312e-05
9.45	1.049041748046875e-05
9.46	1.049041748046875e-05
9.47	1.049041748046875e-05
9.48	1.0251998901367188e-05
9.49	9.775161743164062e-06
9.5	9.775161743164062e-06
9.51	9.775161743164062e-06
9.52	9.775161743164062e-06
9.53	9.775161743164062e-06
9.54	9.775161743164062e-06
9.55	9.775161743164062e-06
9.56	9.775161743164062e-06
9.57	9.5367431640625e-06
9.58	9.059906005859375e-06
9.59	9.059906005859375e-06
9.6	8.821487426757812e-06
9.61	8.58306884765625e-06
9.62	8.58306884765625e-06
9.63	8.344650268554688e-06
9.64	8.106231689453125e-06
9.65	8.106231689453125e-06
9.66	8.106231689453125e-06
9.67	7.867813110351562e-06
9.68	7.62939453125e-06
9.69	7.3909759521484375e-06
9.7	7.152557373046875e-06
9.71	7.152557373046875e-06
9.72	7.152557373046875e-06
9.73	7.152557373046875e-06
9.74	7.152557373046875e-06
9.75	7.152557373046875e-06
9.76	6.9141387939453125e-06
9.77	6.67572021484375e-06
9.78	6.67572021484375e-06
9.79	6.67572021484375e-06
9.8	6.67572021484375e-06
9.81	6.67572021484375e-06
9.82	6.67572021484375e-06
9.83	6.67572021484375e-06
9.84	6.67572021484375e-06
9.85	6.198883056640625e-06
9.86	6.198883056640625e-06
9.87	6.198883056640625e-06
9.88	6.198883056640625e-06
9.89	5.9604644775390625e-06
9.9	5.7220458984375e-06
9.91	5.7220458984375e-06
9.92	5.7220458984375e-06
9.93	5.4836273193359375e-06
9.94	5.4836273193359375e-06
9.95	5.4836273193359375e-06
9.96	5.4836273193359375e-06
9.97	5.4836273193359375e-06
9.98	5.245208740234375e-06
9.99	5.0067901611328125e-06
10.0	4.76837158203125e-06
10.01	4.5299530029296875e-06
10.02	4.0531158447265625e-06
10.03	3.814697265625e-06
10.04	3.814697265625e-06
10.05	3.814697265625e-06
10.06	3.814697265625e-06
10.07	3.814697265625e-06
10.08	3.814697265625e-06
10.09	3.814697265625e-06
10.1	3.814697265625e-06
10.11	3.814697265625e-06
10.12	3.814697265625e-06
10.13	3.814697265625e-06
10.14	3.814697265625e-06
10.15	3.814697265625e-06
10.16	3.814697265625e-06
10.17	3.814697265625e-06
10.18	3.814697265625e-06
10.19	3.814697265625e-06
10.2	3.814697265625e-06
10.21	3.814697265625e-06
10.22	3.814697265625e-06
10.23	3.814697265625e-06
10.24	3.814697265625e-06
10.25	3.814697265625e-06
10.26	3.814697265625e-06
10.27	3.814697265625e-06
10.28	3.814697265625e-06
10.29	3.814697265625e-06
10.3	3.814697265625e-06
10.31	3.814697265625e-06
10.32	3.814697265625e-06
10.33	3.5762786865234375e-06
10.34	3.337860107421875e-06
10.35	2.86102294921875e-06
10.36	2.86102294921875e-06
10.37	2.86102294921875e-06
10.38	2.86102294921875e-06
10.39	2.86102294921875e-06
10.4	2.86102294921875e-06
10.41	2.86102294921875e-06
10.42	2.384185791015625e-06
10.43	2.384185791015625e-06
10.44	2.384185791015625e-06
10.45	2.384185791015625e-06
10.46	2.384185791015625e-06
10.47	2.384185791015625e-06
10.48	2.384185791015625e-06
10.49	2.384185791015625e-06
10.5	2.384185791015625e-06
10.51	2.384185791015625e-06
10.52	2.384185791015625e-06
10.53	2.384185791015625e-06
10.54	2.384185791015625e-06
10.55	2.384185791015625e-06
10.56	2.384185791015625e-06
10.57	2.384185791015625e-06
10.58	2.384185791015625e-06
10.59	2.384185791015625e-06
10.6	2.384185791015625e-06
10.61	2.384185791015625e-06
10.62	2.384185791015625e-06
10.63	2.384185791015625e-06
10.64	2.384185791015625e-06
10.65	2.384185791015625e-06
10.66	2.384185791015625e-06
10.67	2.1457672119140625e-06
10.68	2.1457672119140625e-06
10.69	2.1457672119140625e-06
10.7	2.1457672119140625e-06
10.71	2.1457672119140625e-06
10.72	2.1457672119140625e-06
10.73	2.1457672119140625e-06
10.74	2.1457672119140625e-06
10.75	1.6689300537109375e-06
10.76	1.430511474609375e-06
10.77	1.1920928955078125e-06
10.78	1.1920928955078125e-06
10.79	1.1920928955078125e-06
10.8	1.1920928955078125e-06
10.81	1.1920928955078125e-06
10.82	1.1920928955078125e-06
10.83	1.1920928955078125e-06
10.84	1.1920928955078125e-06
10.85	1.1920928955078125e-06
10.86	1.1920928955078125e-06
10.87	1.1920928955078125e-06
10.88	1.1920928955078125e-06
10.89	1.1920928955078125e-06
10.9	1.1920928955078125e-06
10.91	1.1920928955078125e-06
10.92	1.1920928955078125e-06
10.93	1.1920928955078125e-06
10.94	1.1920928955078125e-06
10.95	1.1920928955078125e-06
10.96	1.1920928955078125e-06
10.97	1.1920928955078125e-06
10.98	1.1920928955078125e-06
10.99	1.1920928955078125e-06
11.0	1.1920928955078125e-06
11.01	1.1920928955078125e-06
11.02	1.1920928955078125e-06
11.03	1.1920928955078125e-06
11.04	1.1920928955078125e-06
11.05	1.1920928955078125e-06
11.06	1.1920928955078125e-06
11.07	1.1920928955078125e-06
11.08	7.152557373046875e-07
11.09	4.76837158203125e-07
11.1	4.76837158203125e-07
11.11	4.76837158203125e-07
11.12	4.76837158203125e-07
11.13	4.76837158203125e-07
11.14	4.76837158203125e-07
11.15	4.76837158203125e-07
11.16	4.76837158203125e-07
11.17	4.76837158203125e-07
11.18	4.76837158203125e-07
11.19	4.76837158203125e-07
11.2	4.76837158203125e-07
11.21	4.76837158203125e-07
11.22	4.76837158203125e-07
11.23	4.76837158203125e-07
11.24	4.76837158203125e-07
11.25	4.76837158203125e-07
11.26	4.76837158203125e-07
11.27	4.76837158203125e-07
11.28	4.76837158203125e-07
11.29	4.76837158203125e-07
11.3	4.76837158203125e-07
11.31	4.76837158203125e-07
11.32	4.76837158203125e-07
11.33	4.76837158203125e-07
11.34	4.76837158203125e-07
11.35	4.76837158203125e-07
11.36	4.76837158203125e-07
11.37	4.76837158203125e-07
11.38	4.76837158203125e-07
11.39	4.76837158203125e-07
11.4	4.76837158203125e-07
11.41	4.76837158203125e-07
11.42	4.76837158203125e-07
11.43	4.76837158203125e-07
11.44	4.76837158203125e-07
11.45	4.76837158203125e-07
11.46	4.76837158203125e-07
11.47	4.76837158203125e-07
11.48	4.76837158203125e-07
11.49	2.384185791015625e-07
11.5	0.0
