5.58	0.0005035400390625
5.59	0.00048828125
5.6	0.00048828125
5.61	0.000457763671875
5.62	0.000457763671875
5.63	0.000457763671875
5.64	0.000457763671875
5.65	0.000457763671875
5.66	0.000457763671875
5.67	0.000457763671875
5.68	0.000457763671875
5.69	0.00042724609375
5.7	0.00042724609375
5.71	0.00042724609375
5.72	0.00042724609375
5.73	0.00042724609375
5.74	0.00042724609375
5.75	0.00042724609375
5.76	0.00042724609375
5.77	0.0004119873046875
5.78	0.000396728515625
5.79	0.000396728515625
5.8	0.000396728515625
5.81	0.000396728515625
5.82	0.000396728515625
5.83	0.000396728515625
5.84	0.000396728515625
5.85	0.000396728515625
5.86	0.000396728515625
5.87	0.0003814697265625
5.88	0.0003662109375
5.89	0.0003662109375
5.9	0.0003509521484375
5.91	0.0003509521484375
5.92	0.0003509521484375
5.93	0.0003509521484375
5.94	0.0003509521484375
5.95	0.0003509521484375
5.96	0.0003509521484375
5.97	0.0003509521484375
5.98	0.000335693359375
5.99	0.000335693359375
6.0	0.000335693359375
6.01	0.000335693359375
6.02	0.00030517578125
6.03	0.00030517578125
6.04	0.00030517578125
6.05	0.0002899169921875
6.06	0.0002899169921875
6.07	0.0002899169921875
6.08	0.0002899169921875
6.09	0.0002899169921875
6.1	0.0002899169921875
6.11	0.0002899169921875
6.12	0.000274658203125
6.13	0.0002593994140625
6.14	0.0002593994140625
6.15	0.0002593994140625
6.16	0.0002593994140625
6.17	0.0002593994140625
6.18	0.0002593994140625
6.19	0.0002593994140625
6.2	0.0002593994140625
6.21	0.0002288818359375
6.22	0.0002288818359375
6.23	0.0002288818359375
6.24	0.0002288818359375
6.25	0.0002288818359375
6.26	0.0002288818359375
6.27	0.0002288818359375
6.28	0.0002288818359375
6.29	0.0002288818359375
6.3	0.0002288818359375
6.31	0.000213623046875
6.32	0.0001983642578125
6.33	0.0001983642578125
6.34	0.0001983642578125
6.35	0.0001983642578125
6.36	0.0001983642578125
6.37	0.0001983642578125
6.38	0.0001983642578125
6.39	0.0001983642578125
6.4	0.0001983642578125
6.41	0.0001983642578125
6.42	0.0001983642578125
6.43	0.0001983642578125
6.44	0.0001983642578125
6.45	0.0001678466796875
6.46	0.0001373291015625
6.47	0.0001373291015625
6.48	0.0001373291015625
6.49	0.0001373291015625
6.5	0.0001373291015625
6.51	0.0001373291015625
6.52	0.0001373291015625
6.53	0.0001373291015625
6.54	0.0001220703125
6.55	0.0001220703125
6.56	0.0001220703125
6.57	0.0001220703125
6.58	0.0001220703125
6.59	0.0001220703125
6.6	0.0001220703125
6.61	0.0001220703125
6.62	0.0001220703125
6.63	0.0001220703125
6.64	0.0001220703125
6.65	0.0001220703125
6.66	0.0001220703125
6.67	0.0001220703125
6.68	0.0001220703125
6.69	0.0001220703125
6.7	0.0001220703125
6.71	0.0001220703125
6.72	0.0001220703125
6.73	0.0001220703125
6.74	0.0001220703125
6.75	0.0001068115234375
6.76	0.0001068115234375
6.77	0.0001068115234375
6.78	0.0001068115234375
6.79	0.0001068115234375
6.8	0.0001068115234375
6.81	0.0001068115234375
6.82	0.0001068115234375
6.83	0.0001068115234375
6.84	0.0001068115234375
6.85	0.0001068115234375
6.86	0.0001068115234375
6.87	9.1552734375e-05
6.88	9.1552734375e-05
6.89	6.103515625e-05
6.9	6.103515625e-05
6.91	6.103515625e-05
6.92	6.103515625e-05
6.93	6.103515625e-05
6.94	6.103515625e-05
6.95	6.103515625e-05
6.96	6.103515625e-05
6.97	4.57763671875e-05
6.98	4.57763671875e-05
6.99	4.57763671875e-05
7.0	4.57763671875e-05
7.01	4.57763671875e-05
7.02	4.57763671875e-05
7.03	4.57763671875e-05
7.04	4.57763671875e-05
7.05	4.57763671875e-05
7.06	4.57763671875e-05
7.07	4.57763671875e-05
7.08	4.57763671875e-05
7.09	4.57763671875e-05
7.1	4.57763671875e-05
7.11	4.57763671875e-05
7.12	4.57763671875e-05
7.13	4.57763671875e-05
7.14	4.57763671875e-05
7.15	4.57763671875e-05
7.16	4.57763671875e-05
7.17	4.57763671875e-05
7.18	4.57763671875e-05
7.19	4.57763671875e-05
7.2	4.57763671875e-05
7.21	4.57763671875e-05
7.22	4.57763671875e-05
7.23	4.57763671875e-05
7.24	4.57763671875e-05
7.25	4.57763671875e-05
7.26	4.57763671875e-05
7.27	4.57763671875e-05
7.28	4.57763671875e-05
7.29	4.57763671875e-05
7.3	3.0517578125e-05
7.31	1.52587890625e-05
7.32	1.52587890625e-05
7.33	1.52587890625e-05
7.34	1.52587890625e-05
7.35	1.52587890625e-05
7.36	1.52587890625e-05
7.37	1.52587890625e-05
7.38	1.52587890625e-05
7.39	1.52587890625e-05
7.4	1.52587890625e-05
7.41	1.52587890625e-05
7.42	1.52587890625e-05
7.43	1.52587890625e-05
7.44	1.52587890625e-05
7.45	1.52587890625e-05
7.46	1.52587890625e-05
7.47	1.52587890625e-05
7.48	1.52587890625e-05
7.49	1.52587890625e-05
7.5	1.52587890625e-05
7.51	1.52587890625e-05
7.52	1.52587890625e-05
7.53	1.52587890625e-05
7.54	1.52587890625e-05
7.55	1.52587890625e-05
7.56	1.52587890625e-05
7.57	1.52587890625e-05
7.58	1.52587890625e-05
7.59	1.52587890625e-05
7.6	1.52587890625e-05
7.61	1.52587890625e-05
7.62	1.52587890625e-05
7.63	1.52587890625e-05
7.64	1.52587890625e-05
7.65	1.52587890625e-05
7.66	1.52587890625e-05
7.67	1.52587890625e-05
7.68	1.52587890625e-05
7.69	1.52587890625e-05
7.7	1.52587890625e-05
7.71	1.52587890625e-05
7.72	1.52587890625e-05
7.73	1.52587890625e-05
7.74	0.0
