5.27	0.0005059242248535156
5.28	0.0004973411560058594
5.29	0.0004913806915283203
5.3	0.00048732757568359375
5.31	0.00048351287841796875
5.32	0.00047707557678222656
5.33	0.0004711151123046875
5.34	0.0004661083221435547
5.35	0.00046062469482421875
5.36	0.0004565715789794922
5.37	0.0004506111145019531
5.38	0.00044465065002441406
5.39	0.00043845176696777344
5.4	0.0004324913024902344
5.41	0.00042939186096191406
5.42	0.0004248619079589844
5.43	0.0004215240478515625
5.44	0.00041794776916503906
5.45	0.0004107952117919922
5.46	0.0004062652587890625
5.47	0.00040078163146972656
5.48	0.0003952980041503906
5.49	0.0003914833068847656
5.5	0.000385284423828125
5.51	0.00038123130798339844
5.52	0.00037670135498046875
5.53	0.00037384033203125
5.54	0.00036978721618652344
5.55	0.00036454200744628906
5.56	0.00036072731018066406
5.57	0.00035643577575683594
5.58	0.0003523826599121094
5.59	0.0003490447998046875
5.6	0.00034427642822265625
5.61	0.0003390312194824219
5.62	0.0003364086151123047
5.63	0.00033211708068847656
5.64	0.0003294944763183594
5.65	0.00032520294189453125
5.66	0.0003216266632080078
5.67	0.0003170967102050781
5.68	0.00031375885009765625
5.69	0.00031185150146484375
5.7	0.00030732154846191406
5.71	0.00030350685119628906
5.72	0.0002980232238769531
5.73	0.0002944469451904297
5.74	0.00029087066650390625
5.75	0.00028777122497558594
5.76	0.00028586387634277344
5.77	0.00028252601623535156
5.78	0.00028014183044433594
5.79	0.00027680397033691406
5.8	0.00027370452880859375
5.81	0.0002715587615966797
5.82	0.0002675056457519531
5.83	0.000263214111328125
5.84	0.0002601146697998047
5.85	0.00025725364685058594
5.86	0.0002536773681640625
5.87	0.0002505779266357422
5.88	0.000247955322265625
5.89	0.00024247169494628906
5.9	0.00024008750915527344
5.91	0.0002384185791015625
5.92	0.0002346038818359375
5.93	0.00023245811462402344
5.94	0.0002288818359375
5.95	0.00022602081298828125
5.96	0.00022339820861816406
5.97	0.00022172927856445312
5.98	0.00021886825561523438
5.99	0.00021600723266601562
6.0	0.00021266937255859375
6.01	0.00021028518676757812
6.02	0.00020837783813476562
6.03	0.00020647048950195312
6.04	0.0002040863037109375
6.05	0.00020051002502441406
6.06	0.0001964569091796875
6.07	0.0001938343048095703
6.08	0.0001919269561767578
6.09	0.00018930435180664062
6.1	0.00018644332885742188
6.11	0.0001850128173828125
6.12	0.00018310546875
6.13	0.0001819133758544922
6.14	0.00018024444580078125
6.15	0.00017714500427246094
6.16	0.00017404556274414062
6.17	0.000171661376953125
6.18	0.00016999244689941406
6.19	0.00016832351684570312
6.2	0.00016617774963378906
6.21	0.00016307830810546875
6.22	0.00016164779663085938
6.23	0.00015974044799804688
6.24	0.00015783309936523438
6.25	0.00015664100646972656
6.26	0.00015425682067871094
6.27	0.00015163421630859375
6.28	0.0001499652862548828
6.29	0.00014901161193847656
6.3	0.00014710426330566406
6.31	0.00014448165893554688
6.32	0.0001418590545654297
6.33	0.00013971328735351562
6.34	0.0001373291015625
6.35	0.00013685226440429688
6.36	0.0001354217529296875
6.37	0.00013446807861328125
6.38	0.00013184547424316406
6.39	0.0001304149627685547
6.4	0.00012946128845214844
6.41	0.0001270771026611328
6.42	0.00012564659118652344
6.43	0.00012373924255371094
6.44	0.00012111663818359375
6.45	0.00011944770812988281
6.46	0.000118255615234375
6.47	0.00011658668518066406
6.48	0.00011372566223144531
6.49	0.00011157989501953125
6.5	0.00011014938354492188
6.51	0.00010895729064941406
6.52	0.00010752677917480469
6.53	0.00010609626770019531
6.54	0.00010418891906738281
6.55	0.00010275840759277344
6.56	0.00010156631469726562
6.57	0.00010037422180175781
6.58	9.870529174804688e-05
6.59	9.655952453613281e-05
6.6	9.441375732421875e-05
6.61	9.298324584960938e-05
6.62	9.1552734375e-05
6.63	9.036064147949219e-05
6.64	8.96453857421875e-05
6.65	8.678436279296875e-05
6.66	8.511543273925781e-05
6.67	8.392333984375e-05
6.68	8.249282836914062e-05
6.69	8.106231689453125e-05
6.7	7.987022399902344e-05
6.71	7.939338684082031e-05
6.72	7.748603820800781e-05
6.73	7.62939453125e-05
6.74	7.605552673339844e-05
6.75	7.414817810058594e-05
6.76	7.319450378417969e-05
6.77	7.224082946777344e-05
6.78	7.176399230957031e-05
6.79	7.009506225585938e-05
6.8	6.890296936035156e-05
6.81	6.842613220214844e-05
6.82	6.556510925292969e-05
6.83	6.461143493652344e-05
6.84	6.413459777832031e-05
6.85	6.246566772460938e-05
6.86	6.175041198730469e-05
6.87	6.031990051269531e-05
6.88	5.9604644775390625e-05
6.89	5.91278076171875e-05
6.9	5.8650970458984375e-05
6.91	5.793571472167969e-05
6.92	5.6743621826171875e-05
6.93	5.53131103515625e-05
6.94	5.3882598876953125e-05
6.95	5.340576171875e-05
6.96	5.2928924560546875e-05
6.97	5.1975250244140625e-05
6.98	5.173683166503906e-05
6.99	5.078315734863281e-05
7.0	4.9591064453125e-05
7.01	4.9114227294921875e-05
7.02	4.863739013671875e-05
7.03	4.76837158203125e-05
7.04	4.649162292480469e-05
7.05	4.57763671875e-05
7.06	4.553794860839844e-05
7.07	4.4345855712890625e-05
7.08	4.3392181396484375e-05
7.09	4.291534423828125e-05
7.1	4.1961669921875e-05
7.11	4.1484832763671875e-05
7.12	4.1484832763671875e-05
7.13	4.100799560546875e-05
7.14	4.029273986816406e-05
7.15	3.981590270996094e-05
7.16	3.933906555175781e-05
7.17	3.838539123535156e-05
7.18	3.790855407714844e-05
7.19	3.647804260253906e-05
7.2	3.552436828613281e-05
7.21	3.528594970703125e-05
7.22	3.4332275390625e-05
7.23	3.409385681152344e-05
7.24	3.3855438232421875e-05
7.25	3.337860107421875e-05
7.26	3.24249267578125e-05
7.27	3.147125244140625e-05
7.28	3.147125244140625e-05
7.29	3.075599670410156e-05
7.3	3.0517578125e-05
7.31	2.9802322387695312e-05
7.32	2.9087066650390625e-05
7.33	2.9087066650390625e-05
7.34	2.86102294921875e-05
7.35	2.86102294921875e-05
7.36	2.86102294921875e-05
7.37	2.8133392333984375e-05
7.38	2.7418136596679688e-05
7.39	2.6941299438476562e-05
7.4	2.6702880859375e-05
7.41	2.574920654296875e-05
7.42	2.47955322265625e-05
7.43	2.4080276489257812e-05
7.44	2.3603439331054688e-05
7.45	2.3126602172851562e-05
7.46	2.288818359375e-05
7.47	2.288818359375e-05
7.48	2.2649765014648438e-05
7.49	2.2649765014648438e-05
7.5	2.2649765014648438e-05
7.51	2.2649765014648438e-05
7.52	2.2172927856445312e-05
7.53	2.1457672119140625e-05
7.54	2.0742416381835938e-05
7.55	2.0503997802734375e-05
7.56	2.0265579223632812e-05
7.57	1.9788742065429688e-05
7.58	1.9550323486328125e-05
7.59	1.9550323486328125e-05
7.6	1.8835067749023438e-05
7.61	1.8596649169921875e-05
7.62	1.8596649169921875e-05
7.63	1.811981201171875e-05
7.64	1.7642974853515625e-05
7.65	1.7404556274414062e-05
7.66	1.7404556274414062e-05
7.67	1.7404556274414062e-05
7.68	1.6927719116210938e-05
7.69	1.6927719116210938e-05
7.7	1.6689300537109375e-05
7.71	1.6450881958007812e-05
7.72	1.6450881958007812e-05
7.73	1.6450881958007812e-05
7.74	1.621246337890625e-05
7.75	1.5735626220703125e-05
7.76	1.52587890625e-05
7.77	1.52587890625e-05
7.78	1.4781951904296875e-05
7.79	1.4543533325195312e-05
7.8	1.4066696166992188e-05
7.81	1.4066696166992188e-05
7.82	1.4066696166992188e-05
7.83	1.4066696166992188e-05
7.84	1.4066696166992188e-05
7.85	1.3828277587890625e-05
7.86	1.33514404296875e-05
7.87	1.3113021850585938e-05
7.88	1.2874603271484375e-05
7.89	1.2636184692382812e-05
7.9	1.2636184692382812e-05
7.91	1.2636184692382812e-05
7.92	1.239776611328125e-05
7.93	1.239776611328125e-05
7.94	1.2159347534179688e-05
7.95	1.2159347534179688e-05
7.96	1.2159347534179688e-05
7.97	1.1682510375976562e-05
7.98	1.1205673217773438e-05
7.99	1.0967254638671875e-05
8.0	1.0728836059570312e-05
8.01	1.0251998901367188e-05
8.02	9.775161743164062e-06
8.03	9.775161743164062e-06
8.04	9.5367431640625e-06
8.05	9.5367431640625e-06
8.06	9.5367431640625e-06
8.07	9.5367431640625e-06
8.08	9.5367431640625e-06
8.09	9.059906005859375e-06
8.1	9.059906005859375e-06
8.11	9.059906005859375e-06
8.12	8.344650268554688e-06
8.13	7.867813110351562e-06
8.14	7.62939453125e-06
8.15	7.3909759521484375e-06
8.16	7.152557373046875e-06
8.17	7.152557373046875e-06
8.18	7.152557373046875e-06
8.19	6.9141387939453125e-06
8.2	6.4373016357421875e-06
8.21	6.4373016357421875e-06
8.22	6.198883056640625e-06
8.23	6.198883056640625e-06
8.24	5.9604644775390625e-06
8.25	5.9604644775390625e-06
8.26	5.9604644775390625e-06
8.27	5.7220458984375e-06
8.28	5.7220458984375e-06
8.29	5.7220458984375e-06
8.3	5.7220458984375e-06
8.31	5.4836273193359375e-06
8.32	5.245208740234375e-06
8.33	5.245208740234375e-06
8.34	4.76837158203125e-06
8.35	4.76837158203125e-06
8.36	4.291534423828125e-06
8.37	4.0531158447265625e-06
8.38	4.0531158447265625e-06
8.39	4.0531158447265625e-06
8.4	4.0531158447265625e-06
8.41	4.0531158447265625e-06
8.42	4.0531158447265625e-06
8.43	4.0531158447265625e-06
8.44	4.0531158447265625e-06
8.45	4.0531158447265625e-06
8.46	3.814697265625e-06
8.47	3.337860107421875e-06
8.48	3.337860107421875e-06
8.49	3.337860107421875e-06
8.5	3.0994415283203125e-06
8.51	3.0994415283203125e-06
8.52	3.0994415283203125e-06
8.53	3.0994415283203125e-06
8.54	2.86102294921875e-06
8.55	2.86102294921875e-06
8.56	2.86102294921875e-06
8.57	2.6226043701171875e-06
8.58	2.384185791015625e-06
8.59	2.384185791015625e-06
8.6	2.384185791015625e-06
8.61	2.1457672119140625e-06
8.62	2.1457672119140625e-06
8.63	2.1457672119140625e-06
8.64	2.1457672119140625e-06
8.65	2.1457672119140625e-06
8.66	2.1457672119140625e-06
8.67	2.1457672119140625e-06
8.68	2.1457672119140625e-06
8.69	1.6689300537109375e-06
8.7	1.6689300537109375e-06
8.71	1.6689300537109375e-06
8.72	1.430511474609375e-06
8.73	1.1920928955078125e-06
8.74	1.1920928955078125e-06
8.75	1.1920928955078125e-06
8.76	1.1920928955078125e-06
8.77	1.1920928955078125e-06
8.78	1.1920928955078125e-06
8.79	1.1920928955078125e-06
8.8	9.5367431640625e-07
8.81	9.5367431640625e-07
8.82	9.5367431640625e-07
8.83	9.5367431640625e-07
8.84	9.5367431640625e-07
8.85	7.152557373046875e-07
8.86	7.152557373046875e-07
8.87	7.152557373046875e-07
8.88	7.152557373046875e-07
8.89	7.152557373046875e-07
8.9	7.152557373046875e-07
8.91	7.152557373046875e-07
8.92	4.76837158203125e-07
8.93	4.76837158203125e-07
8.94	4.76837158203125e-07
8.95	2.384185791015625e-07
8.96	2.384185791015625e-07
8.97	2.384185791015625e-07
8.98	2.384185791015625e-07
8.99	2.384185791015625e-07
9.0	2.384185791015625e-07
9.01	2.384185791015625e-07
9.02	2.384185791015625e-07
9.03	2.384185791015625e-07
9.04	2.384185791015625e-07
9.05	2.384185791015625e-07
9.06	2.384185791015625e-07
9.07	0.0
