5.15	0.0005025863647460938
5.16	0.0004968643188476562
5.17	0.0004930496215820312
5.18	0.0004911422729492188
5.19	0.0004901885986328125
5.2	0.00048542022705078125
5.21	0.00048160552978515625
5.22	0.00047779083251953125
5.23	0.00047588348388671875
5.24	0.00047397613525390625
5.25	0.000469207763671875
5.26	0.00046634674072265625
5.27	0.00046539306640625
5.28	0.00046539306640625
5.29	0.00045680999755859375
5.3	0.00045013427734375
5.31	0.0004482269287109375
5.32	0.000438690185546875
5.33	0.000438690185546875
5.34	0.00043487548828125
5.35	0.00042247772216796875
5.36	0.00041866302490234375
5.37	0.000408172607421875
5.38	0.00040435791015625
5.39	0.000396728515625
5.4	0.00039386749267578125
5.41	0.00039005279541015625
5.42	0.00038909912109375
5.43	0.0003814697265625
5.44	0.00037860870361328125
5.45	0.000370025634765625
5.46	0.0003681182861328125
5.47	0.00036525726318359375
5.48	0.00036525726318359375
5.49	0.00036525726318359375
5.5	0.00035858154296875
5.51	0.00035762786865234375
5.52	0.0003528594970703125
5.53	0.0003509521484375
5.54	0.00034999847412109375
5.55	0.00034809112548828125
5.56	0.00034618377685546875
5.57	0.00034618377685546875
5.58	0.000339508056640625
5.59	0.00033664703369140625
5.6	0.0003337860107421875
5.61	0.00033092498779296875
5.62	0.00032806396484375
5.63	0.00032520294189453125
5.64	0.0003223419189453125
5.65	0.00031948089599609375
5.66	0.000316619873046875
5.67	0.00030612945556640625
5.68	0.00030517578125
5.69	0.00029850006103515625
5.7	0.00029754638671875
5.71	0.00029468536376953125
5.72	0.00029468536376953125
5.73	0.00028228759765625
5.74	0.00027942657470703125
5.75	0.000274658203125
5.76	0.0002727508544921875
5.77	0.000270843505859375
5.78	0.00026988983154296875
5.79	0.00026607513427734375
5.8	0.000263214111328125
5.81	0.00026226043701171875
5.82	0.00026035308837890625
5.83	0.00025653839111328125
5.84	0.0002536773681640625
5.85	0.0002536773681640625
5.86	0.0002536773681640625
5.87	0.00025177001953125
5.88	0.000247955322265625
5.89	0.00024509429931640625
5.9	0.0002422332763671875
5.91	0.000240325927734375
5.92	0.000240325927734375
5.93	0.00023746490478515625
5.94	0.00023365020751953125
5.95	0.00023174285888671875
5.96	0.0002288818359375
5.97	0.0002269744873046875
5.98	0.00022411346435546875
5.99	0.00022125244140625
6.0	0.00022029876708984375
6.01	0.00021648406982421875
6.02	0.00021648406982421875
6.03	0.0002117156982421875
6.04	0.0002117156982421875
6.05	0.00020885467529296875
6.06	0.00020885467529296875
6.07	0.0002079010009765625
6.08	0.00020694732666015625
6.09	0.0002040863037109375
6.1	0.000202178955078125
6.11	0.00019931793212890625
6.12	0.00019931793212890625
6.13	0.0001983642578125
6.14	0.00019550323486328125
6.15	0.00019550323486328125
6.16	0.00018978118896484375
6.17	0.0001888275146484375
6.18	0.000186920166015625
6.19	0.0001850128173828125
6.2	0.0001850128173828125
6.21	0.00018310546875
6.22	0.00018024444580078125
6.23	0.000179290771484375
6.24	0.00017833709716796875
6.25	0.00017642974853515625
6.26	0.00017452239990234375
6.27	0.00017261505126953125
6.28	0.000171661376953125
6.29	0.0001697540283203125
6.3	0.0001697540283203125
6.31	0.00016689300537109375
6.32	0.00016498565673828125
6.33	0.0001621246337890625
6.34	0.00016117095947265625
6.35	0.00015926361083984375
6.36	0.0001583099365234375
6.37	0.000156402587890625
6.38	0.000156402587890625
6.39	0.0001544952392578125
6.4	0.00014972686767578125
6.41	0.000148773193359375
6.42	0.0001468658447265625
6.43	0.00014495849609375
6.44	0.00014400482177734375
6.45	0.0001430511474609375
6.46	0.00013828277587890625
6.47	0.00013828277587890625
6.48	0.00013637542724609375
6.49	0.00013446807861328125
6.5	0.00013446807861328125
6.51	0.00013446807861328125
6.52	0.0001316070556640625
6.53	0.0001316070556640625
6.54	0.00012969970703125
6.55	0.00012969970703125
6.56	0.00012874603271484375
6.57	0.000125885009765625
6.58	0.000125885009765625
6.59	0.00012493133544921875
6.6	0.00012302398681640625
6.61	0.0001220703125
6.62	0.00012111663818359375
6.63	0.0001201629638671875
6.64	0.00011920928955078125
6.65	0.000118255615234375
6.66	0.000118255615234375
6.67	0.00011730194091796875
6.68	0.00011730194091796875
6.69	0.00011539459228515625
6.7	0.00011444091796875
6.71	0.00011348724365234375
6.72	0.000110626220703125
6.73	0.00010967254638671875
6.74	0.00010967254638671875
6.75	0.00010776519775390625
6.76	0.0001049041748046875
6.77	0.00010395050048828125
6.78	0.00010204315185546875
6.79	0.00010204315185546875
6.8	0.0001010894775390625
6.81	0.00010013580322265625
6.82	9.918212890625e-05
6.83	9.918212890625e-05
6.84	9.72747802734375e-05
6.85	9.632110595703125e-05
6.86	9.632110595703125e-05
6.87	9.34600830078125e-05
6.88	9.34600830078125e-05
6.89	9.250640869140625e-05
6.9	9.1552734375e-05
6.91	9.1552734375e-05
6.92	8.96453857421875e-05
6.93	8.869171142578125e-05
6.94	8.869171142578125e-05
6.95	8.678436279296875e-05
6.96	8.678436279296875e-05
6.97	8.58306884765625e-05
6.98	8.487701416015625e-05
6.99	8.296966552734375e-05
7.0	8.296966552734375e-05
7.01	8.106231689453125e-05
7.02	8.0108642578125e-05
7.03	7.915496826171875e-05
7.04	7.915496826171875e-05
7.05	7.724761962890625e-05
7.06	7.43865966796875e-05
7.07	7.43865966796875e-05
7.08	7.343292236328125e-05
7.09	7.152557373046875e-05
7.1	7.152557373046875e-05
7.11	7.152557373046875e-05
7.12	7.05718994140625e-05
7.13	7.05718994140625e-05
7.14	6.961822509765625e-05
7.15	6.67572021484375e-05
7.16	6.67572021484375e-05
7.17	6.580352783203125e-05
7.18	6.580352783203125e-05
7.19	6.580352783203125e-05
7.2	6.580352783203125e-05
7.21	6.4849853515625e-05
7.22	6.29425048828125e-05
7.23	6.29425048828125e-05
7.24	6.29425048828125e-05
7.25	6.29425048828125e-05
7.26	6.29425048828125e-05
7.27	6.198883056640625e-05
7.28	6.103515625e-05
7.29	6.103515625e-05
7.3	6.008148193359375e-05
7.31	5.91278076171875e-05
7.32	5.91278076171875e-05
7.33	5.817413330078125e-05
7.34	5.817413330078125e-05
7.35	5.626678466796875e-05
7.36	5.435943603515625e-05
7.37	5.435943603515625e-05
7.38	5.340576171875e-05
7.39	5.340576171875e-05
7.4	5.340576171875e-05
7.41	5.245208740234375e-05
7.42	5.14984130859375e-05
7.43	5.14984130859375e-05
7.44	5.054473876953125e-05
7.45	4.9591064453125e-05
7.46	4.863739013671875e-05
7.47	4.863739013671875e-05
7.48	4.863739013671875e-05
7.49	4.863739013671875e-05
7.5	4.76837158203125e-05
7.51	4.57763671875e-05
7.52	4.482269287109375e-05
7.53	4.482269287109375e-05
7.54	4.482269287109375e-05
7.55	4.482269287109375e-05
7.56	4.38690185546875e-05
7.57	4.38690185546875e-05
7.58	4.291534423828125e-05
7.59	4.291534423828125e-05
7.6	4.1961669921875e-05
7.61	4.1961669921875e-05
7.62	4.1961669921875e-05
7.63	4.1961669921875e-05
7.64	4.1961669921875e-05
7.65	4.00543212890625e-05
7.66	3.910064697265625e-05
7.67	3.910064697265625e-05
7.68	3.814697265625e-05
7.69	3.814697265625e-05
7.7	3.814697265625e-05
7.71	3.62396240234375e-05
7.72	3.528594970703125e-05
7.73	3.528594970703125e-05
7.74	3.4332275390625e-05
7.75	3.4332275390625e-05
7.76	3.4332275390625e-05
7.77	3.4332275390625e-05
7.78	3.4332275390625e-05
7.79	3.4332275390625e-05
7.8	3.4332275390625e-05
7.81	3.337860107421875e-05
7.82	3.24249267578125e-05
7.83	3.24249267578125e-05
7.84	3.24249267578125e-05
7.85	3.24249267578125e-05
7.86	3.147125244140625e-05
7.87	3.147125244140625e-05
7.88	2.956390380859375e-05
7.89	2.86102294921875e-05
7.9	2.86102294921875e-05
7.91	2.86102294921875e-05
7.92	2.86102294921875e-05
7.93	2.86102294921875e-05
7.94	2.6702880859375e-05
7.95	2.47955322265625e-05
7.96	2.47955322265625e-05
7.97	2.47955322265625e-05
7.98	2.47955322265625e-05
7.99	2.384185791015625e-05
8.0	2.384185791015625e-05
8.01	2.288818359375e-05
8.02	2.288818359375e-05
8.03	2.288818359375e-05
8.04	2.288818359375e-05
8.05	2.288818359375e-05
8.06	2.288818359375e-05
8.07	2.288818359375e-05
8.08	2.288818359375e-05
8.09	2.193450927734375e-05
8.1	2.193450927734375e-05
8.11	2.193450927734375e-05
8.12	2.193450927734375e-05
8.13	2.193450927734375e-05
8.14	2.193450927734375e-05
8.15	2.09808349609375e-05
8.16	2.09808349609375e-05
8.17	2.09808349609375e-05
8.18	2.09808349609375e-05
8.19	2.002716064453125e-05
8.2	2.002716064453125e-05
8.21	2.002716064453125e-05
8.22	2.002716064453125e-05
8.23	2.002716064453125e-05
8.24	1.811981201171875e-05
8.25	1.71661376953125e-05
8.26	1.71661376953125e-05
8.27	1.71661376953125e-05
8.28	1.71661376953125e-05
8.29	1.621246337890625e-05
8.3	1.52587890625e-05
8.31	1.430511474609375e-05
8.32	1.430511474609375e-05
8.33	1.430511474609375e-05
8.34	1.430511474609375e-05
8.35	1.430511474609375e-05
8.36	1.430511474609375e-05
8.37	1.33514404296875e-05
8.38	1.33514404296875e-05
8.39	1.33514404296875e-05
8.4	1.33514404296875e-05
8.41	1.33514404296875e-05
8.42	1.33514404296875e-05
8.43	1.33514404296875e-05
8.44	1.33514404296875e-05
8.45	1.33514404296875e-05
8.46	1.239776611328125e-05
8.47	1.239776611328125e-05
8.48	1.239776611328125e-05
8.49	1.239776611328125e-05
8.5	1.239776611328125e-05
8.51	1.239776611328125e-05
8.52	1.049041748046875e-05
8.53	1.049041748046875e-05
8.54	9.5367431640625e-06
8.55	9.5367431640625e-06
8.56	9.5367431640625e-06
8.57	9.5367431640625e-06
8.58	8.58306884765625e-06
8.59	8.58306884765625e-06
8.6	7.62939453125e-06
8.61	6.67572021484375e-06
8.62	6.67572021484375e-06
8.63	6.67572021484375e-06
8.64	6.67572021484375e-06
8.65	6.67572021484375e-06
8.66	6.67572021484375e-06
8.67	5.7220458984375e-06
8.68	5.7220458984375e-06
8.69	5.7220458984375e-06
8.7	5.7220458984375e-06
8.71	5.7220458984375e-06
8.72	5.7220458984375e-06
8.73	5.7220458984375e-06
8.74	5.7220458984375e-06
8.75	5.7220458984375e-06
8.76	5.7220458984375e-06
8.77	5.7220458984375e-06
8.78	5.7220458984375e-06
8.79	5.7220458984375e-06
8.8	5.7220458984375e-06
8.81	5.7220458984375e-06
8.82	4.76837158203125e-06
8.83	4.76837158203125e-06
8.84	4.76837158203125e-06
8.85	4.76837158203125e-06
8.86	4.76837158203125e-06
8.87	4.76837158203125e-06
8.88	3.814697265625e-06
8.89	3.814697265625e-06
8.9	2.86102294921875e-06
8.91	2.86102294921875e-06
8.92	2.86102294921875e-06
8.93	2.86102294921875e-06
8.94	2.86102294921875e-06
8.95	2.86102294921875e-06
8.96	1.9073486328125e-06
8.97	1.9073486328125e-06
8.98	1.9073486328125e-06
8.99	1.9073486328125e-06
9.0	1.9073486328125e-06
9.01	1.9073486328125e-06
9.02	1.9073486328125e-06
9.03	1.9073486328125e-06
9.04	1.9073486328125e-06
9.05	1.9073486328125e-06
9.06	1.9073486328125e-06
9.07	1.9073486328125e-06
9.08	1.9073486328125e-06
9.09	1.9073486328125e-06
9.1	1.9073486328125e-06
9.11	1.9073486328125e-06
9.12	1.9073486328125e-06
9.13	1.9073486328125e-06
9.14	1.9073486328125e-06
9.15	1.9073486328125e-06
9.16	1.9073486328125e-06
9.17	1.9073486328125e-06
9.18	1.9073486328125e-06
9.19	1.9073486328125e-06
9.2	9.5367431640625e-07
9.21	9.5367431640625e-07
9.22	9.5367431640625e-07
9.23	9.5367431640625e-07
9.24	9.5367431640625e-07
9.25	0.0
