6.35	0.0005021728575229645
6.36	0.0004977434873580933
6.37	0.0004932880401611328
6.38	0.0004892013967037201
6.39	0.0004850998520851135
6.4	0.00048068538308143616
6.41	0.0004764087498188019
6.42	0.0004722699522972107
6.43	0.0004682764410972595
6.44	0.00046434998512268066
6.45	0.0004603825509548187
6.46	0.00045634806156158447
6.47	0.0004525817930698395
6.48	0.0004486963152885437
6.49	0.00044495612382888794
6.5	0.0004411563277244568
6.51	0.0004375651478767395
6.52	0.00043419376015663147
6.53	0.0004305317997932434
6.54	0.00042702630162239075
6.55	0.0004235021770000458
6.56	0.00041975080966949463
6.57	0.000416439026594162
6.58	0.0004130266606807709
6.59	0.0004096589982509613
6.6	0.00040609389543533325
6.61	0.0004028603434562683
6.62	0.0003995858132839203
6.63	0.0003960356116294861
6.64	0.00039273500442504883
6.65	0.00038934871554374695
6.66	0.0003861673176288605
6.67	0.00038292258977890015
6.68	0.00037959590554237366
6.69	0.0003761202096939087
6.7	0.00037289783358573914
6.71	0.000369783490896225
6.72	0.0003664754331111908
6.73	0.00036319345235824585
6.74	0.0003599822521209717
6.75	0.0003567337989807129
6.76	0.0003535710275173187
6.77	0.00035049766302108765
6.78	0.0003473721444606781
6.79	0.00034421682357788086
6.8	0.00034127384424209595
6.81	0.0003382153809070587
6.82	0.00033513084053993225
6.83	0.0003320276737213135
6.84	0.00032928213477134705
6.85	0.00032634660601615906
6.86	0.00032340362668037415
6.87	0.00032072514295578003
6.88	0.0003179199993610382
6.89	0.0003150925040245056
6.9	0.0003122873604297638
6.91	0.0003095380961894989
6.92	0.0003068894147872925
6.93	0.00030422210693359375
6.94	0.0003016367554664612
6.95	0.000299014151096344
6.96	0.00029638782143592834
6.97	0.00029389187693595886
6.98	0.0002912469208240509
6.99	0.00028877705335617065
7.0	0.00028624385595321655
7.01	0.00028384849429130554
7.02	0.0002814158797264099
7.03	0.0002790093421936035
7.04	0.0002767033874988556
7.05	0.00027422234416007996
7.06	0.0002719461917877197
7.07	0.0002696402370929718
7.08	0.00026712194085121155
7.09	0.0002646446228027344
7.1	0.00026240572333335876
7.11	0.0002601407468318939
7.12	0.00025764480233192444
7.13	0.00025521963834762573
7.14	0.00025281310081481934
7.15	0.00025054439902305603
7.16	0.0002481713891029358
7.17	0.00024589523673057556
7.18	0.000243455171585083
7.19	0.00024120137095451355
7.2	0.0002389773726463318
7.21	0.00023669004440307617
7.22	0.00023452192544937134
7.23	0.00023217126727104187
7.24	0.00023004785180091858
7.25	0.00022790953516960144
7.26	0.00022577494382858276
7.27	0.00022363662719726562
7.28	0.00022142007946968079
7.29	0.00021955743432044983
7.3	0.0002175942063331604
7.31	0.00021560117602348328
7.32	0.00021355226635932922
7.33	0.00021159648895263672
7.34	0.0002097301185131073
7.35	0.00020778924226760864
7.36	0.00020606815814971924
7.37	0.00020419806241989136
7.38	0.0002024620771408081
7.39	0.0002007409930229187
7.4	0.00019899383187294006
7.41	0.0001970939338207245
7.42	0.000195283442735672
7.43	0.0001936778426170349
7.44	0.0001919977366924286
7.45	0.0001902654767036438
7.46	0.00018848851323127747
7.47	0.0001867339015007019
7.48	0.00018499791622161865
7.49	0.00018322840332984924
7.5	0.0001814626157283783
7.51	0.00017964467406272888
7.52	0.00017800554633140564
7.53	0.000176306813955307
7.54	0.0001745373010635376
7.55	0.0001728534698486328
7.56	0.00017117708921432495
7.57	0.00016944482922554016
7.58	0.00016777589917182922
7.59	0.00016623735427856445
7.6	0.00016456842422485352
7.61	0.00016277283430099487
7.62	0.00016116350889205933
7.63	0.0001595914363861084
7.64	0.00015793368220329285
7.65	0.00015638023614883423
7.66	0.000154837965965271
7.67	0.0001533515751361847
7.68	0.00015167146921157837
7.69	0.00015025585889816284
7.7	0.0001487545669078827
7.71	0.00014739111065864563
7.72	0.0001460351049900055
7.73	0.0001446269452571869
7.74	0.00014327839016914368
7.75	0.0001418963074684143
7.76	0.00014055892825126648
7.77	0.00013913586735725403
7.78	0.00013786926865577698
7.79	0.00013665854930877686
7.8	0.00013541802763938904
7.81	0.0001341216266155243
7.82	0.00013283640146255493
7.83	0.00013159215450286865
7.84	0.00013023987412452698
7.85	0.00012912973761558533
7.86	0.0001278407871723175
7.87	0.0001266077160835266
7.88	0.00012550875544548035
7.89	0.00012427568435668945
7.9	0.00012302398681640625
7.91	0.00012167170643806458
7.92	0.00012056156992912292
7.93	0.00011940672993659973
7.94	0.00011811405420303345
7.95	0.0001168660819530487
7.96	0.00011570751667022705
7.97	0.00011441484093666077
7.98	0.00011326372623443604
7.99	0.00011205300688743591
8.0	0.00011080875992774963
8.01	0.00010960549116134644
8.02	0.00010846927762031555
8.03	0.00010727345943450928
8.04	0.00010604411363601685
8.05	0.0001049041748046875
8.06	0.00010373815894126892
8.07	0.00010265037417411804
8.08	0.00010164082050323486
8.09	0.00010047480463981628
8.1	9.931251406669617e-05
8.11	9.828805923461914e-05
8.12	9.733438491821289e-05
8.13	9.627640247344971e-05
8.14	9.527057409286499e-05
8.15	9.438768029212952e-05
8.16	9.34600830078125e-05
8.17	9.249523282051086e-05
8.18	9.154900908470154e-05
8.19	9.062886238098145e-05
8.2	8.967891335487366e-05
8.21	8.882954716682434e-05
8.22	8.79727303981781e-05
8.23	8.707121014595032e-05
8.24	8.618086576461792e-05
8.25	8.538737893104553e-05
8.26	8.447840809822083e-05
8.27	8.357688784599304e-05
8.28	8.277967572212219e-05
8.29	8.195266127586365e-05
8.3	8.113682270050049e-05
8.31	8.027255535125732e-05
8.32	7.939711213111877e-05
8.33	7.847696542739868e-05
8.34	7.764995098114014e-05
8.35	7.675215601921082e-05
8.36	7.586926221847534e-05
8.37	7.501617074012756e-05
8.38	7.411465048789978e-05
8.39	7.331371307373047e-05
8.4	7.239356637001038e-05
8.41	7.15889036655426e-05
8.42	7.078424096107483e-05
8.43	6.992369890213013e-05
8.44	6.910786032676697e-05
8.45	6.832927465438843e-05
8.46	6.75097107887268e-05
8.47	6.670132279396057e-05
8.48	6.59748911857605e-05
8.49	6.518140435218811e-05
8.5	6.446987390518188e-05
8.51	6.377324461936951e-05
8.52	6.311014294624329e-05
8.53	6.238371133804321e-05
8.54	6.166845560073853e-05
8.55	6.099045276641846e-05
8.56	6.036832928657532e-05
8.57	5.974993109703064e-05
8.58	5.9116631746292114e-05
8.59	5.840510129928589e-05
8.6	5.7831406593322754e-05
8.61	5.720555782318115e-05
8.62	5.65648078918457e-05
8.63	5.5965036153793335e-05
8.64	5.537644028663635e-05
8.65	5.482509732246399e-05
8.66	5.425885319709778e-05
8.67	5.370378494262695e-05
8.68	5.314871668815613e-05
8.69	5.253031849861145e-05
8.7	5.1997601985931396e-05
8.71	5.1431357860565186e-05
8.72	5.0865113735198975e-05
8.73	5.019828677177429e-05
8.74	4.9680471420288086e-05
8.75	4.906579852104187e-05
8.76	4.844367504119873e-05
8.77	4.7888606786727905e-05
8.78	4.728138446807861e-05
8.79	4.6800822019577026e-05
8.8	4.626065492630005e-05
8.81	4.564598202705383e-05
8.82	4.506111145019531e-05
8.83	4.453584551811218e-05
8.84	4.401057958602905e-05
8.85	4.3477863073349e-05
8.86	4.295632243156433e-05
8.87	4.241243004798889e-05
8.88	4.1875988245010376e-05
8.89	4.1365623474121094e-05
8.9	4.084780812263489e-05
8.91	4.0356069803237915e-05
8.92	3.9868056774139404e-05
8.93	3.944709897041321e-05
8.94	3.9052218198776245e-05
8.95	3.859400749206543e-05
8.96	3.8120895624160767e-05
8.97	3.766641020774841e-05
8.98	3.7264078855514526e-05
8.99	3.6872923374176025e-05
9.0	3.650784492492676e-05
9.01	3.614649176597595e-05
9.02	3.5762786865234375e-05
9.03	3.539770841598511e-05
9.04	3.503262996673584e-05
9.05	3.4689903259277344e-05
9.06	3.429129719734192e-05
9.07	3.39411199092865e-05
9.08	3.3598393201828e-05
9.09	3.324076533317566e-05
9.1	3.28943133354187e-05
9.11	3.2495707273483276e-05
9.12	3.2179057598114014e-05
9.13	3.178045153617859e-05
9.14	3.143027424812317e-05
9.15	3.104284405708313e-05
9.16	3.069639205932617e-05
9.17	3.0331313610076904e-05
9.18	2.993270754814148e-05
9.19	2.958253026008606e-05
9.2	2.925097942352295e-05
9.21	2.888217568397522e-05
9.22	2.849474549293518e-05
9.23	2.8155744075775146e-05
9.24	2.7727335691452026e-05
9.25	2.734363079071045e-05
9.26	2.6989728212356567e-05
9.27	2.6628375053405762e-05
9.28	2.6356428861618042e-05
9.29	2.602115273475647e-05
9.3	2.5674700736999512e-05
9.31	2.5309622287750244e-05
9.32	2.50302255153656e-05
9.33	2.4721026420593262e-05
9.34	2.4441629648208618e-05
9.35	2.4180859327316284e-05
9.36	2.388283610343933e-05
9.37	2.3618340492248535e-05
9.38	2.33575701713562e-05
9.39	2.3089349269866943e-05
9.4	2.277269959449768e-05
9.41	2.2534281015396118e-05
9.42	2.2351741790771484e-05
9.43	2.2143125534057617e-05
9.44	2.1919608116149902e-05
9.45	2.1666288375854492e-05
9.46	2.1416693925857544e-05
9.47	2.1200627088546753e-05
9.48	2.0965933799743652e-05
9.49	2.0772218704223633e-05
9.5	2.0500272512435913e-05
9.51	2.028048038482666e-05
9.52	2.0075589418411255e-05
9.53	1.9822269678115845e-05
9.54	1.9587576389312744e-05
9.55	1.9360333681106567e-05
9.56	1.9147992134094238e-05
9.57	1.8946826457977295e-05
9.58	1.872330904006958e-05
9.59	1.8436461687088013e-05
9.6	1.8205493688583374e-05
9.61	1.8011778593063354e-05
9.62	1.7765909433364868e-05
9.63	1.751631498336792e-05
9.64	1.72443687915802e-05
9.65	1.704692840576172e-05
9.66	1.679733395576477e-05
9.67	1.6510486602783203e-05
9.68	1.6286969184875488e-05
9.69	1.6029924154281616e-05
9.7	1.5836209058761597e-05
9.71	1.564621925354004e-05
9.72	1.5459954738616943e-05
9.73	1.5191733837127686e-05
9.74	1.496821641921997e-05
9.75	1.479312777519226e-05
9.76	1.4562159776687622e-05
9.77	1.4390796422958374e-05
9.78	1.4197081327438354e-05
9.79	1.4021992683410645e-05
9.8	1.3854354619979858e-05
9.81	1.370161771774292e-05
9.82	1.352652907371521e-05
9.83	1.3340264558792114e-05
9.84	1.3209879398345947e-05
9.85	1.3057142496109009e-05
9.86	1.2908130884170532e-05
9.87	1.2781471014022827e-05
9.88	1.2621283531188965e-05
9.89	1.2449920177459717e-05
9.9	1.2308359146118164e-05
9.91	1.2192875146865845e-05
9.92	1.202896237373352e-05
9.93	1.189112663269043e-05
9.94	1.177564263343811e-05
9.95	1.1648982763290405e-05
9.96	1.1473894119262695e-05
9.97	1.1343508958816528e-05
9.98	1.12093985080719e-05
9.99	1.1041760444641113e-05
10.0	1.0866671800613403e-05
10.01	1.0732561349868774e-05
10.02	1.0535120964050293e-05
10.03	1.0363757610321045e-05
10.04	1.0214745998382568e-05
10.05	1.0050833225250244e-05
10.06	9.883195161819458e-06
10.07	9.73045825958252e-06
10.08	9.577721357345581e-06
10.09	9.410083293914795e-06
10.1	9.272247552871704e-06
10.11	9.123235940933228e-06
10.12	8.970499038696289e-06
10.13	8.832663297653198e-06
10.14	8.724629878997803e-06
10.15	8.586794137954712e-06
10.16	8.419156074523926e-06
10.17	8.273869752883911e-06
10.18	8.121132850646973e-06
10.19	7.99819827079773e-06
10.2	7.905066013336182e-06
10.21	7.811933755874634e-06
10.22	7.677823305130005e-06
10.23	7.577240467071533e-06
10.24	7.4766576290130615e-06
10.25	7.3499977588653564e-06
10.26	7.245689630508423e-06
10.27	7.156282663345337e-06
10.28	7.074326276779175e-06
10.29	6.988644599914551e-06
10.3	6.92903995513916e-06
10.31	6.806105375289917e-06
10.32	6.709247827529907e-06
10.33	6.619840860366821e-06
10.34	6.534159183502197e-06
10.35	6.452202796936035e-06
10.36	6.366521120071411e-06
10.37	6.273388862609863e-06
10.38	6.161630153656006e-06
10.39	6.068497896194458e-06
10.4	5.97536563873291e-06
10.41	5.859881639480591e-06
10.42	5.766749382019043e-06
10.43	5.688518285751343e-06
10.44	5.591660737991333e-06
10.45	5.4836273193359375e-06
10.46	5.409121513366699e-06
10.47	5.315989255905151e-06
10.48	5.230307579040527e-06
10.49	5.1371753215789795e-06
10.5	5.029141902923584e-06
10.51	4.92483377456665e-06
10.52	4.809349775314331e-06
10.53	4.723668098449707e-06
10.54	4.6193599700927734e-06
10.55	4.526227712631226e-06
10.56	4.447996616363525e-06
10.57	4.369765520095825e-06
10.58	4.26173210144043e-06
10.59	4.179775714874268e-06
10.6	4.090368747711182e-06
10.61	4.030764102935791e-06
10.62	3.956258296966553e-06
10.63	3.907829523086548e-06
10.64	3.848224878311157e-06
10.65	3.7588179111480713e-06
10.66	3.6954879760742188e-06
10.67	3.6209821701049805e-06
10.68	3.557652235031128e-06
10.69	3.505498170852661e-06
10.7	3.4458935260772705e-06
10.71	3.382563591003418e-06
10.72	3.334134817123413e-06
10.73	3.296881914138794e-06
10.74	3.2261013984680176e-06
10.75	3.170222043991089e-06
10.76	3.121793270111084e-06
10.77	3.0659139156341553e-06
10.78	3.0212104320526123e-06
10.79	2.9690563678741455e-06
10.8	2.9169023036956787e-06
10.81	2.8386712074279785e-06
10.82	2.7939677238464355e-06
10.83	2.7529895305633545e-06
10.84	2.7008354663848877e-06
10.85	2.644956111907959e-06
10.86	2.5890767574310303e-06
10.87	2.522021532058716e-06
10.88	2.462416887283325e-06
10.89	2.4102628231048584e-06
10.9	2.3543834686279297e-06
10.91	2.2873282432556152e-06
10.92	2.2314488887786865e-06
10.93	2.175569534301758e-06
10.94	2.1085143089294434e-06
10.95	2.041459083557129e-06
10.96	2.000480890274048e-06
10.97	1.952052116394043e-06
10.98	1.9185245037078857e-06
10.99	1.8700957298278809e-06
11.0	1.8253922462463379e-06
11.01	1.776963472366333e-06
11.02	1.7434358596801758e-06
11.03	1.695007085800171e-06
11.04	1.6540288925170898e-06
11.05	1.6167759895324707e-06
11.06	1.5869736671447754e-06
11.07	1.560896635055542e-06
11.08	1.5050172805786133e-06
11.09	1.475214958190918e-06
11.1	1.434236764907837e-06
11.11	1.4007091522216797e-06
11.12	1.3746321201324463e-06
11.13	1.3522803783416748e-06
11.14	1.30385160446167e-06
11.15	1.2777745723724365e-06
11.16	1.2740492820739746e-06
11.17	1.2293457984924316e-06
11.18	1.2069940567016602e-06
11.19	1.166015863418579e-06
11.2	1.1436641216278076e-06
11.21	1.1138617992401123e-06
11.22	1.080334186553955e-06
11.23	1.0579824447631836e-06
11.24	1.0132789611816406e-06
11.25	9.98377799987793e-07
11.26	9.648501873016357e-07
11.27	9.387731552124023e-07
11.28	8.903443813323975e-07
11.29	8.791685104370117e-07
11.3	8.344650268554688e-07
11.31	8.121132850646973e-07
11.32	7.934868335723877e-07
11.33	7.636845111846924e-07
11.34	7.413327693939209e-07
11.35	7.227063179016113e-07
11.36	7.040798664093018e-07
11.37	6.668269634246826e-07
11.38	6.48200511932373e-07
11.39	6.258487701416016e-07
11.4	6.034970283508301e-07
11.41	5.885958671569824e-07
11.42	5.736947059631348e-07
11.43	5.401670932769775e-07
11.44	5.103647708892822e-07
11.45	4.991888999938965e-07
11.46	4.731118679046631e-07
11.47	4.544854164123535e-07
11.48	4.3958425521850586e-07
11.49	4.3213367462158203e-07
11.5	4.246830940246582e-07
11.51	4.023313522338867e-07
11.52	3.91155481338501e-07
11.53	3.762543201446533e-07
11.54	3.688037395477295e-07
11.55	3.6135315895080566e-07
11.56	3.6135315895080566e-07
11.57	3.3527612686157227e-07
11.58	3.3155083656311035e-07
11.59	3.166496753692627e-07
11.6	3.0174851417541504e-07
11.61	2.980232238769531e-07
11.62	2.8312206268310547e-07
11.63	2.7194619178771973e-07
11.64	2.5704503059387207e-07
11.65	2.5704503059387207e-07
11.66	2.384185791015625e-07
11.67	2.2724270820617676e-07
11.68	2.2351741790771484e-07
11.69	2.1979212760925293e-07
11.7	2.086162567138672e-07
11.71	1.9744038581848145e-07
11.72	1.8998980522155762e-07
11.73	1.7136335372924805e-07
11.74	1.7136335372924805e-07
11.75	1.564621925354004e-07
11.76	1.5273690223693848e-07
11.77	1.3783574104309082e-07
11.78	1.341104507446289e-07
11.79	1.2293457984924316e-07
11.8	1.0803341865539551e-07
11.81	1.043081283569336e-07
11.82	9.313225746154785e-08
11.83	9.313225746154785e-08
11.84	8.940696716308594e-08
11.85	8.940696716308594e-08
11.86	7.82310962677002e-08
11.87	7.82310962677002e-08
11.88	7.450580596923828e-08
11.89	7.078051567077637e-08
11.9	7.078051567077637e-08
11.91	6.705522537231445e-08
11.92	5.960464477539063e-08
11.93	5.960464477539063e-08
11.94	5.587935447692871e-08
11.95	4.842877388000488e-08
11.96	4.0978193283081055e-08
11.97	4.0978193283081055e-08
11.98	4.0978193283081055e-08
11.99	4.0978193283081055e-08
12.0	3.3527612686157227e-08
12.01	3.3527612686157227e-08
12.02	3.3527612686157227e-08
12.03	3.3527612686157227e-08
12.04	3.3527612686157227e-08
12.05	3.3527612686157227e-08
12.06	2.9802322387695312e-08
12.07	2.9802322387695312e-08
12.08	2.60770320892334e-08
12.09	2.2351741790771484e-08
12.1	2.2351741790771484e-08
12.11	1.862645149230957e-08
12.12	1.862645149230957e-08
12.13	1.4901161193847656e-08
12.14	1.4901161193847656e-08
12.15	1.1175870895385742e-08
12.16	1.1175870895385742e-08
12.17	1.1175870895385742e-08
12.18	1.1175870895385742e-08
12.19	1.1175870895385742e-08
12.2	1.1175870895385742e-08
12.21	1.1175870895385742e-08
12.22	7.450580596923828e-09
12.23	7.450580596923828e-09
12.24	3.725290298461914e-09
12.25	3.725290298461914e-09
12.26	3.725290298461914e-09
12.27	3.725290298461914e-09
12.28	3.725290298461914e-09
12.29	0.0
