6.3	0.0005035400390625
6.31	0.0004987716674804688
6.32	0.00049591064453125
6.33	0.0004892349243164062
6.34	0.00048351287841796875
6.35	0.00047969818115234375
6.36	0.00047588348388671875
6.37	0.00047397613525390625
6.38	0.0004730224609375
6.39	0.000469207763671875
6.4	0.0004673004150390625
6.41	0.000461578369140625
6.42	0.000457763671875
6.43	0.00045299530029296875
6.44	0.00044918060302734375
6.45	0.00044536590576171875
6.46	0.0004367828369140625
6.47	0.0004329681396484375
6.48	0.00043010711669921875
6.49	0.00042724609375
6.5	0.0004215240478515625
6.51	0.00041484832763671875
6.52	0.0004062652587890625
6.53	0.0003986358642578125
6.54	0.00039577484130859375
6.55	0.000392913818359375
6.56	0.00038814544677734375
6.57	0.0003833770751953125
6.58	0.00037860870361328125
6.59	0.00037479400634765625
6.6	0.0003681182861328125
6.61	0.00036525726318359375
6.62	0.00035953521728515625
6.63	0.00035572052001953125
6.64	0.0003509521484375
6.65	0.00034236907958984375
6.66	0.0003414154052734375
6.67	0.00033473968505859375
6.68	0.00033092498779296875
6.69	0.000324249267578125
6.7	0.00032329559326171875
6.71	0.0003185272216796875
6.72	0.0003185272216796875
6.73	0.00031375885009765625
6.74	0.0003108978271484375
6.75	0.00030612945556640625
6.76	0.00030040740966796875
6.77	0.00029850006103515625
6.78	0.0002956390380859375
6.79	0.000293731689453125
6.8	0.00029087066650390625
6.81	0.00028896331787109375
6.82	0.0002880096435546875
6.83	0.0002841949462890625
6.84	0.00028228759765625
6.85	0.00028133392333984375
6.86	0.000274658203125
6.87	0.000274658203125
6.88	0.000270843505859375
6.89	0.0002689361572265625
6.9	0.00026416778564453125
6.91	0.00026226043701171875
6.92	0.00026035308837890625
6.93	0.0002593994140625
6.94	0.000255584716796875
6.95	0.000255584716796875
6.96	0.0002536773681640625
6.97	0.000247955322265625
6.98	0.000240325927734375
6.99	0.0002384185791015625
7.0	0.00023746490478515625
7.01	0.00023651123046875
7.02	0.0002346038818359375
7.03	0.000232696533203125
7.04	0.0002288818359375
7.05	0.00022792816162109375
7.06	0.00022602081298828125
7.07	0.00022411346435546875
7.08	0.00022220611572265625
7.09	0.00022125244140625
7.1	0.000217437744140625
7.11	0.000213623046875
7.12	0.00021266937255859375
7.13	0.00021076202392578125
7.14	0.000209808349609375
7.15	0.000209808349609375
7.16	0.000209808349609375
7.17	0.00020885467529296875
7.18	0.00020694732666015625
7.19	0.00020313262939453125
7.2	0.000202178955078125
7.21	0.00018978118896484375
7.22	0.000186920166015625
7.23	0.0001850128173828125
7.24	0.00018024444580078125
7.25	0.000179290771484375
7.26	0.00017261505126953125
7.27	0.000171661376953125
7.28	0.000171661376953125
7.29	0.00016880035400390625
7.3	0.0001659393310546875
7.31	0.0001659393310546875
7.32	0.00016117095947265625
7.33	0.00015926361083984375
7.34	0.00015544891357421875
7.35	0.00015354156494140625
7.36	0.00014972686767578125
7.37	0.00014781951904296875
7.38	0.00014591217041015625
7.39	0.00014400482177734375
7.4	0.00014209747314453125
7.41	0.000141143798828125
7.42	0.00013637542724609375
7.43	0.00013256072998046875
7.44	0.00013256072998046875
7.45	0.00013065338134765625
7.46	0.00012969970703125
7.47	0.0001277923583984375
7.48	0.00012683868408203125
7.49	0.00012302398681640625
7.5	0.00012302398681640625
7.51	0.0001220703125
7.52	0.0001201629638671875
7.53	0.00011920928955078125
7.54	0.00011539459228515625
7.55	0.00011348724365234375
7.56	0.0001125335693359375
7.57	0.00011157989501953125
7.58	0.00010967254638671875
7.59	0.00010776519775390625
7.6	0.0001068115234375
7.61	0.0001068115234375
7.62	0.0001068115234375
7.63	0.0001068115234375
7.64	0.0001049041748046875
7.65	0.00010395050048828125
7.66	0.00010395050048828125
7.67	0.00010013580322265625
7.68	9.918212890625e-05
7.69	9.822845458984375e-05
7.7	9.632110595703125e-05
7.71	9.441375732421875e-05
7.72	9.34600830078125e-05
7.73	9.34600830078125e-05
7.74	9.250640869140625e-05
7.75	9.250640869140625e-05
7.76	9.250640869140625e-05
7.77	9.059906005859375e-05
7.78	8.96453857421875e-05
7.79	8.96453857421875e-05
7.8	8.869171142578125e-05
7.81	8.869171142578125e-05
7.82	8.7738037109375e-05
7.83	8.678436279296875e-05
7.84	8.487701416015625e-05
7.85	8.487701416015625e-05
7.86	8.487701416015625e-05
7.87	8.487701416015625e-05
7.88	8.487701416015625e-05
7.89	8.487701416015625e-05
7.9	8.296966552734375e-05
7.91	8.296966552734375e-05
7.92	8.296966552734375e-05
7.93	8.106231689453125e-05
7.94	8.0108642578125e-05
7.95	7.82012939453125e-05
7.96	7.82012939453125e-05
7.97	7.82012939453125e-05
7.98	7.724761962890625e-05
7.99	7.62939453125e-05
8.0	7.43865966796875e-05
8.01	6.771087646484375e-05
8.02	6.771087646484375e-05
8.03	6.771087646484375e-05
8.04	6.580352783203125e-05
8.05	6.580352783203125e-05
8.06	6.4849853515625e-05
8.07	6.29425048828125e-05
8.08	6.198883056640625e-05
8.09	6.008148193359375e-05
8.1	6.008148193359375e-05
8.11	6.008148193359375e-05
8.12	5.7220458984375e-05
8.13	5.626678466796875e-05
8.14	5.53131103515625e-05
8.15	5.435943603515625e-05
8.16	5.340576171875e-05
8.17	5.340576171875e-05
8.18	5.245208740234375e-05
8.19	5.245208740234375e-05
8.2	5.245208740234375e-05
8.21	5.14984130859375e-05
8.22	5.14984130859375e-05
8.23	4.76837158203125e-05
8.24	4.76837158203125e-05
8.25	4.76837158203125e-05
8.26	4.76837158203125e-05
8.27	4.76837158203125e-05
8.28	4.57763671875e-05
8.29	4.57763671875e-05
8.3	4.57763671875e-05
8.31	4.57763671875e-05
8.32	4.482269287109375e-05
8.33	4.482269287109375e-05
8.34	4.38690185546875e-05
8.35	4.291534423828125e-05
8.36	4.291534423828125e-05
8.37	4.291534423828125e-05
8.38	4.291534423828125e-05
8.39	4.291534423828125e-05
8.4	4.291534423828125e-05
8.41	4.291534423828125e-05
8.42	4.1961669921875e-05
8.43	4.1961669921875e-05
8.44	4.00543212890625e-05
8.45	3.910064697265625e-05
8.46	3.910064697265625e-05
8.47	3.719329833984375e-05
8.48	3.62396240234375e-05
8.49	3.528594970703125e-05
8.5	3.528594970703125e-05
8.51	3.528594970703125e-05
8.52	3.528594970703125e-05
8.53	3.528594970703125e-05
8.54	3.528594970703125e-05
8.55	3.4332275390625e-05
8.56	3.4332275390625e-05
8.57	3.337860107421875e-05
8.58	3.24249267578125e-05
8.59	3.24249267578125e-05
8.6	3.147125244140625e-05
8.61	3.147125244140625e-05
8.62	3.0517578125e-05
8.63	3.0517578125e-05
8.64	3.0517578125e-05
8.65	3.0517578125e-05
8.66	3.0517578125e-05
8.67	3.0517578125e-05
8.68	2.956390380859375e-05
8.69	2.86102294921875e-05
8.7	2.574920654296875e-05
8.71	2.574920654296875e-05
8.72	2.574920654296875e-05
8.73	2.384185791015625e-05
8.74	2.288818359375e-05
8.75	2.193450927734375e-05
8.76	2.193450927734375e-05
8.77	2.193450927734375e-05
8.78	2.193450927734375e-05
8.79	2.193450927734375e-05
8.8	2.09808349609375e-05
8.81	2.09808349609375e-05
8.82	1.9073486328125e-05
8.83	1.9073486328125e-05
8.84	1.811981201171875e-05
8.85	1.811981201171875e-05
8.86	1.71661376953125e-05
8.87	1.621246337890625e-05
8.88	1.621246337890625e-05
8.89	1.52587890625e-05
8.9	1.52587890625e-05
8.91	1.52587890625e-05
8.92	1.430511474609375e-05
8.93	1.430511474609375e-05
8.94	1.430511474609375e-05
8.95	1.430511474609375e-05
8.96	1.430511474609375e-05
8.97	1.430511474609375e-05
8.98	1.430511474609375e-05
8.99	1.430511474609375e-05
9.0	1.430511474609375e-05
9.01	1.430511474609375e-05
9.02	1.33514404296875e-05
9.03	1.33514404296875e-05
9.04	1.33514404296875e-05
9.05	1.33514404296875e-05
9.06	1.33514404296875e-05
9.07	1.33514404296875e-05
9.08	1.239776611328125e-05
9.09	1.239776611328125e-05
9.1	1.239776611328125e-05
9.11	1.239776611328125e-05
9.12	1.239776611328125e-05
9.13	1.239776611328125e-05
9.14	1.239776611328125e-05
9.15	1.1444091796875e-05
9.16	1.1444091796875e-05
9.17	1.1444091796875e-05
9.18	1.1444091796875e-05
9.19	1.1444091796875e-05
9.2	1.1444091796875e-05
9.21	1.1444091796875e-05
9.22	1.1444091796875e-05
9.23	1.1444091796875e-05
9.24	1.1444091796875e-05
9.25	1.1444091796875e-05
9.26	1.1444091796875e-05
9.27	1.1444091796875e-05
9.28	1.1444091796875e-05
9.29	1.1444091796875e-05
9.3	1.1444091796875e-05
9.31	1.1444091796875e-05
9.32	1.1444091796875e-05
9.33	1.1444091796875e-05
9.34	1.1444091796875e-05
9.35	1.1444091796875e-05
9.36	1.1444091796875e-05
9.37	1.1444091796875e-05
9.38	1.1444091796875e-05
9.39	1.1444091796875e-05
9.4	1.1444091796875e-05
9.41	1.1444091796875e-05
9.42	1.1444091796875e-05
9.43	1.049041748046875e-05
9.44	1.049041748046875e-05
9.45	1.049041748046875e-05
9.46	1.049041748046875e-05
9.47	1.049041748046875e-05
9.48	9.5367431640625e-06
9.49	8.58306884765625e-06
9.5	7.62939453125e-06
9.51	7.62939453125e-06
9.52	7.62939453125e-06
9.53	7.62939453125e-06
9.54	7.62939453125e-06
9.55	7.62939453125e-06
9.56	7.62939453125e-06
9.57	6.67572021484375e-06
9.58	6.67572021484375e-06
9.59	6.67572021484375e-06
9.6	6.67572021484375e-06
9.61	6.67572021484375e-06
9.62	5.7220458984375e-06
9.63	5.7220458984375e-06
9.64	4.76837158203125e-06
9.65	4.76837158203125e-06
9.66	4.76837158203125e-06
9.67	4.76837158203125e-06
9.68	4.76837158203125e-06
9.69	4.76837158203125e-06
9.7	4.76837158203125e-06
9.71	4.76837158203125e-06
9.72	4.76837158203125e-06
9.73	4.76837158203125e-06
9.74	4.76837158203125e-06
9.75	4.76837158203125e-06
9.76	4.76837158203125e-06
9.77	4.76837158203125e-06
9.78	4.76837158203125e-06
9.79	4.76837158203125e-06
9.8	4.76837158203125e-06
9.81	4.76837158203125e-06
9.82	4.76837158203125e-06
9.83	3.814697265625e-06
9.84	3.814697265625e-06
9.85	3.814697265625e-06
9.86	3.814697265625e-06
9.87	3.814697265625e-06
9.88	3.814697265625e-06
9.89	3.814697265625e-06
9.9	3.814697265625e-06
9.91	3.814697265625e-06
9.92	3.814697265625e-06
9.93	3.814697265625e-06
9.94	3.814697265625e-06
9.95	2.86102294921875e-06
9.96	2.86102294921875e-06
9.97	2.86102294921875e-06
9.98	2.86102294921875e-06
9.99	2.86102294921875e-06
10.0	2.86102294921875e-06
10.01	2.86102294921875e-06
10.02	2.86102294921875e-06
10.03	2.86102294921875e-06
10.04	2.86102294921875e-06
10.05	2.86102294921875e-06
10.06	2.86102294921875e-06
10.07	2.86102294921875e-06
10.08	2.86102294921875e-06
10.09	2.86102294921875e-06
10.1	2.86102294921875e-06
10.11	2.86102294921875e-06
10.12	2.86102294921875e-06
10.13	2.86102294921875e-06
10.14	2.86102294921875e-06
10.15	2.86102294921875e-06
10.16	2.86102294921875e-06
10.17	2.86102294921875e-06
10.18	1.9073486328125e-06
10.19	1.9073486328125e-06
10.2	1.9073486328125e-06
10.21	1.9073486328125e-06
10.22	1.9073486328125e-06
10.23	9.5367431640625e-07
10.24	9.5367431640625e-07
10.25	9.5367431640625e-07
10.26	9.5367431640625e-07
10.27	9.5367431640625e-07
10.28	9.5367431640625e-07
10.29	9.5367431640625e-07
10.3	9.5367431640625e-07
10.31	9.5367431640625e-07
10.32	9.5367431640625e-07
10.33	9.5367431640625e-07
10.34	9.5367431640625e-07
10.35	9.5367431640625e-07
10.36	9.5367431640625e-07
10.37	9.5367431640625e-07
10.38	9.5367431640625e-07
10.39	9.5367431640625e-07
10.4	9.5367431640625e-07
10.41	9.5367431640625e-07
10.42	9.5367431640625e-07
10.43	9.5367431640625e-07
10.44	9.5367431640625e-07
10.45	9.5367431640625e-07
10.46	9.5367431640625e-07
10.47	9.5367431640625e-07
10.48	9.5367431640625e-07
10.49	9.5367431640625e-07
10.5	9.5367431640625e-07
10.51	9.5367431640625e-07
10.52	9.5367431640625e-07
10.53	9.5367431640625e-07
10.54	9.5367431640625e-07
10.55	9.5367431640625e-07
10.56	9.5367431640625e-07
10.57	9.5367431640625e-07
10.58	9.5367431640625e-07
10.59	9.5367431640625e-07
10.6	9.5367431640625e-07
10.61	9.5367431640625e-07
10.62	9.5367431640625e-07
10.63	9.5367431640625e-07
10.64	9.5367431640625e-07
10.65	9.5367431640625e-07
10.66	9.5367431640625e-07
10.67	9.5367431640625e-07
10.68	9.5367431640625e-07
10.69	9.5367431640625e-07
10.7	9.5367431640625e-07
10.71	9.5367431640625e-07
10.72	9.5367431640625e-07
10.73	9.5367431640625e-07
10.74	9.5367431640625e-07
10.75	9.5367431640625e-07
10.76	9.5367431640625e-07
10.77	9.5367431640625e-07
10.78	9.5367431640625e-07
10.79	9.5367431640625e-07
10.8	9.5367431640625e-07
10.81	9.5367431640625e-07
10.82	9.5367431640625e-07
10.83	9.5367431640625e-07
10.84	9.5367431640625e-07
10.85	9.5367431640625e-07
10.86	9.5367431640625e-07
10.87	9.5367431640625e-07
10.88	9.5367431640625e-07
10.89	9.5367431640625e-07
10.9	9.5367431640625e-07
10.91	9.5367431640625e-07
10.92	9.5367431640625e-07
10.93	9.5367431640625e-07
10.94	9.5367431640625e-07
10.95	9.5367431640625e-07
10.96	9.5367431640625e-07
10.97	9.5367431640625e-07
10.98	0.0
