6.23	0.0005044937133789062
6.24	0.0004930496215820312
6.25	0.0004930496215820312
6.26	0.000492095947265625
6.27	0.000492095947265625
6.28	0.0004901885986328125
6.29	0.0004901885986328125
6.3	0.00048065185546875
6.31	0.00047588348388671875
6.32	0.00047016143798828125
6.33	0.00047016143798828125
6.34	0.00046634674072265625
6.35	0.00046539306640625
6.36	0.000453948974609375
6.37	0.0004482269287109375
6.38	0.0004482269287109375
6.39	0.0004444122314453125
6.4	0.0004444122314453125
6.41	0.00044155120849609375
6.42	0.0004405975341796875
6.43	0.000438690185546875
6.44	0.0004329681396484375
6.45	0.0004329681396484375
6.46	0.0004329681396484375
6.47	0.00042629241943359375
6.48	0.00041866302490234375
6.49	0.00041294097900390625
6.5	0.00041294097900390625
6.51	0.00040912628173828125
6.52	0.00040721893310546875
6.53	0.000400543212890625
6.54	0.000400543212890625
6.55	0.0003986358642578125
6.56	0.0003814697265625
6.57	0.00037860870361328125
6.58	0.00037860870361328125
6.59	0.00036907196044921875
6.6	0.00036144256591796875
6.61	0.00036144256591796875
6.62	0.00036144256591796875
6.63	0.00035953521728515625
6.64	0.000347137451171875
6.65	0.0003414154052734375
6.66	0.0003414154052734375
6.67	0.0003414154052734375
6.68	0.0003204345703125
6.69	0.00031185150146484375
6.7	0.000308990478515625
6.71	0.000301361083984375
6.72	0.000301361083984375
6.73	0.0002994537353515625
6.74	0.0002994537353515625
6.75	0.0002918243408203125
6.76	0.00027942657470703125
6.77	0.00027942657470703125
6.78	0.00027942657470703125
6.79	0.00027942657470703125
6.8	0.00026702880859375
6.81	0.00025844573974609375
6.82	0.00025653839111328125
6.83	0.00025653839111328125
6.84	0.00025653839111328125
6.85	0.0002460479736328125
6.86	0.000244140625
6.87	0.0002422332763671875
6.88	0.00023651123046875
6.89	0.00023651123046875
6.9	0.00023651123046875
6.91	0.00022602081298828125
6.92	0.000217437744140625
6.93	0.000217437744140625
6.94	0.000217437744140625
6.95	0.000213623046875
6.96	0.0002117156982421875
6.97	0.00020122528076171875
6.98	0.00019931793212890625
6.99	0.00019931793212890625
7.0	0.00019931793212890625
7.01	0.00019931793212890625
7.02	0.00019741058349609375
7.03	0.00019359588623046875
7.04	0.0001850128173828125
7.05	0.00018405914306640625
7.06	0.00018405914306640625
7.07	0.00018405914306640625
7.08	0.000171661376953125
7.09	0.0001697540283203125
7.1	0.0001697540283203125
7.11	0.0001697540283203125
7.12	0.0001697540283203125
7.13	0.0001697540283203125
7.14	0.0001678466796875
7.15	0.0001678466796875
7.16	0.0001678466796875
7.17	0.00016689300537109375
7.18	0.00016689300537109375
7.19	0.00016689300537109375
7.2	0.000156402587890625
7.21	0.00015544891357421875
7.22	0.00015544891357421875
7.23	0.00014972686767578125
7.24	0.00014591217041015625
7.25	0.00014591217041015625
7.26	0.00014591217041015625
7.27	0.00014591217041015625
7.28	0.00014591217041015625
7.29	0.00014591217041015625
7.3	0.00014591217041015625
7.31	0.00014400482177734375
7.32	0.00014400482177734375
7.33	0.0001430511474609375
7.34	0.000141143798828125
7.35	0.0001354217529296875
7.36	0.0001354217529296875
7.37	0.000133514404296875
7.38	0.000133514404296875
7.39	0.000125885009765625
7.4	0.000125885009765625
7.41	0.000125885009765625
7.42	0.000125885009765625
7.43	0.000125885009765625
7.44	0.000125885009765625
7.45	0.000125885009765625
7.46	0.0001239776611328125
7.47	0.0001220703125
7.48	0.0001220703125
7.49	0.0001220703125
7.5	0.0001201629638671875
7.51	0.000118255615234375
7.52	0.0001125335693359375
7.53	0.0001125335693359375
7.54	0.0001125335693359375
7.55	0.00010204315185546875
7.56	0.00010204315185546875
7.57	0.00010204315185546875
7.58	0.00010204315185546875
7.59	0.00010204315185546875
7.6	0.00010013580322265625
7.61	0.00010013580322265625
7.62	9.822845458984375e-05
7.63	9.822845458984375e-05
7.64	9.822845458984375e-05
7.65	9.822845458984375e-05
7.66	9.822845458984375e-05
7.67	8.7738037109375e-05
7.68	8.678436279296875e-05
7.69	8.678436279296875e-05
7.7	8.678436279296875e-05
7.71	7.82012939453125e-05
7.72	7.62939453125e-05
7.73	7.534027099609375e-05
7.74	7.534027099609375e-05
7.75	7.534027099609375e-05
7.76	7.534027099609375e-05
7.77	7.534027099609375e-05
7.78	7.534027099609375e-05
7.79	7.534027099609375e-05
7.8	7.43865966796875e-05
7.81	7.43865966796875e-05
7.82	7.43865966796875e-05
7.83	7.43865966796875e-05
7.84	6.4849853515625e-05
7.85	6.389617919921875e-05
7.86	6.389617919921875e-05
7.87	6.389617919921875e-05
7.88	6.198883056640625e-05
7.89	6.103515625e-05
7.9	6.103515625e-05
7.91	6.103515625e-05
7.92	6.103515625e-05
7.93	6.103515625e-05
7.94	6.103515625e-05
7.95	5.817413330078125e-05
7.96	5.7220458984375e-05
7.97	5.626678466796875e-05
7.98	5.626678466796875e-05
7.99	5.626678466796875e-05
8.0	5.435943603515625e-05
8.01	5.245208740234375e-05
8.02	5.245208740234375e-05
8.03	5.245208740234375e-05
8.04	5.245208740234375e-05
8.05	5.245208740234375e-05
8.06	5.245208740234375e-05
8.07	5.14984130859375e-05
8.08	5.14984130859375e-05
8.09	5.054473876953125e-05
8.1	5.054473876953125e-05
8.11	4.76837158203125e-05
8.12	4.76837158203125e-05
8.13	4.673004150390625e-05
8.14	4.57763671875e-05
8.15	4.57763671875e-05
8.16	4.57763671875e-05
8.17	4.57763671875e-05
8.18	4.482269287109375e-05
8.19	4.482269287109375e-05
8.2	4.482269287109375e-05
8.21	4.482269287109375e-05
8.22	4.482269287109375e-05
8.23	4.482269287109375e-05
8.24	4.291534423828125e-05
8.25	4.1961669921875e-05
8.26	4.1961669921875e-05
8.27	4.1961669921875e-05
8.28	4.1961669921875e-05
8.29	4.1961669921875e-05
8.3	4.100799560546875e-05
8.31	4.100799560546875e-05
8.32	4.100799560546875e-05
8.33	4.100799560546875e-05
8.34	4.100799560546875e-05
8.35	4.100799560546875e-05
8.36	4.00543212890625e-05
8.37	4.00543212890625e-05
8.38	4.00543212890625e-05
8.39	4.00543212890625e-05
8.4	3.910064697265625e-05
8.41	3.910064697265625e-05
8.42	3.910064697265625e-05
8.43	3.910064697265625e-05
8.44	3.910064697265625e-05
8.45	3.910064697265625e-05
8.46	3.910064697265625e-05
8.47	3.910064697265625e-05
8.48	3.910064697265625e-05
8.49	3.910064697265625e-05
8.5	3.910064697265625e-05
8.51	3.719329833984375e-05
8.52	3.62396240234375e-05
8.53	3.62396240234375e-05
8.54	3.62396240234375e-05
8.55	3.62396240234375e-05
8.56	3.4332275390625e-05
8.57	3.4332275390625e-05
8.58	3.4332275390625e-05
8.59	3.337860107421875e-05
8.6	3.337860107421875e-05
8.61	3.337860107421875e-05
8.62	3.337860107421875e-05
8.63	3.147125244140625e-05
8.64	3.147125244140625e-05
8.65	3.147125244140625e-05
8.66	3.147125244140625e-05
8.67	3.147125244140625e-05
8.68	2.956390380859375e-05
8.69	2.956390380859375e-05
8.7	2.956390380859375e-05
8.71	2.86102294921875e-05
8.72	2.86102294921875e-05
8.73	2.86102294921875e-05
8.74	2.86102294921875e-05
8.75	2.765655517578125e-05
8.76	2.765655517578125e-05
8.77	2.765655517578125e-05
8.78	2.574920654296875e-05
8.79	2.574920654296875e-05
8.8	2.574920654296875e-05
8.81	2.574920654296875e-05
8.82	2.574920654296875e-05
8.83	2.574920654296875e-05
8.84	2.574920654296875e-05
8.85	2.574920654296875e-05
8.86	2.574920654296875e-05
8.87	2.47955322265625e-05
8.88	2.384185791015625e-05
8.89	2.384185791015625e-05
8.9	2.384185791015625e-05
8.91	2.193450927734375e-05
8.92	2.193450927734375e-05
8.93	2.193450927734375e-05
8.94	2.193450927734375e-05
8.95	2.193450927734375e-05
8.96	2.193450927734375e-05
8.97	2.193450927734375e-05
8.98	2.193450927734375e-05
8.99	2.193450927734375e-05
9.0	2.09808349609375e-05
9.01	2.09808349609375e-05
9.02	2.09808349609375e-05
9.03	2.09808349609375e-05
9.04	2.002716064453125e-05
9.05	2.002716064453125e-05
9.06	2.002716064453125e-05
9.07	2.002716064453125e-05
9.08	2.002716064453125e-05
9.09	2.002716064453125e-05
9.1	2.002716064453125e-05
9.11	2.002716064453125e-05
9.12	2.002716064453125e-05
9.13	2.002716064453125e-05
9.14	2.002716064453125e-05
9.15	2.002716064453125e-05
9.16	1.9073486328125e-05
9.17	1.9073486328125e-05
9.18	1.9073486328125e-05
9.19	1.9073486328125e-05
9.2	1.9073486328125e-05
9.21	1.9073486328125e-05
9.22	1.9073486328125e-05
9.23	1.9073486328125e-05
9.24	1.9073486328125e-05
9.25	1.9073486328125e-05
9.26	1.9073486328125e-05
9.27	1.9073486328125e-05
9.28	1.9073486328125e-05
9.29	1.9073486328125e-05
9.3	1.9073486328125e-05
9.31	1.9073486328125e-05
9.32	1.9073486328125e-05
9.33	1.9073486328125e-05
9.34	1.9073486328125e-05
9.35	1.9073486328125e-05
9.36	1.9073486328125e-05
9.37	1.9073486328125e-05
9.38	1.9073486328125e-05
9.39	1.9073486328125e-05
9.4	1.9073486328125e-05
9.41	1.9073486328125e-05
9.42	1.71661376953125e-05
9.43	1.71661376953125e-05
9.44	1.71661376953125e-05
9.45	1.71661376953125e-05
9.46	1.71661376953125e-05
9.47	1.71661376953125e-05
9.48	1.71661376953125e-05
9.49	1.71661376953125e-05
9.5	1.621246337890625e-05
9.51	1.621246337890625e-05
9.52	1.621246337890625e-05
9.53	1.621246337890625e-05
9.54	1.430511474609375e-05
9.55	1.33514404296875e-05
9.56	1.33514404296875e-05
9.57	1.33514404296875e-05
9.58	1.33514404296875e-05
9.59	1.33514404296875e-05
9.6	1.33514404296875e-05
9.61	1.33514404296875e-05
9.62	1.33514404296875e-05
9.63	1.239776611328125e-05
9.64	1.239776611328125e-05
9.65	1.239776611328125e-05
9.66	1.239776611328125e-05
9.67	1.049041748046875e-05
9.68	1.049041748046875e-05
9.69	1.049041748046875e-05
9.7	1.049041748046875e-05
9.71	9.5367431640625e-06
9.72	9.5367431640625e-06
9.73	9.5367431640625e-06
9.74	9.5367431640625e-06
9.75	9.5367431640625e-06
9.76	9.5367431640625e-06
9.77	9.5367431640625e-06
9.78	8.58306884765625e-06
9.79	7.62939453125e-06
9.8	7.62939453125e-06
9.81	7.62939453125e-06
9.82	7.62939453125e-06
9.83	7.62939453125e-06
9.84	6.67572021484375e-06
9.85	6.67572021484375e-06
9.86	6.67572021484375e-06
9.87	6.67572021484375e-06
9.88	6.67572021484375e-06
9.89	6.67572021484375e-06
9.9	5.7220458984375e-06
9.91	5.7220458984375e-06
9.92	5.7220458984375e-06
9.93	5.7220458984375e-06
9.94	4.76837158203125e-06
9.95	4.76837158203125e-06
9.96	4.76837158203125e-06
9.97	4.76837158203125e-06
9.98	4.76837158203125e-06
9.99	4.76837158203125e-06
10.0	4.76837158203125e-06
10.01	4.76837158203125e-06
10.02	4.76837158203125e-06
10.03	4.76837158203125e-06
10.04	4.76837158203125e-06
10.05	4.76837158203125e-06
10.06	3.814697265625e-06
10.07	3.814697265625e-06
10.08	3.814697265625e-06
10.09	3.814697265625e-06
10.1	3.814697265625e-06
10.11	3.814697265625e-06
10.12	3.814697265625e-06
10.13	3.814697265625e-06
10.14	3.814697265625e-06
10.15	3.814697265625e-06
10.16	3.814697265625e-06
10.17	3.814697265625e-06
10.18	3.814697265625e-06
10.19	3.814697265625e-06
10.2	3.814697265625e-06
10.21	3.814697265625e-06
10.22	3.814697265625e-06
10.23	3.814697265625e-06
10.24	3.814697265625e-06
10.25	3.814697265625e-06
10.26	3.814697265625e-06
10.27	3.814697265625e-06
10.28	3.814697265625e-06
10.29	3.814697265625e-06
10.3	3.814697265625e-06
10.31	3.814697265625e-06
10.32	3.814697265625e-06
10.33	3.814697265625e-06
10.34	3.814697265625e-06
10.35	3.814697265625e-06
10.36	3.814697265625e-06
10.37	3.814697265625e-06
10.38	3.814697265625e-06
10.39	3.814697265625e-06
10.4	3.814697265625e-06
10.41	3.814697265625e-06
10.42	2.86102294921875e-06
10.43	2.86102294921875e-06
10.44	2.86102294921875e-06
10.45	2.86102294921875e-06
10.46	2.86102294921875e-06
10.47	2.86102294921875e-06
10.48	2.86102294921875e-06
10.49	2.86102294921875e-06
10.5	2.86102294921875e-06
10.51	2.86102294921875e-06
10.52	2.86102294921875e-06
10.53	2.86102294921875e-06
10.54	1.9073486328125e-06
10.55	1.9073486328125e-06
10.56	1.9073486328125e-06
10.57	1.9073486328125e-06
10.58	9.5367431640625e-07
10.59	9.5367431640625e-07
10.6	9.5367431640625e-07
10.61	9.5367431640625e-07
10.62	9.5367431640625e-07
10.63	9.5367431640625e-07
10.64	9.5367431640625e-07
10.65	9.5367431640625e-07
10.66	9.5367431640625e-07
10.67	9.5367431640625e-07
10.68	9.5367431640625e-07
10.69	9.5367431640625e-07
10.7	0.0
