6.32	0.0005009174346923828
6.33	0.0004976987838745117
6.34	0.0004941225051879883
6.35	0.0004910826683044434
6.36	0.00048661231994628906
6.37	0.00048285722732543945
6.38	0.00047904253005981445
6.39	0.00047457218170166016
6.4	0.00047069787979125977
6.41	0.00046694278717041016
6.42	0.0004639625549316406
6.43	0.0004609823226928711
6.44	0.0004572868347167969
6.45	0.00045436620712280273
6.46	0.0004513859748840332
6.47	0.00044786930084228516
6.48	0.0004451274871826172
6.49	0.0004413127899169922
6.5	0.0004388093948364258
6.51	0.0004355907440185547
6.52	0.0004321932792663574
6.53	0.0004292726516723633
6.54	0.000425875186920166
6.55	0.0004227161407470703
6.56	0.0004203319549560547
6.57	0.00041687488555908203
6.58	0.000414431095123291
6.59	0.0004115104675292969
6.6	0.0004088878631591797
6.61	0.0004062056541442871
6.62	0.00040346384048461914
6.63	0.0003999471664428711
6.64	0.00039696693420410156
6.65	0.0003940463066101074
6.66	0.0003910064697265625
6.67	0.0003879666328430176
6.68	0.00038486719131469727
6.69	0.00038248300552368164
6.7	0.0003800392150878906
6.71	0.0003769397735595703
6.72	0.0003745555877685547
6.73	0.000371396541595459
6.74	0.00036835670471191406
6.75	0.00036579370498657227
6.76	0.00036263465881347656
6.77	0.0003603696823120117
6.78	0.0003572702407836914
6.79	0.00035387277603149414
6.8	0.0003517270088195801
6.81	0.00034797191619873047
6.82	0.00034505128860473633
6.83	0.0003426074981689453
6.84	0.00034046173095703125
6.85	0.00033843517303466797
6.86	0.00033593177795410156
6.87	0.00033277273178100586
6.88	0.00033104419708251953
6.89	0.00032782554626464844
6.9	0.00032532215118408203
6.91	0.0003230571746826172
6.92	0.00032007694244384766
6.93	0.00031816959381103516
6.94	0.0003154873847961426
6.95	0.0003134012222290039
6.96	0.00031131505966186523
6.97	0.0003085136413574219
6.98	0.00030666589736938477
6.99	0.00030481815338134766
7.0	0.000302731990814209
7.01	0.00030100345611572266
7.02	0.0002983212471008301
7.03	0.000296175479888916
7.04	0.0002942085266113281
7.05	0.00029212236404418945
7.06	0.00028949975967407227
7.07	0.00028717517852783203
7.08	0.00028508901596069336
7.09	0.0002827644348144531
7.1	0.00028008222579956055
7.11	0.0002778172492980957
7.12	0.000276029109954834
7.13	0.0002741217613220215
7.14	0.00027173757553100586
7.15	0.00026983022689819336
7.16	0.00026744604110717773
7.17	0.00026547908782958984
7.18	0.00026291608810424805
7.19	0.0002612471580505371
7.2	0.00025922060012817383
7.21	0.00025731325149536133
7.22	0.0002551078796386719
7.23	0.00025337934494018555
7.24	0.0002509951591491699
7.25	0.0002493858337402344
7.26	0.0002473592758178711
7.27	0.00024586915969848633
7.28	0.000244140625
7.29	0.00024193525314331055
7.3	0.00024056434631347656
7.31	0.0002390146255493164
7.32	0.0002371072769165039
7.33	0.00023549795150756836
7.34	0.00023353099822998047
7.35	0.00023186206817626953
7.36	0.00023049116134643555
7.37	0.0002281665802001953
7.38	0.00022661685943603516
7.39	0.0002251267433166504
7.4	0.00022345781326293945
7.41	0.00022172927856445312
7.42	0.00021970272064208984
7.43	0.00021821260452270508
7.44	0.00021636486053466797
7.45	0.00021415948867797852
7.46	0.0002130270004272461
7.47	0.00021147727966308594
7.48	0.00020998716354370117
7.49	0.00020819902420043945
7.5	0.0002060532569885254
7.51	0.00020492076873779297
7.52	0.00020295381546020508
7.53	0.0002008676528930664
7.54	0.0001996159553527832
7.55	0.00019794702529907227
7.56	0.00019675493240356445
7.57	0.0001952648162841797
7.58	0.00019317865371704102
7.59	0.00019162893295288086
7.6	0.00018996000289916992
7.61	0.0001882314682006836
7.62	0.00018703937530517578
7.63	0.00018537044525146484
7.64	0.0001838207244873047
7.65	0.0001825094223022461
7.66	0.00018090009689331055
7.67	0.00017970800399780273
7.68	0.00017780065536499023
7.69	0.0001761317253112793
7.7	0.00017505884170532227
7.71	0.00017368793487548828
7.72	0.00017261505126953125
7.73	0.0001710057258605957
7.74	0.00016963481903076172
7.75	0.0001684427261352539
7.76	0.00016731023788452148
7.77	0.00016576051712036133
7.78	0.00016450881958007812
7.79	0.00016313791275024414
7.8	0.00016200542449951172
7.81	0.00016069412231445312
7.82	0.0001595020294189453
7.83	0.00015860795974731445
7.84	0.00015717744827270508
7.85	0.00015556812286376953
7.86	0.0001544356346130371
7.87	0.00015306472778320312
7.88	0.00015181303024291992
7.89	0.00015044212341308594
7.9	0.0001488327980041504
7.91	0.00014775991439819336
7.92	0.00014609098434448242
7.93	0.00014483928680419922
7.94	0.00014352798461914062
7.95	0.00014227628707885742
7.96	0.00014132261276245117
7.97	0.0001404285430908203
7.98	0.0001391768455505371
7.99	0.00013816356658935547
8.0	0.00013703107833862305
8.01	0.0001360774040222168
8.02	0.00013530254364013672
8.03	0.00013363361358642578
8.04	0.00013262033462524414
8.05	0.00013178586959838867
8.06	0.0001304149627685547
8.07	0.0001296401023864746
8.08	0.0001284480094909668
8.09	0.00012767314910888672
8.1	0.00012701749801635742
8.11	0.00012600421905517578
8.12	0.0001251697540283203
8.13	0.00012421607971191406
8.14	0.00012320280075073242
8.15	0.00012242794036865234
8.16	0.00012087821960449219
8.17	0.00012010335922241211
8.18	0.00011903047561645508
8.19	0.00011819601058959961
8.2	0.0001169443130493164
8.21	0.0001156926155090332
8.22	0.00011467933654785156
8.23	0.00011390447616577148
8.24	0.00011271238327026367
8.25	0.0001118779182434082
8.26	0.00011110305786132812
8.27	0.0001099705696105957
8.28	0.00010943412780761719
8.29	0.00010836124420166016
8.3	0.00010710954666137695
8.31	0.00010627508163452148
8.32	0.00010514259338378906
8.33	0.00010442733764648438
8.34	0.00010335445404052734
8.35	0.00010222196578979492
8.36	0.0001016855239868164
8.37	0.00010073184967041016
8.38	0.00010001659393310547
8.39	9.912252426147461e-05
8.4	9.834766387939453e-05
8.41	9.769201278686523e-05
8.42	9.703636169433594e-05
8.43	9.60230827331543e-05
8.44	9.524822235107422e-05
8.45	9.429454803466797e-05
8.46	9.369850158691406e-05
8.47	9.274482727050781e-05
8.48	9.196996688842773e-05
8.49	9.125471115112305e-05
8.5	9.059906005859375e-05
8.51	8.976459503173828e-05
8.52	8.916854858398438e-05
8.53	8.845329284667969e-05
8.54	8.803606033325195e-05
8.55	8.720159530639648e-05
8.56	8.636713027954102e-05
8.57	8.571147918701172e-05
8.58	8.505582809448242e-05
8.59	8.422136306762695e-05
8.6	8.356571197509766e-05
8.61	8.279085159301758e-05
8.62	8.219480514526367e-05
8.63	8.153915405273438e-05
8.64	8.052587509155273e-05
8.65	7.987022399902344e-05
8.66	7.903575897216797e-05
8.67	7.832050323486328e-05
8.68	7.796287536621094e-05
8.69	7.700920104980469e-05
8.7	7.605552673339844e-05
8.71	7.557868957519531e-05
8.72	7.450580596923828e-05
8.73	7.385015487670898e-05
8.74	7.283687591552734e-05
8.75	7.212162017822266e-05
8.76	7.170438766479492e-05
8.77	7.086992263793945e-05
8.78	7.045269012451172e-05
8.79	6.979703903198242e-05
8.8	6.896257400512695e-05
8.81	6.866455078125e-05
8.82	6.80088996887207e-05
8.83	6.747245788574219e-05
8.84	6.693601608276367e-05
8.85	6.61015510559082e-05
8.86	6.574392318725586e-05
8.87	6.502866744995117e-05
8.88	6.42538070678711e-05
8.89	6.389617919921875e-05
8.9	6.306171417236328e-05
8.91	6.258487701416016e-05
8.92	6.204843521118164e-05
8.93	6.139278411865234e-05
8.94	6.115436553955078e-05
8.95	6.0617923736572266e-05
8.96	6.002187728881836e-05
8.97	5.9545040130615234e-05
8.98	5.882978439331055e-05
8.99	5.841255187988281e-05
9.0	5.7637691497802734e-05
9.01	5.692243576049805e-05
9.02	5.632638931274414e-05
9.03	5.5849552154541016e-05
9.04	5.525350570678711e-05
9.05	5.4776668548583984e-05
9.06	5.424022674560547e-05
9.07	5.4001808166503906e-05
9.08	5.352497100830078e-05
9.09	5.2809715270996094e-05
9.1	5.245208740234375e-05
9.11	5.21540641784668e-05
9.12	5.161762237548828e-05
9.13	5.131959915161133e-05
9.14	5.072355270385742e-05
9.15	5.036592483520508e-05
9.16	4.982948303222656e-05
9.17	4.935264587402344e-05
9.18	4.881620407104492e-05
9.19	4.845857620239258e-05
9.2	4.8041343688964844e-05
9.21	4.756450653076172e-05
9.22	4.7266483306884766e-05
9.23	4.690885543823242e-05
9.24	4.661083221435547e-05
9.25	4.6193599700927734e-05
9.26	4.57763671875e-05
9.27	4.5239925384521484e-05
9.28	4.464387893676758e-05
9.29	4.4405460357666016e-05
9.3	4.410743713378906e-05
9.31	4.38690185546875e-05
9.32	4.3332576751708984e-05
9.33	4.291534423828125e-05
9.34	4.285573959350586e-05
9.35	4.225969314575195e-05
9.36	4.184246063232422e-05
9.37	4.1484832763671875e-05
9.38	4.112720489501953e-05
9.39	4.076957702636719e-05
9.4	4.035234451293945e-05
9.41	3.987550735473633e-05
9.42	3.9637088775634766e-05
9.43	3.898143768310547e-05
9.44	3.8564205169677734e-05
9.45	3.820657730102539e-05
9.46	3.7789344787597656e-05
9.47	3.74913215637207e-05
9.48	3.701448440551758e-05
9.49	3.653764724731445e-05
9.5	3.641843795776367e-05
9.51	3.5703182220458984e-05
9.52	3.552436828613281e-05
9.53	3.4928321838378906e-05
9.54	3.457069396972656e-05
9.55	3.4332275390625e-05
9.56	3.3795833587646484e-05
9.57	3.349781036376953e-05
9.58	3.325939178466797e-05
9.59	3.2782554626464844e-05
9.6	3.248453140258789e-05
9.61	3.2007694244384766e-05
9.62	3.17692756652832e-05
9.63	3.165006637573242e-05
9.64	3.123283386230469e-05
9.65	3.1113624572753906e-05
9.66	3.075599670410156e-05
9.67	3.045797348022461e-05
9.68	3.0100345611572266e-05
9.69	2.9921531677246094e-05
9.7	2.956390380859375e-05
9.71	2.9265880584716797e-05
9.72	2.8908252716064453e-05
9.73	2.866983413696289e-05
9.74	2.8252601623535156e-05
9.75	2.7954578399658203e-05
9.76	2.759695053100586e-05
9.77	2.7298927307128906e-05
9.78	2.7000904083251953e-05
9.79	2.676248550415039e-05
9.8	2.6464462280273438e-05
9.81	2.6226043701171875e-05
9.82	2.6106834411621094e-05
9.83	2.562999725341797e-05
9.84	2.5331974029541016e-05
9.85	2.5272369384765625e-05
9.86	2.467632293701172e-05
9.87	2.4437904357910156e-05
9.88	2.4080276489257812e-05
9.89	2.384185791015625e-05
9.9	2.378225326538086e-05
9.91	2.3424625396728516e-05
9.92	2.3305416107177734e-05
9.93	2.3186206817626953e-05
9.94	2.282857894897461e-05
9.95	2.276897430419922e-05
9.96	2.2530555725097656e-05
9.97	2.2470951080322266e-05
9.98	2.2172927856445312e-05
9.99	2.187490463256836e-05
10.0	2.1755695343017578e-05
10.01	2.1278858184814453e-05
10.02	2.09808349609375e-05
10.03	2.0742416381835938e-05
10.04	2.0384788513183594e-05
10.05	2.0325183868408203e-05
10.06	2.002716064453125e-05
10.07	1.9788742065429688e-05
10.08	1.9788742065429688e-05
10.09	1.9550323486328125e-05
10.1	1.9490718841552734e-05
10.11	1.9311904907226562e-05
10.12	1.895427703857422e-05
10.13	1.8894672393798828e-05
10.14	1.8358230590820312e-05
10.15	1.811981201171875e-05
10.16	1.7940998077392578e-05
10.17	1.7762184143066406e-05
10.18	1.7642974853515625e-05
10.19	1.728534698486328e-05
10.2	1.710653305053711e-05
10.21	1.704692840576172e-05
10.22	1.6689300537109375e-05
10.23	1.6570091247558594e-05
10.24	1.6450881958007812e-05
10.25	1.627206802368164e-05
10.26	1.615285873413086e-05
10.27	1.5795230865478516e-05
10.28	1.5735626220703125e-05
10.29	1.5437602996826172e-05
10.3	1.519918441772461e-05
10.31	1.4960765838623047e-05
10.32	1.4841556549072266e-05
10.33	1.4603137969970703e-05
10.34	1.4543533325195312e-05
10.35	1.4424324035644531e-05
10.36	1.430511474609375e-05
10.37	1.4066696166992188e-05
10.38	1.4007091522216797e-05
10.39	1.3768672943115234e-05
10.4	1.3649463653564453e-05
10.41	1.3530254364013672e-05
10.42	1.341104507446289e-05
10.43	1.329183578491211e-05
10.44	1.3232231140136719e-05
10.45	1.3172626495361328e-05
10.46	1.3053417205810547e-05
10.47	1.2874603271484375e-05
10.48	1.2814998626708984e-05
10.49	1.2576580047607422e-05
10.5	1.245737075805664e-05
10.51	1.233816146850586e-05
10.52	1.2159347534179688e-05
10.53	1.2040138244628906e-05
10.54	1.1742115020751953e-05
10.55	1.1622905731201172e-05
10.56	1.150369644165039e-05
10.57	1.1205673217773438e-05
10.58	1.1086463928222656e-05
10.59	1.1026859283447266e-05
10.6	1.0907649993896484e-05
10.61	1.0848045349121094e-05
10.62	1.0609626770019531e-05
10.63	1.0311603546142578e-05
10.64	1.0251998901367188e-05
10.65	1.0013580322265625e-05
10.66	9.894371032714844e-06
10.67	9.775161743164062e-06
10.68	9.59634780883789e-06
10.69	9.47713851928711e-06
10.7	9.298324584960938e-06
10.71	9.119510650634766e-06
10.72	9.000301361083984e-06
10.73	8.940696716308594e-06
10.74	8.940696716308594e-06
10.75	8.821487426757812e-06
10.76	8.761882781982422e-06
10.77	8.58306884765625e-06
10.78	8.404254913330078e-06
10.79	8.404254913330078e-06
10.8	8.106231689453125e-06
10.81	8.046627044677734e-06
10.82	7.867813110351562e-06
10.83	7.748603820800781e-06
10.84	7.62939453125e-06
10.85	7.569789886474609e-06
10.86	7.450580596923828e-06
10.87	7.3909759521484375e-06
10.88	7.3909759521484375e-06
10.89	7.152557373046875e-06
10.9	7.033348083496094e-06
10.91	6.973743438720703e-06
10.92	6.854534149169922e-06
10.93	6.794929504394531e-06
10.94	6.67572021484375e-06
10.95	6.67572021484375e-06
10.96	6.616115570068359e-06
10.97	6.4373016357421875e-06
10.98	6.377696990966797e-06
10.99	6.258487701416016e-06
11.0	6.139278411865234e-06
11.01	6.139278411865234e-06
11.02	6.079673767089844e-06
11.03	5.9604644775390625e-06
11.04	5.900859832763672e-06
11.05	5.841255187988281e-06
11.06	5.781650543212891e-06
11.07	5.662441253662109e-06
11.08	5.602836608886719e-06
11.09	5.602836608886719e-06
11.1	5.543231964111328e-06
11.11	5.4836273193359375e-06
11.12	5.364418029785156e-06
11.13	5.364418029785156e-06
11.14	5.364418029785156e-06
11.15	5.185604095458984e-06
11.16	5.125999450683594e-06
11.17	4.947185516357422e-06
11.18	4.887580871582031e-06
11.19	4.887580871582031e-06
11.2	4.76837158203125e-06
11.21	4.76837158203125e-06
11.22	4.76837158203125e-06
11.23	4.708766937255859e-06
11.24	4.708766937255859e-06
11.25	4.589557647705078e-06
11.26	4.5299530029296875e-06
11.27	4.470348358154297e-06
11.28	4.351139068603516e-06
11.29	4.231929779052734e-06
11.3	4.231929779052734e-06
11.31	4.112720489501953e-06
11.32	4.0531158447265625e-06
11.33	3.933906555175781e-06
11.34	3.814697265625e-06
11.35	3.7550926208496094e-06
11.36	3.6954879760742188e-06
11.37	3.6954879760742188e-06
11.38	3.635883331298828e-06
11.39	3.5762786865234375e-06
11.4	3.516674041748047e-06
11.41	3.4570693969726562e-06
11.42	3.3974647521972656e-06
11.43	3.2782554626464844e-06
11.44	3.2186508178710938e-06
11.45	3.159046173095703e-06
11.46	3.159046173095703e-06
11.47	3.0994415283203125e-06
11.48	3.0994415283203125e-06
11.49	2.9802322387695312e-06
11.5	2.9206275939941406e-06
11.51	2.86102294921875e-06
11.52	2.86102294921875e-06
11.53	2.86102294921875e-06
11.54	2.8014183044433594e-06
11.55	2.7418136596679688e-06
11.56	2.7418136596679688e-06
11.57	2.682209014892578e-06
11.58	2.682209014892578e-06
11.59	2.682209014892578e-06
11.6	2.562999725341797e-06
11.61	2.562999725341797e-06
11.62	2.562999725341797e-06
11.63	2.5033950805664062e-06
11.64	2.4437904357910156e-06
11.65	2.4437904357910156e-06
11.66	2.3245811462402344e-06
11.67	2.3245811462402344e-06
11.68	2.205371856689453e-06
11.69	2.1457672119140625e-06
11.7	2.1457672119140625e-06
11.71	2.1457672119140625e-06
11.72	2.1457672119140625e-06
11.73	2.1457672119140625e-06
11.74	2.0265579223632812e-06
11.75	2.0265579223632812e-06
11.76	2.0265579223632812e-06
11.77	1.9669532775878906e-06
11.78	1.9669532775878906e-06
11.79	1.8477439880371094e-06
11.8	1.8477439880371094e-06
11.81	1.7881393432617188e-06
11.82	1.7285346984863281e-06
11.83	1.6689300537109375e-06
11.84	1.6093254089355469e-06
11.85	1.6093254089355469e-06
11.86	1.6093254089355469e-06
11.87	1.6093254089355469e-06
11.88	1.6093254089355469e-06
11.89	1.5497207641601562e-06
11.9	1.5497207641601562e-06
11.91	1.5497207641601562e-06
11.92	1.430511474609375e-06
11.93	1.430511474609375e-06
11.94	1.3113021850585938e-06
11.95	1.3113021850585938e-06
11.96	1.2516975402832031e-06
11.97	1.1920928955078125e-06
11.98	1.1920928955078125e-06
11.99	1.1920928955078125e-06
12.0	1.1920928955078125e-06
12.01	1.1920928955078125e-06
12.02	1.1920928955078125e-06
12.03	1.1324882507324219e-06
12.04	1.1324882507324219e-06
12.05	1.0728836059570312e-06
12.06	1.0728836059570312e-06
12.07	1.0132789611816406e-06
12.08	1.0132789611816406e-06
12.09	9.5367431640625e-07
12.1	8.940696716308594e-07
12.11	8.940696716308594e-07
12.12	8.344650268554688e-07
12.13	8.344650268554688e-07
12.14	8.344650268554688e-07
12.15	8.344650268554688e-07
12.16	8.344650268554688e-07
12.17	7.748603820800781e-07
12.18	7.748603820800781e-07
12.19	7.748603820800781e-07
12.2	7.152557373046875e-07
12.21	7.152557373046875e-07
12.22	6.556510925292969e-07
12.23	6.556510925292969e-07
12.24	6.556510925292969e-07
12.25	6.556510925292969e-07
12.26	6.556510925292969e-07
12.27	6.556510925292969e-07
12.28	6.556510925292969e-07
12.29	6.556510925292969e-07
12.3	6.556510925292969e-07
12.31	5.960464477539062e-07
12.32	5.960464477539062e-07
12.33	5.960464477539062e-07
12.34	5.960464477539062e-07
12.35	5.960464477539062e-07
12.36	5.960464477539062e-07
12.37	5.364418029785156e-07
12.38	5.364418029785156e-07
12.39	5.364418029785156e-07
12.4	5.364418029785156e-07
12.41	5.364418029785156e-07
12.42	5.364418029785156e-07
12.43	5.364418029785156e-07
12.44	5.364418029785156e-07
12.45	4.172325134277344e-07
12.46	4.172325134277344e-07
12.47	4.172325134277344e-07
12.48	4.172325134277344e-07
12.49	4.172325134277344e-07
12.5	4.172325134277344e-07
12.51	4.172325134277344e-07
12.52	3.5762786865234375e-07
12.53	3.5762786865234375e-07
12.54	3.5762786865234375e-07
12.55	3.5762786865234375e-07
12.56	3.5762786865234375e-07
12.57	3.5762786865234375e-07
12.58	3.5762786865234375e-07
12.59	3.5762786865234375e-07
12.6	2.980232238769531e-07
12.61	2.980232238769531e-07
12.62	2.980232238769531e-07
12.63	2.980232238769531e-07
12.64	2.980232238769531e-07
12.65	2.980232238769531e-07
12.66	2.384185791015625e-07
12.67	2.384185791015625e-07
12.68	2.384185791015625e-07
12.69	2.384185791015625e-07
12.7	2.384185791015625e-07
12.71	2.384185791015625e-07
12.72	2.384185791015625e-07
12.73	2.384185791015625e-07
12.74	2.384185791015625e-07
12.75	2.384185791015625e-07
12.76	2.384185791015625e-07
12.77	2.384185791015625e-07
12.78	2.384185791015625e-07
12.79	2.384185791015625e-07
12.8	1.7881393432617188e-07
12.81	1.7881393432617188e-07
12.82	1.7881393432617188e-07
12.83	1.7881393432617188e-07
12.84	1.7881393432617188e-07
12.85	1.7881393432617188e-07
12.86	1.7881393432617188e-07
12.87	1.7881393432617188e-07
12.88	1.7881393432617188e-07
12.89	1.7881393432617188e-07
12.9	1.7881393432617188e-07
12.91	1.7881393432617188e-07
12.92	1.7881393432617188e-07
12.93	1.7881393432617188e-07
12.94	1.7881393432617188e-07
12.95	1.1920928955078125e-07
12.96	1.1920928955078125e-07
12.97	1.1920928955078125e-07
12.98	1.1920928955078125e-07
12.99	1.1920928955078125e-07
13.0	1.1920928955078125e-07
13.01	1.1920928955078125e-07
13.02	1.1920928955078125e-07
13.03	1.1920928955078125e-07
13.04	1.1920928955078125e-07
13.05	1.1920928955078125e-07
13.06	1.1920928955078125e-07
13.07	1.1920928955078125e-07
13.08	5.960464477539063e-08
13.09	5.960464477539063e-08
13.1	5.960464477539063e-08
13.11	5.960464477539063e-08
13.12	5.960464477539063e-08
13.13	5.960464477539063e-08
13.14	5.960464477539063e-08
13.15	5.960464477539063e-08
13.16	5.960464477539063e-08
13.17	5.960464477539063e-08
13.18	5.960464477539063e-08
13.19	5.960464477539063e-08
13.2	5.960464477539063e-08
13.21	5.960464477539063e-08
13.22	5.960464477539063e-08
13.23	0.0
