5.8	0.0005035400390625
5.81	0.00049591064453125
5.82	0.00048065185546875
5.83	0.000476837158203125
5.84	0.000476837158203125
5.85	0.000476837158203125
5.86	0.000476837158203125
5.87	0.0004730224609375
5.88	0.0004730224609375
5.89	0.0004730224609375
5.9	0.00046539306640625
5.91	0.00046539306640625
5.92	0.00046539306640625
5.93	0.00041961669921875
5.94	0.000415802001953125
5.95	0.0004119873046875
5.96	0.00040435791015625
5.97	0.000400543212890625
5.98	0.000400543212890625
5.99	0.000377655029296875
6.0	0.000377655029296875
6.01	0.000377655029296875
6.02	0.00037384033203125
6.03	0.00037384033203125
6.04	0.00037384033203125
6.05	0.000370025634765625
6.06	0.000370025634765625
6.07	0.0003509521484375
6.08	0.00034332275390625
6.09	0.00034332275390625
6.1	0.00034332275390625
6.11	0.00034332275390625
6.12	0.00034332275390625
6.13	0.00034332275390625
6.14	0.00034332275390625
6.15	0.00034332275390625
6.16	0.000339508056640625
6.17	0.000339508056640625
6.18	0.000339508056640625
6.19	0.000335693359375
6.2	0.000331878662109375
6.21	0.000316619873046875
6.22	0.000316619873046875
6.23	0.00031280517578125
6.24	0.00031280517578125
6.25	0.00031280517578125
6.26	0.00031280517578125
6.27	0.000308990478515625
6.28	0.00030517578125
6.29	0.00030517578125
6.3	0.00030517578125
6.31	0.00028228759765625
6.32	0.00028228759765625
6.33	0.00028228759765625
6.34	0.00028228759765625
6.35	0.000278472900390625
6.36	0.000278472900390625
6.37	0.000274658203125
6.38	0.000274658203125
6.39	0.00025177001953125
6.4	0.00025177001953125
6.41	0.000244140625
6.42	0.000244140625
6.43	0.000244140625
6.44	0.00023651123046875
6.45	0.00023651123046875
6.46	0.000232696533203125
6.47	0.000232696533203125
6.48	0.000225067138671875
6.49	0.00022125244140625
6.5	0.00022125244140625
6.51	0.00022125244140625
6.52	0.00022125244140625
6.53	0.00022125244140625
6.54	0.00022125244140625
6.55	0.00022125244140625
6.56	0.000217437744140625
6.57	0.000217437744140625
6.58	0.000217437744140625
6.59	0.000209808349609375
6.6	0.000209808349609375
6.61	0.000209808349609375
6.62	0.000209808349609375
6.63	0.000209808349609375
6.64	0.000209808349609375
6.65	0.000209808349609375
6.66	0.000209808349609375
6.67	0.00020599365234375
6.68	0.000202178955078125
6.69	0.000202178955078125
6.7	0.000202178955078125
6.71	0.000171661376953125
6.72	0.000171661376953125
6.73	0.000164031982421875
6.74	0.000164031982421875
6.75	0.000164031982421875
6.76	0.000164031982421875
6.77	0.00016021728515625
6.78	0.00016021728515625
6.79	0.00016021728515625
6.8	0.00016021728515625
6.81	0.000152587890625
6.82	0.000152587890625
6.83	0.000152587890625
6.84	0.00014495849609375
6.85	0.00014495849609375
6.86	0.0001373291015625
6.87	0.0001373291015625
6.88	0.000133514404296875
6.89	0.000133514404296875
6.9	0.000133514404296875
6.91	0.000133514404296875
6.92	0.000133514404296875
6.93	0.000125885009765625
6.94	0.000125885009765625
6.95	0.000125885009765625
6.96	0.000125885009765625
6.97	0.000125885009765625
6.98	0.000125885009765625
6.99	0.000118255615234375
7.0	0.000118255615234375
7.01	0.000110626220703125
7.02	0.000110626220703125
7.03	0.000110626220703125
7.04	0.000110626220703125
7.05	0.000110626220703125
7.06	0.000110626220703125
7.07	0.000110626220703125
7.08	0.0001068115234375
7.09	0.0001068115234375
7.1	0.0001068115234375
7.11	9.918212890625e-05
7.12	9.918212890625e-05
7.13	9.1552734375e-05
7.14	9.1552734375e-05
7.15	9.1552734375e-05
7.16	8.7738037109375e-05
7.17	8.7738037109375e-05
7.18	8.7738037109375e-05
7.19	8.392333984375e-05
7.2	8.392333984375e-05
7.21	8.392333984375e-05
7.22	8.392333984375e-05
7.23	8.392333984375e-05
7.24	8.392333984375e-05
7.25	8.0108642578125e-05
7.26	8.0108642578125e-05
7.27	8.0108642578125e-05
7.28	8.0108642578125e-05
7.29	8.0108642578125e-05
7.3	8.0108642578125e-05
7.31	8.0108642578125e-05
7.32	8.0108642578125e-05
7.33	7.2479248046875e-05
7.34	7.2479248046875e-05
7.35	7.2479248046875e-05
7.36	7.2479248046875e-05
7.37	7.2479248046875e-05
7.38	7.2479248046875e-05
7.39	7.2479248046875e-05
7.4	7.2479248046875e-05
7.41	6.4849853515625e-05
7.42	6.4849853515625e-05
7.43	6.4849853515625e-05
7.44	6.4849853515625e-05
7.45	6.4849853515625e-05
7.46	6.4849853515625e-05
7.47	6.4849853515625e-05
7.48	6.103515625e-05
7.49	6.103515625e-05
7.5	6.103515625e-05
7.51	5.7220458984375e-05
7.52	5.7220458984375e-05
7.53	5.7220458984375e-05
7.54	5.7220458984375e-05
7.55	5.7220458984375e-05
7.56	5.7220458984375e-05
7.57	5.7220458984375e-05
7.58	5.340576171875e-05
7.59	5.340576171875e-05
7.6	5.340576171875e-05
7.61	5.340576171875e-05
7.62	5.340576171875e-05
7.63	5.340576171875e-05
7.64	5.340576171875e-05
7.65	5.340576171875e-05
7.66	5.340576171875e-05
7.67	5.340576171875e-05
7.68	5.340576171875e-05
7.69	5.340576171875e-05
7.7	5.340576171875e-05
7.71	4.9591064453125e-05
7.72	4.9591064453125e-05
7.73	4.9591064453125e-05
7.74	4.9591064453125e-05
7.75	4.9591064453125e-05
7.76	4.9591064453125e-05
7.77	4.9591064453125e-05
7.78	4.9591064453125e-05
7.79	4.57763671875e-05
7.8	4.57763671875e-05
7.81	4.57763671875e-05
7.82	4.57763671875e-05
7.83	4.57763671875e-05
7.84	4.57763671875e-05
7.85	4.57763671875e-05
7.86	4.57763671875e-05
7.87	4.57763671875e-05
7.88	4.1961669921875e-05
7.89	4.1961669921875e-05
7.9	4.1961669921875e-05
7.91	3.814697265625e-05
7.92	3.814697265625e-05
7.93	3.814697265625e-05
7.94	3.814697265625e-05
7.95	3.814697265625e-05
7.96	3.814697265625e-05
7.97	3.814697265625e-05
7.98	3.814697265625e-05
7.99	3.814697265625e-05
8.0	3.4332275390625e-05
8.01	3.4332275390625e-05
8.02	3.4332275390625e-05
8.03	3.4332275390625e-05
8.04	3.4332275390625e-05
8.05	3.4332275390625e-05
8.06	3.4332275390625e-05
8.07	3.4332275390625e-05
8.08	3.4332275390625e-05
8.09	3.4332275390625e-05
8.1	3.4332275390625e-05
8.11	3.0517578125e-05
8.12	3.0517578125e-05
8.13	3.0517578125e-05
8.14	3.0517578125e-05
8.15	3.0517578125e-05
8.16	3.0517578125e-05
8.17	3.0517578125e-05
8.18	3.0517578125e-05
8.19	2.6702880859375e-05
8.2	2.6702880859375e-05
8.21	2.6702880859375e-05
8.22	2.6702880859375e-05
8.23	2.6702880859375e-05
8.24	2.6702880859375e-05
8.25	1.9073486328125e-05
8.26	1.9073486328125e-05
8.27	1.9073486328125e-05
8.28	1.9073486328125e-05
8.29	1.9073486328125e-05
8.3	1.9073486328125e-05
8.31	1.9073486328125e-05
8.32	1.9073486328125e-05
8.33	1.9073486328125e-05
8.34	1.9073486328125e-05
8.35	1.9073486328125e-05
8.36	1.9073486328125e-05
8.37	1.9073486328125e-05
8.38	1.9073486328125e-05
8.39	1.9073486328125e-05
8.4	1.52587890625e-05
8.41	1.52587890625e-05
8.42	1.52587890625e-05
8.43	1.52587890625e-05
8.44	1.52587890625e-05
8.45	1.52587890625e-05
8.46	1.52587890625e-05
8.47	1.52587890625e-05
8.48	1.52587890625e-05
8.49	1.52587890625e-05
8.5	1.52587890625e-05
8.51	1.52587890625e-05
8.52	1.52587890625e-05
8.53	1.52587890625e-05
8.54	1.52587890625e-05
8.55	1.52587890625e-05
8.56	1.52587890625e-05
8.57	1.52587890625e-05
8.58	1.52587890625e-05
8.59	1.52587890625e-05
8.6	1.52587890625e-05
8.61	1.52587890625e-05
8.62	1.52587890625e-05
8.63	1.52587890625e-05
8.64	7.62939453125e-06
8.65	7.62939453125e-06
8.66	7.62939453125e-06
8.67	7.62939453125e-06
8.68	7.62939453125e-06
8.69	7.62939453125e-06
8.7	7.62939453125e-06
8.71	7.62939453125e-06
8.72	7.62939453125e-06
8.73	7.62939453125e-06
8.74	7.62939453125e-06
8.75	7.62939453125e-06
8.76	7.62939453125e-06
8.77	7.62939453125e-06
8.78	7.62939453125e-06
8.79	7.62939453125e-06
8.8	7.62939453125e-06
8.81	7.62939453125e-06
8.82	7.62939453125e-06
8.83	7.62939453125e-06
8.84	7.62939453125e-06
8.85	7.62939453125e-06
8.86	7.62939453125e-06
8.87	7.62939453125e-06
8.88	7.62939453125e-06
8.89	7.62939453125e-06
8.9	7.62939453125e-06
8.91	7.62939453125e-06
8.92	7.62939453125e-06
8.93	7.62939453125e-06
8.94	7.62939453125e-06
8.95	7.62939453125e-06
8.96	7.62939453125e-06
8.97	7.62939453125e-06
8.98	7.62939453125e-06
8.99	7.62939453125e-06
9.0	7.62939453125e-06
9.01	7.62939453125e-06
9.02	3.814697265625e-06
9.03	3.814697265625e-06
9.04	3.814697265625e-06
9.05	3.814697265625e-06
9.06	3.814697265625e-06
9.07	3.814697265625e-06
9.08	3.814697265625e-06
9.09	3.814697265625e-06
9.1	3.814697265625e-06
9.11	3.814697265625e-06
9.12	3.814697265625e-06
9.13	3.814697265625e-06
9.14	3.814697265625e-06
9.15	3.814697265625e-06
9.16	3.814697265625e-06
9.17	3.814697265625e-06
9.18	3.814697265625e-06
9.19	3.814697265625e-06
9.2	3.814697265625e-06
9.21	3.814697265625e-06
9.22	3.814697265625e-06
9.23	3.814697265625e-06
9.24	3.814697265625e-06
9.25	3.814697265625e-06
9.26	3.814697265625e-06
9.27	3.814697265625e-06
9.28	3.814697265625e-06
9.29	3.814697265625e-06
9.3	3.814697265625e-06
9.31	3.814697265625e-06
9.32	3.814697265625e-06
9.33	3.814697265625e-06
9.34	3.814697265625e-06
9.35	3.814697265625e-06
9.36	3.814697265625e-06
9.37	3.814697265625e-06
9.38	3.814697265625e-06
9.39	3.814697265625e-06
9.4	3.814697265625e-06
9.41	3.814697265625e-06
9.42	0.0
