6.07	0.0005052089691162109
6.08	0.0004947185516357422
6.09	0.00048351287841796875
6.1	0.0004813671112060547
6.11	0.0004780292510986328
6.12	0.0004744529724121094
6.13	0.00047206878662109375
6.14	0.00046706199645996094
6.15	0.0004611015319824219
6.16	0.0004563331604003906
6.17	0.0004534721374511719
6.18	0.0004470348358154297
6.19	0.00044274330139160156
6.2	0.0004394054412841797
6.21	0.0004336833953857422
6.22	0.00042939186096191406
6.23	0.0004227161407470703
6.24	0.00042128562927246094
6.25	0.0004165172576904297
6.26	0.0004096031188964844
6.27	0.0004067420959472656
6.28	0.00040078163146972656
6.29	0.0003933906555175781
6.3	0.0003905296325683594
6.31	0.000385284423828125
6.32	0.00038242340087890625
6.33	0.0003771781921386719
6.34	0.00037288665771484375
6.35	0.0003707408905029297
6.36	0.0003685951232910156
6.37	0.00036406517028808594
6.38	0.00036144256591796875
6.39	0.00035881996154785156
6.4	0.0003542900085449219
6.41	0.0003516674041748047
6.42	0.0003502368927001953
6.43	0.0003478527069091797
6.44	0.0003478527069091797
6.45	0.00034236907958984375
6.46	0.000339508056640625
6.47	0.00033473968505859375
6.48	0.00033164024353027344
6.49	0.00032830238342285156
6.5	0.0003275871276855469
6.51	0.0003204345703125
6.52	0.0003178119659423828
6.53	0.0003159046173095703
6.54	0.0003151893615722656
6.55	0.0003104209899902344
6.56	0.00030732154846191406
6.57	0.0003046989440917969
6.58	0.00030159950256347656
6.59	0.0003001689910888672
6.6	0.0002913475036621094
6.61	0.0002894401550292969
6.62	0.0002868175506591797
6.63	0.00028228759765625
6.64	0.00027942657470703125
6.65	0.0002751350402832031
6.66	0.000274658203125
6.67	0.00027108192443847656
6.68	0.0002703666687011719
6.69	0.0002646446228027344
6.7	0.0002636909484863281
6.71	0.0002601146697998047
6.72	0.00025582313537597656
6.73	0.00025582313537597656
6.74	0.0002524852752685547
6.75	0.00025153160095214844
6.76	0.0002498626708984375
6.77	0.0002460479736328125
6.78	0.00024390220642089844
6.79	0.00024056434631347656
6.8	0.00023674964904785156
6.81	0.00023651123046875
6.82	0.0002307891845703125
6.83	0.0002281665802001953
6.84	0.0002243518829345703
6.85	0.00022172927856445312
6.86	0.00021791458129882812
6.87	0.0002155303955078125
6.88	0.00021409988403320312
6.89	0.00021147727966308594
6.9	0.00021028518676757812
6.91	0.00020742416381835938
6.92	0.00020194053649902344
6.93	0.00020122528076171875
6.94	0.00019741058349609375
6.95	0.00019598007202148438
6.96	0.00019407272338867188
6.97	0.00019025802612304688
6.98	0.00018835067749023438
6.99	0.00018644332885742188
7.0	0.00018334388732910156
7.01	0.0001804828643798828
7.02	0.0001761913299560547
7.03	0.00017213821411132812
7.04	0.00017118453979492188
7.05	0.00017070770263671875
7.06	0.00016927719116210938
7.07	0.00016760826110839844
7.08	0.0001647472381591797
7.09	0.00016355514526367188
7.1	0.00016355514526367188
7.11	0.00016069412231445312
7.12	0.0001595020294189453
7.13	0.0001583099365234375
7.14	0.0001533031463623047
7.15	0.000152587890625
7.16	0.00015020370483398438
7.17	0.000148773193359375
7.18	0.00014829635620117188
7.19	0.00014448165893554688
7.2	0.00014281272888183594
7.21	0.00014019012451171875
7.22	0.0001385211944580078
7.23	0.0001366138458251953
7.24	0.00013518333435058594
7.25	0.00013065338134765625
7.26	0.00012969970703125
7.27	0.00012969970703125
7.28	0.0001277923583984375
7.29	0.0001270771026611328
7.3	0.00012564659118652344
7.31	0.00012445449829101562
7.32	0.00012421607971191406
7.33	0.00012040138244628906
7.34	0.00011920928955078125
7.35	0.000118255615234375
7.36	0.00011801719665527344
7.37	0.00011754035949707031
7.38	0.00011730194091796875
7.39	0.00011515617370605469
7.4	0.00011396408081054688
7.41	0.00011301040649414062
7.42	0.00011181831359863281
7.43	0.00011110305786132812
7.44	0.00010895729064941406
7.45	0.00010848045349121094
7.46	0.00010800361633300781
7.47	0.00010704994201660156
7.48	0.00010561943054199219
7.49	0.00010561943054199219
7.5	0.00010371208190917969
7.51	0.00010180473327636719
7.52	0.00010061264038085938
7.53	9.870529174804688e-05
7.54	9.799003601074219e-05
7.55	9.5367431640625e-05
7.56	9.441375732421875e-05
7.57	9.274482727050781e-05
7.58	9.250640869140625e-05
7.59	9.250640869140625e-05
7.6	9.107589721679688e-05
7.61	9.107589721679688e-05
7.62	8.96453857421875e-05
7.63	8.821487426757812e-05
7.64	8.678436279296875e-05
7.65	8.511543273925781e-05
7.66	8.296966552734375e-05
7.67	8.273124694824219e-05
7.68	8.20159912109375e-05
7.69	8.20159912109375e-05
7.7	8.058547973632812e-05
7.71	7.987022399902344e-05
7.72	7.867813110351562e-05
7.73	7.867813110351562e-05
7.74	7.724761962890625e-05
7.75	7.557868957519531e-05
7.76	7.390975952148438e-05
7.77	7.367134094238281e-05
7.78	7.367134094238281e-05
7.79	7.128715515136719e-05
7.8	7.128715515136719e-05
7.81	7.128715515136719e-05
7.82	6.890296936035156e-05
7.83	6.890296936035156e-05
7.84	6.723403930664062e-05
7.85	6.723403930664062e-05
7.86	6.651878356933594e-05
7.87	6.413459777832031e-05
7.88	6.29425048828125e-05
7.89	6.151199340820312e-05
7.9	6.127357482910156e-05
7.91	5.9604644775390625e-05
7.92	5.91278076171875e-05
7.93	5.888938903808594e-05
7.94	5.7697296142578125e-05
7.95	5.6743621826171875e-05
7.96	5.459785461425781e-05
7.97	5.412101745605469e-05
7.98	5.316734313964844e-05
7.99	5.245208740234375e-05
8.0	5.245208740234375e-05
8.01	5.1021575927734375e-05
8.02	5.078315734863281e-05
8.03	4.982948303222656e-05
8.04	4.982948303222656e-05
8.05	4.982948303222656e-05
8.06	4.935264587402344e-05
8.07	4.8160552978515625e-05
8.08	4.7206878662109375e-05
8.09	4.696846008300781e-05
8.1	4.6253204345703125e-05
8.11	4.6253204345703125e-05
8.12	4.553794860839844e-05
8.13	4.38690185546875e-05
8.14	4.3392181396484375e-05
8.15	4.3392181396484375e-05
8.16	4.2438507080078125e-05
8.17	4.172325134277344e-05
8.18	3.9577484130859375e-05
8.19	3.886222839355469e-05
8.2	3.886222839355469e-05
8.21	3.743171691894531e-05
8.22	3.719329833984375e-05
8.23	3.719329833984375e-05
8.24	3.695487976074219e-05
8.25	3.695487976074219e-05
8.26	3.552436828613281e-05
8.27	3.552436828613281e-05
8.28	3.457069396972656e-05
8.29	3.457069396972656e-05
8.3	3.361701965332031e-05
8.31	3.361701965332031e-05
8.32	3.337860107421875e-05
8.33	3.337860107421875e-05
8.34	3.314018249511719e-05
8.35	3.314018249511719e-05
8.36	3.314018249511719e-05
8.37	3.314018249511719e-05
8.38	3.218650817871094e-05
8.39	3.1948089599609375e-05
8.4	3.075599670410156e-05
8.41	3.0517578125e-05
8.42	3.0517578125e-05
8.43	2.956390380859375e-05
8.44	2.9325485229492188e-05
8.45	2.9325485229492188e-05
8.46	2.9325485229492188e-05
8.47	2.8848648071289062e-05
8.48	2.8848648071289062e-05
8.49	2.8371810913085938e-05
8.5	2.7179718017578125e-05
8.51	2.7179718017578125e-05
8.52	2.574920654296875e-05
8.53	2.5510787963867188e-05
8.54	2.5272369384765625e-05
8.55	2.5272369384765625e-05
8.56	2.5033950805664062e-05
8.57	2.5033950805664062e-05
8.58	2.4557113647460938e-05
8.59	2.4557113647460938e-05
8.6	2.4318695068359375e-05
8.61	2.3603439331054688e-05
8.62	2.288818359375e-05
8.63	2.2411346435546875e-05
8.64	2.2411346435546875e-05
8.65	2.2411346435546875e-05
8.66	2.2411346435546875e-05
8.67	2.2411346435546875e-05
8.68	2.2411346435546875e-05
8.69	2.193450927734375e-05
8.7	2.1457672119140625e-05
8.71	2.0742416381835938e-05
8.72	2.0265579223632812e-05
8.73	2.0265579223632812e-05
8.74	1.9311904907226562e-05
8.75	1.9311904907226562e-05
8.76	1.9073486328125e-05
8.77	1.9073486328125e-05
8.78	1.9073486328125e-05
8.79	1.9073486328125e-05
8.8	1.8596649169921875e-05
8.81	1.8358230590820312e-05
8.82	1.811981201171875e-05
8.83	1.7881393432617188e-05
8.84	1.6689300537109375e-05
8.85	1.621246337890625e-05
8.86	1.5974044799804688e-05
8.87	1.5974044799804688e-05
8.88	1.5974044799804688e-05
8.89	1.5497207641601562e-05
8.9	1.5497207641601562e-05
8.91	1.5020370483398438e-05
8.92	1.5020370483398438e-05
8.93	1.3828277587890625e-05
8.94	1.3113021850585938e-05
8.95	1.3113021850585938e-05
8.96	1.3113021850585938e-05
8.97	1.3113021850585938e-05
8.98	1.3113021850585938e-05
8.99	1.3113021850585938e-05
9.0	1.3113021850585938e-05
9.01	1.3113021850585938e-05
9.02	1.3113021850585938e-05
9.03	1.2636184692382812e-05
9.04	1.2636184692382812e-05
9.05	1.239776611328125e-05
9.06	1.1682510375976562e-05
9.07	1.1444091796875e-05
9.08	1.1205673217773438e-05
9.09	1.1205673217773438e-05
9.1	1.1205673217773438e-05
9.11	1.0728836059570312e-05
9.12	1.0728836059570312e-05
9.13	1.0251998901367188e-05
9.14	1.0013580322265625e-05
9.15	9.5367431640625e-06
9.16	9.059906005859375e-06
9.17	9.059906005859375e-06
9.18	8.821487426757812e-06
9.19	8.821487426757812e-06
9.2	8.821487426757812e-06
9.21	8.821487426757812e-06
9.22	8.821487426757812e-06
9.23	8.821487426757812e-06
9.24	8.821487426757812e-06
9.25	8.821487426757812e-06
9.26	8.106231689453125e-06
9.27	7.867813110351562e-06
9.28	7.867813110351562e-06
9.29	7.867813110351562e-06
9.3	7.867813110351562e-06
9.31	7.867813110351562e-06
9.32	7.867813110351562e-06
9.33	7.867813110351562e-06
9.34	7.867813110351562e-06
9.35	7.62939453125e-06
9.36	7.3909759521484375e-06
9.37	7.3909759521484375e-06
9.38	7.3909759521484375e-06
9.39	7.3909759521484375e-06
9.4	7.152557373046875e-06
9.41	7.152557373046875e-06
9.42	7.152557373046875e-06
9.43	7.152557373046875e-06
9.44	7.152557373046875e-06
9.45	7.152557373046875e-06
9.46	6.9141387939453125e-06
9.47	6.9141387939453125e-06
9.48	6.4373016357421875e-06
9.49	6.198883056640625e-06
9.5	5.9604644775390625e-06
9.51	5.9604644775390625e-06
9.52	5.9604644775390625e-06
9.53	5.9604644775390625e-06
9.54	5.9604644775390625e-06
9.55	5.9604644775390625e-06
9.56	5.9604644775390625e-06
9.57	5.245208740234375e-06
9.58	5.245208740234375e-06
9.59	5.0067901611328125e-06
9.6	5.0067901611328125e-06
9.61	5.0067901611328125e-06
9.62	5.0067901611328125e-06
9.63	5.0067901611328125e-06
9.64	5.0067901611328125e-06
9.65	5.0067901611328125e-06
9.66	5.0067901611328125e-06
9.67	5.0067901611328125e-06
9.68	4.76837158203125e-06
9.69	4.76837158203125e-06
9.7	4.76837158203125e-06
9.71	4.5299530029296875e-06
9.72	4.5299530029296875e-06
9.73	4.5299530029296875e-06
9.74	4.5299530029296875e-06
9.75	4.5299530029296875e-06
9.76	4.5299530029296875e-06
9.77	4.291534423828125e-06
9.78	4.291534423828125e-06
9.79	3.814697265625e-06
9.8	3.814697265625e-06
9.81	3.337860107421875e-06
9.82	3.0994415283203125e-06
9.83	3.0994415283203125e-06
9.84	3.0994415283203125e-06
9.85	3.0994415283203125e-06
9.86	3.0994415283203125e-06
9.87	3.0994415283203125e-06
9.88	3.0994415283203125e-06
9.89	2.6226043701171875e-06
9.9	2.6226043701171875e-06
9.91	2.6226043701171875e-06
9.92	2.6226043701171875e-06
9.93	2.6226043701171875e-06
9.94	2.6226043701171875e-06
9.95	2.6226043701171875e-06
9.96	2.6226043701171875e-06
9.97	2.6226043701171875e-06
9.98	2.6226043701171875e-06
9.99	2.384185791015625e-06
10.0	2.384185791015625e-06
10.01	2.384185791015625e-06
10.02	2.384185791015625e-06
10.03	2.1457672119140625e-06
10.04	1.9073486328125e-06
10.05	1.9073486328125e-06
10.06	1.9073486328125e-06
10.07	1.9073486328125e-06
10.08	1.9073486328125e-06
10.09	1.9073486328125e-06
10.1	1.9073486328125e-06
10.11	1.430511474609375e-06
10.12	1.430511474609375e-06
10.13	1.1920928955078125e-06
10.14	1.1920928955078125e-06
10.15	1.1920928955078125e-06
10.16	1.1920928955078125e-06
10.17	1.1920928955078125e-06
10.18	1.1920928955078125e-06
10.19	1.1920928955078125e-06
10.2	1.1920928955078125e-06
10.21	1.1920928955078125e-06
10.22	1.1920928955078125e-06
10.23	1.1920928955078125e-06
10.24	1.1920928955078125e-06
10.25	1.1920928955078125e-06
10.26	1.1920928955078125e-06
10.27	1.1920928955078125e-06
10.28	1.1920928955078125e-06
10.29	1.1920928955078125e-06
10.3	1.1920928955078125e-06
10.31	1.1920928955078125e-06
10.32	1.1920928955078125e-06
10.33	1.1920928955078125e-06
10.34	1.1920928955078125e-06
10.35	1.1920928955078125e-06
10.36	9.5367431640625e-07
10.37	9.5367431640625e-07
10.38	9.5367431640625e-07
10.39	9.5367431640625e-07
10.4	9.5367431640625e-07
10.41	9.5367431640625e-07
10.42	9.5367431640625e-07
10.43	9.5367431640625e-07
10.44	9.5367431640625e-07
10.45	7.152557373046875e-07
10.46	7.152557373046875e-07
10.47	7.152557373046875e-07
10.48	7.152557373046875e-07
10.49	7.152557373046875e-07
10.5	7.152557373046875e-07
10.51	7.152557373046875e-07
10.52	7.152557373046875e-07
10.53	7.152557373046875e-07
10.54	7.152557373046875e-07
10.55	7.152557373046875e-07
10.56	7.152557373046875e-07
10.57	7.152557373046875e-07
10.58	7.152557373046875e-07
10.59	7.152557373046875e-07
10.6	7.152557373046875e-07
10.61	7.152557373046875e-07
10.62	7.152557373046875e-07
10.63	7.152557373046875e-07
10.64	7.152557373046875e-07
10.65	7.152557373046875e-07
10.66	7.152557373046875e-07
10.67	4.76837158203125e-07
10.68	4.76837158203125e-07
10.69	4.76837158203125e-07
10.7	4.76837158203125e-07
10.71	4.76837158203125e-07
10.72	4.76837158203125e-07
10.73	4.76837158203125e-07
10.74	4.76837158203125e-07
10.75	4.76837158203125e-07
10.76	2.384185791015625e-07
10.77	2.384185791015625e-07
10.78	2.384185791015625e-07
10.79	2.384185791015625e-07
10.8	2.384185791015625e-07
10.81	2.384185791015625e-07
10.82	2.384185791015625e-07
10.83	2.384185791015625e-07
10.84	2.384185791015625e-07
10.85	2.384185791015625e-07
10.86	2.384185791015625e-07
10.87	2.384185791015625e-07
10.88	2.384185791015625e-07
10.89	2.384185791015625e-07
10.9	2.384185791015625e-07
10.91	2.384185791015625e-07
10.92	2.384185791015625e-07
10.93	2.384185791015625e-07
10.94	2.384185791015625e-07
10.95	2.384185791015625e-07
10.96	2.384185791015625e-07
10.97	2.384185791015625e-07
10.98	0.0
