5.66	0.0005044937133789062
5.67	0.0004990100860595703
5.68	0.0004951953887939453
5.69	0.0004899501800537109
5.7	0.0004868507385253906
5.71	0.0004813671112060547
5.72	0.0004761219024658203
5.73	0.00047206878662109375
5.74	0.00046634674072265625
5.75	0.0004620552062988281
5.76	0.00045680999755859375
5.77	0.0004520416259765625
5.78	0.0004475116729736328
5.79	0.0004429817199707031
5.8	0.00043845176696777344
5.81	0.00043392181396484375
5.82	0.0004298686981201172
5.83	0.0004260540008544922
5.84	0.00042128562927246094
5.85	0.0004181861877441406
5.86	0.00041413307189941406
5.87	0.0004096031188964844
5.88	0.00040435791015625
5.89	0.00040078163146972656
5.9	0.00039839744567871094
5.91	0.0003941059112548828
5.92	0.0003910064697265625
5.93	0.0003857612609863281
5.94	0.0003821849822998047
5.95	0.00037860870361328125
5.96	0.0003743171691894531
5.97	0.0003705024719238281
5.98	0.0003674030303955078
5.99	0.00036454200744628906
6.0	0.00035858154296875
6.01	0.000354766845703125
6.02	0.0003509521484375
6.03	0.00034737586975097656
6.04	0.0003428459167480469
6.05	0.0003390312194824219
6.06	0.00033593177795410156
6.07	0.00033164024353027344
6.08	0.00032711029052734375
6.09	0.00032329559326171875
6.1	0.00031948089599609375
6.11	0.00031638145446777344
6.12	0.0003135204315185547
6.13	0.0003104209899902344
6.14	0.00030732154846191406
6.15	0.0003044605255126953
6.16	0.00030159950256347656
6.17	0.00029754638671875
6.18	0.0002949237823486328
6.19	0.00029158592224121094
6.2	0.00028824806213378906
6.21	0.00028395652770996094
6.22	0.00028061866760253906
6.23	0.00027751922607421875
6.24	0.00027370452880859375
6.25	0.00026988983154296875
6.26	0.0002663135528564453
6.27	0.0002644062042236328
6.28	0.00026035308837890625
6.29	0.0002574920654296875
6.3	0.00025343894958496094
6.31	0.0002512931823730469
6.32	0.0002491474151611328
6.33	0.00024700164794921875
6.34	0.00024580955505371094
6.35	0.00024175643920898438
6.36	0.00023984909057617188
6.37	0.0002377033233642578
6.38	0.00023436546325683594
6.39	0.00023174285888671875
6.4	0.00023031234741210938
6.41	0.0002276897430419922
6.42	0.00022482872009277344
6.43	0.00022220611572265625
6.44	0.0002193450927734375
6.45	0.0002167224884033203
6.46	0.00021314620971679688
6.47	0.00021123886108398438
6.48	0.00020885467529296875
6.49	0.00020551681518554688
6.5	0.00020313262939453125
6.51	0.0002002716064453125
6.52	0.00019788742065429688
6.53	0.0001957416534423828
6.54	0.00019240379333496094
6.55	0.00019097328186035156
6.56	0.0001888275146484375
6.57	0.00018644332885742188
6.58	0.00018453598022460938
6.59	0.00018215179443359375
6.6	0.00018095970153808594
6.61	0.00017952919006347656
6.62	0.00017786026000976562
6.63	0.0001742839813232422
6.64	0.0001728534698486328
6.65	0.00016999244689941406
6.66	0.00016736984252929688
6.67	0.0001652240753173828
6.68	0.00016307830810546875
6.69	0.0001609325408935547
6.7	0.0001583099365234375
6.71	0.00015592575073242188
6.72	0.000152587890625
6.73	0.00015020370483398438
6.74	0.00014829635620117188
6.75	0.00014662742614746094
6.76	0.00014591217041015625
6.77	0.0001437664031982422
6.78	0.00014162063598632812
6.79	0.00014019012451171875
6.8	0.0001385211944580078
6.81	0.0001373291015625
6.82	0.00013589859008789062
6.83	0.00013446807861328125
6.84	0.00013303756713867188
6.85	0.0001308917999267578
6.86	0.00012922286987304688
6.87	0.0001266002655029297
6.88	0.0001246929168701172
6.89	0.0001232624053955078
6.9	0.00012135505676269531
6.91	0.00011944770812988281
6.92	0.00011801719665527344
6.93	0.00011658668518066406
6.94	0.00011444091796875
6.95	0.00011324882507324219
6.96	0.00011134147644042969
6.97	0.00011038780212402344
6.98	0.00010800361633300781
6.99	0.00010728836059570312
7.0	0.00010538101196289062
7.01	0.00010371208190917969
7.02	0.00010228157043457031
7.03	0.00010085105895996094
7.04	0.00010013580322265625
7.05	9.846687316894531e-05
7.06	9.72747802734375e-05
7.07	9.489059448242188e-05
7.08	9.393692016601562e-05
7.09	9.274482727050781e-05
7.1	9.202957153320312e-05
7.11	9.059906005859375e-05
7.12	8.96453857421875e-05
7.13	8.845329284667969e-05
7.14	8.654594421386719e-05
7.15	8.463859558105469e-05
7.16	8.368492126464844e-05
7.17	8.249282836914062e-05
7.18	8.130073547363281e-05
7.19	7.987022399902344e-05
7.2	7.82012939453125e-05
7.21	7.677078247070312e-05
7.22	7.557868957519531e-05
7.23	7.43865966796875e-05
7.24	7.271766662597656e-05
7.25	7.2479248046875e-05
7.26	7.104873657226562e-05
7.27	7.081031799316406e-05
7.28	6.937980651855469e-05
7.29	6.818771362304688e-05
7.3	6.747245788574219e-05
7.31	6.604194641113281e-05
7.32	6.532669067382812e-05
7.33	6.413459777832031e-05
7.34	6.318092346191406e-05
7.35	6.222724914550781e-05
7.36	6.127357482910156e-05
7.37	6.0558319091796875e-05
7.38	5.9604644775390625e-05
7.39	5.888938903808594e-05
7.4	5.698204040527344e-05
7.41	5.650520324707031e-05
7.42	5.555152893066406e-05
7.43	5.435943603515625e-05
7.44	5.316734313964844e-05
7.45	5.269050598144531e-05
7.46	5.1975250244140625e-05
7.47	5.125999450683594e-05
7.48	4.9591064453125e-05
7.49	4.8160552978515625e-05
7.5	4.744529724121094e-05
7.51	4.696846008300781e-05
7.52	4.601478576660156e-05
7.53	4.5299530029296875e-05
7.54	4.5299530029296875e-05
7.55	4.4345855712890625e-05
7.56	4.363059997558594e-05
7.57	4.267692565917969e-05
7.58	4.2438507080078125e-05
7.59	4.172325134277344e-05
7.6	4.1484832763671875e-05
7.61	4.0531158447265625e-05
7.62	3.9577484130859375e-05
7.63	3.8623809814453125e-05
7.64	3.7670135498046875e-05
7.65	3.647804260253906e-05
7.66	3.552436828613281e-05
7.67	3.504753112792969e-05
7.68	3.409385681152344e-05
7.69	3.361701965332031e-05
7.7	3.266334533691406e-05
7.71	3.1948089599609375e-05
7.72	3.147125244140625e-05
7.73	3.075599670410156e-05
7.74	3.075599670410156e-05
7.75	3.0040740966796875e-05
7.76	2.9802322387695312e-05
7.77	2.9087066650390625e-05
7.78	2.86102294921875e-05
7.79	2.8371810913085938e-05
7.8	2.8133392333984375e-05
7.81	2.7894973754882812e-05
7.82	2.6702880859375e-05
7.83	2.6226043701171875e-05
7.84	2.574920654296875e-05
7.85	2.5033950805664062e-05
7.86	2.4318695068359375e-05
7.87	2.4080276489257812e-05
7.88	2.3365020751953125e-05
7.89	2.3126602172851562e-05
7.9	2.2411346435546875e-05
7.91	2.1696090698242188e-05
7.92	2.0742416381835938e-05
7.93	2.0742416381835938e-05
7.94	2.002716064453125e-05
7.95	1.9788742065429688e-05
7.96	1.9311904907226562e-05
7.97	1.8835067749023438e-05
7.98	1.8358230590820312e-05
7.99	1.7642974853515625e-05
8.0	1.7642974853515625e-05
8.01	1.6927719116210938e-05
8.02	1.6927719116210938e-05
8.03	1.6927719116210938e-05
8.04	1.6927719116210938e-05
8.05	1.6450881958007812e-05
8.06	1.5735626220703125e-05
8.07	1.52587890625e-05
8.08	1.4781951904296875e-05
8.09	1.430511474609375e-05
8.1	1.4066696166992188e-05
8.11	1.3589859008789062e-05
8.12	1.3113021850585938e-05
8.13	1.2636184692382812e-05
8.14	1.2159347534179688e-05
8.15	1.1682510375976562e-05
8.16	1.1444091796875e-05
8.17	1.1205673217773438e-05
8.18	1.0967254638671875e-05
8.19	1.0728836059570312e-05
8.2	1.0728836059570312e-05
8.21	1.049041748046875e-05
8.22	1.049041748046875e-05
8.23	1.0251998901367188e-05
8.24	1.0251998901367188e-05
8.25	1.0013580322265625e-05
8.26	9.775161743164062e-06
8.27	9.5367431640625e-06
8.28	9.298324584960938e-06
8.29	9.059906005859375e-06
8.3	8.821487426757812e-06
8.31	8.821487426757812e-06
8.32	8.344650268554688e-06
8.33	8.106231689453125e-06
8.34	7.62939453125e-06
8.35	7.62939453125e-06
8.36	7.3909759521484375e-06
8.37	7.3909759521484375e-06
8.38	6.9141387939453125e-06
8.39	6.67572021484375e-06
8.4	6.4373016357421875e-06
8.41	6.4373016357421875e-06
8.42	6.198883056640625e-06
8.43	5.7220458984375e-06
8.44	5.7220458984375e-06
8.45	5.7220458984375e-06
8.46	5.7220458984375e-06
8.47	5.245208740234375e-06
8.48	5.0067901611328125e-06
8.49	5.0067901611328125e-06
8.5	4.76837158203125e-06
8.51	4.76837158203125e-06
8.52	4.76837158203125e-06
8.53	4.5299530029296875e-06
8.54	4.291534423828125e-06
8.55	4.0531158447265625e-06
8.56	4.0531158447265625e-06
8.57	3.814697265625e-06
8.58	3.5762786865234375e-06
8.59	3.337860107421875e-06
8.6	3.0994415283203125e-06
8.61	3.0994415283203125e-06
8.62	2.86102294921875e-06
8.63	2.384185791015625e-06
8.64	2.384185791015625e-06
8.65	2.384185791015625e-06
8.66	2.384185791015625e-06
8.67	2.1457672119140625e-06
8.68	2.1457672119140625e-06
8.69	2.1457672119140625e-06
8.7	2.1457672119140625e-06
8.71	2.1457672119140625e-06
8.72	2.1457672119140625e-06
8.73	2.1457672119140625e-06
8.74	1.9073486328125e-06
8.75	1.9073486328125e-06
8.76	1.6689300537109375e-06
8.77	1.6689300537109375e-06
8.78	1.6689300537109375e-06
8.79	1.6689300537109375e-06
8.8	1.6689300537109375e-06
8.81	1.6689300537109375e-06
8.82	1.6689300537109375e-06
8.83	1.430511474609375e-06
8.84	1.1920928955078125e-06
8.85	1.1920928955078125e-06
8.86	1.1920928955078125e-06
8.87	1.1920928955078125e-06
8.88	1.1920928955078125e-06
8.89	9.5367431640625e-07
8.9	9.5367431640625e-07
8.91	9.5367431640625e-07
8.92	9.5367431640625e-07
8.93	9.5367431640625e-07
8.94	9.5367431640625e-07
8.95	9.5367431640625e-07
8.96	9.5367431640625e-07
8.97	9.5367431640625e-07
8.98	9.5367431640625e-07
8.99	9.5367431640625e-07
9.0	9.5367431640625e-07
9.01	9.5367431640625e-07
9.02	9.5367431640625e-07
9.03	9.5367431640625e-07
9.04	7.152557373046875e-07
9.05	4.76837158203125e-07
9.06	4.76837158203125e-07
9.07	4.76837158203125e-07
9.08	4.76837158203125e-07
9.09	2.384185791015625e-07
9.1	2.384185791015625e-07
9.11	2.384185791015625e-07
9.12	2.384185791015625e-07
9.13	2.384185791015625e-07
9.14	2.384185791015625e-07
9.15	2.384185791015625e-07
9.16	2.384185791015625e-07
9.17	2.384185791015625e-07
9.18	2.384185791015625e-07
9.19	2.384185791015625e-07
9.2	2.384185791015625e-07
9.21	2.384185791015625e-07
9.22	2.384185791015625e-07
9.23	2.384185791015625e-07
9.24	2.384185791015625e-07
9.25	0.0
