6.13	0.0005002617835998535
6.14	0.0004961490631103516
6.15	0.000492393970489502
6.16	0.00048792362213134766
6.17	0.0004838109016418457
6.18	0.000478208065032959
6.19	0.0004735589027404785
6.2	0.0004692673683166504
6.21	0.00046581029891967773
6.22	0.00046133995056152344
6.23	0.00045603513717651367
6.24	0.00045043230056762695
6.25	0.00044608116149902344
6.26	0.00044208765029907227
6.27	0.0004367828369140625
6.28	0.00043314695358276367
6.29	0.0004279017448425293
6.3	0.0004227757453918457
6.31	0.00041860342025756836
6.32	0.00041478872299194336
6.33	0.0004107356071472168
6.34	0.00040656328201293945
6.35	0.0004029273986816406
6.36	0.0003981590270996094
6.37	0.00039374828338623047
6.38	0.0003902912139892578
6.39	0.000386655330657959
6.4	0.0003834962844848633
6.41	0.0003782510757446289
6.42	0.00037473440170288086
6.43	0.00037086009979248047
6.44	0.0003669261932373047
6.45	0.00036346912384033203
6.46	0.0003604292869567871
6.47	0.00035631656646728516
6.48	0.00035130977630615234
6.49	0.0003471970558166504
6.5	0.000341951847076416
6.51	0.0003389716148376465
6.52	0.0003361701965332031
6.53	0.00033295154571533203
6.54	0.0003281235694885254
6.55	0.000324249267578125
6.56	0.0003216862678527832
6.57	0.00031882524490356445
6.58	0.00031495094299316406
6.59	0.00031107664108276367
6.6	0.0003076791763305664
6.61	0.0003037452697753906
6.62	0.0003005862236022949
6.63	0.00029784440994262695
6.64	0.0002943277359008789
6.65	0.000291287899017334
6.66	0.00028765201568603516
6.67	0.0002837181091308594
6.68	0.00028079748153686523
6.69	0.00027829408645629883
6.7	0.000276029109954834
6.71	0.00027233362197875977
6.72	0.00026983022689819336
6.73	0.0002669095993041992
6.74	0.00026422739028930664
6.75	0.0002613663673400879
6.76	0.0002582669258117676
6.77	0.00025528669357299805
6.78	0.00025177001953125
6.79	0.0002490878105163574
6.8	0.00024634599685668945
6.81	0.00024378299713134766
6.82	0.00024139881134033203
6.83	0.00023925304412841797
6.84	0.00023615360260009766
6.85	0.00023347139358520508
6.86	0.00023132562637329102
6.87	0.00022917985916137695
6.88	0.0002269148826599121
6.89	0.00022476911544799805
6.9	0.0002219676971435547
6.91	0.00021910667419433594
6.92	0.00021690130233764648
6.93	0.00021469593048095703
6.94	0.00021255016326904297
6.95	0.0002097487449645996
6.96	0.00020635128021240234
6.97	0.00020444393157958984
6.98	0.00020247697830200195
6.99	0.00019973516464233398
7.0	0.0001977086067199707
7.01	0.00019484758377075195
7.02	0.00019282102584838867
7.03	0.00018990039825439453
7.04	0.0001875162124633789
7.05	0.00018590688705444336
7.06	0.00018411874771118164
7.07	0.00018268823623657227
7.08	0.00017976760864257812
7.09	0.0001773834228515625
7.1	0.00017499923706054688
7.11	0.0001729130744934082
7.12	0.00017058849334716797
7.13	0.0001677870750427246
7.14	0.0001652240753173828
7.15	0.00016313791275024414
7.16	0.00016045570373535156
7.17	0.0001583695411682129
7.18	0.00015676021575927734
7.19	0.00015586614608764648
7.2	0.00015372037887573242
7.21	0.0001507401466369629
7.22	0.00014925003051757812
7.23	0.00014770030975341797
7.24	0.0001461505889892578
7.25	0.00014412403106689453
7.26	0.0001423358917236328
7.27	0.00014019012451171875
7.28	0.00013834238052368164
7.29	0.00013703107833862305
7.3	0.00013566017150878906
7.31	0.00013381242752075195
7.32	0.0001328587532043457
7.33	0.0001308917999267578
7.34	0.00012916326522827148
7.35	0.0001278519630432129
7.36	0.0001271367073059082
7.37	0.00012576580047607422
7.38	0.0001233220100402832
7.39	0.00012218952178955078
7.4	0.00012099742889404297
7.41	0.00011932849884033203
7.42	0.00011819601058959961
7.43	0.00011712312698364258
7.44	0.00011605024337768555
7.45	0.00011450052261352539
7.46	0.00011348724365234375
7.47	0.00011235475540161133
7.48	0.00011104345321655273
7.49	0.00011026859283447266
7.5	0.00010859966278076172
7.51	0.00010782480239868164
7.52	0.00010645389556884766
7.53	0.00010544061660766602
7.54	0.00010460615158081055
7.55	0.00010323524475097656
7.56	0.00010192394256591797
7.57	0.00010055303573608398
7.58	9.85264778137207e-05
7.59	9.72747802734375e-05
7.6	9.638071060180664e-05
7.61	9.512901306152344e-05
7.62	9.387731552124023e-05
7.63	9.232759475708008e-05
7.64	9.119510650634766e-05
7.65	8.988380432128906e-05
7.66	8.922815322875977e-05
7.67	8.767843246459961e-05
7.68	8.654594421386719e-05
7.69	8.487701416015625e-05
7.7	8.32676887512207e-05
7.71	8.249282836914062e-05
7.72	8.171796798706055e-05
7.73	8.07642936706543e-05
7.74	7.963180541992188e-05
7.75	7.843971252441406e-05
7.76	7.700920104980469e-05
7.77	7.617473602294922e-05
7.78	7.534027099609375e-05
7.79	7.468461990356445e-05
7.8	7.319450378417969e-05
7.81	7.224082946777344e-05
7.82	7.12275505065918e-05
7.83	7.051229476928711e-05
7.84	6.961822509765625e-05
7.85	6.872415542602539e-05
7.86	6.783008575439453e-05
7.87	6.604194641113281e-05
7.88	6.538629531860352e-05
7.89	6.455183029174805e-05
7.9	6.401538848876953e-05
7.91	6.35385513305664e-05
7.92	6.312131881713867e-05
7.93	6.252527236938477e-05
7.94	6.181001663208008e-05
7.95	6.133317947387695e-05
7.96	6.0677528381347656e-05
7.97	6.014108657836914e-05
7.98	5.9545040130615234e-05
7.99	5.8591365814208984e-05
8.0	5.7816505432128906e-05
8.01	5.733966827392578e-05
8.02	5.6743621826171875e-05
8.03	5.614757537841797e-05
8.04	5.519390106201172e-05
8.05	5.418062210083008e-05
8.06	5.358457565307617e-05
8.07	5.2809715270996094e-05
8.08	5.221366882324219e-05
8.09	5.1856040954589844e-05
8.1	5.131959915161133e-05
8.11	5.060434341430664e-05
8.12	4.988908767700195e-05
8.13	4.935264587402344e-05
8.14	4.881620407104492e-05
8.15	4.83393669128418e-05
8.16	4.70280647277832e-05
8.17	4.6133995056152344e-05
8.18	4.5418739318847656e-05
8.19	4.45246696472168e-05
8.2	4.398822784423828e-05
8.21	4.3511390686035156e-05
8.22	4.2557716369628906e-05
8.23	4.178285598754883e-05
8.24	4.118680953979492e-05
8.25	4.0590763092041016e-05
8.26	4.017353057861328e-05
8.27	3.9458274841308594e-05
8.28	3.904104232788086e-05
8.29	3.826618194580078e-05
8.3	3.7789344787597656e-05
8.31	3.701448440551758e-05
8.32	3.653764724731445e-05
8.33	3.552436828613281e-05
8.34	3.504753112792969e-05
8.35	3.439188003540039e-05
8.36	3.343820571899414e-05
8.37	3.30805778503418e-05
8.38	3.2842159271240234e-05
8.39	3.260374069213867e-05
8.4	3.212690353393555e-05
8.41	3.1828880310058594e-05
8.42	3.129243850708008e-05
8.43	3.0875205993652344e-05
8.44	3.045797348022461e-05
8.45	3.0159950256347656e-05
8.46	2.9861927032470703e-05
8.47	2.950429916381836e-05
8.48	2.9027462005615234e-05
8.49	2.866983413696289e-05
8.5	2.8312206268310547e-05
8.51	2.8014183044433594e-05
8.52	2.753734588623047e-05
8.53	2.6881694793701172e-05
8.54	2.6345252990722656e-05
8.55	2.6166439056396484e-05
8.56	2.6047229766845703e-05
8.57	2.586841583251953e-05
8.58	2.5570392608642578e-05
8.59	2.5272369384765625e-05
8.6	2.5212764739990234e-05
8.61	2.5033950805664062e-05
8.62	2.4616718292236328e-05
8.63	2.4318695068359375e-05
8.64	2.4080276489257812e-05
8.65	2.3484230041503906e-05
8.66	2.300739288330078e-05
8.67	2.2649765014648438e-05
8.68	2.2411346435546875e-05
8.69	2.2113323211669922e-05
8.7	2.1755695343017578e-05
8.71	2.1338462829589844e-05
8.72	2.104043960571289e-05
8.73	2.0802021026611328e-05
8.74	2.0563602447509766e-05
8.75	2.0205974578857422e-05
8.76	2.002716064453125e-05
8.77	1.9669532775878906e-05
8.78	1.9311904907226562e-05
8.79	1.895427703857422e-05
8.8	1.8775463104248047e-05
8.81	1.8656253814697266e-05
8.82	1.817941665649414e-05
8.83	1.7821788787841797e-05
8.84	1.7583370208740234e-05
8.85	1.7344951629638672e-05
8.86	1.710653305053711e-05
8.87	1.6868114471435547e-05
8.88	1.6808509826660156e-05
8.89	1.633167266845703e-05
8.9	1.615285873413086e-05
8.91	1.5854835510253906e-05
8.92	1.5556812286376953e-05
8.93	1.537799835205078e-05
8.94	1.519918441772461e-05
8.95	1.4901161193847656e-05
8.96	1.4662742614746094e-05
8.97	1.4543533325195312e-05
8.98	1.4424324035644531e-05
8.99	1.424551010131836e-05
9.0	1.3947486877441406e-05
9.01	1.3828277587890625e-05
9.02	1.3589859008789062e-05
9.03	1.33514404296875e-05
9.04	1.3172626495361328e-05
9.05	1.3053417205810547e-05
9.06	1.2874603271484375e-05
9.07	1.2814998626708984e-05
9.08	1.245737075805664e-05
9.09	1.2278556823730469e-05
9.1	1.2159347534179688e-05
9.11	1.2159347534179688e-05
9.12	1.2040138244628906e-05
9.13	1.1861324310302734e-05
9.14	1.1742115020751953e-05
9.15	1.1622905731201172e-05
9.16	1.150369644165039e-05
9.17	1.1265277862548828e-05
9.18	1.1146068572998047e-05
9.19	1.0907649993896484e-05
9.2	1.0609626770019531e-05
9.21	1.043081283569336e-05
9.22	1.0371208190917969e-05
9.23	1.0311603546142578e-05
9.24	1.0192394256591797e-05
9.25	9.953975677490234e-06
9.26	9.834766387939453e-06
9.27	9.775161743164062e-06
9.28	9.655952453613281e-06
9.29	9.5367431640625e-06
9.3	9.417533874511719e-06
9.31	9.357929229736328e-06
9.32	9.119510650634766e-06
9.33	8.940696716308594e-06
9.34	8.821487426757812e-06
9.35	8.702278137207031e-06
9.36	8.58306884765625e-06
9.37	8.404254913330078e-06
9.38	8.165836334228516e-06
9.39	8.106231689453125e-06
9.4	7.927417755126953e-06
9.41	7.748603820800781e-06
9.42	7.569789886474609e-06
9.43	7.450580596923828e-06
9.44	7.331371307373047e-06
9.45	7.092952728271484e-06
9.46	6.973743438720703e-06
9.47	6.9141387939453125e-06
9.48	6.854534149169922e-06
9.49	6.67572021484375e-06
9.5	6.496906280517578e-06
9.51	6.4373016357421875e-06
9.52	6.258487701416016e-06
9.53	6.198883056640625e-06
9.54	6.139278411865234e-06
9.55	5.900859832763672e-06
9.56	5.781650543212891e-06
9.57	5.602836608886719e-06
9.58	5.424022674560547e-06
9.59	5.245208740234375e-06
9.6	5.185604095458984e-06
9.61	5.125999450683594e-06
9.62	5.0067901611328125e-06
9.63	4.887580871582031e-06
9.64	4.887580871582031e-06
9.65	4.827976226806641e-06
9.66	4.76837158203125e-06
9.67	4.649162292480469e-06
9.68	4.589557647705078e-06
9.69	4.5299530029296875e-06
9.7	4.470348358154297e-06
9.71	4.410743713378906e-06
9.72	4.291534423828125e-06
9.73	4.231929779052734e-06
9.74	4.172325134277344e-06
9.75	4.0531158447265625e-06
9.76	3.993511199951172e-06
9.77	3.993511199951172e-06
9.78	3.993511199951172e-06
9.79	3.933906555175781e-06
9.8	3.814697265625e-06
9.81	3.814697265625e-06
9.82	3.7550926208496094e-06
9.83	3.635883331298828e-06
9.84	3.5762786865234375e-06
9.85	3.5762786865234375e-06
9.86	3.516674041748047e-06
9.87	3.3974647521972656e-06
9.88	3.3974647521972656e-06
9.89	3.3974647521972656e-06
9.9	3.337860107421875e-06
9.91	3.2782554626464844e-06
9.92	3.159046173095703e-06
9.93	3.159046173095703e-06
9.94	3.039836883544922e-06
9.95	3.039836883544922e-06
9.96	2.9802322387695312e-06
9.97	2.9206275939941406e-06
9.98	2.86102294921875e-06
9.99	2.8014183044433594e-06
10.0	2.6226043701171875e-06
10.01	2.6226043701171875e-06
10.02	2.562999725341797e-06
10.03	2.5033950805664062e-06
10.04	2.384185791015625e-06
10.05	2.3245811462402344e-06
10.06	2.3245811462402344e-06
10.07	2.1457672119140625e-06
10.08	2.1457672119140625e-06
10.09	2.086162567138672e-06
10.1	2.086162567138672e-06
10.11	1.9073486328125e-06
10.12	1.8477439880371094e-06
10.13	1.8477439880371094e-06
10.14	1.8477439880371094e-06
10.15	1.7881393432617188e-06
10.16	1.7881393432617188e-06
10.17	1.6689300537109375e-06
10.18	1.6689300537109375e-06
10.19	1.6093254089355469e-06
10.2	1.6093254089355469e-06
10.21	1.6093254089355469e-06
10.22	1.5497207641601562e-06
10.23	1.4901161193847656e-06
10.24	1.430511474609375e-06
10.25	1.430511474609375e-06
10.26	1.430511474609375e-06
10.27	1.430511474609375e-06
10.28	1.3709068298339844e-06
10.29	1.2516975402832031e-06
10.3	1.2516975402832031e-06
10.31	1.2516975402832031e-06
10.32	1.2516975402832031e-06
10.33	1.2516975402832031e-06
10.34	1.2516975402832031e-06
10.35	1.2516975402832031e-06
10.36	1.2516975402832031e-06
10.37	1.2516975402832031e-06
10.38	1.2516975402832031e-06
10.39	1.2516975402832031e-06
10.4	1.1920928955078125e-06
10.41	1.1920928955078125e-06
10.42	1.1920928955078125e-06
10.43	1.1920928955078125e-06
10.44	1.1920928955078125e-06
10.45	1.1920928955078125e-06
10.46	1.0728836059570312e-06
10.47	1.0728836059570312e-06
10.48	1.0132789611816406e-06
10.49	9.5367431640625e-07
10.5	9.5367431640625e-07
10.51	9.5367431640625e-07
10.52	9.5367431640625e-07
10.53	8.940696716308594e-07
10.54	8.940696716308594e-07
10.55	8.940696716308594e-07
10.56	8.940696716308594e-07
10.57	8.344650268554688e-07
10.58	7.748603820800781e-07
10.59	7.748603820800781e-07
10.6	7.152557373046875e-07
10.61	6.556510925292969e-07
10.62	6.556510925292969e-07
10.63	5.960464477539062e-07
10.64	5.960464477539062e-07
10.65	5.364418029785156e-07
10.66	4.76837158203125e-07
10.67	4.76837158203125e-07
10.68	4.76837158203125e-07
10.69	4.76837158203125e-07
10.7	4.172325134277344e-07
10.71	4.172325134277344e-07
10.72	4.172325134277344e-07
10.73	4.172325134277344e-07
10.74	4.172325134277344e-07
10.75	3.5762786865234375e-07
10.76	3.5762786865234375e-07
10.77	2.980232238769531e-07
10.78	2.384185791015625e-07
10.79	2.384185791015625e-07
10.8	2.384185791015625e-07
10.81	2.384185791015625e-07
10.82	2.384185791015625e-07
10.83	2.384185791015625e-07
10.84	2.384185791015625e-07
10.85	2.384185791015625e-07
10.86	2.384185791015625e-07
10.87	2.384185791015625e-07
10.88	2.384185791015625e-07
10.89	2.384185791015625e-07
10.9	2.384185791015625e-07
10.91	2.384185791015625e-07
10.92	2.384185791015625e-07
10.93	2.384185791015625e-07
10.94	2.384185791015625e-07
10.95	1.7881393432617188e-07
10.96	1.7881393432617188e-07
10.97	1.7881393432617188e-07
10.98	1.7881393432617188e-07
10.99	1.7881393432617188e-07
11.0	1.7881393432617188e-07
11.01	1.7881393432617188e-07
11.02	1.7881393432617188e-07
11.03	1.7881393432617188e-07
11.04	1.7881393432617188e-07
11.05	1.7881393432617188e-07
11.06	1.7881393432617188e-07
11.07	1.1920928955078125e-07
11.08	1.1920928955078125e-07
11.09	1.1920928955078125e-07
11.1	1.1920928955078125e-07
11.11	1.1920928955078125e-07
11.12	5.960464477539063e-08
11.13	5.960464477539063e-08
11.14	5.960464477539063e-08
11.15	5.960464477539063e-08
11.16	5.960464477539063e-08
11.17	5.960464477539063e-08
11.18	5.960464477539063e-08
11.19	5.960464477539063e-08
11.2	5.960464477539063e-08
11.21	5.960464477539063e-08
11.22	5.960464477539063e-08
11.23	5.960464477539063e-08
11.24	0.0
