6.3	0.0005013942718505859
6.31	0.0004966557025909424
6.32	0.0004919171333312988
6.33	0.00048707425594329834
6.34	0.00048242509365081787
6.35	0.0004774630069732666
6.36	0.00047297775745391846
6.37	0.000468522310256958
6.38	0.0004632920026779175
6.39	0.00045903027057647705
6.4	0.0004547387361526489
6.41	0.0004506409168243408
6.42	0.0004462003707885742
6.43	0.0004419088363647461
6.44	0.0004377216100692749
6.45	0.00043341517448425293
6.46	0.00042866170406341553
6.47	0.0004242807626724243
6.48	0.00041991472244262695
6.49	0.0004154890775680542
6.5	0.00041143596172332764
6.51	0.00040696561336517334
6.52	0.0004028528928756714
6.53	0.0003986954689025879
6.54	0.0003944188356399536
6.55	0.0003903806209564209
6.56	0.000386655330657959
6.57	0.0003822445869445801
6.58	0.00037848949432373047
6.59	0.0003744363784790039
6.6	0.00037072598934173584
6.61	0.0003671199083328247
6.62	0.0003631711006164551
6.63	0.0003597140312194824
6.64	0.00035615265369415283
6.65	0.000352323055267334
6.66	0.00034874677658081055
6.67	0.00034540891647338867
6.68	0.00034171342849731445
6.69	0.0003385394811630249
6.7	0.0003351569175720215
6.71	0.0003321021795272827
6.72	0.0003287792205810547
6.73	0.0003255009651184082
6.74	0.000322192907333374
6.75	0.00031910836696624756
6.76	0.0003163665533065796
6.77	0.00031325221061706543
6.78	0.0003096461296081543
6.79	0.00030638277530670166
6.8	0.00030316412448883057
6.81	0.0002998262643814087
6.82	0.00029735267162323
6.83	0.00029371678829193115
6.84	0.0002907365560531616
6.85	0.00028745830059051514
6.86	0.00028406083583831787
6.87	0.0002813488245010376
6.88	0.0002786368131637573
6.89	0.00027541816234588623
6.9	0.00027257204055786133
6.91	0.00026948750019073486
6.92	0.0002664029598236084
6.93	0.0002636462450027466
6.94	0.00026066601276397705
6.95	0.000257641077041626
6.96	0.0002550482749938965
6.97	0.00025218725204467773
6.98	0.00024965405464172363
6.99	0.0002470463514328003
7.0	0.0002446472644805908
7.01	0.00024218857288360596
7.02	0.00023958086967468262
7.03	0.00023725628852844238
7.04	0.0002349168062210083
7.05	0.00023250281810760498
7.06	0.00022999942302703857
7.07	0.00022746622562408447
7.08	0.0002253502607345581
7.09	0.0002231597900390625
7.1	0.000220566987991333
7.11	0.00021845102310180664
7.12	0.00021642446517944336
7.13	0.00021395087242126465
7.14	0.00021179020404815674
7.15	0.0002094656229019165
7.16	0.0002072751522064209
7.17	0.0002049654722213745
7.18	0.00020265579223632812
7.19	0.00020043551921844482
7.2	0.00019823014736175537
7.21	0.00019595026969909668
7.22	0.00019353628158569336
7.23	0.00019162893295288086
7.24	0.00018943846225738525
7.25	0.00018718838691711426
7.26	0.00018489360809326172
7.27	0.00018289685249328613
7.28	0.00018097460269927979
7.29	0.00017881393432617188
7.3	0.00017695128917694092
7.31	0.00017477571964263916
7.32	0.00017261505126953125
7.33	0.00017111003398895264
7.34	0.00016921758651733398
7.35	0.00016742944717407227
7.36	0.00016573071479797363
7.37	0.0001636296510696411
7.38	0.00016185641288757324
7.39	0.00016020238399505615
7.4	0.00015853345394134521
7.41	0.0001569688320159912
7.42	0.0001551210880279541
7.43	0.0001535266637802124
7.44	0.00015200674533843994
7.45	0.00015045702457427979
7.46	0.00014884769916534424
7.47	0.00014747679233551025
7.48	0.00014574825763702393
7.49	0.000144079327583313
7.5	0.00014258921146392822
7.51	0.00014081597328186035
7.52	0.00013937056064605713
7.53	0.00013771653175354004
7.54	0.00013618171215057373
7.55	0.0001345425844192505
7.56	0.00013293325901031494
7.57	0.00013138353824615479
7.58	0.00012980401515960693
7.59	0.0001284778118133545
7.6	0.00012686848640441895
7.61	0.0001252293586730957
7.62	0.0001236945390701294
7.63	0.00012223422527313232
7.64	0.00012077391147613525
7.65	0.00011955201625823975
7.66	0.00011806190013885498
7.67	0.00011672079563140869
7.68	0.00011530518531799316
7.69	0.00011390447616577148
7.7	0.00011244416236877441
7.71	0.00011140108108520508
7.72	0.00010994076728820801
7.73	0.00010885298252105713
7.74	0.00010786950588226318
7.75	0.00010661780834197998
7.76	0.00010548532009124756
7.77	0.0001042783260345459
7.78	0.00010316073894500732
7.79	0.00010213255882263184
7.8	0.00010102987289428711
7.81	9.979307651519775e-05
7.82	9.876489639282227e-05
7.83	9.752810001373291e-05
7.84	9.649991989135742e-05
7.85	9.535253047943115e-05
7.86	9.430944919586182e-05
7.87	9.319186210632324e-05
7.88	9.216368198394775e-05
7.89	9.09566879272461e-05
7.9	8.982419967651367e-05
7.91	8.888542652130127e-05
7.92	8.788704872131348e-05
7.93	8.678436279296875e-05
7.94	8.578598499298096e-05
7.95	8.475780487060547e-05
7.96	8.353590965270996e-05
7.97	8.238852024078369e-05
7.98	8.13901424407959e-05
7.99	8.034706115722656e-05
8.0	7.927417755126953e-05
8.01	7.814168930053711e-05
8.02	7.72327184677124e-05
8.03	7.636845111846924e-05
8.04	7.551908493041992e-05
8.05	7.462501525878906e-05
8.06	7.383525371551514e-05
8.07	7.295608520507812e-05
8.08	7.210671901702881e-05
8.09	7.128715515136719e-05
8.1	7.042288780212402e-05
8.11	6.957352161407471e-05
8.12	6.86943531036377e-05
8.13	6.794929504394531e-05
8.14	6.711483001708984e-05
8.15	6.639957427978516e-05
8.16	6.565451622009277e-05
8.17	6.479024887084961e-05
8.18	6.395578384399414e-05
8.19	6.341934204101562e-05
8.2	6.26295804977417e-05
8.21	6.179511547088623e-05
8.22	6.115436553955078e-05
8.23	6.0364603996276855e-05
8.24	5.955994129180908e-05
8.25	5.8963894844055176e-05
8.26	5.812942981719971e-05
8.27	5.745887756347656e-05
8.28	5.646049976348877e-05
8.29	5.5670738220214844e-05
8.3	5.4955482482910156e-05
8.31	5.428493022918701e-05
8.32	5.359947681427002e-05
8.33	5.300343036651611e-05
8.34	5.227327346801758e-05
8.35	5.1721930503845215e-05
8.36	5.1140785217285156e-05
8.37	5.047023296356201e-05
8.38	4.9874186515808105e-05
8.39	4.9248337745666504e-05
8.4	4.857778549194336e-05
8.41	4.792213439941406e-05
8.42	4.7206878662109375e-05
8.43	4.6625733375549316e-05
8.44	4.610419273376465e-05
8.45	4.559755325317383e-05
8.46	4.51505184173584e-05
8.47	4.4599175453186035e-05
8.48	4.3958425521850586e-05
8.49	4.346668720245361e-05
8.5	4.3019652366638184e-05
8.51	4.2498111724853516e-05
8.52	4.1991472244262695e-05
8.53	4.1350722312927246e-05
8.54	4.081428050994873e-05
8.55	4.0277838706970215e-05
8.56	3.9830803871154785e-05
8.57	3.93986701965332e-05
8.58	3.88026237487793e-05
8.59	3.828108310699463e-05
8.6	3.771483898162842e-05
8.61	3.723800182342529e-05
8.62	3.680586814880371e-05
8.63	3.631412982940674e-05
8.64	3.583729267120361e-05
8.65	3.540515899658203e-05
8.66	3.489851951599121e-05
8.67	3.446638584136963e-05
8.68	3.3974647521972656e-05
8.69	3.355741500854492e-05
8.7	3.306567668914795e-05
8.71	3.267824649810791e-05
8.72	3.2201409339904785e-05
8.73	3.170967102050781e-05
8.74	3.1247735023498535e-05
8.75	3.090500831604004e-05
8.76	3.053247928619385e-05
8.77	3.0174851417541504e-05
8.78	2.98917293548584e-05
8.79	2.9489398002624512e-05
8.8	2.9072165489196777e-05
8.81	2.874433994293213e-05
8.82	2.8342008590698242e-05
8.83	2.7924776077270508e-05
8.84	2.7611851692199707e-05
8.85	2.7135014533996582e-05
8.86	2.682209014892578e-05
8.87	2.637505531311035e-05
8.88	2.60770320892334e-05
8.89	2.5779008865356445e-05
8.9	2.5466084480285645e-05
8.91	2.5153160095214844e-05
8.92	2.4840235710144043e-05
8.93	2.440810203552246e-05
8.94	2.403557300567627e-05
8.95	2.3752450942993164e-05
8.96	2.3350119590759277e-05
8.97	2.302229404449463e-05
8.98	2.2709369659423828e-05
8.99	2.2351741790771484e-05
9.0	2.1964311599731445e-05
9.01	2.1651387214660645e-05
9.02	2.1472573280334473e-05
9.03	2.111494541168213e-05
9.04	2.084672451019287e-05
9.05	2.059340476989746e-05
9.06	2.0369887351989746e-05
9.07	2.0042061805725098e-05
9.08	1.9878149032592773e-05
9.09	1.958012580871582e-05
9.1	1.93864107131958e-05
9.11	1.895427703857422e-05
9.12	1.870095729827881e-05
9.13	1.8537044525146484e-05
9.14	1.825392246246338e-05
9.15	1.8075108528137207e-05
9.16	1.780688762664795e-05
9.17	1.7568469047546387e-05
9.18	1.730024814605713e-05
9.19	1.7076730728149414e-05
9.2	1.683831214904785e-05
9.21	1.6614794731140137e-05
9.22	1.6361474990844727e-05
9.23	1.615285873413086e-05
9.24	1.58846378326416e-05
9.25	1.563131809234619e-05
9.26	1.5422701835632324e-05
9.27	1.5214085578918457e-05
9.28	1.4886260032653809e-05
9.29	1.475214958190918e-05
9.3	1.4528632164001465e-05
9.31	1.4185905456542969e-05
9.32	1.399219036102295e-05
9.33	1.3828277587890625e-05
9.34	1.360476016998291e-05
9.35	1.3470649719238281e-05
9.36	1.3336539268493652e-05
9.37	1.3187527656555176e-05
9.38	1.2978911399841309e-05
9.39	1.284480094909668e-05
9.4	1.2636184692382812e-05
9.41	1.2472271919250488e-05
9.42	1.2278556823730469e-05
9.43	1.2040138244628906e-05
9.44	1.1846423149108887e-05
9.45	1.169741153717041e-05
9.46	1.1593103408813477e-05
9.47	1.1488795280456543e-05
9.48	1.1369585990905762e-05
9.49	1.1220574378967285e-05
9.5	1.1071562767028809e-05
9.51	1.0877847671508789e-05
9.52	1.0728836059570312e-05
9.53	1.0564923286437988e-05
9.54	1.0415911674499512e-05
9.55	1.0251998901367188e-05
9.56	1.0147690773010254e-05
9.57	9.924173355102539e-06
9.58	9.804964065551758e-06
9.59	9.641051292419434e-06
9.6	9.47713851928711e-06
9.61	9.387731552124023e-06
9.62	9.179115295410156e-06
9.63	9.03010368347168e-06
9.64	8.866190910339355e-06
9.65	8.717179298400879e-06
9.66	8.612871170043945e-06
9.67	8.508563041687012e-06
9.68	8.344650268554688e-06
9.69	8.225440979003906e-06
9.7	8.016824722290039e-06
9.71	7.897615432739258e-06
9.72	7.808208465576172e-06
9.73	7.659196853637695e-06
9.74	7.525086402893066e-06
9.75	7.4356794357299805e-06
9.76	7.331371307373047e-06
9.77	7.212162017822266e-06
9.78	7.152557373046875e-06
9.79	7.033348083496094e-06
9.8	6.943941116333008e-06
9.81	6.8694353103637695e-06
9.82	6.794929504394531e-06
9.83	6.705522537231445e-06
9.84	6.616115570068359e-06
9.85	6.511807441711426e-06
9.86	6.407499313354492e-06
9.87	6.332993507385254e-06
9.88	6.243586540222168e-06
9.89	6.109476089477539e-06
9.9	6.020069122314453e-06
9.91	5.885958671569824e-06
9.92	5.781650543212891e-06
9.93	5.677342414855957e-06
9.94	5.558133125305176e-06
9.95	5.4389238357543945e-06
9.96	5.3942203521728516e-06
9.97	5.260109901428223e-06
9.98	5.200505256652832e-06
9.99	5.111098289489746e-06
10.0	4.976987838745117e-06
10.01	4.902482032775879e-06
10.02	4.798173904418945e-06
10.03	4.708766937255859e-06
10.04	4.634261131286621e-06
10.05	4.5299530029296875e-06
10.06	4.500150680541992e-06
10.07	4.4405460357666016e-06
10.08	4.366040229797363e-06
10.09	4.32133674621582e-06
10.1	4.291534423828125e-06
10.11	4.172325134277344e-06
10.12	4.1425228118896484e-06
10.13	4.112720489501953e-06
10.14	4.038214683532715e-06
10.15	3.978610038757324e-06
10.16	3.933906555175781e-06
10.17	3.874301910400391e-06
10.18	3.829598426818848e-06
10.19	3.7848949432373047e-06
10.2	3.7401914596557617e-06
10.21	3.680586814880371e-06
10.22	3.606081008911133e-06
10.23	3.56137752532959e-06
10.24	3.5315752029418945e-06
10.25	3.4570693969726562e-06
10.26	3.382563591003418e-06
10.27	3.337860107421875e-06
10.28	3.2633543014526367e-06
10.29	3.2186508178710938e-06
10.3	3.159046173095703e-06
10.31	3.0994415283203125e-06
10.32	3.0547380447387695e-06
10.33	3.0100345611572266e-06
10.34	2.9206275939941406e-06
10.35	2.8461217880249023e-06
10.36	2.771615982055664e-06
10.37	2.6971101760864258e-06
10.38	2.652406692504883e-06
10.39	2.6226043701171875e-06
10.4	2.5779008865356445e-06
10.41	2.5331974029541016e-06
10.42	2.4884939193725586e-06
10.43	2.473592758178711e-06
10.44	2.428889274597168e-06
10.45	2.3692846298217773e-06
10.46	2.339482307434082e-06
10.47	2.294778823852539e-06
10.48	2.2649765014648438e-06
10.49	2.250075340270996e-06
10.5	2.2202730178833008e-06
10.51	2.205371856689453e-06
10.52	2.1904706954956055e-06
10.53	2.16066837310791e-06
10.54	2.115964889526367e-06
10.55	2.086162567138672e-06
10.56	2.0712614059448242e-06
10.57	2.0265579223632812e-06
10.58	2.0265579223632812e-06
10.59	1.996755599975586e-06
10.6	1.952052116394043e-06
10.61	1.9222497940063477e-06
10.62	1.8477439880371094e-06
10.63	1.8328428268432617e-06
10.64	1.7881393432617188e-06
10.65	1.7434358596801758e-06
10.66	1.7136335372924805e-06
10.67	1.6540288925170898e-06
10.68	1.6093254089355469e-06
10.69	1.5944242477416992e-06
10.7	1.5497207641601562e-06
10.71	1.519918441772461e-06
10.72	1.4454126358032227e-06
10.73	1.4156103134155273e-06
10.74	1.3709068298339844e-06
10.75	1.3113021850585938e-06
10.76	1.296401023864746e-06
10.77	1.2516975402832031e-06
10.78	1.2367963790893555e-06
10.79	1.2218952178955078e-06
10.8	1.2069940567016602e-06
10.81	1.1920928955078125e-06
10.82	1.1920928955078125e-06
10.83	1.1622905731201172e-06
10.84	1.1622905731201172e-06
10.85	1.1473894119262695e-06
10.86	1.1324882507324219e-06
10.87	1.1175870895385742e-06
10.88	1.1026859283447266e-06
10.89	1.0728836059570312e-06
10.9	1.0728836059570312e-06
10.91	1.0579824447631836e-06
10.92	1.043081283569336e-06
10.93	1.043081283569336e-06
10.94	1.0132789611816406e-06
10.95	9.834766387939453e-07
10.96	9.685754776000977e-07
10.97	9.5367431640625e-07
10.98	9.238719940185547e-07
10.99	9.238719940185547e-07
11.0	8.940696716308594e-07
11.01	8.791685104370117e-07
11.02	8.344650268554688e-07
11.03	8.195638656616211e-07
11.04	7.897615432739258e-07
11.05	7.450580596923828e-07
11.06	7.152557373046875e-07
11.07	7.003545761108398e-07
11.08	6.705522537231445e-07
11.09	6.705522537231445e-07
11.1	6.705522537231445e-07
11.11	6.407499313354492e-07
11.12	6.407499313354492e-07
11.13	6.258487701416016e-07
11.14	6.109476089477539e-07
11.15	5.960464477539062e-07
11.16	5.960464477539062e-07
11.17	5.811452865600586e-07
11.18	5.662441253662109e-07
11.19	5.662441253662109e-07
11.2	5.662441253662109e-07
11.21	5.513429641723633e-07
11.22	5.513429641723633e-07
11.23	5.513429641723633e-07
11.24	5.364418029785156e-07
11.25	5.364418029785156e-07
11.26	5.364418029785156e-07
11.27	5.364418029785156e-07
11.28	5.364418029785156e-07
11.29	5.364418029785156e-07
11.3	5.21540641784668e-07
11.31	5.21540641784668e-07
11.32	4.917383193969727e-07
11.33	4.917383193969727e-07
11.34	4.76837158203125e-07
11.35	4.6193599700927734e-07
11.36	4.470348358154297e-07
11.37	4.172325134277344e-07
11.38	4.023313522338867e-07
11.39	3.8743019104003906e-07
11.4	3.725290298461914e-07
11.41	3.725290298461914e-07
11.42	3.5762786865234375e-07
11.43	3.427267074584961e-07
11.44	3.427267074584961e-07
11.45	3.129243850708008e-07
11.46	2.980232238769531e-07
11.47	2.8312206268310547e-07
11.48	2.682209014892578e-07
11.49	2.5331974029541016e-07
11.5	2.384185791015625e-07
11.51	2.384185791015625e-07
11.52	2.384185791015625e-07
11.53	2.384185791015625e-07
11.54	2.384185791015625e-07
11.55	2.384185791015625e-07
11.56	2.384185791015625e-07
11.57	2.384185791015625e-07
11.58	2.384185791015625e-07
11.59	2.384185791015625e-07
11.6	2.384185791015625e-07
11.61	2.384185791015625e-07
11.62	2.384185791015625e-07
11.63	2.384185791015625e-07
11.64	2.2351741790771484e-07
11.65	2.2351741790771484e-07
11.66	2.086162567138672e-07
11.67	2.086162567138672e-07
11.68	2.086162567138672e-07
11.69	2.086162567138672e-07
11.7	1.9371509552001953e-07
11.71	1.9371509552001953e-07
11.72	1.6391277313232422e-07
11.73	1.6391277313232422e-07
11.74	1.6391277313232422e-07
11.75	1.4901161193847656e-07
11.76	1.4901161193847656e-07
11.77	1.341104507446289e-07
11.78	1.1920928955078125e-07
11.79	1.043081283569336e-07
11.8	1.043081283569336e-07
11.81	8.940696716308594e-08
11.82	8.940696716308594e-08
11.83	8.940696716308594e-08
11.84	8.940696716308594e-08
11.85	8.940696716308594e-08
11.86	8.940696716308594e-08
11.87	8.940696716308594e-08
11.88	8.940696716308594e-08
11.89	8.940696716308594e-08
11.9	8.940696716308594e-08
11.91	8.940696716308594e-08
11.92	8.940696716308594e-08
11.93	8.940696716308594e-08
11.94	8.940696716308594e-08
11.95	8.940696716308594e-08
11.96	8.940696716308594e-08
11.97	8.940696716308594e-08
11.98	8.940696716308594e-08
11.99	8.940696716308594e-08
12.0	8.940696716308594e-08
12.01	8.940696716308594e-08
12.02	8.940696716308594e-08
12.03	8.940696716308594e-08
12.04	7.450580596923828e-08
12.05	7.450580596923828e-08
12.06	7.450580596923828e-08
12.07	5.960464477539063e-08
12.08	5.960464477539063e-08
12.09	5.960464477539063e-08
12.1	5.960464477539063e-08
12.11	5.960464477539063e-08
12.12	5.960464477539063e-08
12.13	5.960464477539063e-08
12.14	5.960464477539063e-08
12.15	4.470348358154297e-08
12.16	4.470348358154297e-08
12.17	4.470348358154297e-08
12.18	2.9802322387695312e-08
12.19	2.9802322387695312e-08
12.2	2.9802322387695312e-08
12.21	2.9802322387695312e-08
12.22	2.9802322387695312e-08
12.23	2.9802322387695312e-08
12.24	2.9802322387695312e-08
12.25	2.9802322387695312e-08
12.26	2.9802322387695312e-08
12.27	2.9802322387695312e-08
12.28	2.9802322387695312e-08
12.29	2.9802322387695312e-08
12.3	2.9802322387695312e-08
12.31	2.9802322387695312e-08
12.32	2.9802322387695312e-08
12.33	2.9802322387695312e-08
12.34	2.9802322387695312e-08
12.35	2.9802322387695312e-08
12.36	2.9802322387695312e-08
12.37	2.9802322387695312e-08
12.38	2.9802322387695312e-08
12.39	2.9802322387695312e-08
12.4	2.9802322387695312e-08
12.41	2.9802322387695312e-08
12.42	2.9802322387695312e-08
12.43	2.9802322387695312e-08
12.44	2.9802322387695312e-08
12.45	2.9802322387695312e-08
12.46	2.9802322387695312e-08
12.47	1.4901161193847656e-08
12.48	1.4901161193847656e-08
12.49	0.0
