5.83	0.0005035400390625
5.84	0.000499725341796875
5.85	0.00049591064453125
5.86	0.000492095947265625
5.87	0.00048828125
5.88	0.00048065185546875
5.89	0.00048065185546875
5.9	0.000476837158203125
5.91	0.000476837158203125
5.92	0.000476837158203125
5.93	0.000476837158203125
5.94	0.000476837158203125
5.95	0.00046539306640625
5.96	0.000461578369140625
5.97	0.000453948974609375
5.98	0.00045013427734375
5.99	0.00045013427734375
6.0	0.00045013427734375
6.01	0.000446319580078125
6.02	0.0004425048828125
6.03	0.0004425048828125
6.04	0.000431060791015625
6.05	0.00042724609375
6.06	0.000423431396484375
6.07	0.00041961669921875
6.08	0.000415802001953125
6.09	0.0004119873046875
6.1	0.00040435791015625
6.11	0.000400543212890625
6.12	0.000392913818359375
6.13	0.0003814697265625
6.14	0.000377655029296875
6.15	0.000377655029296875
6.16	0.00037384033203125
6.17	0.000370025634765625
6.18	0.0003662109375
6.19	0.00035858154296875
6.2	0.00035858154296875
6.21	0.0003509521484375
6.22	0.00034332275390625
6.23	0.00034332275390625
6.24	0.000339508056640625
6.25	0.000331878662109375
6.26	0.000324249267578125
6.27	0.0003204345703125
6.28	0.000316619873046875
6.29	0.000316619873046875
6.3	0.00030517578125
6.31	0.00029754638671875
6.32	0.00029754638671875
6.33	0.0002899169921875
6.34	0.000286102294921875
6.35	0.00028228759765625
6.36	0.000278472900390625
6.37	0.000270843505859375
6.38	0.00026702880859375
6.39	0.0002593994140625
6.4	0.000244140625
6.41	0.000240325927734375
6.42	0.00023651123046875
6.43	0.00023651123046875
6.44	0.00023651123046875
6.45	0.000232696533203125
6.46	0.000225067138671875
6.47	0.00022125244140625
6.48	0.00022125244140625
6.49	0.000217437744140625
6.5	0.000213623046875
6.51	0.000213623046875
6.52	0.000213623046875
6.53	0.000213623046875
6.54	0.000213623046875
6.55	0.000213623046875
6.56	0.000213623046875
6.57	0.000213623046875
6.58	0.000213623046875
6.59	0.000213623046875
6.6	0.000213623046875
6.61	0.000213623046875
6.62	0.000213623046875
6.63	0.000213623046875
6.64	0.000213623046875
6.65	0.000213623046875
6.66	0.000213623046875
6.67	0.000213623046875
6.68	0.000213623046875
6.69	0.000213623046875
6.7	0.000213623046875
6.71	0.000213623046875
6.72	0.000213623046875
6.73	0.000209808349609375
6.74	0.00020599365234375
6.75	0.000202178955078125
6.76	0.000202178955078125
6.77	0.000202178955078125
6.78	0.000202178955078125
6.79	0.000202178955078125
6.8	0.000202178955078125
6.81	0.000202178955078125
6.82	0.0001983642578125
6.83	0.000194549560546875
6.84	0.000186920166015625
6.85	0.000186920166015625
6.86	0.00018310546875
6.87	0.00018310546875
6.88	0.00018310546875
6.89	0.00018310546875
6.9	0.00018310546875
6.91	0.00018310546875
6.92	0.00018310546875
6.93	0.000179290771484375
6.94	0.00017547607421875
6.95	0.00017547607421875
6.96	0.00017547607421875
6.97	0.00017547607421875
6.98	0.00017547607421875
6.99	0.000171661376953125
7.0	0.000171661376953125
7.01	0.000171661376953125
7.02	0.000171661376953125
7.03	0.000171661376953125
7.04	0.000171661376953125
7.05	0.000171661376953125
7.06	0.000171661376953125
7.07	0.000171661376953125
7.08	0.0001678466796875
7.09	0.000164031982421875
7.1	0.000164031982421875
7.11	0.000164031982421875
7.12	0.000164031982421875
7.13	0.000164031982421875
7.14	0.000164031982421875
7.15	0.000164031982421875
7.16	0.000164031982421875
7.17	0.000164031982421875
7.18	0.00016021728515625
7.19	0.00016021728515625
7.2	0.00016021728515625
7.21	0.00016021728515625
7.22	0.00016021728515625
7.23	0.00016021728515625
7.24	0.00016021728515625
7.25	0.00016021728515625
7.26	0.000156402587890625
7.27	0.000156402587890625
7.28	0.000152587890625
7.29	0.000152587890625
7.3	0.000152587890625
7.31	0.000148773193359375
7.32	0.000148773193359375
7.33	0.000148773193359375
7.34	0.000148773193359375
7.35	0.00014495849609375
7.36	0.00014495849609375
7.37	0.0001373291015625
7.38	0.0001373291015625
7.39	0.000133514404296875
7.4	0.00012969970703125
7.41	0.00012969970703125
7.42	0.000125885009765625
7.43	0.000125885009765625
7.44	0.000125885009765625
7.45	0.000125885009765625
7.46	0.0001220703125
7.47	0.000118255615234375
7.48	0.000118255615234375
7.49	0.000118255615234375
7.5	0.000118255615234375
7.51	0.000118255615234375
7.52	0.0001068115234375
7.53	0.0001068115234375
7.54	0.0001068115234375
7.55	0.0001068115234375
7.56	0.0001068115234375
7.57	0.0001068115234375
7.58	9.918212890625e-05
7.59	9.918212890625e-05
7.6	9.918212890625e-05
7.61	8.7738037109375e-05
7.62	8.7738037109375e-05
7.63	8.392333984375e-05
7.64	8.392333984375e-05
7.65	8.0108642578125e-05
7.66	8.0108642578125e-05
7.67	7.62939453125e-05
7.68	7.2479248046875e-05
7.69	7.2479248046875e-05
7.7	6.4849853515625e-05
7.71	6.4849853515625e-05
7.72	6.4849853515625e-05
7.73	6.103515625e-05
7.74	5.7220458984375e-05
7.75	5.7220458984375e-05
7.76	5.7220458984375e-05
7.77	5.7220458984375e-05
7.78	5.7220458984375e-05
7.79	5.7220458984375e-05
7.8	5.7220458984375e-05
7.81	5.7220458984375e-05
7.82	5.340576171875e-05
7.83	5.340576171875e-05
7.84	5.340576171875e-05
7.85	5.340576171875e-05
7.86	5.340576171875e-05
7.87	5.340576171875e-05
7.88	5.340576171875e-05
7.89	5.340576171875e-05
7.9	5.340576171875e-05
7.91	5.340576171875e-05
7.92	5.340576171875e-05
7.93	5.340576171875e-05
7.94	5.340576171875e-05
7.95	5.340576171875e-05
7.96	5.340576171875e-05
7.97	5.340576171875e-05
7.98	5.340576171875e-05
7.99	5.340576171875e-05
8.0	5.340576171875e-05
8.01	5.340576171875e-05
8.02	5.340576171875e-05
8.03	5.340576171875e-05
8.04	5.340576171875e-05
8.05	4.9591064453125e-05
8.06	4.9591064453125e-05
8.07	4.9591064453125e-05
8.08	4.9591064453125e-05
8.09	4.9591064453125e-05
8.1	4.9591064453125e-05
8.11	4.9591064453125e-05
8.12	4.9591064453125e-05
8.13	4.9591064453125e-05
8.14	4.9591064453125e-05
8.15	4.57763671875e-05
8.16	4.57763671875e-05
8.17	4.57763671875e-05
8.18	4.57763671875e-05
8.19	4.57763671875e-05
8.2	4.57763671875e-05
8.21	4.57763671875e-05
8.22	4.57763671875e-05
8.23	4.57763671875e-05
8.24	4.57763671875e-05
8.25	4.57763671875e-05
8.26	4.57763671875e-05
8.27	4.57763671875e-05
8.28	4.57763671875e-05
8.29	4.57763671875e-05
8.3	4.57763671875e-05
8.31	4.57763671875e-05
8.32	4.57763671875e-05
8.33	4.57763671875e-05
8.34	4.57763671875e-05
8.35	4.57763671875e-05
8.36	4.57763671875e-05
8.37	4.57763671875e-05
8.38	4.57763671875e-05
8.39	4.57763671875e-05
8.4	4.57763671875e-05
8.41	4.57763671875e-05
8.42	4.57763671875e-05
8.43	4.57763671875e-05
8.44	4.57763671875e-05
8.45	4.57763671875e-05
8.46	4.57763671875e-05
8.47	4.57763671875e-05
8.48	4.57763671875e-05
8.49	4.57763671875e-05
8.5	4.57763671875e-05
8.51	4.57763671875e-05
8.52	4.57763671875e-05
8.53	4.57763671875e-05
8.54	4.57763671875e-05
8.55	4.57763671875e-05
8.56	4.57763671875e-05
8.57	4.57763671875e-05
8.58	4.1961669921875e-05
8.59	4.1961669921875e-05
8.6	4.1961669921875e-05
8.61	4.1961669921875e-05
8.62	4.1961669921875e-05
8.63	4.1961669921875e-05
8.64	4.1961669921875e-05
8.65	4.1961669921875e-05
8.66	4.1961669921875e-05
8.67	3.814697265625e-05
8.68	3.814697265625e-05
8.69	3.814697265625e-05
8.7	3.814697265625e-05
8.71	3.814697265625e-05
8.72	3.814697265625e-05
8.73	3.814697265625e-05
8.74	3.814697265625e-05
8.75	3.814697265625e-05
8.76	3.814697265625e-05
8.77	3.814697265625e-05
8.78	3.814697265625e-05
8.79	3.814697265625e-05
8.8	3.814697265625e-05
8.81	3.814697265625e-05
8.82	3.4332275390625e-05
8.83	3.4332275390625e-05
8.84	3.0517578125e-05
8.85	3.0517578125e-05
8.86	3.0517578125e-05
8.87	3.0517578125e-05
8.88	3.0517578125e-05
8.89	3.0517578125e-05
8.9	3.0517578125e-05
8.91	2.6702880859375e-05
8.92	2.6702880859375e-05
8.93	2.288818359375e-05
8.94	1.9073486328125e-05
8.95	1.9073486328125e-05
8.96	1.52587890625e-05
8.97	1.52587890625e-05
8.98	1.52587890625e-05
8.99	1.52587890625e-05
9.0	1.52587890625e-05
9.01	1.52587890625e-05
9.02	1.1444091796875e-05
9.03	7.62939453125e-06
9.04	7.62939453125e-06
9.05	7.62939453125e-06
9.06	7.62939453125e-06
9.07	7.62939453125e-06
9.08	7.62939453125e-06
9.09	7.62939453125e-06
9.1	7.62939453125e-06
9.11	7.62939453125e-06
9.12	7.62939453125e-06
9.13	7.62939453125e-06
9.14	7.62939453125e-06
9.15	7.62939453125e-06
9.16	7.62939453125e-06
9.17	7.62939453125e-06
9.18	7.62939453125e-06
9.19	7.62939453125e-06
9.2	7.62939453125e-06
9.21	7.62939453125e-06
9.22	7.62939453125e-06
9.23	7.62939453125e-06
9.24	7.62939453125e-06
9.25	7.62939453125e-06
9.26	7.62939453125e-06
9.27	7.62939453125e-06
9.28	7.62939453125e-06
9.29	7.62939453125e-06
9.3	7.62939453125e-06
9.31	7.62939453125e-06
9.32	7.62939453125e-06
9.33	7.62939453125e-06
9.34	7.62939453125e-06
9.35	7.62939453125e-06
9.36	7.62939453125e-06
9.37	7.62939453125e-06
9.38	7.62939453125e-06
9.39	7.62939453125e-06
9.4	7.62939453125e-06
9.41	7.62939453125e-06
9.42	7.62939453125e-06
9.43	7.62939453125e-06
9.44	7.62939453125e-06
9.45	7.62939453125e-06
9.46	7.62939453125e-06
9.47	7.62939453125e-06
9.48	7.62939453125e-06
9.49	7.62939453125e-06
9.5	7.62939453125e-06
9.51	7.62939453125e-06
9.52	7.62939453125e-06
9.53	7.62939453125e-06
9.54	7.62939453125e-06
9.55	7.62939453125e-06
9.56	7.62939453125e-06
9.57	7.62939453125e-06
9.58	7.62939453125e-06
9.59	7.62939453125e-06
9.6	7.62939453125e-06
9.61	7.62939453125e-06
9.62	7.62939453125e-06
9.63	7.62939453125e-06
9.64	7.62939453125e-06
9.65	7.62939453125e-06
9.66	7.62939453125e-06
9.67	7.62939453125e-06
9.68	7.62939453125e-06
9.69	7.62939453125e-06
9.7	7.62939453125e-06
9.71	7.62939453125e-06
9.72	7.62939453125e-06
9.73	7.62939453125e-06
9.74	7.62939453125e-06
9.75	7.62939453125e-06
9.76	7.62939453125e-06
9.77	7.62939453125e-06
9.78	7.62939453125e-06
9.79	7.62939453125e-06
9.8	7.62939453125e-06
9.81	7.62939453125e-06
9.82	7.62939453125e-06
9.83	7.62939453125e-06
9.84	7.62939453125e-06
9.85	7.62939453125e-06
9.86	7.62939453125e-06
9.87	7.62939453125e-06
9.88	7.62939453125e-06
9.89	7.62939453125e-06
9.9	7.62939453125e-06
9.91	7.62939453125e-06
9.92	7.62939453125e-06
9.93	7.62939453125e-06
9.94	7.62939453125e-06
9.95	7.62939453125e-06
9.96	7.62939453125e-06
9.97	7.62939453125e-06
9.98	7.62939453125e-06
9.99	7.62939453125e-06
10.0	7.62939453125e-06
10.01	7.62939453125e-06
10.02	7.62939453125e-06
10.03	7.62939453125e-06
10.04	7.62939453125e-06
10.05	7.62939453125e-06
10.06	7.62939453125e-06
10.07	7.62939453125e-06
10.08	7.62939453125e-06
10.09	7.62939453125e-06
10.1	7.62939453125e-06
10.11	7.62939453125e-06
10.12	7.62939453125e-06
10.13	7.62939453125e-06
10.14	7.62939453125e-06
10.15	3.814697265625e-06
10.16	3.814697265625e-06
10.17	3.814697265625e-06
10.18	3.814697265625e-06
10.19	3.814697265625e-06
10.2	3.814697265625e-06
10.21	3.814697265625e-06
10.22	3.814697265625e-06
10.23	3.814697265625e-06
10.24	0.0
