5.67	0.0005002003163099289
5.68	0.0004966510459780693
5.69	0.0004930663853883743
5.7	0.000489591620862484
5.71	0.00048619136214256287
5.72	0.00048266537487506866
5.73	0.00047918595373630524
5.74	0.00047581829130649567
5.75	0.00047245342284440994
5.76	0.0004690708592534065
5.77	0.0004657851532101631
5.78	0.0004624566063284874
5.79	0.00045921001583337784
5.8	0.0004559652879834175
5.81	0.00045269448310136795
5.82	0.000449497252702713
5.83	0.0004462888464331627
5.84	0.000443154014647007
5.85	0.00043999869376420975
5.86	0.0004368610680103302
5.87	0.00043376442044973373
5.88	0.0004306156188249588
5.89	0.0004275226965546608
5.9	0.00042444467544555664
5.91	0.0004213619977235794
5.92	0.00041833706200122833
5.93	0.0004152590408921242
5.94	0.00041224155575037
5.95	0.0004092259332537651
5.96	0.0004063239321112633
5.97	0.000403406098484993
5.98	0.00040042120963335037
5.99	0.00039749592542648315
6.0	0.0003946162760257721
6.01	0.0003918055444955826
6.02	0.00038900040090084076
6.03	0.0003861216828227043
6.04	0.00038328301161527634
6.05	0.0003804648295044899
6.06	0.00037771835923194885
6.07	0.00037490949034690857
6.08	0.000372154638171196
6.09	0.00036945007741451263
6.1	0.00036673061549663544
6.11	0.00036395154893398285
6.12	0.0003612702712416649
6.13	0.00035860762000083923
6.14	0.000356028787791729
6.15	0.0003533884882926941
6.16	0.00035080686211586
6.17	0.00034824106842279434
6.18	0.0003456985577940941
6.19	0.00034309830516576767
6.2	0.0003406275063753128
6.21	0.00033806171268224716
6.22	0.0003356104716658592
6.23	0.0003330865874886513
6.24	0.00033062417060136795
6.25	0.00032813288271427155
6.26	0.00032574497163295746
6.27	0.00032329466193914413
6.28	0.00032090116292238235
6.29	0.0003185076639056206
6.3	0.0003161625936627388
6.31	0.00031377188861370087
6.32	0.0003114631399512291
6.33	0.0003091413527727127
6.34	0.00030685123056173325
6.35	0.0003045937046408653
6.36	0.00030227936804294586
6.37	0.00030000973492860794
6.38	0.00029772333800792694
6.39	0.0002954956144094467
6.4	0.00029332656413316727
6.41	0.00029105693101882935
6.42	0.0002888403832912445
6.43	0.000286642462015152
6.44	0.00028450973331928253
6.45	0.00028239283710718155
6.46	0.0002802470698952675
6.47	0.00027816276997327805
6.48	0.0002760672941803932
6.49	0.0002739895135164261
6.5	0.00027190614491701126
6.51	0.000269855372607708
6.52	0.0002678725868463516
6.53	0.0002658003941178322
6.54	0.00026379432529211044
6.55	0.00026174820959568024
6.56	0.0002597793936729431
6.57	0.00025778356939554214
6.58	0.0002558240666985512
6.59	0.0002538589760661125
6.6	0.00025191158056259155
6.61	0.0002499585971236229
6.62	0.0002480167895555496
6.63	0.0002461317926645279
6.64	0.0002442849799990654
6.65	0.00024241115897893906
6.66	0.0002405606210231781
6.67	0.00023869890719652176
6.68	0.00023686792701482773
6.69	0.00023510679602622986
6.7	0.00023325998336076736
6.71	0.00023148581385612488
6.72	0.00022964924573898315
6.73	0.00022792816162109375
6.74	0.00022615399211645126
6.75	0.00022441241890192032
6.76	0.0002226363867521286
6.77	0.00022089481353759766
6.78	0.00021915137767791748
6.79	0.00021744519472122192
6.8	0.0002157893031835556
6.81	0.0002141157165169716
6.82	0.00021238811314105988
6.83	0.0002107825130224228
6.84	0.00020916946232318878
6.85	0.0002075526863336563
6.86	0.00020594056695699692
6.87	0.00020434334874153137
6.88	0.00020276010036468506
6.89	0.00020116940140724182
6.9	0.00019958335906267166
6.91	0.00019801687449216843
6.92	0.00019647739827632904
6.93	0.00019488949328660965
6.94	0.00019328482449054718
6.95	0.00019180681556463242
6.96	0.00019025243818759918
6.97	0.00018876325339078903
6.98	0.00018724985420703888
6.99	0.00018577463924884796
7.0	0.00018427614122629166
7.01	0.00018283259123563766
7.02	0.00018137414008378983
7.03	0.0001800013706088066
7.04	0.0001785680651664734
7.05	0.00017715711146593094
7.06	0.00017572380602359772
7.07	0.0001743696630001068
7.08	0.0001729484647512436
7.09	0.00017155800014734268
7.1	0.0001701684668660164
7.11	0.00016877800226211548
7.12	0.00016742665320634842
7.13	0.0001660482957959175
7.14	0.00016472768038511276
7.15	0.00016339309513568878
7.16	0.00016206875443458557
7.17	0.00016076583415269852
7.18	0.00015947036445140839
7.19	0.00015823543071746826
7.2	0.0001569436863064766
7.21	0.00015566963702440262
7.22	0.0001544645056128502
7.23	0.00015325751155614853
7.24	0.00015204399824142456
7.25	0.00015076994895935059
7.26	0.00014956016093492508
7.27	0.00014837458729743958
7.28	0.00014714710414409637
7.29	0.00014595221728086472
7.3	0.00014473404735326767
7.31	0.0001435801386833191
7.32	0.00014237500727176666
7.33	0.000141168013215065
7.34	0.00014004390686750412
7.35	0.00013894494622945786
7.36	0.00013778544962406158
7.37	0.00013662874698638916
7.38	0.0001355353742837906
7.39	0.00013446900993585587
7.4	0.0001333644613623619
7.41	0.00013228785246610641
7.42	0.00013121683150529861
7.43	0.00013016629964113235
7.44	0.00012908782809972763
7.45	0.00012798793613910675
7.46	0.0001269383355975151
7.47	0.00012588780373334885
7.48	0.0001248326152563095
7.49	0.00012376904487609863
7.5	0.00012272782623767853
7.51	0.00012169405817985535
7.52	0.00012067519128322601
7.53	0.00011967215687036514
7.54	0.0001186830922961235
7.55	0.00011769123375415802
7.56	0.0001167096197605133
7.57	0.00011575780808925629
7.58	0.00011481437832117081
7.59	0.00011383742094039917
7.6	0.00011288654059171677
7.61	0.00011194497346878052
7.62	0.00011103227734565735
7.63	0.00011009722948074341
7.64	0.00010916218161582947
7.65	0.00010824203491210938
7.66	0.00010732747614383698
7.67	0.0001063840463757515
7.68	0.00010547135025262833
7.69	0.00010459218174219131
7.7	0.00010375864803791046
7.71	0.0001028282567858696
7.72	0.00010195747017860413
7.73	0.00010111834853887558
7.74	0.00010027643293142319
7.75	9.943265467882156e-05
7.76	9.856279939413071e-05
7.77	9.775348007678986e-05
7.78	9.695347398519516e-05
7.79	9.613111615180969e-05
7.8	9.531248360872269e-05
7.81	9.450409561395645e-05
7.82	9.371619671583176e-05
7.83	9.287893772125244e-05
7.84	9.208265691995621e-05
7.85	9.131710976362228e-05
7.86	9.054038673639297e-05
7.87	8.975900709629059e-05
7.88	8.894223719835281e-05
7.89	8.81776213645935e-05
7.9	8.746422827243805e-05
7.91	8.672196418046951e-05
7.92	8.59750434756279e-05
7.93	8.523743599653244e-05
7.94	8.452869951725006e-05
7.95	8.38031992316246e-05
7.96	8.308235555887222e-05
7.97	8.2346610724926e-05
7.98	8.163787424564362e-05
7.99	8.091423660516739e-05
8.0	8.019618690013885e-05
8.01	7.950421422719955e-05
8.02	7.880665361881256e-05
8.03	7.811933755874634e-05
8.04	7.742084562778473e-05
8.05	7.674098014831543e-05
8.06	7.607974112033844e-05
8.07	7.541850209236145e-05
8.08	7.476843893527985e-05
8.09	7.41155818104744e-05
8.1	7.345248013734818e-05
8.11	7.280893623828888e-05
8.12	7.218029350042343e-05
8.13	7.156655192375183e-05
8.14	7.091369479894638e-05
8.15	7.028598338365555e-05
8.16	6.965920329093933e-05
8.17	6.905291229486465e-05
8.18	6.844475865364075e-05
8.19	6.782356649637222e-05
8.2	6.725545972585678e-05
8.21	6.665755063295364e-05
8.22	6.606616079807281e-05
8.23	6.548967212438583e-05
8.24	6.490666419267654e-05
8.25	6.435718387365341e-05
8.26	6.375927478075027e-05
8.27	6.319023668766022e-05
8.28	6.264820694923401e-05
8.29	6.208941340446472e-05
8.3	6.154552102088928e-05
8.31	6.0964375734329224e-05
8.32	6.041768938302994e-05
8.33	5.989149212837219e-05
8.34	5.935225635766983e-05
8.35	5.88027760386467e-05
8.36	5.8259814977645874e-05
8.37	5.7753175497055054e-05
8.38	5.7200901210308075e-05
8.39	5.6673772633075714e-05
8.4	5.61736524105072e-05
8.41	5.5684708058834076e-05
8.42	5.517341196537018e-05
8.43	5.4649077355861664e-05
8.44	5.417037755250931e-05
8.45	5.370471626520157e-05
8.46	5.3190626204013824e-05
8.47	5.271099507808685e-05
8.48	5.220528692007065e-05
8.49	5.17452135682106e-05
8.5	5.1258131861686707e-05
8.51	5.079153925180435e-05
8.52	5.0337053835392e-05
8.53	4.988908767700195e-05
8.54	4.9394555389881134e-05
8.55	4.892516881227493e-05
8.56	4.8492103815078735e-05
8.57	4.8045068979263306e-05
8.58	4.759896546602249e-05
8.59	4.7186389565467834e-05
8.6	4.6756118535995483e-05
8.61	4.632491618394852e-05
8.62	4.5913271605968475e-05
8.63	4.549045115709305e-05
8.64	4.512164741754532e-05
8.65	4.467461258172989e-05
8.66	4.4248066842556e-05
8.67	4.3827109038829803e-05
8.68	4.3460167944431305e-05
8.69	4.302617162466049e-05
8.7	4.260614514350891e-05
8.71	4.220660775899887e-05
8.72	4.180986434221268e-05
8.73	4.142150282859802e-05
8.74	4.102662205696106e-05
8.75	4.065223038196564e-05
8.76	4.028715193271637e-05
8.77	3.990810364484787e-05
8.78	3.953743726015091e-05
8.79	3.918912261724472e-05
8.8	3.884918987751007e-05
8.81	3.850366920232773e-05
8.82	3.810226917266846e-05
8.83	3.77679243683815e-05
8.84	3.742147237062454e-05
8.85	3.7076883018016815e-05
8.86	3.670062869787216e-05
8.87	3.634486347436905e-05
8.88	3.600679337978363e-05
8.89	3.563147038221359e-05
8.9	3.5303644835948944e-05
8.91	3.497488796710968e-05
8.92	3.464985638856888e-05
8.93	3.428850322961807e-05
8.94	3.394950181245804e-05
8.95	3.365054726600647e-05
8.96	3.334600478410721e-05
8.97	3.302469849586487e-05
8.98	3.2706186175346375e-05
8.99	3.239046782255173e-05
9.0	3.209803253412247e-05
9.01	3.1785108149051666e-05
9.02	3.147777169942856e-05
9.03	3.1189993023872375e-05
9.04	3.0887313187122345e-05
9.05	3.056041896343231e-05
9.06	3.0246563255786896e-05
9.07	2.9970891773700714e-05
9.08	2.967938780784607e-05
9.09	2.9362738132476807e-05
9.1	2.9088929295539856e-05
9.11	2.8817914426326752e-05
9.12	2.85319983959198e-05
9.13	2.8247013688087463e-05
9.14	2.7972273528575897e-05
9.15	2.771243453025818e-05
9.16	2.745259553194046e-05
9.17	2.7195550501346588e-05
9.18	2.6932917535305023e-05
9.19	2.668425440788269e-05
9.2	2.642907202243805e-05
9.21	2.614501863718033e-05
9.22	2.589356154203415e-05
9.23	2.5646761059761047e-05
9.24	2.5385990738868713e-05
9.25	2.5110319256782532e-05
9.26	2.485699951648712e-05
9.27	2.461392432451248e-05
9.28	2.4378299713134766e-05
9.29	2.4126842617988586e-05
9.3	2.388935536146164e-05
9.31	2.3653730750083923e-05
9.32	2.3408792912960052e-05
9.33	2.3195520043373108e-05
9.34	2.2987835109233856e-05
9.35	2.2757798433303833e-05
9.36	2.2541731595993042e-05
9.37	2.2304244339466095e-05
9.38	2.207886427640915e-05
9.39	2.1867454051971436e-05
9.4	2.165418118238449e-05
9.41	2.1433457732200623e-05
9.42	2.1209008991718292e-05
9.43	2.0981766283512115e-05
9.44	2.0740553736686707e-05
9.45	2.054218202829361e-05
9.46	2.036057412624359e-05
9.47	2.0159408450126648e-05
9.48	1.9944272935390472e-05
9.49	1.9735656678676605e-05
9.5	1.9546598196029663e-05
9.51	1.93743035197258e-05
9.52	1.917220652103424e-05
9.53	1.897476613521576e-05
9.54	1.8787570297718048e-05
9.55	1.8611550331115723e-05
9.56	1.8407590687274933e-05
9.57	1.821480691432953e-05
9.58	1.804158091545105e-05
9.59	1.7861835658550262e-05
9.6	1.765415072441101e-05
9.61	1.7464160919189453e-05
9.62	1.730397343635559e-05
9.63	1.7126090824604034e-05
9.64	1.693982630968094e-05
9.65	1.676008105278015e-05
9.66	1.6598962247371674e-05
9.67	1.6437843441963196e-05
9.68	1.6272999346256256e-05
9.69	1.6091391444206238e-05
9.7	1.5945173799991608e-05
9.71	1.5776604413986206e-05
9.72	1.561082899570465e-05
9.73	1.5446916222572327e-05
9.74	1.5307217836380005e-05
9.75	1.5146099030971527e-05
9.76	1.4975666999816895e-05
9.77	1.482013612985611e-05
9.78	1.4671124517917633e-05
9.79	1.4532357454299927e-05
9.8	1.4360994100570679e-05
9.81	1.4211051166057587e-05
9.82	1.4047138392925262e-05
9.83	1.3900920748710632e-05
9.84	1.3767741620540619e-05
9.85	1.3627111911773682e-05
9.86	1.3490207493305206e-05
9.87	1.3337470591068268e-05
9.88	1.31949782371521e-05
9.89	1.3070181012153625e-05
9.9	1.2937933206558228e-05
9.91	1.2806616723537445e-05
9.92	1.2657605111598969e-05
9.93	1.2516975402832031e-05
9.94	1.2393109500408173e-05
9.95	1.2246891856193542e-05
9.96	1.2122094631195068e-05
9.97	1.2004747986793518e-05
9.98	1.188088208436966e-05
9.99	1.173466444015503e-05
10.0	1.1599622666835785e-05
10.01	1.1499971151351929e-05
10.02	1.1375173926353455e-05
10.03	1.1241994798183441e-05
10.04	1.1109746992588043e-05
10.05	1.0999850928783417e-05
10.06	1.0893680155277252e-05
10.07	1.0767951607704163e-05
10.08	1.0648742318153381e-05
10.09	1.0532326996326447e-05
10.1	1.043267548084259e-05
10.11	1.0304152965545654e-05
10.12	1.0175630450248718e-05
10.13	1.0086223483085632e-05
10.14	9.982846677303314e-06
10.15	9.851530194282532e-06
10.16	9.746290743350983e-06
10.17	9.656883776187897e-06
10.18	9.562820196151733e-06
10.19	9.440816938877106e-06
10.2	9.346753358840942e-06
10.21	9.252689778804779e-06
10.22	9.153038263320923e-06
10.23	9.064562618732452e-06
10.24	8.958391845226288e-06
10.25	8.870847523212433e-06
10.26	8.760020136833191e-06
10.27	8.665025234222412e-06
10.28	8.57468694448471e-06
10.29	8.488073945045471e-06
10.3	8.38935375213623e-06
10.31	8.285976946353912e-06
10.32	8.189119398593903e-06
10.33	8.108094334602356e-06
10.34	8.017756044864655e-06
10.35	7.937662303447723e-06
10.36	7.8519806265831e-06
10.37	7.768161594867706e-06
10.38	7.674098014831543e-06
10.39	7.592141628265381e-06
10.4	7.52229243516922e-06
10.41	7.429160177707672e-06
10.42	7.3462724685668945e-06
10.43	7.251277565956116e-06
10.44	7.1767717599868774e-06
10.45	7.095746695995331e-06
10.46	7.010996341705322e-06
10.47	6.930902600288391e-06
10.48	6.85080885887146e-06
10.49	6.7818909883499146e-06
10.5	6.689690053462982e-06
10.51	6.60773366689682e-06
10.52	6.5444037318229675e-06
10.53	6.47176057100296e-06
10.54	6.3907355070114136e-06
10.55	6.318092346191406e-06
10.56	6.261281669139862e-06
10.57	6.206333637237549e-06
10.58	6.1122700572013855e-06
10.59	6.050802767276764e-06
10.6	5.976296961307526e-06
10.61	5.9194862842559814e-06
10.62	5.841255187988281e-06
10.63	5.769543349742889e-06
10.64	5.710870027542114e-06
10.65	5.638226866722107e-06
10.66	5.570240318775177e-06
10.67	5.502253770828247e-06
10.68	5.4426491260528564e-06
10.69	5.380250513553619e-06
10.7	5.301088094711304e-06
10.71	5.241483449935913e-06
10.72	5.194917321205139e-06
10.73	5.1390379667282104e-06
10.74	5.084089934825897e-06
10.75	5.01144677400589e-06
10.76	4.9639493227005005e-06
10.77	4.8959627747535706e-06
10.78	4.848465323448181e-06
10.79	4.796311259269714e-06
10.8	4.740431904792786e-06
10.81	4.678964614868164e-06
10.82	4.610046744346619e-06
10.83	4.558824002742767e-06
10.84	4.512257874011993e-06
10.85	4.456378519535065e-06
10.86	4.400499165058136e-06
10.87	4.342757165431976e-06
10.88	4.2943283915519714e-06
10.89	4.2458996176719666e-06
10.9	4.1937455534935e-06
10.91	4.152767360210419e-06
10.92	4.100613296031952e-06
10.93	4.0531158447265625e-06
10.94	4.005618393421173e-06
10.95	3.964640200138092e-06
10.96	3.918074071407318e-06
10.97	3.873370587825775e-06
10.98	3.8156285881996155e-06
10.99	3.768131136894226e-06
11.0	3.725290298461914e-06
11.01	3.6777928471565247e-06
11.02	3.621913492679596e-06
11.03	3.5855919122695923e-06
11.04	3.5436823964118958e-06
11.05	3.49339097738266e-06
11.06	3.4514814615249634e-06
11.07	3.417953848838806e-06
11.08	3.3816322684288025e-06
11.09	3.3332034945487976e-06
11.1	3.298744559288025e-06
11.11	3.264285624027252e-06
11.12	3.2316893339157104e-06
11.13	3.1888484954833984e-06
11.14	3.150664269924164e-06
11.15	3.1115487217903137e-06
11.16	3.0761584639549255e-06
11.17	3.0389055609703064e-06
11.18	3.0035153031349182e-06
11.19	2.9597431421279907e-06
11.2	2.9224902391433716e-06
11.21	2.876855432987213e-06
11.22	2.8498470783233643e-06
11.23	2.825632691383362e-06
11.24	2.7902424335479736e-06
11.25	2.744607627391815e-06
11.26	2.7064234018325806e-06
11.27	2.6831403374671936e-06
11.28	2.652406692504883e-06
11.29	2.6170164346694946e-06
11.3	2.5834888219833374e-06
11.31	2.5583431124687195e-06
11.32	2.522021532058716e-06
11.33	2.4847686290740967e-06
11.34	2.457760274410248e-06
11.35	2.430751919746399e-06
11.36	2.3944303393363953e-06
11.37	2.3525208234786987e-06
11.38	2.3227185010910034e-06
11.39	2.2994354367256165e-06
11.4	2.2724270820617676e-06
11.41	2.234242856502533e-06
11.42	2.2063031792640686e-06
11.43	2.1792948246002197e-06
11.44	2.1560117602348328e-06
11.45	2.12155282497406e-06
11.46	2.0973384380340576e-06
11.47	2.0759180188179016e-06
11.48	2.0470470190048218e-06
11.49	2.01445072889328e-06
11.5	1.9920989871025085e-06
11.51	1.971609890460968e-06
11.52	1.948326826095581e-06
11.53	1.9185245037078857e-06
11.54	1.8915161490440369e-06
11.55	1.8700957298278809e-06
11.56	1.843087375164032e-06
11.57	1.817941665649414e-06
11.58	1.7900019884109497e-06
11.59	1.7667189240455627e-06
11.6	1.7397105693817139e-06
11.61	1.7210841178894043e-06
11.62	1.7005950212478638e-06
11.63	1.6810372471809387e-06
11.64	1.6540288925170898e-06
11.65	1.6316771507263184e-06
11.66	1.6121193766593933e-06
11.67	1.5972182154655457e-06
11.68	1.5692785382270813e-06
11.69	1.5487894415855408e-06
11.7	1.5301629900932312e-06
11.71	1.5050172805786133e-06
11.72	1.4863908290863037e-06
11.73	1.4677643775939941e-06
11.74	1.451931893825531e-06
11.75	1.4277175068855286e-06
11.76	1.4016404747962952e-06
11.77	1.3867393136024475e-06
11.78	1.3746321201324463e-06
11.79	1.3569369912147522e-06
11.8	1.3308599591255188e-06
11.81	1.317821443080902e-06
11.82	1.3057142496109009e-06
11.83	1.2889504432678223e-06
11.84	1.2684613466262817e-06
11.85	1.2507662177085876e-06
11.86	1.237727701663971e-06
11.87	1.2191012501716614e-06
11.88	1.1976808309555054e-06
11.89	1.1865049600601196e-06
11.9	1.169741153717041e-06
11.91	1.1557713150978088e-06
11.92	1.1371448636054993e-06
11.93	1.1203810572624207e-06
11.94	1.1110678315162659e-06
11.95	1.0952353477478027e-06
11.96	1.0775402188301086e-06
11.97	1.062639057636261e-06
11.98	1.0486692190170288e-06
11.99	1.0356307029724121e-06
12.0	1.0188668966293335e-06
12.01	1.0104849934577942e-06
12.02	9.927898645401e-07
12.03	9.806826710700989e-07
12.04	9.648501873016357e-07
12.05	9.508803486824036e-07
12.06	9.397044777870178e-07
12.07	9.248033165931702e-07
12.08	9.099021553993225e-07
12.09	8.968636393547058e-07
12.1	8.847564458847046e-07
12.11	8.791685104370117e-07
12.12	8.642673492431641e-07
12.13	8.549541234970093e-07
12.14	8.409842848777771e-07
12.15	8.279457688331604e-07
12.16	8.167698979377747e-07
12.17	8.074566721916199e-07
12.18	7.990747690200806e-07
12.19	7.7858567237854e-07
12.2	7.674098014831543e-07
12.21	7.599592208862305e-07
12.22	7.515773177146912e-07
12.23	7.37607479095459e-07
12.24	7.282942533493042e-07
12.25	7.189810276031494e-07
12.26	7.068738341331482e-07
12.27	6.94766640663147e-07
12.28	6.882473826408386e-07
12.29	6.807968020439148e-07
12.3	6.73346221446991e-07
12.31	6.575137376785278e-07
12.32	6.48200511932373e-07
12.33	6.454065442085266e-07
12.34	6.370246410369873e-07
12.35	6.277114152908325e-07
12.36	6.128102540969849e-07
12.37	6.081536412239075e-07
12.38	5.960464477539062e-07
12.39	5.876645445823669e-07
12.4	5.792826414108276e-07
12.41	5.709007382392883e-07
12.42	5.597248673439026e-07
12.43	5.466863512992859e-07
12.44	5.383044481277466e-07
12.45	5.327165126800537e-07
12.46	5.261972546577454e-07
12.47	5.168840289115906e-07
12.48	5.075708031654358e-07
12.49	5.038455128669739e-07
12.5	5.029141902923584e-07
12.51	4.898756742477417e-07
12.52	4.861503839492798e-07
12.53	4.777684807777405e-07
12.54	4.7124922275543213e-07
12.55	4.5821070671081543e-07
12.56	4.5355409383773804e-07
12.57	4.4796615839004517e-07
12.58	4.386529326438904e-07
12.59	4.2747706174850464e-07
12.6	4.2188912630081177e-07
12.61	4.1816383600234985e-07
12.62	4.1350722312927246e-07
12.63	4.023313522338867e-07
12.64	3.986060619354248e-07
12.65	3.9208680391311646e-07
12.66	3.8929283618927e-07
12.67	3.855675458908081e-07
12.68	3.771856427192688e-07
12.69	3.734603524208069e-07
12.7	3.6694109439849854e-07
12.71	3.6135315895080566e-07
12.72	3.5855919122695923e-07
12.73	3.5390257835388184e-07
12.74	3.473833203315735e-07
12.75	3.390014171600342e-07
12.76	3.371387720108032e-07
12.77	3.3155083656311035e-07
12.78	3.241002559661865e-07
12.79	3.203749656677246e-07
12.8	3.1478703022003174e-07
12.81	3.0919909477233887e-07
12.82	3.0174851417541504e-07
12.83	2.998858690261841e-07
12.84	2.9709190130233765e-07
12.85	2.905726432800293e-07
12.86	2.849847078323364e-07
12.87	2.8032809495925903e-07
12.88	2.784654498100281e-07
12.89	2.7567148208618164e-07
12.9	2.691522240638733e-07
12.91	2.654269337654114e-07
12.92	2.6263296604156494e-07
12.93	2.5797635316848755e-07
12.94	2.514570951461792e-07
12.95	2.477318048477173e-07
12.96	2.4400651454925537e-07
12.97	2.3655593395233154e-07
12.98	2.337619662284851e-07
12.99	2.300366759300232e-07
13.0	2.2724270820617676e-07
13.01	2.2165477275848389e-07
13.02	2.1513551473617554e-07
13.03	2.1327286958694458e-07
13.04	2.0954757928848267e-07
13.05	2.0954757928848267e-07
13.06	2.0302832126617432e-07
13.07	2.0209699869155884e-07
13.08	1.993030309677124e-07
13.09	1.94646418094635e-07
13.1	1.909211277961731e-07
13.11	1.8998980522155762e-07
13.12	1.862645149230957e-07
13.13	1.816079020500183e-07
13.14	1.7508864402770996e-07
13.15	1.7508864402770996e-07
13.16	1.7415732145309448e-07
13.17	1.695007085800171e-07
13.18	1.6577541828155518e-07
13.19	1.6391277313232422e-07
13.2	1.6298145055770874e-07
13.21	1.6111880540847778e-07
13.22	1.601874828338623e-07
13.23	1.5739351511001587e-07
13.24	1.564621925354004e-07
13.25	1.5366822481155396e-07
13.26	1.4901161193847656e-07
13.27	1.4808028936386108e-07
13.28	1.4808028936386108e-07
13.29	1.434236764907837e-07
13.3	1.4062970876693726e-07
13.31	1.3783574104309082e-07
13.32	1.341104507446289e-07
13.33	1.3224780559539795e-07
13.34	1.30385160446167e-07
13.35	1.2852251529693604e-07
13.36	1.257285475730896e-07
13.37	1.2386590242385864e-07
13.38	1.210719347000122e-07
13.39	1.2014061212539673e-07
13.4	1.1827796697616577e-07
13.41	1.1734664440155029e-07
13.42	1.1362135410308838e-07
13.43	1.1175870895385742e-07
13.44	1.1082738637924194e-07
13.45	1.0896474123001099e-07
13.46	1.0710209608078003e-07
13.47	1.0523945093154907e-07
13.48	1.0151416063308716e-07
13.49	9.96515154838562e-08
13.5	9.96515154838562e-08
13.51	9.592622518539429e-08
13.52	9.12696123123169e-08
13.53	8.940696716308594e-08
13.54	8.847564458847046e-08
13.55	8.847564458847046e-08
13.56	8.66129994392395e-08
13.57	8.568167686462402e-08
13.58	8.381903171539307e-08
13.59	8.288770914077759e-08
13.6	8.195638656616211e-08
13.61	7.916241884231567e-08
13.62	7.729977369308472e-08
13.63	7.729977369308472e-08
13.64	7.543712854385376e-08
13.65	7.264316082000732e-08
13.66	7.264316082000732e-08
13.67	7.264316082000732e-08
13.68	6.984919309616089e-08
13.69	6.612390279769897e-08
13.7	6.51925802230835e-08
13.71	6.426125764846802e-08
13.72	6.426125764846802e-08
13.73	6.146728992462158e-08
13.74	6.05359673500061e-08
13.75	5.960464477539063e-08
13.76	5.774199962615967e-08
13.77	5.681067705154419e-08
13.78	5.587935447692871e-08
13.79	5.587935447692871e-08
13.8	5.494803190231323e-08
13.81	5.4016709327697754e-08
13.82	5.3085386753082275e-08
13.83	5.21540641784668e-08
13.84	5.029141902923584e-08
13.85	5.029141902923584e-08
13.86	4.936009645462036e-08
13.87	4.7497451305389404e-08
13.88	4.6566128730773926e-08
13.89	4.563480615615845e-08
13.9	4.470348358154297e-08
13.91	4.377216100692749e-08
13.92	4.284083843231201e-08
13.93	4.0978193283081055e-08
13.94	4.0978193283081055e-08
13.95	4.0046870708465576e-08
13.96	3.91155481338501e-08
13.97	3.725290298461914e-08
13.98	3.725290298461914e-08
13.99	3.632158041000366e-08
14.0	3.5390257835388184e-08
14.01	3.3527612686157227e-08
14.02	3.3527612686157227e-08
14.03	3.166496753692627e-08
14.04	3.166496753692627e-08
14.05	3.166496753692627e-08
14.06	3.166496753692627e-08
14.07	2.9802322387695312e-08
14.08	2.9802322387695312e-08
14.09	2.9802322387695312e-08
14.1	2.9802322387695312e-08
14.11	2.9802322387695312e-08
14.12	2.7939677238464355e-08
14.13	2.7008354663848877e-08
14.14	2.7008354663848877e-08
14.15	2.7008354663848877e-08
14.16	2.60770320892334e-08
14.17	2.514570951461792e-08
14.18	2.514570951461792e-08
14.19	2.421438694000244e-08
14.2	2.3283064365386963e-08
14.21	2.3283064365386963e-08
14.22	2.3283064365386963e-08
14.23	2.3283064365386963e-08
14.24	2.2351741790771484e-08
14.25	2.2351741790771484e-08
14.26	2.2351741790771484e-08
14.27	2.2351741790771484e-08
14.28	2.2351741790771484e-08
14.29	2.1420419216156006e-08
14.3	2.1420419216156006e-08
14.31	2.0489096641540527e-08
14.32	1.955777406692505e-08
14.33	1.955777406692505e-08
14.34	1.862645149230957e-08
14.35	1.7695128917694092e-08
14.36	1.7695128917694092e-08
14.37	1.6763806343078613e-08
14.38	1.6763806343078613e-08
14.39	1.5832483768463135e-08
14.4	1.5832483768463135e-08
14.41	1.5832483768463135e-08
14.42	1.4901161193847656e-08
14.43	1.4901161193847656e-08
14.44	1.4901161193847656e-08
14.45	1.4901161193847656e-08
14.46	1.30385160446167e-08
14.47	1.30385160446167e-08
14.48	1.210719347000122e-08
14.49	1.210719347000122e-08
14.5	1.210719347000122e-08
14.51	1.1175870895385742e-08
14.52	1.0244548320770264e-08
14.53	1.0244548320770264e-08
14.54	1.0244548320770264e-08
14.55	1.0244548320770264e-08
14.56	9.313225746154785e-09
14.57	9.313225746154785e-09
14.58	8.381903171539307e-09
14.59	7.450580596923828e-09
14.6	7.450580596923828e-09
14.61	7.450580596923828e-09
14.62	6.51925802230835e-09
14.63	6.51925802230835e-09
14.64	6.51925802230835e-09
14.65	6.51925802230835e-09
14.66	6.51925802230835e-09
14.67	6.51925802230835e-09
14.68	6.51925802230835e-09
14.69	6.51925802230835e-09
14.7	5.587935447692871e-09
14.71	5.587935447692871e-09
14.72	5.587935447692871e-09
14.73	5.587935447692871e-09
14.74	5.587935447692871e-09
14.75	4.6566128730773926e-09
14.76	4.6566128730773926e-09
14.77	4.6566128730773926e-09
14.78	4.6566128730773926e-09
14.79	4.6566128730773926e-09
14.8	4.6566128730773926e-09
14.81	4.6566128730773926e-09
14.82	4.6566128730773926e-09
14.83	4.6566128730773926e-09
14.84	4.6566128730773926e-09
14.85	4.6566128730773926e-09
14.86	4.6566128730773926e-09
14.87	3.725290298461914e-09
14.88	3.725290298461914e-09
14.89	3.725290298461914e-09
14.9	2.7939677238464355e-09
14.91	2.7939677238464355e-09
14.92	2.7939677238464355e-09
14.93	2.7939677238464355e-09
14.94	2.7939677238464355e-09
14.95	2.7939677238464355e-09
14.96	2.7939677238464355e-09
14.97	2.7939677238464355e-09
14.98	2.7939677238464355e-09
14.99	2.7939677238464355e-09
15.0	2.7939677238464355e-09
15.01	2.7939677238464355e-09
15.02	2.7939677238464355e-09
15.03	2.7939677238464355e-09
15.04	2.7939677238464355e-09
15.05	2.7939677238464355e-09
15.06	2.7939677238464355e-09
15.07	1.862645149230957e-09
15.08	1.862645149230957e-09
15.09	1.862645149230957e-09
15.1	1.862645149230957e-09
15.11	1.862645149230957e-09
15.12	1.862645149230957e-09
15.13	1.862645149230957e-09
15.14	1.862645149230957e-09
15.15	1.862645149230957e-09
15.16	1.862645149230957e-09
15.17	1.862645149230957e-09
15.18	1.862645149230957e-09
15.19	1.862645149230957e-09
15.2	1.862645149230957e-09
15.21	1.862645149230957e-09
15.22	1.862645149230957e-09
15.23	1.862645149230957e-09
15.24	1.862645149230957e-09
15.25	1.862645149230957e-09
15.26	1.862645149230957e-09
15.27	1.862645149230957e-09
15.28	1.862645149230957e-09
15.29	9.313225746154785e-10
15.3	9.313225746154785e-10
15.31	9.313225746154785e-10
15.32	9.313225746154785e-10
15.33	9.313225746154785e-10
15.34	9.313225746154785e-10
15.35	9.313225746154785e-10
15.36	9.313225746154785e-10
15.37	9.313225746154785e-10
15.38	9.313225746154785e-10
15.39	9.313225746154785e-10
15.4	9.313225746154785e-10
15.41	9.313225746154785e-10
15.42	9.313225746154785e-10
15.43	9.313225746154785e-10
15.44	9.313225746154785e-10
15.45	0.0
