5.85	0.0005015283823013306
5.86	0.0004953742027282715
5.87	0.0004898309707641602
5.88	0.0004843175411224365
5.89	0.000478595495223999
5.9	0.00047284364700317383
5.91	0.0004673302173614502
5.92	0.000461578369140625
5.93	0.00045593082904815674
5.94	0.0004502832889556885
5.95	0.0004448890686035156
5.96	0.0004398822784423828
5.97	0.0004348158836364746
5.98	0.00042967498302459717
5.99	0.00042478740215301514
6.0	0.0004199594259262085
6.01	0.00041484832763671875
6.02	0.00040972232818603516
6.03	0.00040499866008758545
6.04	0.00040018558502197266
6.05	0.00039552152156829834
6.06	0.00039051473140716553
6.07	0.00038555264472961426
6.08	0.00038079917430877686
6.09	0.00037604570388793945
6.1	0.0003713667392730713
6.11	0.00036694109439849854
6.12	0.00036275386810302734
6.13	0.00035840272903442383
6.14	0.0003544241189956665
6.15	0.00035002827644348145
6.16	0.0003456026315689087
6.17	0.0003415346145629883
6.18	0.0003371983766555786
6.19	0.000333249568939209
6.2	0.00032930076122283936
6.21	0.00032514333724975586
6.22	0.0003210902214050293
6.23	0.00031735002994537354
6.24	0.00031363964080810547
6.25	0.00030982494354248047
6.26	0.0003058910369873047
6.27	0.0003019571304321289
6.28	0.00029821693897247314
6.29	0.0002945512533187866
6.3	0.00029130280017852783
6.31	0.0002876967191696167
6.32	0.0002842545509338379
6.33	0.00028079748153686523
6.34	0.00027729570865631104
6.35	0.0002735555171966553
6.36	0.0002703368663787842
6.37	0.00026684999465942383
6.38	0.00026322901248931885
6.39	0.00025995075702667236
6.4	0.0002566725015640259
6.41	0.0002533942461013794
6.42	0.0002501755952835083
6.43	0.00024700164794921875
6.44	0.00024381279945373535
6.45	0.00024108588695526123
6.46	0.0002380460500717163
6.47	0.0002349764108657837
6.48	0.00023202598094940186
6.49	0.00022904574871063232
6.5	0.00022599101066589355
6.51	0.00022308528423309326
6.52	0.0002200305461883545
6.53	0.00021700561046600342
6.54	0.00021414458751678467
6.55	0.00021101534366607666
6.56	0.00020828843116760254
6.57	0.00020578503608703613
6.58	0.0002034008502960205
6.59	0.00020112097263336182
6.6	0.00019863247871398926
6.61	0.0001957714557647705
6.62	0.00019322335720062256
6.63	0.00019077956676483154
6.64	0.00018838047981262207
6.65	0.00018587708473205566
6.66	0.00018346309661865234
6.67	0.00018109381198883057
6.68	0.0001787245273590088
6.69	0.00017634034156799316
6.7	0.0001741647720336914
6.71	0.0001719146966934204
6.72	0.00016960501670837402
6.73	0.00016731023788452148
6.74	0.00016498565673828125
6.75	0.0001628100872039795
6.76	0.0001605004072189331
6.77	0.00015863776206970215
6.78	0.00015659630298614502
6.79	0.0001545548439025879
6.8	0.00015236437320709229
6.81	0.00015048682689666748
6.82	0.00014832615852355957
6.83	0.0001462697982788086
6.84	0.00014421343803405762
6.85	0.00014229118824005127
6.86	0.00014027953147888184
6.87	0.0001382678747177124
6.88	0.0001363307237625122
6.89	0.00013433396816253662
6.9	0.0001326054334640503
6.91	0.00013113021850585938
6.92	0.00012937188148498535
6.93	0.00012771785259246826
6.94	0.00012604892253875732
6.95	0.00012412667274475098
6.96	0.00012220442295074463
6.97	0.00012035667896270752
6.98	0.00011880695819854736
6.99	0.00011724233627319336
7.0	0.00011567771434783936
7.01	0.00011391937732696533
7.02	0.00011239945888519287
7.03	0.00011098384857177734
7.04	0.00010950863361358643
7.05	0.00010822713375091553
7.06	0.00010666251182556152
7.07	0.00010517239570617676
7.08	0.00010377168655395508
7.09	0.00010235607624053955
7.1	0.00010076165199279785
7.11	9.948015213012695e-05
7.12	9.801983833312988e-05
7.13	9.647011756896973e-05
7.14	9.496510028839111e-05
7.15	9.368360042572021e-05
7.16	9.225308895111084e-05
7.17	9.107589721679688e-05
7.18	8.979439735412598e-05
7.19	8.852779865264893e-05
7.2	8.723139762878418e-05
7.21	8.596479892730713e-05
7.22	8.469820022583008e-05
7.23	8.353590965270996e-05
7.24	8.231401443481445e-05
7.25	8.115172386169434e-05
7.26	8.001923561096191e-05
7.27	7.887184619903564e-05
7.28	7.764995098114014e-05
7.29	7.63237476348877e-05
7.3	7.529556751251221e-05
7.31	7.419288158416748e-05
7.32	7.306039333343506e-05
7.33	7.204711437225342e-05
7.34	7.103383541107178e-05
7.35	6.996095180511475e-05
7.36	6.891787052154541e-05
7.37	6.794929504394531e-05
7.38	6.70701265335083e-05
7.39	6.623566150665283e-05
7.4	6.522238254547119e-05
7.41	6.42240047454834e-05
7.42	6.318092346191406e-05
7.43	6.219744682312012e-05
7.44	6.13182783126831e-05
7.45	6.0498714447021484e-05
7.46	5.950033664703369e-05
7.47	5.863606929779053e-05
7.48	5.786120891571045e-05
7.49	5.69075345993042e-05
7.5	5.6117773056030273e-05
7.51	5.5417418479919434e-05
7.52	5.462765693664551e-05
7.53	5.370378494262695e-05
7.54	5.2988529205322266e-05
7.55	5.201995372772217e-05
7.56	5.125999450683594e-05
7.57	5.047023296356201e-05
7.58	4.9695372581481934e-05
7.59	4.889070987701416e-05
7.6	4.793703556060791e-05
7.61	4.716217517852783e-05
7.62	4.6446919441223145e-05
7.63	4.5686960220336914e-05
7.64	4.500150680541992e-05
7.65	4.439055919647217e-05
7.66	4.3764710426330566e-05
7.67	4.312396049499512e-05
7.68	4.239380359649658e-05
7.69	4.172325134277344e-05
7.7	4.1097402572631836e-05
7.71	4.044175148010254e-05
7.72	3.993511199951172e-05
7.73	3.9204955101013184e-05
7.74	3.851950168609619e-05
7.75	3.787875175476074e-05
7.76	3.7163496017456055e-05
7.77	3.650784492492676e-05
7.78	3.6016106605529785e-05
7.79	3.5628676414489746e-05
7.8	3.510713577270508e-05
7.81	3.4615397453308105e-05
7.82	3.40193510055542e-05
7.83	3.3468008041381836e-05
7.84	3.2901763916015625e-05
7.85	3.236532211303711e-05
7.86	3.191828727722168e-05
7.87	3.1441450119018555e-05
7.88	3.089010715484619e-05
7.89	3.0413269996643066e-05
7.9	2.9921531677246094e-05
7.91	2.9459595680236816e-05
7.92	2.899765968322754e-05
7.93	2.841651439666748e-05
7.94	2.7954578399658203e-05
7.95	2.7447938919067383e-05
7.96	2.7060508728027344e-05
7.97	2.6613473892211914e-05
7.98	2.6240944862365723e-05
7.99	2.5823712348937988e-05
8.0	2.5406479835510254e-05
8.01	2.4884939193725586e-05
8.02	2.4512410163879395e-05
8.03	2.4065375328063965e-05
8.04	2.3603439331054688e-05
8.05	2.32011079788208e-05
8.06	2.2783875465393066e-05
8.07	2.2366642951965332e-05
8.08	2.1979212760925293e-05
8.09	2.16066837310791e-05
8.1	2.1219253540039062e-05
8.11	2.0906329154968262e-05
8.12	2.072751522064209e-05
8.13	2.0369887351989746e-05
8.14	2.0071864128112793e-05
8.15	1.9729137420654297e-05
8.16	1.932680606842041e-05
8.17	1.8984079360961914e-05
8.18	1.8611550331115723e-05
8.19	1.8283724784851074e-05
8.2	1.7955899238586426e-05
8.21	1.7598271369934082e-05
8.22	1.7255544662475586e-05
8.23	1.6942620277404785e-05
8.24	1.6644597053527832e-05
8.25	1.6435980796813965e-05
8.26	1.6257166862487793e-05
8.27	1.5974044799804688e-05
8.28	1.5676021575927734e-05
8.29	1.5407800674438477e-05
8.3	1.5124678611755371e-05
8.31	1.4916062355041504e-05
8.32	1.4677643775939941e-05
8.33	1.436471939086914e-05
8.34	1.4096498489379883e-05
8.35	1.3828277587890625e-05
8.36	1.360476016998291e-05
8.37	1.3321638107299805e-05
8.38	1.3083219528198242e-05
8.39	1.2829899787902832e-05
8.4	1.2561678886413574e-05
8.41	1.2308359146118164e-05
8.42	1.214444637298584e-05
8.43	1.1935830116271973e-05
8.44	1.169741153717041e-05
8.45	1.1533498764038086e-05
8.46	1.1339783668518066e-05
8.47	1.1146068572998047e-05
8.48	1.093745231628418e-05
8.49	1.0713934898376465e-05
8.5	1.0475516319274902e-05
8.51	1.029670238494873e-05
8.52	1.0117888450622559e-05
8.53	9.909272193908691e-06
8.54	9.685754776000977e-06
8.55	9.492039680480957e-06
8.56	9.313225746154785e-06
8.57	9.164214134216309e-06
8.58	9.045004844665527e-06
8.59	8.940696716308594e-06
8.6	8.83638858795166e-06
8.61	8.64267349243164e-06
8.62	8.448958396911621e-06
8.63	8.180737495422363e-06
8.64	7.957220077514648e-06
8.65	7.808208465576172e-06
8.66	7.703900337219238e-06
8.67	7.569789886474609e-06
8.68	7.4356794357299805e-06
8.69	7.256865501403809e-06
8.7	7.167458534240723e-06
8.71	7.018446922302246e-06
8.72	6.9141387939453125e-06
8.73	6.8247318267822266e-06
8.74	6.720423698425293e-06
8.75	6.601214408874512e-06
8.76	6.452202796936035e-06
8.77	6.332993507385254e-06
8.78	6.213784217834473e-06
8.79	6.064772605895996e-06
8.8	5.885958671569824e-06
8.81	5.781650543212891e-06
8.82	5.632638931274414e-06
8.83	5.558133125305176e-06
8.84	5.4389238357543945e-06
8.85	5.245208740234375e-06
8.86	5.185604095458984e-06
8.87	5.081295967102051e-06
8.88	4.976987838745117e-06
8.89	4.857778549194336e-06
8.9	4.813075065612793e-06
8.91	4.738569259643555e-06
8.92	4.649162292480469e-06
8.93	4.5746564865112305e-06
8.94	4.455447196960449e-06
8.95	4.351139068603516e-06
8.96	4.202127456665039e-06
8.97	4.0978193283081055e-06
8.98	4.0084123611450195e-06
8.99	3.933906555175781e-06
9.0	3.889203071594238e-06
9.01	3.814697265625e-06
9.02	3.6954879760742188e-06
9.03	3.591179847717285e-06
9.04	3.546476364135742e-06
9.05	3.4570693969726562e-06
9.06	3.4123659133911133e-06
9.07	3.3676624298095703e-06
9.08	3.293156623840332e-06
9.09	3.2335519790649414e-06
9.1	3.159046173095703e-06
9.11	3.0994415283203125e-06
9.12	3.039836883544922e-06
9.13	2.9802322387695312e-06
9.14	2.9206275939941406e-06
9.15	2.86102294921875e-06
9.16	2.7865171432495117e-06
9.17	2.7120113372802734e-06
9.18	2.6673078536987305e-06
9.19	2.6226043701171875e-06
9.2	2.592802047729492e-06
9.21	2.562999725341797e-06
9.22	2.4884939193725586e-06
9.23	2.4437904357910156e-06
9.24	2.3692846298217773e-06
9.25	2.2649765014648438e-06
9.26	2.2202730178833008e-06
9.27	2.16066837310791e-06
9.28	2.086162567138672e-06
9.29	2.041459083557129e-06
9.3	1.9818544387817383e-06
9.31	1.952052116394043e-06
9.32	1.9222497940063477e-06
9.33	1.8775463104248047e-06
9.34	1.8328428268432617e-06
9.35	1.8030405044555664e-06
9.36	1.773238182067871e-06
9.37	1.7136335372924805e-06
9.38	1.6838312149047852e-06
9.39	1.6540288925170898e-06
9.4	1.6391277313232422e-06
9.41	1.5795230865478516e-06
9.42	1.4901161193847656e-06
9.43	1.4156103134155273e-06
9.44	1.3709068298339844e-06
9.45	1.3560056686401367e-06
9.46	1.341104507446289e-06
9.47	1.3262033462524414e-06
9.48	1.2814998626708984e-06
9.49	1.2665987014770508e-06
9.5	1.2069940567016602e-06
9.51	1.1920928955078125e-06
9.52	1.1622905731201172e-06
9.53	1.1622905731201172e-06
9.54	1.1622905731201172e-06
9.55	1.1473894119262695e-06
9.56	1.1175870895385742e-06
9.57	1.0728836059570312e-06
9.58	1.043081283569336e-06
9.59	1.0132789611816406e-06
9.6	9.834766387939453e-07
9.61	9.685754776000977e-07
9.62	9.238719940185547e-07
9.63	9.08970832824707e-07
9.64	8.791685104370117e-07
9.65	8.791685104370117e-07
9.66	8.344650268554688e-07
9.67	8.344650268554688e-07
9.68	8.046627044677734e-07
9.69	8.046627044677734e-07
9.7	7.748603820800781e-07
9.71	7.450580596923828e-07
9.72	7.301568984985352e-07
9.73	6.854534149169922e-07
9.74	6.556510925292969e-07
9.75	6.258487701416016e-07
9.76	6.258487701416016e-07
9.77	6.109476089477539e-07
9.78	6.109476089477539e-07
9.79	6.109476089477539e-07
9.8	5.960464477539062e-07
9.81	5.960464477539062e-07
9.82	5.811452865600586e-07
9.83	5.513429641723633e-07
9.84	5.21540641784668e-07
9.85	5.066394805908203e-07
9.86	4.917383193969727e-07
9.87	4.76837158203125e-07
9.88	4.6193599700927734e-07
9.89	4.470348358154297e-07
9.9	4.3213367462158203e-07
9.91	4.172325134277344e-07
9.92	4.172325134277344e-07
9.93	4.172325134277344e-07
9.94	4.023313522338867e-07
9.95	4.023313522338867e-07
9.96	3.725290298461914e-07
9.97	3.5762786865234375e-07
9.98	3.5762786865234375e-07
9.99	3.5762786865234375e-07
10.0	3.427267074584961e-07
10.01	3.427267074584961e-07
10.02	3.2782554626464844e-07
10.03	2.980232238769531e-07
10.04	2.8312206268310547e-07
10.05	2.682209014892578e-07
10.06	2.5331974029541016e-07
10.07	2.384185791015625e-07
10.08	2.384185791015625e-07
10.09	2.384185791015625e-07
10.1	2.384185791015625e-07
10.11	2.086162567138672e-07
10.12	2.086162567138672e-07
10.13	1.9371509552001953e-07
10.14	1.9371509552001953e-07
10.15	1.9371509552001953e-07
10.16	1.9371509552001953e-07
10.17	1.9371509552001953e-07
10.18	1.9371509552001953e-07
10.19	1.9371509552001953e-07
10.2	1.7881393432617188e-07
10.21	1.7881393432617188e-07
10.22	1.6391277313232422e-07
10.23	1.6391277313232422e-07
10.24	1.6391277313232422e-07
10.25	1.6391277313232422e-07
10.26	1.6391277313232422e-07
10.27	1.6391277313232422e-07
10.28	1.6391277313232422e-07
10.29	1.4901161193847656e-07
10.3	1.4901161193847656e-07
10.31	1.341104507446289e-07
10.32	1.341104507446289e-07
10.33	1.341104507446289e-07
10.34	1.341104507446289e-07
10.35	1.341104507446289e-07
10.36	1.1920928955078125e-07
10.37	1.043081283569336e-07
10.38	1.043081283569336e-07
10.39	1.043081283569336e-07
10.4	1.043081283569336e-07
10.41	1.043081283569336e-07
10.42	8.940696716308594e-08
10.43	8.940696716308594e-08
10.44	8.940696716308594e-08
10.45	7.450580596923828e-08
10.46	7.450580596923828e-08
10.47	5.960464477539063e-08
10.48	5.960464477539063e-08
10.49	5.960464477539063e-08
10.5	5.960464477539063e-08
10.51	4.470348358154297e-08
10.52	2.9802322387695312e-08
10.53	2.9802322387695312e-08
10.54	2.9802322387695312e-08
10.55	2.9802322387695312e-08
10.56	2.9802322387695312e-08
10.57	2.9802322387695312e-08
10.58	2.9802322387695312e-08
10.59	2.9802322387695312e-08
10.6	2.9802322387695312e-08
10.61	2.9802322387695312e-08
10.62	2.9802322387695312e-08
10.63	2.9802322387695312e-08
10.64	2.9802322387695312e-08
10.65	2.9802322387695312e-08
10.66	2.9802322387695312e-08
10.67	2.9802322387695312e-08
10.68	2.9802322387695312e-08
10.69	2.9802322387695312e-08
10.7	2.9802322387695312e-08
10.71	2.9802322387695312e-08
10.72	2.9802322387695312e-08
10.73	2.9802322387695312e-08
10.74	2.9802322387695312e-08
10.75	2.9802322387695312e-08
10.76	2.9802322387695312e-08
10.77	2.9802322387695312e-08
10.78	2.9802322387695312e-08
10.79	2.9802322387695312e-08
10.8	2.9802322387695312e-08
10.81	2.9802322387695312e-08
10.82	1.4901161193847656e-08
10.83	1.4901161193847656e-08
10.84	1.4901161193847656e-08
10.85	1.4901161193847656e-08
10.86	1.4901161193847656e-08
10.87	1.4901161193847656e-08
10.88	1.4901161193847656e-08
10.89	1.4901161193847656e-08
10.9	1.4901161193847656e-08
10.91	1.4901161193847656e-08
10.92	0.0
