5.99	0.0005033612251281738
6.0	0.0004991292953491211
6.01	0.0004953742027282715
6.02	0.0004904866218566895
6.03	0.00048595666885375977
6.04	0.00048089027404785156
6.05	0.0004769563674926758
6.06	0.00047266483306884766
6.07	0.00046819448471069336
6.08	0.00046432018280029297
6.09	0.0004602670669555664
6.1	0.00045627355575561523
6.11	0.0004526972770690918
6.12	0.0004488825798034668
6.13	0.00044542551040649414
6.14	0.00044149160385131836
6.15	0.0004375576972961426
6.16	0.00043332576751708984
6.17	0.0004290342330932617
6.18	0.00042569637298583984
6.19	0.0004214048385620117
6.2	0.00041729211807250977
6.21	0.00041365623474121094
6.22	0.00041031837463378906
6.23	0.0004068613052368164
6.24	0.00040334463119506836
6.25	0.0004000663757324219
6.26	0.00039690732955932617
6.27	0.00039392709732055664
6.28	0.0003897547721862793
6.29	0.0003859400749206543
6.3	0.00038182735443115234
6.31	0.00037854909896850586
6.32	0.0003744959831237793
6.33	0.00037091970443725586
6.34	0.00036722421646118164
6.35	0.00036400556564331055
6.36	0.0003604292869567871
6.37	0.0003579854965209961
6.38	0.0003552436828613281
6.39	0.0003521442413330078
6.4	0.0003496408462524414
6.41	0.00034612417221069336
6.42	0.0003426074981689453
6.43	0.00033909082412719727
6.44	0.0003363490104675293
6.45	0.00033205747604370117
6.46	0.00032889842987060547
6.47	0.0003256797790527344
6.48	0.0003229975700378418
6.49	0.0003196597099304199
6.5	0.0003171563148498535
6.51	0.0003141164779663086
6.52	0.00031179189682006836
6.53	0.0003095865249633789
6.54	0.0003058910369873047
6.55	0.0003026723861694336
6.56	0.00029981136322021484
6.57	0.0002968907356262207
6.58	0.0002931356430053711
6.59	0.00029015541076660156
6.6	0.00028717517852783203
6.61	0.00028455257415771484
6.62	0.00028139352798461914
6.63	0.0002792477607727051
6.64	0.0002766847610473633
6.65	0.00027441978454589844
6.66	0.000272214412689209
6.67	0.000269472599029541
6.68	0.00026661157608032227
6.69	0.00026410818099975586
6.7	0.0002613663673400879
6.71	0.00025773048400878906
6.72	0.0002549886703491211
6.73	0.00025260448455810547
6.74	0.0002498030662536621
6.75	0.0002472400665283203
6.76	0.00024443864822387695
6.77	0.00024259090423583984
6.78	0.00024050474166870117
6.79	0.00023829936981201172
6.8	0.00023567676544189453
6.81	0.0002333521842956543
6.82	0.00023156404495239258
6.83	0.00022876262664794922
6.84	0.00022554397583007812
6.85	0.00022333860397338867
6.86	0.00022077560424804688
6.87	0.00021827220916748047
6.88	0.00021582841873168945
6.89	0.00021398067474365234
6.9	0.00021201372146606445
6.91	0.000209808349609375
6.92	0.00020802021026611328
6.93	0.00020581483840942383
6.94	0.00020390748977661133
6.95	0.00020200014114379883
6.96	0.00019931793212890625
6.97	0.0001971125602722168
6.98	0.00019502639770507812
6.99	0.0001926422119140625
7.0	0.00019019842147827148
7.01	0.00018799304962158203
7.02	0.00018602609634399414
7.03	0.0001844167709350586
7.04	0.00018256902694702148
7.05	0.00018072128295898438
7.06	0.00017917156219482422
7.07	0.00017726421356201172
7.08	0.00017571449279785156
7.09	0.00017344951629638672
7.1	0.00017124414443969727
7.11	0.00016951560974121094
7.12	0.00016754865646362305
7.13	0.00016546249389648438
7.14	0.00016355514526367188
7.15	0.00016182661056518555
7.16	0.00016009807586669922
7.17	0.0001582503318786621
7.18	0.00015652179718017578
7.19	0.00015527009963989258
7.2	0.00015354156494140625
7.21	0.00015223026275634766
7.22	0.00015020370483398438
7.23	0.00014823675155639648
7.24	0.0001468062400817871
7.25	0.00014513731002807617
7.26	0.0001431107521057129
7.27	0.00014150142669677734
7.28	0.00013977289199829102
7.29	0.0001379847526550293
7.3	0.00013637542724609375
7.31	0.00013488531112670898
7.32	0.00013369321823120117
7.33	0.0001322627067565918
7.34	0.00013136863708496094
7.35	0.00012934207916259766
7.36	0.0001277923583984375
7.37	0.00012671947479248047
7.38	0.00012505054473876953
7.39	0.00012302398681640625
7.4	0.00012183189392089844
7.41	0.00012010335922241211
7.42	0.00011849403381347656
7.43	0.00011676549911499023
7.44	0.00011551380157470703
7.45	0.00011456012725830078
7.46	0.0001131296157836914
7.47	0.0001125335693359375
7.48	0.00011074542999267578
7.49	0.00010955333709716797
7.5	0.00010859966278076172
7.51	0.00010675191879272461
7.52	0.00010508298873901367
7.53	0.0001035928726196289
7.54	0.00010192394256591797
7.55	0.00010067224502563477
7.56	9.918212890625e-05
7.57	9.804964065551758e-05
7.58	9.715557098388672e-05
7.59	9.620189666748047e-05
7.6	9.5367431640625e-05
7.61	9.399652481079102e-05
7.62	9.310245513916016e-05
7.63	9.208917617797852e-05
7.64	9.059906005859375e-05
7.65	8.910894393920898e-05
7.66	8.785724639892578e-05
7.67	8.618831634521484e-05
7.68	8.469820022583008e-05
7.69	8.344650268554688e-05
7.7	8.285045623779297e-05
7.71	8.207559585571289e-05
7.72	8.118152618408203e-05
7.73	8.040666580200195e-05
7.74	7.939338684082031e-05
7.75	7.832050323486328e-05
7.76	7.76052474975586e-05
7.77	7.617473602294922e-05
7.78	7.49826431274414e-05
7.79	7.396936416625977e-05
7.8	7.241964340209961e-05
7.81	7.128715515136719e-05
7.82	7.015466690063477e-05
7.83	6.949901580810547e-05
7.84	6.872415542602539e-05
7.85	6.80685043334961e-05
7.86	6.74128532409668e-05
7.87	6.681680679321289e-05
7.88	6.586313247680664e-05
7.89	6.514787673950195e-05
7.9	6.383657455444336e-05
7.91	6.276369094848633e-05
7.92	6.222724914550781e-05
7.93	6.0677528381347656e-05
7.94	5.9664249420166016e-05
7.95	5.882978439331055e-05
7.96	5.811452865600586e-05
7.97	5.739927291870117e-05
7.98	5.6803226470947266e-05
7.99	5.614757537841797e-05
8.0	5.537271499633789e-05
8.01	5.4717063903808594e-05
8.02	5.429983139038086e-05
8.03	5.328655242919922e-05
8.04	5.257129669189453e-05
8.05	5.1975250244140625e-05
8.06	5.066394805908203e-05
8.07	4.9948692321777344e-05
8.08	4.8995018005371094e-05
8.09	4.8279762268066406e-05
8.1	4.744529724121094e-05
8.11	4.690885543823242e-05
8.12	4.6372413635253906e-05
8.13	4.601478576660156e-05
8.14	4.547834396362305e-05
8.15	4.500150680541992e-05
8.16	4.4286251068115234e-05
8.17	4.374980926513672e-05
8.18	4.3272972106933594e-05
8.19	4.214048385620117e-05
8.2	4.118680953979492e-05
8.21	4.0590763092041016e-05
8.22	3.999471664428711e-05
8.23	3.910064697265625e-05
8.24	3.8504600524902344e-05
8.25	3.808736801147461e-05
8.26	3.7789344787597656e-05
8.27	3.719329833984375e-05
8.28	3.701448440551758e-05
8.29	3.635883331298828e-05
8.3	3.5881996154785156e-05
8.31	3.540515899658203e-05
8.32	3.457069396972656e-05
8.33	3.3795833587646484e-05
8.34	3.314018249511719e-05
8.35	3.224611282348633e-05
8.36	3.141164779663086e-05
8.37	3.1054019927978516e-05
8.38	3.081560134887695e-05
8.39	3.045797348022461e-05
8.4	3.0219554901123047e-05
8.41	2.9921531677246094e-05
8.42	2.9385089874267578e-05
8.43	2.9146671295166016e-05
8.44	2.872943878173828e-05
8.45	2.8014183044433594e-05
8.46	2.7358531951904297e-05
8.47	2.6941299438476562e-05
8.48	2.6166439056396484e-05
8.49	2.5510787963867188e-05
8.5	2.4974346160888672e-05
8.51	2.4616718292236328e-05
8.52	2.4318695068359375e-05
8.53	2.4139881134033203e-05
8.54	2.384185791015625e-05
8.55	2.3424625396728516e-05
8.56	2.3066997528076172e-05
8.57	2.276897430419922e-05
8.58	2.2351741790771484e-05
8.59	2.181529998779297e-05
8.6	2.1338462829589844e-05
8.61	2.0682811737060547e-05
8.62	2.0205974578857422e-05
8.63	1.9729137420654297e-05
8.64	1.9490718841552734e-05
8.65	1.913309097290039e-05
8.66	1.8894672393798828e-05
8.67	1.8775463104248047e-05
8.68	1.8596649169921875e-05
8.69	1.8417835235595703e-05
8.7	1.817941665649414e-05
8.71	1.7762184143066406e-05
8.72	1.7344951629638672e-05
8.73	1.71661376953125e-05
8.74	1.6510486602783203e-05
8.75	1.5854835510253906e-05
8.76	1.5437602996826172e-05
8.77	1.52587890625e-05
8.78	1.4901161193847656e-05
8.79	1.4722347259521484e-05
8.8	1.4483928680419922e-05
8.81	1.436471939086914e-05
8.82	1.424551010131836e-05
8.83	1.424551010131836e-05
8.84	1.3887882232666016e-05
8.85	1.3589859008789062e-05
8.86	1.3470649719238281e-05
8.87	1.2874603271484375e-05
8.88	1.2516975402832031e-05
8.89	1.2278556823730469e-05
8.9	1.1980533599853516e-05
8.91	1.1563301086425781e-05
8.92	1.150369644165039e-05
8.93	1.1444091796875e-05
8.94	1.1324882507324219e-05
8.95	1.1205673217773438e-05
8.96	1.1146068572998047e-05
8.97	1.1026859283447266e-05
8.98	1.0788440704345703e-05
8.99	1.0609626770019531e-05
9.0	1.0013580322265625e-05
9.01	9.775161743164062e-06
9.02	9.5367431640625e-06
9.03	9.238719940185547e-06
9.04	8.940696716308594e-06
9.05	8.821487426757812e-06
9.06	8.64267349243164e-06
9.07	8.58306884765625e-06
9.08	8.52346420288086e-06
9.09	8.463859558105469e-06
9.1	8.344650268554688e-06
9.11	8.165836334228516e-06
9.12	8.046627044677734e-06
9.13	7.748603820800781e-06
9.14	7.569789886474609e-06
9.15	7.450580596923828e-06
9.16	7.152557373046875e-06
9.17	6.854534149169922e-06
9.18	6.735324859619141e-06
9.19	6.616115570068359e-06
9.2	6.496906280517578e-06
9.21	6.4373016357421875e-06
9.22	6.4373016357421875e-06
9.23	6.377696990966797e-06
9.24	6.258487701416016e-06
9.25	6.198883056640625e-06
9.26	5.9604644775390625e-06
9.27	5.7220458984375e-06
9.28	5.662441253662109e-06
9.29	5.4836273193359375e-06
9.3	5.125999450683594e-06
9.31	5.0067901611328125e-06
9.32	4.76837158203125e-06
9.33	4.649162292480469e-06
9.34	4.649162292480469e-06
9.35	4.649162292480469e-06
9.36	4.589557647705078e-06
9.37	4.470348358154297e-06
9.38	4.470348358154297e-06
9.39	4.351139068603516e-06
9.4	4.231929779052734e-06
9.41	4.172325134277344e-06
9.42	3.993511199951172e-06
9.43	3.814697265625e-06
9.44	3.6954879760742188e-06
9.45	3.3974647521972656e-06
9.46	3.2782554626464844e-06
9.47	3.2186508178710938e-06
9.48	3.2186508178710938e-06
9.49	3.2186508178710938e-06
9.5	3.2186508178710938e-06
9.51	3.159046173095703e-06
9.52	3.0994415283203125e-06
9.53	3.039836883544922e-06
9.54	2.9206275939941406e-06
9.55	2.7418136596679688e-06
9.56	2.562999725341797e-06
9.57	2.4437904357910156e-06
9.58	2.3245811462402344e-06
9.59	2.205371856689453e-06
9.6	2.205371856689453e-06
9.61	2.205371856689453e-06
9.62	2.205371856689453e-06
9.63	2.205371856689453e-06
9.64	2.205371856689453e-06
9.65	2.205371856689453e-06
9.66	2.086162567138672e-06
9.67	2.086162567138672e-06
9.68	1.9669532775878906e-06
9.69	1.8477439880371094e-06
9.7	1.8477439880371094e-06
9.71	1.6689300537109375e-06
9.72	1.5497207641601562e-06
9.73	1.4901161193847656e-06
9.74	1.4901161193847656e-06
9.75	1.4901161193847656e-06
9.76	1.4901161193847656e-06
9.77	1.4901161193847656e-06
9.78	1.4901161193847656e-06
9.79	1.430511474609375e-06
9.8	1.430511474609375e-06
9.81	1.2516975402832031e-06
9.82	1.1920928955078125e-06
9.83	1.1920928955078125e-06
9.84	1.1324882507324219e-06
9.85	1.0728836059570312e-06
9.86	1.0728836059570312e-06
9.87	1.0728836059570312e-06
9.88	1.0132789611816406e-06
9.89	1.0132789611816406e-06
9.9	1.0132789611816406e-06
9.91	1.0132789611816406e-06
9.92	9.5367431640625e-07
9.93	9.5367431640625e-07
9.94	8.940696716308594e-07
9.95	8.940696716308594e-07
9.96	8.940696716308594e-07
9.97	8.344650268554688e-07
9.98	7.748603820800781e-07
9.99	7.152557373046875e-07
10.0	6.556510925292969e-07
10.01	6.556510925292969e-07
10.02	6.556510925292969e-07
10.03	6.556510925292969e-07
10.04	6.556510925292969e-07
10.05	6.556510925292969e-07
10.06	6.556510925292969e-07
10.07	5.960464477539062e-07
10.08	5.960464477539062e-07
10.09	5.960464477539062e-07
10.1	5.960464477539062e-07
10.11	4.76837158203125e-07
10.12	4.76837158203125e-07
10.13	4.172325134277344e-07
10.14	3.5762786865234375e-07
10.15	3.5762786865234375e-07
10.16	3.5762786865234375e-07
10.17	3.5762786865234375e-07
10.18	3.5762786865234375e-07
10.19	3.5762786865234375e-07
10.2	3.5762786865234375e-07
10.21	3.5762786865234375e-07
10.22	3.5762786865234375e-07
10.23	3.5762786865234375e-07
10.24	3.5762786865234375e-07
10.25	2.980232238769531e-07
10.26	1.7881393432617188e-07
10.27	1.7881393432617188e-07
10.28	1.7881393432617188e-07
10.29	1.7881393432617188e-07
10.3	1.7881393432617188e-07
10.31	1.7881393432617188e-07
10.32	1.7881393432617188e-07
10.33	1.7881393432617188e-07
10.34	1.7881393432617188e-07
10.35	1.7881393432617188e-07
10.36	1.7881393432617188e-07
10.37	1.1920928955078125e-07
10.38	1.1920928955078125e-07
10.39	1.1920928955078125e-07
10.4	5.960464477539063e-08
10.41	5.960464477539063e-08
10.42	5.960464477539063e-08
10.43	5.960464477539063e-08
10.44	5.960464477539063e-08
10.45	5.960464477539063e-08
10.46	5.960464477539063e-08
10.47	5.960464477539063e-08
10.48	5.960464477539063e-08
10.49	5.960464477539063e-08
10.5	5.960464477539063e-08
10.51	5.960464477539063e-08
10.52	0.0
