5.26	0.0005002208054065704
5.27	0.0004955949261784554
5.28	0.0004906784743070602
5.29	0.0004857061430811882
5.3	0.0004804655909538269
5.31	0.0004757046699523926
5.32	0.0004713982343673706
5.33	0.0004667472094297409
5.34	0.00046234671026468277
5.35	0.0004584901034832001
5.36	0.0004542870447039604
5.37	0.0004494357854127884
5.38	0.00044472888112068176
5.39	0.0004402240738272667
5.4	0.0004356987774372101
5.41	0.0004312219098210335
5.42	0.0004269341006875038
5.43	0.0004225708544254303
5.44	0.0004188958555459976
5.45	0.0004153260961174965
5.46	0.00041043106466531754
5.47	0.00040652696043252945
5.48	0.00040210504084825516
5.49	0.00039792992174625397
5.5	0.0003939727321267128
5.51	0.0003899401053786278
5.52	0.0003860965371131897
5.53	0.0003824075683951378
5.54	0.0003787679597735405
5.55	0.000374840572476387
5.56	0.00037154369056224823
5.57	0.0003679683431982994
5.58	0.0003641350194811821
5.59	0.00036058295518159866
5.6	0.0003566630184650421
5.61	0.0003532189875841141
5.62	0.00034985970705747604
5.63	0.0003461688756942749
5.64	0.00034265872091054916
5.65	0.0003392845392227173
5.66	0.00033598020672798157
5.67	0.00033253803849220276
5.68	0.00032880064100027084
5.69	0.00032552052289247513
5.7	0.00032224133610725403
5.71	0.00031863804906606674
5.72	0.00031572580337524414
5.73	0.00031262170523405075
5.74	0.00030951015651226044
5.75	0.00030672550201416016
5.76	0.0003034500405192375
5.77	0.0003002556040883064
5.78	0.0002973908558487892
5.79	0.00029437150806188583
5.8	0.00029116030782461166
5.81	0.0002882378175854683
5.82	0.0002853740006685257
5.83	0.0002827513962984085
5.84	0.0002801818773150444
5.85	0.0002772649750113487
5.86	0.00027392152696847916
5.87	0.00027124863117933273
5.88	0.00026838667690753937
5.89	0.00026528723537921906
5.9	0.00026261620223522186
5.91	0.0002597197890281677
5.92	0.0002570515498518944
5.93	0.00025461334735155106
5.94	0.0002519981935620308
5.95	0.0002492843195796013
5.96	0.0002468191087245941
5.97	0.0002440195530653
5.98	0.00024100951850414276
5.99	0.00023870635777711868
6.0	0.0002363007515668869
6.01	0.0002338998019695282
6.02	0.00023137498646974564
6.03	0.00022902525961399078
6.04	0.00022686738520860672
6.05	0.00022452976554632187
6.06	0.00022213533520698547
6.07	0.00021937023848295212
6.08	0.00021703261882066727
6.09	0.00021481886506080627
6.1	0.00021257996559143066
6.11	0.00021017715334892273
6.12	0.00020830053836107254
6.13	0.0002061380073428154
6.14	0.000203816220164299
6.15	0.0002018241211771965
6.16	0.00019937846809625626
6.17	0.00019708089530467987
6.18	0.00019499752670526505
6.19	0.0001928294077515602
6.2	0.00019067339599132538
6.21	0.00018897373229265213
6.22	0.00018692482262849808
6.23	0.00018492154777050018
6.24	0.00018318556249141693
6.25	0.00018106307834386826
6.26	0.00017918739467859268
6.27	0.00017740018665790558
6.28	0.0001752348616719246
6.29	0.00017341692000627518
6.3	0.00017182249575853348
6.31	0.00016993656754493713
6.32	0.00016819220036268234
6.33	0.0001664981245994568
6.34	0.00016475282609462738
6.35	0.00016280729323625565
6.36	0.00016107410192489624
6.37	0.0001592785120010376
6.38	0.00015750806778669357
6.39	0.00015569012612104416
6.4	0.00015402957797050476
6.41	0.00015245098620653152
6.42	0.00015075411647558212
6.43	0.00014912709593772888
6.44	0.000147341750562191
6.45	0.00014570727944374084
6.46	0.00014408770948648453
6.47	0.00014241691678762436
6.48	0.00014072656631469727
6.49	0.0001391945406794548
6.5	0.00013778451830148697
6.51	0.00013623014092445374
6.52	0.00013484526425600052
6.53	0.0001333821564912796
6.54	0.00013192743062973022
6.55	0.000130566768348217
6.56	0.000128893181681633
6.57	0.00012739375233650208
6.58	0.00012610480189323425
6.59	0.00012460630387067795
6.6	0.00012337230145931244
6.61	0.00012210384011268616
6.62	0.00012059789150953293
6.63	0.00011921767145395279
6.64	0.00011802930384874344
6.65	0.00011638179421424866
6.66	0.00011495780199766159
6.67	0.00011363904923200607
6.68	0.00011221040040254593
6.69	0.00011093262583017349
6.7	0.00010977685451507568
6.71	0.0001087188720703125
6.72	0.00010750722140073776
6.73	0.00010630674660205841
6.74	0.00010517425835132599
6.75	0.00010402128100395203
6.76	0.00010288693010807037
6.77	0.00010156724601984024
6.78	0.00010038819164037704
6.79	9.940564632415771e-05
6.8	9.838305413722992e-05
6.81	9.736046195030212e-05
6.82	9.62400808930397e-05
6.83	9.522680193185806e-05
6.84	9.42358747124672e-05
6.85	9.305402636528015e-05
6.86	9.185634553432465e-05
6.87	9.06083732843399e-05
6.88	8.952803909778595e-05
6.89	8.860044181346893e-05
6.9	8.762162178754807e-05
6.91	8.655339479446411e-05
6.92	8.578132838010788e-05
6.93	8.475035429000854e-05
6.94	8.358154445886612e-05
6.95	8.256826549768448e-05
6.96	8.146930485963821e-05
6.97	8.058175444602966e-05
6.98	7.967930287122726e-05
6.99	7.865205407142639e-05
7.0	7.777754217386246e-05
7.01	7.715076208114624e-05
7.02	7.622316479682922e-05
7.03	7.534679025411606e-05
7.04	7.454026490449905e-05
7.05	7.360335439443588e-05
7.06	7.27679580450058e-05
7.07	7.193442434072495e-05
7.08	7.096771150827408e-05
7.09	7.028970867395401e-05
7.1	6.946362555027008e-05
7.11	6.867479532957077e-05
7.12	6.775930523872375e-05
7.13	6.704218685626984e-05
7.14	6.62757083773613e-05
7.15	6.538815796375275e-05
7.16	6.452761590480804e-05
7.17	6.365403532981873e-05
7.18	6.28940761089325e-05
7.19	6.221793591976166e-05
7.2	6.155110895633698e-05
7.21	6.071850657463074e-05
7.22	6.008800119161606e-05
7.23	5.943886935710907e-05
7.24	5.8776699006557465e-05
7.25	5.798693746328354e-05
7.26	5.7258643209934235e-05
7.27	5.66188246011734e-05
7.28	5.6033022701740265e-05
7.29	5.5490992963314056e-05
7.3	5.4805539548397064e-05
7.31	5.423836410045624e-05
7.32	5.3695403039455414e-05
7.33	5.303230136632919e-05
7.34	5.236081779003143e-05
7.35	5.1705166697502136e-05
7.36	5.104672163724899e-05
7.37	5.04814088344574e-05
7.38	4.979316145181656e-05
7.39	4.9130991101264954e-05
7.4	4.854053258895874e-05
7.41	4.8050656914711e-05
7.42	4.73465770483017e-05
7.43	4.6712346374988556e-05
7.44	4.6255066990852356e-05
7.45	4.561152309179306e-05
7.46	4.497449845075607e-05
7.47	4.438776522874832e-05
7.48	4.379637539386749e-05
7.49	4.33335080742836e-05
7.5	4.2889267206192017e-05
7.51	4.2372383177280426e-05
7.52	4.195515066385269e-05
7.53	4.148203879594803e-05
7.54	4.0981918573379517e-05
7.55	4.043895751237869e-05
7.56	3.996305167675018e-05
7.57	3.9497390389442444e-05
7.58	3.904104232788086e-05
7.59	3.858748823404312e-05
7.6	3.817398101091385e-05
7.61	3.773439675569534e-05
7.62	3.725942224264145e-05
7.63	3.678910434246063e-05
7.64	3.6189332604408264e-05
7.65	3.573764115571976e-05
7.66	3.526080399751663e-05
7.67	3.474205732345581e-05
7.68	3.4312717616558075e-05
7.69	3.395602107048035e-05
7.7	3.3515505492687225e-05
7.71	3.313925117254257e-05
7.72	3.278814256191254e-05
7.73	3.2357871532440186e-05
7.74	3.197789192199707e-05
7.75	3.152061253786087e-05
7.76	3.112573176622391e-05
7.77	3.0790455639362335e-05
7.78	3.044772893190384e-05
7.79	3.008078783750534e-05
7.8	2.976600080728531e-05
7.81	2.9484741389751434e-05
7.82	2.9114075005054474e-05
7.83	2.8755515813827515e-05
7.84	2.842489629983902e-05
7.85	2.803560346364975e-05
7.86	2.7664005756378174e-05
7.87	2.7286820113658905e-05
7.88	2.691894769668579e-05
7.89	2.6613473892211914e-05
7.9	2.6290304958820343e-05
7.91	2.587307244539261e-05
7.92	2.5491230189800262e-05
7.93	2.5185756385326385e-05
7.94	2.4833716452121735e-05
7.95	2.4477951228618622e-05
7.96	2.4126842617988586e-05
7.97	2.381298691034317e-05
7.98	2.3519620299339294e-05
7.99	2.320762723684311e-05
8.0	2.290867269039154e-05
8.01	2.2650696337223053e-05
8.02	2.2390857338905334e-05
8.03	2.2134743630886078e-05
8.04	2.186838537454605e-05
8.05	2.1628104150295258e-05
8.06	2.139061689376831e-05
8.07	2.109631896018982e-05
8.08	2.0881183445453644e-05
8.09	2.0627863705158234e-05
8.1	2.0353123545646667e-05
8.11	2.0138919353485107e-05
8.12	1.983996480703354e-05
8.13	1.9534491002559662e-05
8.14	1.9280239939689636e-05
8.15	1.9019469618797302e-05
8.16	1.872982829809189e-05
8.17	1.84476375579834e-05
8.18	1.821015030145645e-05
8.19	1.795124262571335e-05
8.2	1.775752753019333e-05
8.21	1.759454607963562e-05
8.22	1.7317011952400208e-05
8.23	1.7097219824790955e-05
8.24	1.6901642084121704e-05
8.25	1.6694888472557068e-05
8.26	1.6490928828716278e-05
8.27	1.6269274055957794e-05
8.28	1.6080215573310852e-05
8.29	1.5905126929283142e-05
8.3	1.5720725059509277e-05
8.31	1.549161970615387e-05
8.32	1.530628651380539e-05
8.33	1.5110708773136139e-05
8.34	1.4902092516422272e-05
8.35	1.4688819646835327e-05
8.36	1.4505349099636078e-05
8.37	1.4331191778182983e-05
8.38	1.4103949069976807e-05
8.39	1.393631100654602e-05
8.4	1.3744458556175232e-05
8.41	1.353491097688675e-05
8.42	1.333095133304596e-05
8.43	1.3086013495922089e-05
8.44	1.2840144336223602e-05
8.45	1.2660399079322815e-05
8.46	1.2503005564212799e-05
8.47	1.2308359146118164e-05
8.48	1.2174248695373535e-05
8.49	1.2005679309368134e-05
8.5	1.1831521987915039e-05
8.51	1.169741153717041e-05
8.52	1.1524185538291931e-05
8.53	1.1368654668331146e-05
8.54	1.1255033314228058e-05
8.55	1.110415905714035e-05
8.56	1.0975636541843414e-05
8.57	1.084059476852417e-05
8.58	1.0705552995204926e-05
8.59	1.0576099157333374e-05
8.6	1.0426156222820282e-05
8.61	1.027621328830719e-05
8.62	1.0122545063495636e-05
8.63	9.966082870960236e-06
8.64	9.819865226745605e-06
8.65	9.667128324508667e-06
8.66	9.550713002681732e-06
8.67	9.424053132534027e-06
8.68	9.262003004550934e-06
8.69	9.141862392425537e-06
8.7	9.020790457725525e-06
8.71	8.863396942615509e-06
8.72	8.735805749893188e-06
8.73	8.627772331237793e-06
8.74	8.491799235343933e-06
8.75	8.395873010158539e-06
8.76	8.285976946353912e-06
8.77	8.18539410829544e-06
8.78	8.079223334789276e-06
8.79	7.978640496730804e-06
8.8	7.875263690948486e-06
8.81	7.764436304569244e-06
8.82	7.662922143936157e-06
8.83	7.552094757556915e-06
8.84	7.45430588722229e-06
8.85	7.36583024263382e-06
8.86	7.272697985172272e-06
8.87	7.145106792449951e-06
8.88	7.058493793010712e-06
8.89	6.941147148609161e-06
8.9	6.81169331073761e-06
8.91	6.7148357629776e-06
8.92	6.593763828277588e-06
8.93	6.467103958129883e-06
8.94	6.356276571750641e-06
8.95	6.2575563788414e-06
8.96	6.182119250297546e-06
8.97	6.104819476604462e-06
8.98	6.0265883803367615e-06
8.99	5.921348929405212e-06
9.0	5.8496370911598206e-06
9.01	5.7620927691459656e-06
9.02	5.675479769706726e-06
9.03	5.6140124797821045e-06
9.04	5.535781383514404e-06
9.05	5.466863512992859e-06
9.06	5.398876965045929e-06
9.07	5.342066287994385e-06
9.08	5.261041224002838e-06
9.09	5.197711288928986e-06
9.1	5.105510354042053e-06
9.11	5.003996193408966e-06
9.12	4.903413355350494e-06
9.13	4.83635812997818e-06
9.14	4.737637937068939e-06
9.15	4.6510249376297e-06
9.16	4.610046744346619e-06
9.17	4.538334906101227e-06
9.18	4.4833868741989136e-06
9.19	4.403293132781982e-06
9.2	4.3371692299842834e-06
9.21	4.262663424015045e-06
9.22	4.186294972896576e-06
9.23	4.110857844352722e-06
9.24	4.0531158447265625e-06
9.25	4.015862941741943e-06
9.26	3.9711594581604e-06
9.27	3.9013102650642395e-06
9.28	3.85381281375885e-06
9.29	3.800727427005768e-06
9.3	3.7392601370811462e-06
9.31	3.6759302020072937e-06
9.32	3.604218363761902e-06
9.33	3.550201654434204e-06
9.34	3.5157427191734314e-06
9.35	3.4691765904426575e-06
9.36	3.417953848838806e-06
9.37	3.366731107234955e-06
9.38	3.3285468816757202e-06
9.39	3.2605603337287903e-06
9.4	3.213062882423401e-06
9.41	3.1543895602226257e-06
9.42	3.0780211091041565e-06
9.43	3.020279109477997e-06
9.44	2.969987690448761e-06
9.45	2.9401853680610657e-06
9.46	2.8889626264572144e-06
9.47	2.857297658920288e-06
9.48	2.800486981868744e-06
9.49	2.7650967240333557e-06
9.5	2.734363079071045e-06
9.51	2.6850029826164246e-06
9.52	2.650544047355652e-06
9.53	2.6114284992218018e-06
9.54	2.5779008865356445e-06
9.55	2.543441951274872e-06
9.56	2.5136396288871765e-06
9.57	2.4670735001564026e-06
9.58	2.4316832423210144e-06
9.59	2.4046748876571655e-06
9.6	2.3562461137771606e-06
9.61	2.318061888217926e-06
9.62	2.2724270820617676e-06
9.63	2.224929630756378e-06
9.64	2.1867454051971436e-06
9.65	2.16066837310791e-06
9.66	2.1141022443771362e-06
9.67	2.076849341392517e-06
9.68	2.0544975996017456e-06
9.69	2.021901309490204e-06
9.7	1.9799917936325073e-06
9.71	1.9408762454986572e-06
9.72	1.9185245037078857e-06
9.73	1.8952414393424988e-06
9.74	1.8673017621040344e-06
9.75	1.8374994397163391e-06
9.76	1.8170103430747986e-06
9.77	1.7974525690078735e-06
9.78	1.775100827217102e-06
9.79	1.7425045371055603e-06
9.8	1.7154961824417114e-06
9.81	1.689419150352478e-06
9.82	1.6605481505393982e-06
9.83	1.6344711184501648e-06
9.84	1.601874828338623e-06
9.85	1.5692785382270813e-06
9.86	1.5515834093093872e-06
9.87	1.5273690223693848e-06
9.88	1.4975666999816895e-06
9.89	1.471489667892456e-06
9.9	1.4528632164001465e-06
9.91	1.4035031199455261e-06
9.92	1.368112862110138e-06
9.93	1.3457611203193665e-06
9.94	1.317821443080902e-06
9.95	1.3010576367378235e-06
9.96	1.282431185245514e-06
9.97	1.2712553143501282e-06
9.98	1.2600794434547424e-06
9.99	1.2433156371116638e-06
10.0	1.210719347000122e-06
10.01	1.193024218082428e-06
10.02	1.1818483471870422e-06
10.03	1.1632218956947327e-06
10.04	1.152046024799347e-06
10.05	1.1390075087547302e-06
10.06	1.1203810572624207e-06
10.07	1.103617250919342e-06
10.08	1.084059476852417e-06
10.09	1.058913767337799e-06
10.1	1.0365620255470276e-06
10.11	1.0188668966293335e-06
10.12	9.94652509689331e-07
10.13	9.723007678985596e-07
10.14	9.583309292793274e-07
10.15	9.471550583839417e-07
10.16	9.30391252040863e-07
10.17	9.192153811454773e-07
10.18	9.052455425262451e-07
10.19	8.931383490562439e-07
10.2	8.745118975639343e-07
10.21	8.624047040939331e-07
10.22	8.512288331985474e-07
10.23	8.307397365570068e-07
10.24	8.186325430870056e-07
10.25	8.102506399154663e-07
10.26	8.03731381893158e-07
10.27	7.934868335723877e-07
10.28	7.851049304008484e-07
10.29	7.748603820800781e-07
10.3	7.627531886100769e-07
10.31	7.497146725654602e-07
10.32	7.338821887969971e-07
10.33	7.227063179016113e-07
10.34	7.078051567077637e-07
10.35	6.956979632377625e-07
10.36	6.817281246185303e-07
10.37	6.584450602531433e-07
10.38	6.454065442085266e-07
10.39	6.332993507385254e-07
10.4	6.156042218208313e-07
10.41	6.034970283508301e-07
10.42	5.951151251792908e-07
10.43	5.736947059631348e-07
10.44	5.597248673439026e-07
10.45	5.513429641723633e-07
10.46	5.457550287246704e-07
10.47	5.41098415851593e-07
10.48	5.317851901054382e-07
10.49	5.261972546577454e-07
10.5	5.21540641784668e-07
10.51	5.150213837623596e-07
10.52	5.085021257400513e-07
10.53	5.019828677177429e-07
10.54	4.954636096954346e-07
10.55	4.898756742477417e-07
10.56	4.814937710762024e-07
10.57	4.7497451305389404e-07
10.58	4.6659260988235474e-07
10.59	4.55416738986969e-07
10.6	4.498288035392761e-07
10.61	4.367902874946594e-07
10.62	4.209578037261963e-07
10.63	4.1350722312927246e-07
10.64	4.069879651069641e-07
10.65	3.948807716369629e-07
10.66	3.8929283618927e-07
10.67	3.8370490074157715e-07
10.68	3.734603524208069e-07
10.69	3.67872416973114e-07
10.7	3.632158041000366e-07
10.71	3.5855919122695923e-07
10.72	3.511086106300354e-07
10.73	3.4831464290618896e-07
10.74	3.4458935260772705e-07
10.75	3.417953848838806e-07
10.76	3.343448042869568e-07
10.77	3.296881914138794e-07
10.78	3.25031578540802e-07
10.79	3.203749656677246e-07
10.8	3.129243850708008e-07
10.81	3.082677721977234e-07
10.82	3.0547380447387695e-07
10.83	2.9709190130233765e-07
10.84	2.9336661100387573e-07
10.85	2.868473529815674e-07
10.86	2.775341272354126e-07
10.87	2.728775143623352e-07
10.88	2.6170164346694946e-07
10.89	2.4866312742233276e-07
10.9	2.4493783712387085e-07
10.91	2.39349901676178e-07
10.92	2.3283064365386963e-07
10.93	2.2351741790771484e-07
10.94	2.1886080503463745e-07
10.95	2.1792948246002197e-07
10.96	2.1327286958694458e-07
10.97	2.1047890186309814e-07
10.98	2.086162567138672e-07
10.99	2.0675361156463623e-07
11.0	2.039596438407898e-07
11.01	2.0209699869155884e-07
11.02	2.0116567611694336e-07
11.03	2.0023435354232788e-07
11.04	1.9650906324386597e-07
11.05	1.9371509552001953e-07
11.06	1.8998980522155762e-07
11.07	1.862645149230957e-07
11.08	1.8067657947540283e-07
11.09	1.778826117515564e-07
11.1	1.7229467630386353e-07
11.11	1.6763806343078613e-07
11.12	1.648440957069397e-07
11.13	1.6111880540847778e-07
11.14	1.5273690223693848e-07
11.15	1.4901161193847656e-07
11.16	1.4435499906539917e-07
11.17	1.387670636177063e-07
11.18	1.3783574104309082e-07
11.19	1.341104507446289e-07
11.2	1.30385160446167e-07
11.21	1.2759119272232056e-07
11.22	1.2759119272232056e-07
11.23	1.2665987014770508e-07
11.24	1.2386590242385864e-07
11.25	1.210719347000122e-07
11.26	1.2014061212539673e-07
11.27	1.1920928955078125e-07
11.28	1.1734664440155029e-07
11.29	1.1641532182693481e-07
11.3	1.1455267667770386e-07
11.31	1.126900315284729e-07
11.32	1.1175870895385742e-07
11.33	1.0896474123001099e-07
11.34	1.0896474123001099e-07
11.35	1.043081283569336e-07
11.36	9.96515154838562e-08
11.37	9.778887033462524e-08
11.38	9.313225746154785e-08
11.39	8.940696716308594e-08
11.4	8.475035429000854e-08
11.41	8.195638656616211e-08
11.42	7.82310962677002e-08
11.43	7.636845111846924e-08
11.44	7.450580596923828e-08
11.45	7.264316082000732e-08
11.46	7.171183824539185e-08
11.47	7.078051567077637e-08
11.48	6.891787052154541e-08
11.49	6.891787052154541e-08
11.5	6.891787052154541e-08
11.51	6.891787052154541e-08
11.52	6.891787052154541e-08
11.53	6.798654794692993e-08
11.54	6.798654794692993e-08
11.55	6.612390279769897e-08
11.56	6.332993507385254e-08
11.57	6.05359673500061e-08
11.58	5.8673322200775146e-08
11.59	5.587935447692871e-08
11.6	5.3085386753082275e-08
11.61	5.3085386753082275e-08
11.62	5.3085386753082275e-08
11.63	5.029141902923584e-08
11.64	4.842877388000488e-08
11.65	4.7497451305389404e-08
11.66	4.563480615615845e-08
11.67	4.377216100692749e-08
11.68	3.91155481338501e-08
11.69	3.725290298461914e-08
11.7	3.725290298461914e-08
11.71	3.632158041000366e-08
11.72	3.632158041000366e-08
11.73	3.3527612686157227e-08
11.74	3.3527612686157227e-08
11.75	3.3527612686157227e-08
11.76	3.259629011154175e-08
11.77	3.166496753692627e-08
11.78	3.166496753692627e-08
11.79	3.166496753692627e-08
11.8	3.166496753692627e-08
11.81	3.166496753692627e-08
11.82	3.166496753692627e-08
11.83	3.166496753692627e-08
11.84	3.073364496231079e-08
11.85	2.8870999813079834e-08
11.86	2.8870999813079834e-08
11.87	2.60770320892334e-08
11.88	2.421438694000244e-08
11.89	2.3283064365386963e-08
11.9	2.2351741790771484e-08
11.91	2.0489096641540527e-08
11.92	2.0489096641540527e-08
11.93	1.862645149230957e-08
11.94	1.7695128917694092e-08
11.95	1.7695128917694092e-08
11.96	1.6763806343078613e-08
11.97	1.6763806343078613e-08
11.98	1.6763806343078613e-08
11.99	1.6763806343078613e-08
12.0	1.6763806343078613e-08
12.01	1.6763806343078613e-08
12.02	1.6763806343078613e-08
12.03	1.6763806343078613e-08
12.04	1.6763806343078613e-08
12.05	1.6763806343078613e-08
12.06	1.6763806343078613e-08
12.07	1.5832483768463135e-08
12.08	1.4901161193847656e-08
12.09	1.3969838619232178e-08
12.1	1.3969838619232178e-08
12.11	1.3969838619232178e-08
12.12	1.210719347000122e-08
12.13	1.210719347000122e-08
12.14	1.210719347000122e-08
12.15	1.210719347000122e-08
12.16	1.0244548320770264e-08
12.17	9.313225746154785e-09
12.18	9.313225746154785e-09
12.19	8.381903171539307e-09
12.2	7.450580596923828e-09
12.21	7.450580596923828e-09
12.22	7.450580596923828e-09
12.23	7.450580596923828e-09
12.24	7.450580596923828e-09
12.25	6.51925802230835e-09
12.26	6.51925802230835e-09
12.27	6.51925802230835e-09
12.28	6.51925802230835e-09
12.29	6.51925802230835e-09
12.3	6.51925802230835e-09
12.31	6.51925802230835e-09
12.32	6.51925802230835e-09
12.33	6.51925802230835e-09
12.34	6.51925802230835e-09
12.35	6.51925802230835e-09
12.36	4.6566128730773926e-09
12.37	3.725290298461914e-09
12.38	3.725290298461914e-09
12.39	3.725290298461914e-09
12.4	2.7939677238464355e-09
12.41	2.7939677238464355e-09
12.42	2.7939677238464355e-09
12.43	2.7939677238464355e-09
12.44	2.7939677238464355e-09
12.45	1.862645149230957e-09
12.46	1.862645149230957e-09
12.47	1.862645149230957e-09
12.48	1.862645149230957e-09
12.49	1.862645149230957e-09
12.5	1.862645149230957e-09
12.51	1.862645149230957e-09
12.52	1.862645149230957e-09
12.53	1.862645149230957e-09
12.54	1.862645149230957e-09
12.55	1.862645149230957e-09
12.56	1.862645149230957e-09
12.57	1.862645149230957e-09
12.58	1.862645149230957e-09
12.59	1.862645149230957e-09
12.6	1.862645149230957e-09
12.61	1.862645149230957e-09
12.62	1.862645149230957e-09
12.63	1.862645149230957e-09
12.64	1.862645149230957e-09
12.65	1.862645149230957e-09
12.66	1.862645149230957e-09
12.67	1.862645149230957e-09
12.68	9.313225746154785e-10
12.69	9.313225746154785e-10
12.7	9.313225746154785e-10
12.71	9.313225746154785e-10
12.72	9.313225746154785e-10
12.73	9.313225746154785e-10
12.74	9.313225746154785e-10
12.75	9.313225746154785e-10
12.76	9.313225746154785e-10
12.77	9.313225746154785e-10
12.78	9.313225746154785e-10
12.79	9.313225746154785e-10
12.8	9.313225746154785e-10
12.81	9.313225746154785e-10
12.82	9.313225746154785e-10
12.83	9.313225746154785e-10
12.84	9.313225746154785e-10
12.85	9.313225746154785e-10
12.86	9.313225746154785e-10
12.87	9.313225746154785e-10
12.88	9.313225746154785e-10
12.89	0.0
