4.87	0.0005013942718505859
4.88	0.000492095947265625
4.89	0.0004894733428955078
4.9	0.00048804283142089844
4.91	0.0004801750183105469
4.92	0.0004773139953613281
4.93	0.0004668235778808594
4.94	0.0004622936248779297
4.95	0.00045990943908691406
4.96	0.0004553794860839844
4.97	0.0004525184631347656
4.98	0.00045013427734375
4.99	0.00044465065002441406
5.0	0.0004425048828125
5.01	0.00044035911560058594
5.02	0.00043082237243652344
5.03	0.0004177093505859375
5.04	0.0004162788391113281
5.05	0.00041484832763671875
5.06	0.0004115104675292969
5.07	0.0004055500030517578
5.08	0.0004038810729980469
5.09	0.0004024505615234375
5.1	0.0003955364227294922
5.11	0.0003898143768310547
5.12	0.00038909912109375
5.13	0.00038504600524902344
5.14	0.0003819465637207031
5.15	0.000377655029296875
5.16	0.000370025634765625
5.17	0.00036215782165527344
5.18	0.00036072731018066406
5.19	0.0003600120544433594
5.2	0.00034618377685546875
5.21	0.0003452301025390625
5.22	0.0003428459167480469
5.23	0.0003409385681152344
5.24	0.000335693359375
5.25	0.0003247261047363281
5.26	0.0003237724304199219
5.27	0.00032210350036621094
5.28	0.00031185150146484375
5.29	0.0003113746643066406
5.3	0.0003094673156738281
5.31	0.0003075599670410156
5.32	0.0003070831298828125
5.33	0.0003037452697753906
5.34	0.0002970695495605469
5.35	0.00029587745666503906
5.36	0.0002875328063964844
5.37	0.00028634071350097656
5.38	0.0002837181091308594
5.39	0.00027751922607421875
5.4	0.0002758502960205078
5.41	0.000274658203125
5.42	0.00026416778564453125
5.43	0.0002639293670654297
5.44	0.0002627372741699219
5.45	0.000255584716796875
5.46	0.00025391578674316406
5.47	0.0002522468566894531
5.48	0.0002491474151611328
5.49	0.00024771690368652344
5.5	0.000244140625
5.51	0.00024366378784179688
5.52	0.00024271011352539062
5.53	0.00023436546325683594
5.54	0.00023293495178222656
5.55	0.00023031234741210938
5.56	0.00022482872009277344
5.57	0.000217437744140625
5.58	0.00021529197692871094
5.59	0.0002117156982421875
5.6	0.0002117156982421875
5.61	0.00021076202392578125
5.62	0.00021004676818847656
5.63	0.0002090930938720703
5.64	0.0002079010009765625
5.65	0.00020647048950195312
5.66	0.00020503997802734375
5.67	0.00020051002502441406
5.68	0.00019812583923339844
5.69	0.00019598007202148438
5.7	0.00019097328186035156
5.71	0.00018930435180664062
5.72	0.00018715858459472656
5.73	0.0001857280731201172
5.74	0.0001785755157470703
5.75	0.0001785755157470703
5.76	0.00017380714416503906
5.77	0.00017309188842773438
5.78	0.000171661376953125
5.79	0.00016999244689941406
5.8	0.0001678466796875
5.81	0.00016355514526367188
5.82	0.0001621246337890625
5.83	0.0001621246337890625
5.84	0.00016164779663085938
5.85	0.0001583099365234375
5.86	0.00015783309936523438
5.87	0.00015592575073242188
5.88	0.00015234947204589844
5.89	0.0001513957977294922
5.9	0.00014734268188476562
5.91	0.00014591217041015625
5.92	0.00014591217041015625
5.93	0.00014328956604003906
5.94	0.0001423358917236328
5.95	0.0001418590545654297
5.96	0.00014066696166992188
5.97	0.0001399517059326172
5.98	0.00013828277587890625
5.99	0.00013375282287597656
6.0	0.00012683868408203125
6.01	0.000125885009765625
6.02	0.0001239776611328125
6.03	0.00012254714965820312
6.04	0.00012159347534179688
6.05	0.00012159347534179688
6.06	0.00012159347534179688
6.07	0.00011730194091796875
6.08	0.00011587142944335938
6.09	0.00011587142944335938
6.1	0.00011372566223144531
6.11	0.00011181831359863281
6.12	0.00011134147644042969
6.13	0.00010895729064941406
6.14	0.0001087188720703125
6.15	0.0001087188720703125
6.16	0.00010800361633300781
6.17	0.00010180473327636719
6.18	0.0001010894775390625
6.19	0.00010037422180175781
6.2	9.918212890625e-05
6.21	9.799003601074219e-05
6.22	9.369850158691406e-05
6.23	9.34600830078125e-05
6.24	9.322166442871094e-05
6.25	9.1552734375e-05
6.26	9.1552734375e-05
6.27	9.107589721679688e-05
6.28	8.869171142578125e-05
6.29	8.7738037109375e-05
6.3	8.511543273925781e-05
6.31	8.463859558105469e-05
6.32	8.463859558105469e-05
6.33	8.320808410644531e-05
6.34	8.296966552734375e-05
6.35	8.153915405273438e-05
6.36	8.0108642578125e-05
6.37	8.0108642578125e-05
6.38	7.987022399902344e-05
6.39	7.462501525878906e-05
6.4	7.367134094238281e-05
6.41	7.343292236328125e-05
6.42	7.343292236328125e-05
6.43	7.295608520507812e-05
6.44	7.176399230957031e-05
6.45	7.081031799316406e-05
6.46	7.081031799316406e-05
6.47	7.009506225585938e-05
6.48	7.009506225585938e-05
6.49	7.009506225585938e-05
6.5	6.890296936035156e-05
6.51	6.842613220214844e-05
6.52	6.67572021484375e-05
6.53	6.246566772460938e-05
6.54	6.151199340820312e-05
6.55	6.151199340820312e-05
6.56	6.0558319091796875e-05
6.57	5.91278076171875e-05
6.58	5.8650970458984375e-05
6.59	5.8650970458984375e-05
6.6	5.8650970458984375e-05
6.61	5.793571472167969e-05
6.62	5.698204040527344e-05
6.63	5.650520324707031e-05
6.64	5.602836608886719e-05
6.65	5.4836273193359375e-05
6.66	5.412101745605469e-05
6.67	5.316734313964844e-05
6.68	5.269050598144531e-05
6.69	5.269050598144531e-05
6.7	5.245208740234375e-05
6.71	4.9114227294921875e-05
6.72	4.9114227294921875e-05
6.73	4.839897155761719e-05
6.74	4.7206878662109375e-05
6.75	4.649162292480469e-05
6.76	4.6253204345703125e-05
6.77	4.601478576660156e-05
6.78	4.601478576660156e-05
6.79	4.5299530029296875e-05
6.8	4.5299530029296875e-05
6.81	4.506111145019531e-05
6.82	4.3392181396484375e-05
6.83	4.291534423828125e-05
6.84	4.172325134277344e-05
6.85	4.0531158447265625e-05
6.86	4.0531158447265625e-05
6.87	4.029273986816406e-05
6.88	4.029273986816406e-05
6.89	4.029273986816406e-05
6.9	3.933906555175781e-05
6.91	3.910064697265625e-05
6.92	3.910064697265625e-05
6.93	3.790855407714844e-05
6.94	3.790855407714844e-05
6.95	3.7670135498046875e-05
6.96	3.647804260253906e-05
6.97	3.600120544433594e-05
6.98	3.5762786865234375e-05
6.99	3.504753112792969e-05
7.0	3.504753112792969e-05
7.01	3.504753112792969e-05
7.02	3.409385681152344e-05
7.03	3.409385681152344e-05
7.04	3.3855438232421875e-05
7.05	3.24249267578125e-05
7.06	3.24249267578125e-05
7.07	3.147125244140625e-05
7.08	3.075599670410156e-05
7.09	3.075599670410156e-05
7.1	3.0040740966796875e-05
7.11	2.956390380859375e-05
7.12	2.956390380859375e-05
7.13	2.8371810913085938e-05
7.14	2.8371810913085938e-05
7.15	2.8133392333984375e-05
7.16	2.7894973754882812e-05
7.17	2.7894973754882812e-05
7.18	2.7179718017578125e-05
7.19	2.6702880859375e-05
7.2	2.6702880859375e-05
7.21	2.6702880859375e-05
7.22	2.5272369384765625e-05
7.23	2.5272369384765625e-05
7.24	2.5033950805664062e-05
7.25	2.4080276489257812e-05
7.26	2.3603439331054688e-05
7.27	2.2411346435546875e-05
7.28	2.193450927734375e-05
7.29	2.193450927734375e-05
7.3	2.1696090698242188e-05
7.31	2.1696090698242188e-05
7.32	2.1457672119140625e-05
7.33	2.1457672119140625e-05
7.34	2.1457672119140625e-05
7.35	2.1219253540039062e-05
7.36	1.9550323486328125e-05
7.37	1.9550323486328125e-05
7.38	1.9550323486328125e-05
7.39	1.9073486328125e-05
7.4	1.9073486328125e-05
7.41	1.8835067749023438e-05
7.42	1.8835067749023438e-05
7.43	1.8835067749023438e-05
7.44	1.811981201171875e-05
7.45	1.811981201171875e-05
7.46	1.811981201171875e-05
7.47	1.7881393432617188e-05
7.48	1.7881393432617188e-05
7.49	1.7642974853515625e-05
7.5	1.6927719116210938e-05
7.51	1.6927719116210938e-05
7.52	1.6927719116210938e-05
7.53	1.6689300537109375e-05
7.54	1.621246337890625e-05
7.55	1.621246337890625e-05
7.56	1.5735626220703125e-05
7.57	1.5735626220703125e-05
7.58	1.5020370483398438e-05
7.59	1.4781951904296875e-05
7.6	1.4781951904296875e-05
7.61	1.4543533325195312e-05
7.62	1.4543533325195312e-05
7.63	1.4543533325195312e-05
7.64	1.430511474609375e-05
7.65	1.430511474609375e-05
7.66	1.430511474609375e-05
7.67	1.3828277587890625e-05
7.68	1.2874603271484375e-05
7.69	1.2874603271484375e-05
7.7	1.2874603271484375e-05
7.71	1.2874603271484375e-05
7.72	1.2636184692382812e-05
7.73	1.2636184692382812e-05
7.74	1.2636184692382812e-05
7.75	1.2636184692382812e-05
7.76	1.1920928955078125e-05
7.77	1.1920928955078125e-05
7.78	1.1920928955078125e-05
7.79	1.1682510375976562e-05
7.8	1.1444091796875e-05
7.81	1.1205673217773438e-05
7.82	1.0728836059570312e-05
7.83	1.0728836059570312e-05
7.84	1.0728836059570312e-05
7.85	9.775161743164062e-06
7.86	9.775161743164062e-06
7.87	9.775161743164062e-06
7.88	9.775161743164062e-06
7.89	9.5367431640625e-06
7.9	8.821487426757812e-06
7.91	8.821487426757812e-06
7.92	8.821487426757812e-06
7.93	8.344650268554688e-06
7.94	8.344650268554688e-06
7.95	8.344650268554688e-06
7.96	8.344650268554688e-06
7.97	8.344650268554688e-06
7.98	8.344650268554688e-06
7.99	7.867813110351562e-06
8.0	7.867813110351562e-06
8.01	7.3909759521484375e-06
8.02	7.3909759521484375e-06
8.03	7.3909759521484375e-06
8.04	7.152557373046875e-06
8.05	7.152557373046875e-06
8.06	7.152557373046875e-06
8.07	6.9141387939453125e-06
8.08	6.4373016357421875e-06
8.09	6.4373016357421875e-06
8.1	5.9604644775390625e-06
8.11	5.9604644775390625e-06
8.12	5.9604644775390625e-06
8.13	5.9604644775390625e-06
8.14	5.9604644775390625e-06
8.15	5.7220458984375e-06
8.16	5.7220458984375e-06
8.17	5.7220458984375e-06
8.18	5.7220458984375e-06
8.19	5.245208740234375e-06
8.2	5.245208740234375e-06
8.21	5.0067901611328125e-06
8.22	4.5299530029296875e-06
8.23	4.5299530029296875e-06
8.24	4.291534423828125e-06
8.25	4.291534423828125e-06
8.26	4.291534423828125e-06
8.27	4.291534423828125e-06
8.28	4.291534423828125e-06
8.29	4.291534423828125e-06
8.3	4.291534423828125e-06
8.31	4.291534423828125e-06
8.32	4.0531158447265625e-06
8.33	4.0531158447265625e-06
8.34	4.0531158447265625e-06
8.35	4.0531158447265625e-06
8.36	3.814697265625e-06
8.37	3.814697265625e-06
8.38	3.814697265625e-06
8.39	3.337860107421875e-06
8.4	3.337860107421875e-06
8.41	3.0994415283203125e-06
8.42	3.0994415283203125e-06
8.43	3.0994415283203125e-06
8.44	3.0994415283203125e-06
8.45	3.0994415283203125e-06
8.46	3.0994415283203125e-06
8.47	2.86102294921875e-06
8.48	2.86102294921875e-06
8.49	2.86102294921875e-06
8.5	2.86102294921875e-06
8.51	2.86102294921875e-06
8.52	2.86102294921875e-06
8.53	2.6226043701171875e-06
8.54	2.6226043701171875e-06
8.55	2.384185791015625e-06
8.56	2.384185791015625e-06
8.57	2.384185791015625e-06
8.58	2.384185791015625e-06
8.59	2.384185791015625e-06
8.6	2.384185791015625e-06
8.61	2.384185791015625e-06
8.62	2.384185791015625e-06
8.63	2.384185791015625e-06
8.64	2.1457672119140625e-06
8.65	1.6689300537109375e-06
8.66	1.6689300537109375e-06
8.67	1.6689300537109375e-06
8.68	1.6689300537109375e-06
8.69	1.6689300537109375e-06
8.7	1.6689300537109375e-06
8.71	1.6689300537109375e-06
8.72	1.430511474609375e-06
8.73	1.430511474609375e-06
8.74	1.430511474609375e-06
8.75	1.430511474609375e-06
8.76	1.430511474609375e-06
8.77	1.430511474609375e-06
8.78	1.430511474609375e-06
8.79	1.430511474609375e-06
8.8	1.430511474609375e-06
8.81	1.430511474609375e-06
8.82	9.5367431640625e-07
8.83	9.5367431640625e-07
8.84	9.5367431640625e-07
8.85	9.5367431640625e-07
8.86	9.5367431640625e-07
8.87	7.152557373046875e-07
8.88	7.152557373046875e-07
8.89	7.152557373046875e-07
8.9	7.152557373046875e-07
8.91	7.152557373046875e-07
8.92	7.152557373046875e-07
8.93	7.152557373046875e-07
8.94	7.152557373046875e-07
8.95	7.152557373046875e-07
8.96	7.152557373046875e-07
8.97	7.152557373046875e-07
8.98	7.152557373046875e-07
8.99	7.152557373046875e-07
9.0	7.152557373046875e-07
9.01	7.152557373046875e-07
9.02	7.152557373046875e-07
9.03	7.152557373046875e-07
9.04	4.76837158203125e-07
9.05	4.76837158203125e-07
9.06	4.76837158203125e-07
9.07	4.76837158203125e-07
9.08	4.76837158203125e-07
9.09	4.76837158203125e-07
9.1	4.76837158203125e-07
9.11	4.76837158203125e-07
9.12	4.76837158203125e-07
9.13	4.76837158203125e-07
9.14	4.76837158203125e-07
9.15	4.76837158203125e-07
9.16	4.76837158203125e-07
9.17	4.76837158203125e-07
9.18	4.76837158203125e-07
9.19	2.384185791015625e-07
9.2	2.384185791015625e-07
9.21	2.384185791015625e-07
9.22	2.384185791015625e-07
9.23	2.384185791015625e-07
9.24	2.384185791015625e-07
9.25	2.384185791015625e-07
9.26	2.384185791015625e-07
9.27	2.384185791015625e-07
9.28	2.384185791015625e-07
9.29	2.384185791015625e-07
9.3	2.384185791015625e-07
9.31	2.384185791015625e-07
9.32	2.384185791015625e-07
9.33	2.384185791015625e-07
9.34	2.384185791015625e-07
9.35	2.384185791015625e-07
9.36	0.0
