4.83	0.0005064010620117188
4.84	0.0004940032958984375
4.85	0.0004930496215820312
4.86	0.0004911422729492188
4.87	0.00048732757568359375
4.88	0.00048542022705078125
4.89	0.0004787445068359375
4.9	0.00047206878662109375
4.91	0.0004673004150390625
4.92	0.00046443939208984375
4.93	0.000461578369140625
4.94	0.00045013427734375
4.95	0.00044727325439453125
4.96	0.0004367828369140625
4.97	0.00043392181396484375
4.98	0.0004215240478515625
4.99	0.0004177093505859375
5.0	0.0004138946533203125
5.01	0.0004138946533203125
5.02	0.0004119873046875
5.03	0.00040912628173828125
5.04	0.0004024505615234375
5.05	0.00039768218994140625
5.06	0.000392913818359375
5.07	0.00039005279541015625
5.08	0.0003814697265625
5.09	0.00037384033203125
5.1	0.000370025634765625
5.11	0.00036716461181640625
5.12	0.0003604888916015625
5.13	0.0003604888916015625
5.14	0.00035953521728515625
5.15	0.000354766845703125
5.16	0.0003528594970703125
5.17	0.00034618377685546875
5.18	0.00034236907958984375
5.19	0.000335693359375
5.2	0.000335693359375
5.21	0.0003337860107421875
5.22	0.00033283233642578125
5.23	0.000331878662109375
5.24	0.00032901763916015625
5.25	0.00032711029052734375
5.26	0.00032520294189453125
5.27	0.00032329559326171875
5.28	0.00032329559326171875
5.29	0.0003185272216796875
5.3	0.00031185150146484375
5.31	0.0003108978271484375
5.32	0.0003108978271484375
5.33	0.000308990478515625
5.34	0.00030803680419921875
5.35	0.00030040740966796875
5.36	0.00030040740966796875
5.37	0.00029468536376953125
5.38	0.000293731689453125
5.39	0.0002918243408203125
5.4	0.00029087066650390625
5.41	0.00029087066650390625
5.42	0.0002880096435546875
5.43	0.000286102294921875
5.44	0.00028228759765625
5.45	0.000278472900390625
5.46	0.0002765655517578125
5.47	0.000274658203125
5.48	0.0002689361572265625
5.49	0.0002689361572265625
5.5	0.00026702880859375
5.51	0.000263214111328125
5.52	0.0002593994140625
5.53	0.0002574920654296875
5.54	0.00025463104248046875
5.55	0.00025463104248046875
5.56	0.00025177001953125
5.57	0.000247955322265625
5.58	0.000244140625
5.59	0.0002422332763671875
5.6	0.00024127960205078125
5.61	0.000240325927734375
5.62	0.000240325927734375
5.63	0.000240325927734375
5.64	0.00023746490478515625
5.65	0.00023555755615234375
5.66	0.00023365020751953125
5.67	0.000232696533203125
5.68	0.00022983551025390625
5.69	0.00022792816162109375
5.7	0.00022125244140625
5.71	0.0002193450927734375
5.72	0.000213623046875
5.73	0.0002117156982421875
5.74	0.0002079010009765625
5.75	0.0002079010009765625
5.76	0.0002079010009765625
5.77	0.00020694732666015625
5.78	0.0002040863037109375
5.79	0.00020122528076171875
5.8	0.0001983642578125
5.81	0.00019550323486328125
5.82	0.00019359588623046875
5.83	0.000186920166015625
5.84	0.000186920166015625
5.85	0.0001850128173828125
5.86	0.00018024444580078125
5.87	0.000179290771484375
5.88	0.0001773834228515625
5.89	0.0001773834228515625
5.9	0.0001773834228515625
5.91	0.0001735687255859375
5.92	0.0001697540283203125
5.93	0.000164031982421875
5.94	0.0001621246337890625
5.95	0.00016117095947265625
5.96	0.00016117095947265625
5.97	0.00015926361083984375
5.98	0.00015926361083984375
5.99	0.00015735626220703125
6.0	0.00015735626220703125
6.01	0.000156402587890625
6.02	0.00015544891357421875
6.03	0.00015544891357421875
6.04	0.00015354156494140625
6.05	0.000152587890625
6.06	0.00015163421630859375
6.07	0.000148773193359375
6.08	0.000148773193359375
6.09	0.00014591217041015625
6.1	0.00014591217041015625
6.11	0.00014400482177734375
6.12	0.0001430511474609375
6.13	0.00014209747314453125
6.14	0.000141143798828125
6.15	0.000141143798828125
6.16	0.00014019012451171875
6.17	0.00014019012451171875
6.18	0.00014019012451171875
6.19	0.0001373291015625
6.2	0.00013446807861328125
6.21	0.000133514404296875
6.22	0.0001316070556640625
6.23	0.00013065338134765625
6.24	0.00013065338134765625
6.25	0.00013065338134765625
6.26	0.00013065338134765625
6.27	0.00013065338134765625
6.28	0.00012874603271484375
6.29	0.00012874603271484375
6.3	0.00012874603271484375
6.31	0.00012874603271484375
6.32	0.000125885009765625
6.33	0.00012493133544921875
6.34	0.0001239776611328125
6.35	0.00012111663818359375
6.36	0.0001201629638671875
6.37	0.0001201629638671875
6.38	0.0001201629638671875
6.39	0.0001201629638671875
6.4	0.0001201629638671875
6.41	0.00011920928955078125
6.42	0.00011920928955078125
6.43	0.000118255615234375
6.44	0.000118255615234375
6.45	0.00011730194091796875
6.46	0.0001163482666015625
6.47	0.00011539459228515625
6.48	0.00011157989501953125
6.49	0.000110626220703125
6.5	0.00010967254638671875
6.51	0.00010967254638671875
6.52	0.00010967254638671875
6.53	0.00010967254638671875
6.54	0.00010776519775390625
6.55	0.00010585784912109375
6.56	0.00010395050048828125
6.57	0.000102996826171875
6.58	0.000102996826171875
6.59	0.0001010894775390625
6.6	0.0001010894775390625
6.61	9.918212890625e-05
6.62	9.918212890625e-05
6.63	9.72747802734375e-05
6.64	9.72747802734375e-05
6.65	9.72747802734375e-05
6.66	9.72747802734375e-05
6.67	9.5367431640625e-05
6.68	9.5367431640625e-05
6.69	9.34600830078125e-05
6.7	9.1552734375e-05
6.71	9.059906005859375e-05
6.72	9.059906005859375e-05
6.73	8.869171142578125e-05
6.74	8.869171142578125e-05
6.75	8.7738037109375e-05
6.76	8.58306884765625e-05
6.77	8.58306884765625e-05
6.78	8.487701416015625e-05
6.79	8.487701416015625e-05
6.8	8.487701416015625e-05
6.81	8.392333984375e-05
6.82	8.392333984375e-05
6.83	8.106231689453125e-05
6.84	8.0108642578125e-05
6.85	7.915496826171875e-05
6.86	7.915496826171875e-05
6.87	7.724761962890625e-05
6.88	7.62939453125e-05
6.89	7.62939453125e-05
6.9	7.534027099609375e-05
6.91	7.43865966796875e-05
6.92	7.43865966796875e-05
6.93	7.43865966796875e-05
6.94	7.2479248046875e-05
6.95	7.2479248046875e-05
6.96	6.961822509765625e-05
6.97	6.961822509765625e-05
6.98	6.866455078125e-05
6.99	6.866455078125e-05
7.0	6.866455078125e-05
7.01	6.771087646484375e-05
7.02	6.771087646484375e-05
7.03	6.771087646484375e-05
7.04	6.67572021484375e-05
7.05	6.67572021484375e-05
7.06	6.67572021484375e-05
7.07	6.67572021484375e-05
7.08	6.580352783203125e-05
7.09	6.389617919921875e-05
7.1	6.29425048828125e-05
7.11	6.29425048828125e-05
7.12	6.29425048828125e-05
7.13	6.29425048828125e-05
7.14	6.198883056640625e-05
7.15	6.198883056640625e-05
7.16	6.198883056640625e-05
7.17	6.198883056640625e-05
7.18	6.103515625e-05
7.19	6.103515625e-05
7.2	6.103515625e-05
7.21	6.103515625e-05
7.22	5.91278076171875e-05
7.23	5.7220458984375e-05
7.24	5.626678466796875e-05
7.25	5.53131103515625e-05
7.26	5.53131103515625e-05
7.27	5.53131103515625e-05
7.28	5.53131103515625e-05
7.29	5.53131103515625e-05
7.3	5.53131103515625e-05
7.31	5.435943603515625e-05
7.32	5.435943603515625e-05
7.33	5.435943603515625e-05
7.34	5.435943603515625e-05
7.35	5.435943603515625e-05
7.36	5.340576171875e-05
7.37	5.054473876953125e-05
7.38	4.9591064453125e-05
7.39	4.863739013671875e-05
7.4	4.863739013671875e-05
7.41	4.863739013671875e-05
7.42	4.863739013671875e-05
7.43	4.863739013671875e-05
7.44	4.76837158203125e-05
7.45	4.673004150390625e-05
7.46	4.673004150390625e-05
7.47	4.57763671875e-05
7.48	4.57763671875e-05
7.49	4.482269287109375e-05
7.5	4.38690185546875e-05
7.51	4.291534423828125e-05
7.52	4.1961669921875e-05
7.53	4.1961669921875e-05
7.54	4.1961669921875e-05
7.55	4.1961669921875e-05
7.56	4.1961669921875e-05
7.57	4.100799560546875e-05
7.58	3.814697265625e-05
7.59	3.814697265625e-05
7.6	3.719329833984375e-05
7.61	3.62396240234375e-05
7.62	3.528594970703125e-05
7.63	3.528594970703125e-05
7.64	3.528594970703125e-05
7.65	3.4332275390625e-05
7.66	3.4332275390625e-05
7.67	3.4332275390625e-05
7.68	3.4332275390625e-05
7.69	3.4332275390625e-05
7.7	3.337860107421875e-05
7.71	3.337860107421875e-05
7.72	3.147125244140625e-05
7.73	3.147125244140625e-05
7.74	3.0517578125e-05
7.75	2.956390380859375e-05
7.76	2.86102294921875e-05
7.77	2.86102294921875e-05
7.78	2.86102294921875e-05
7.79	2.86102294921875e-05
7.8	2.765655517578125e-05
7.81	2.765655517578125e-05
7.82	2.765655517578125e-05
7.83	2.765655517578125e-05
7.84	2.765655517578125e-05
7.85	2.765655517578125e-05
7.86	2.6702880859375e-05
7.87	2.6702880859375e-05
7.88	2.574920654296875e-05
7.89	2.574920654296875e-05
7.9	2.47955322265625e-05
7.91	2.47955322265625e-05
7.92	2.47955322265625e-05
7.93	2.384185791015625e-05
7.94	2.384185791015625e-05
7.95	2.384185791015625e-05
7.96	2.384185791015625e-05
7.97	2.384185791015625e-05
7.98	2.288818359375e-05
7.99	2.193450927734375e-05
8.0	2.09808349609375e-05
8.01	2.09808349609375e-05
8.02	2.09808349609375e-05
8.03	2.09808349609375e-05
8.04	2.09808349609375e-05
8.05	2.09808349609375e-05
8.06	2.09808349609375e-05
8.07	2.09808349609375e-05
8.08	2.09808349609375e-05
8.09	2.09808349609375e-05
8.1	2.09808349609375e-05
8.11	2.002716064453125e-05
8.12	1.9073486328125e-05
8.13	1.811981201171875e-05
8.14	1.811981201171875e-05
8.15	1.811981201171875e-05
8.16	1.811981201171875e-05
8.17	1.811981201171875e-05
8.18	1.811981201171875e-05
8.19	1.811981201171875e-05
8.2	1.811981201171875e-05
8.21	1.811981201171875e-05
8.22	1.811981201171875e-05
8.23	1.811981201171875e-05
8.24	1.811981201171875e-05
8.25	1.71661376953125e-05
8.26	1.621246337890625e-05
8.27	1.52587890625e-05
8.28	1.52587890625e-05
8.29	1.52587890625e-05
8.3	1.52587890625e-05
8.31	1.52587890625e-05
8.32	1.430511474609375e-05
8.33	1.430511474609375e-05
8.34	1.33514404296875e-05
8.35	1.33514404296875e-05
8.36	1.33514404296875e-05
8.37	1.33514404296875e-05
8.38	1.33514404296875e-05
8.39	1.239776611328125e-05
8.4	1.239776611328125e-05
8.41	1.1444091796875e-05
8.42	1.1444091796875e-05
8.43	1.1444091796875e-05
8.44	1.1444091796875e-05
8.45	1.1444091796875e-05
8.46	1.049041748046875e-05
8.47	1.049041748046875e-05
8.48	9.5367431640625e-06
8.49	9.5367431640625e-06
8.5	9.5367431640625e-06
8.51	8.58306884765625e-06
8.52	8.58306884765625e-06
8.53	8.58306884765625e-06
8.54	8.58306884765625e-06
8.55	8.58306884765625e-06
8.56	8.58306884765625e-06
8.57	8.58306884765625e-06
8.58	8.58306884765625e-06
8.59	8.58306884765625e-06
8.6	7.62939453125e-06
8.61	7.62939453125e-06
8.62	6.67572021484375e-06
8.63	6.67572021484375e-06
8.64	5.7220458984375e-06
8.65	5.7220458984375e-06
8.66	5.7220458984375e-06
8.67	5.7220458984375e-06
8.68	5.7220458984375e-06
8.69	5.7220458984375e-06
8.7	5.7220458984375e-06
8.71	5.7220458984375e-06
8.72	5.7220458984375e-06
8.73	5.7220458984375e-06
8.74	4.76837158203125e-06
8.75	3.814697265625e-06
8.76	3.814697265625e-06
8.77	3.814697265625e-06
8.78	3.814697265625e-06
8.79	3.814697265625e-06
8.8	3.814697265625e-06
8.81	3.814697265625e-06
8.82	3.814697265625e-06
8.83	3.814697265625e-06
8.84	3.814697265625e-06
8.85	3.814697265625e-06
8.86	3.814697265625e-06
8.87	3.814697265625e-06
8.88	3.814697265625e-06
8.89	3.814697265625e-06
8.9	3.814697265625e-06
8.91	3.814697265625e-06
8.92	3.814697265625e-06
8.93	3.814697265625e-06
8.94	3.814697265625e-06
8.95	3.814697265625e-06
8.96	3.814697265625e-06
8.97	3.814697265625e-06
8.98	3.814697265625e-06
8.99	3.814697265625e-06
9.0	3.814697265625e-06
9.01	2.86102294921875e-06
9.02	2.86102294921875e-06
9.03	2.86102294921875e-06
9.04	2.86102294921875e-06
9.05	2.86102294921875e-06
9.06	2.86102294921875e-06
9.07	2.86102294921875e-06
9.08	2.86102294921875e-06
9.09	2.86102294921875e-06
9.1	2.86102294921875e-06
9.11	2.86102294921875e-06
9.12	2.86102294921875e-06
9.13	2.86102294921875e-06
9.14	2.86102294921875e-06
9.15	1.9073486328125e-06
9.16	1.9073486328125e-06
9.17	1.9073486328125e-06
9.18	1.9073486328125e-06
9.19	1.9073486328125e-06
9.2	1.9073486328125e-06
9.21	1.9073486328125e-06
9.22	1.9073486328125e-06
9.23	1.9073486328125e-06
9.24	1.9073486328125e-06
9.25	1.9073486328125e-06
9.26	1.9073486328125e-06
9.27	1.9073486328125e-06
9.28	1.9073486328125e-06
9.29	1.9073486328125e-06
9.3	1.9073486328125e-06
9.31	1.9073486328125e-06
9.32	1.9073486328125e-06
9.33	1.9073486328125e-06
9.34	1.9073486328125e-06
9.35	1.9073486328125e-06
9.36	9.5367431640625e-07
9.37	9.5367431640625e-07
9.38	9.5367431640625e-07
9.39	9.5367431640625e-07
9.4	9.5367431640625e-07
9.41	9.5367431640625e-07
9.42	9.5367431640625e-07
9.43	9.5367431640625e-07
9.44	9.5367431640625e-07
9.45	9.5367431640625e-07
9.46	9.5367431640625e-07
9.47	9.5367431640625e-07
9.48	9.5367431640625e-07
9.49	9.5367431640625e-07
