1.93	0.0005026757717132568
1.94	0.0004994720220565796
1.95	0.0004965513944625854
1.96	0.0004940181970596313
1.97	0.0004917830228805542
1.98	0.0004893839359283447
1.99	0.0004866272211074829
2.0	0.0004834085702896118
2.01	0.0004817843437194824
2.02	0.00048065185546875
2.03	0.0004782676696777344
2.04	0.0004765540361404419
2.05	0.00047315657138824463
2.06	0.00047028064727783203
2.07	0.00046828389167785645
2.08	0.00046677887439727783
2.09	0.00046506524085998535
2.1	0.00046125054359436035
2.11	0.0004580467939376831
2.12	0.0004556924104690552
2.13	0.00045415759086608887
2.14	0.00045265257358551025
2.15	0.00044983625411987305
2.16	0.0004474520683288574
2.17	0.00044524669647216797
2.18	0.00044380128383636475
2.19	0.00044208765029907227
2.2	0.0004401654005050659
2.21	0.00043660402297973633
2.22	0.0004342794418334961
2.23	0.00043247640132904053
2.24	0.0004306286573410034
2.25	0.0004287809133529663
2.26	0.00042484700679779053
2.27	0.0004223734140396118
2.28	0.0004203617572784424
2.29	0.00041937828063964844
2.3	0.0004174858331680298
2.31	0.00041459500789642334
2.32	0.00041174888610839844
2.33	0.00040850043296813965
2.34	0.0004072338342666626
2.35	0.000405043363571167
2.36	0.0004019439220428467
2.37	0.0003983527421951294
2.38	0.00039549171924591064
2.39	0.0003937184810638428
2.4	0.0003919750452041626
2.41	0.00038954615592956543
2.42	0.00038661062717437744
2.43	0.0003844648599624634
2.44	0.0003833174705505371
2.45	0.0003818124532699585
2.46	0.0003795027732849121
2.47	0.00037775933742523193
2.48	0.0003765672445297241
2.49	0.0003747791051864624
2.5	0.00037385523319244385
2.51	0.00037175416946411133
2.52	0.00036863982677459717
2.53	0.00036634504795074463
2.54	0.000364452600479126
2.55	0.00036329030990600586
2.56	0.00036112964153289795
2.57	0.0003583282232284546
2.58	0.00035618245601654053
2.59	0.00035503506660461426
2.6	0.00035415589809417725
2.61	0.0003530830144882202
2.62	0.0003512948751449585
2.63	0.0003491640090942383
2.64	0.0003479570150375366
2.65	0.00034672021865844727
2.66	0.00034561753273010254
2.67	0.00034433603286743164
2.68	0.00034211575984954834
2.69	0.0003408193588256836
2.7	0.0003395974636077881
2.71	0.00033818185329437256
2.72	0.0003366917371749878
2.73	0.00033445656299591064
2.74	0.0003329664468765259
2.75	0.00033169984817504883
2.76	0.0003307163715362549
2.77	0.00032955408096313477
2.78	0.0003272891044616699
2.79	0.00032477080821990967
2.8	0.00032298266887664795
2.81	0.00032210350036621094
2.82	0.00032036006450653076
2.83	0.0003177374601364136
2.84	0.00031535327434539795
2.85	0.0003135204315185547
2.86	0.0003126412630081177
2.87	0.0003116875886917114
2.88	0.0003099590539932251
2.89	0.0003084540367126465
2.9	0.000307425856590271
2.91	0.0003059506416320801
2.92	0.0003052651882171631
2.93	0.0003038644790649414
2.94	0.0003027021884918213
2.95	0.0003013908863067627
2.96	0.00029972195625305176
2.97	0.00029875338077545166
2.98	0.0002971738576889038
2.99	0.0002952367067337036
3.0	0.00029380619525909424
3.01	0.00029206275939941406
3.02	0.0002907067537307739
3.03	0.0002888143062591553
3.04	0.0002871304750442505
3.05	0.0002859830856323242
3.06	0.00028461217880249023
3.07	0.0002840310335159302
3.08	0.00028286874294281006
3.09	0.00028093159198760986
3.1	0.00027920305728912354
3.11	0.0002777576446533203
3.12	0.0002768486738204956
3.13	0.00027567148208618164
3.14	0.00027433037757873535
3.15	0.0002727508544921875
3.16	0.00027117133140563965
3.17	0.00026954710483551025
3.18	0.00026889145374298096
3.19	0.0002678185701370239
3.2	0.00026683509349823
3.21	0.00026491284370422363
3.22	0.00026310980319976807
3.23	0.0002623051404953003
3.24	0.0002613961696624756
3.25	0.00025992095470428467
3.26	0.00025756657123565674
3.27	0.00025571882724761963
3.28	0.0002545863389968872
3.29	0.000253140926361084
3.3	0.0002519935369491577
3.31	0.00024956464767456055
3.32	0.00024800002574920654
3.33	0.0002469569444656372
3.34	0.0002463310956954956
3.35	0.00024546682834625244
3.36	0.000244140625
3.37	0.0002421736717224121
3.38	0.0002403855323791504
3.39	0.00023955106735229492
3.4	0.0002383887767791748
3.41	0.00023680925369262695
3.42	0.0002340078353881836
3.43	0.00023250281810760498
3.44	0.00023123621940612793
3.45	0.00023002922534942627
3.46	0.0002285093069076538
3.47	0.00022590160369873047
3.48	0.00022454559803009033
3.49	0.00022296607494354248
3.5	0.00022201240062713623
3.51	0.00022077560424804688
3.52	0.00021864473819732666
3.53	0.00021754205226898193
3.54	0.0002165287733078003
3.55	0.00021542608737945557
3.56	0.00021409988403320312
3.57	0.00021249055862426758
3.58	0.00021097064018249512
3.59	0.00020989775657653809
3.6	0.00020898878574371338
3.61	0.00020734965801239014
3.62	0.00020557641983032227
3.63	0.00020390748977661133
3.64	0.00020329654216766357
3.65	0.00020231306552886963
3.66	0.00020153820514678955
3.67	0.0002000182867050171
3.68	0.00019747018814086914
3.69	0.00019659101963043213
3.7	0.00019563734531402588
3.71	0.00019484758377075195
3.72	0.00019282102584838867
3.73	0.00019064545631408691
3.74	0.00018993020057678223
3.75	0.0001890808343887329
3.76	0.00018841028213500977
3.77	0.00018671154975891113
3.78	0.0001853853464126587
3.79	0.000184670090675354
3.8	0.00018417835235595703
3.81	0.0001836717128753662
3.82	0.00018237531185150146
3.83	0.00018104910850524902
3.84	0.00017918646335601807
3.85	0.0001783221960067749
3.86	0.00017727911472320557
3.87	0.0001763850450515747
3.88	0.00017358362674713135
3.89	0.00017201900482177734
3.9	0.0001706629991531372
3.91	0.00016984343528747559
3.92	0.00016877055168151855
3.93	0.00016680359840393066
3.94	0.00016541779041290283
3.95	0.00016416609287261963
3.96	0.00016358494758605957
3.97	0.00016286969184875488
3.98	0.00016133487224578857
3.99	0.00016002357006072998
4.0	0.0001589655876159668
4.01	0.00015839934349060059
4.02	0.0001577138900756836
4.03	0.0001568049192428589
4.04	0.00015579164028167725
4.05	0.00015498697757720947
4.06	0.00015456974506378174
4.07	0.00015373528003692627
4.08	0.00015245378017425537
4.09	0.00015163421630859375
4.1	0.0001512467861175537
4.11	0.00015054643154144287
4.12	0.0001498013734817505
4.13	0.0001491457223892212
4.14	0.0001475214958190918
4.15	0.00014671683311462402
4.16	0.00014577805995941162
4.17	0.00014515221118927002
4.18	0.00014418363571166992
4.19	0.00014291703701019287
4.2	0.00014220178127288818
4.21	0.0001417696475982666
4.22	0.00014132261276245117
4.23	0.00014078617095947266
4.24	0.00014030933380126953
4.25	0.0001398921012878418
4.26	0.00013944506645202637
4.27	0.00013875961303710938
4.28	0.000138014554977417
4.29	0.00013753771781921387
4.3	0.00013689696788787842
4.31	0.00013616681098937988
4.32	0.00013522803783416748
4.33	0.0001344829797744751
4.34	0.00013367831707000732
4.35	0.0001328885555267334
4.36	0.0001319795846939087
4.37	0.00013136863708496094
4.38	0.0001306682825088501
4.39	0.00013008713722229004
4.4	0.00012922286987304688
4.41	0.0001285076141357422
4.42	0.00012798607349395752
4.43	0.00012737512588500977
4.44	0.00012686848640441895
4.45	0.00012601912021636963
4.46	0.0001252889633178711
4.47	0.00012448430061340332
4.48	0.00012388825416564941
4.49	0.00012342631816864014
4.5	0.00012302398681640625
4.51	0.00012256205081939697
4.52	0.00012190639972686768
4.53	0.00012116134166717529
4.54	0.00012063980102539062
4.55	0.0001201629638671875
4.56	0.0001198798418045044
4.57	0.00011926889419555664
4.58	0.00011833012104034424
4.59	0.00011782348155975342
4.6	0.00011716783046722412
4.61	0.00011646747589111328
4.62	0.0001157522201538086
4.63	0.00011488795280456543
4.64	0.00011429190635681152
4.65	0.00011371076107025146
4.66	0.00011295080184936523
4.67	0.00011271238327026367
4.68	0.00011220574378967285
4.69	0.00011192262172698975
4.7	0.0001115649938583374
4.71	0.00011116266250610352
4.72	0.00011068582534790039
4.73	0.00010961294174194336
4.74	0.00010901689529418945
4.75	0.00010848045349121094
4.76	0.0001080930233001709
4.77	0.00010737776756286621
4.78	0.0001062154769897461
4.79	0.0001052170991897583
4.8	0.00010481476783752441
4.81	0.00010454654693603516
4.82	0.00010405480861663818
4.83	0.00010357797145843506
4.84	0.00010260939598083496
4.85	0.00010219216346740723
4.86	0.0001016855239868164
4.87	0.00010128319263458252
4.88	0.00010086596012115479
4.89	9.995698928833008e-05
4.9	9.959936141967773e-05
4.91	9.906291961669922e-05
4.92	9.866058826446533e-05
4.93	9.778141975402832e-05
4.94	9.675323963165283e-05
4.95	9.63360071182251e-05
4.96	9.590387344360352e-05
4.97	9.553134441375732e-05
4.98	9.466707706451416e-05
4.99	9.372830390930176e-05
5.0	9.278953075408936e-05
5.01	9.229779243469238e-05
5.02	9.194016456604004e-05
5.03	9.122490882873535e-05
5.04	9.018182754516602e-05
5.05	8.921325206756592e-05
5.06	8.869171142578125e-05
5.07	8.806586265563965e-05
5.08	8.732080459594727e-05
5.09	8.623301982879639e-05
5.1	8.578598499298096e-05
5.11	8.55177640914917e-05
5.12	8.496642112731934e-05
5.13	8.469820022583008e-05
5.14	8.411705493927002e-05
5.15	8.384883403778076e-05
5.16	8.356571197509766e-05
5.17	8.314847946166992e-05
5.18	8.282065391540527e-05
5.19	8.19861888885498e-05
5.2	8.134543895721436e-05
5.21	8.095800876617432e-05
5.22	8.054077625274658e-05
5.23	7.98255205154419e-05
5.24	7.890164852142334e-05
5.25	7.803738117218018e-05
5.26	7.767975330352783e-05
5.27	7.741153240203857e-05
5.28	7.69495964050293e-05
5.29	7.654726505279541e-05
5.3	7.581710815429688e-05
5.31	7.544457912445068e-05
5.32	7.510185241699219e-05
5.33	7.4729323387146e-05
5.34	7.446110248565674e-05
5.35	7.377564907073975e-05
5.36	7.343292236328125e-05
5.37	7.316470146179199e-05
5.38	7.285177707672119e-05
5.39	7.233023643493652e-05
5.4	7.145106792449951e-05
5.41	7.118284702301025e-05
5.42	7.094442844390869e-05
5.43	7.052719593048096e-05
5.44	6.996095180511475e-05
5.45	6.927549839019775e-05
5.46	6.856024265289307e-05
5.47	6.812810897827148e-05
5.48	6.77257776260376e-05
5.49	6.714463233947754e-05
5.5	6.657838821411133e-05
5.51	6.580352783203125e-05
5.52	6.538629531860352e-05
5.53	6.499886512756348e-05
5.54	6.440281867980957e-05
5.55	6.370246410369873e-05
5.56	6.344914436340332e-05
5.57	6.331503391265869e-05
5.58	6.310641765594482e-05
5.59	6.274878978729248e-05
5.6	6.225705146789551e-05
5.61	6.198883056640625e-05
5.62	6.183981895446777e-05
5.63	6.151199340820312e-05
5.64	6.113946437835693e-05
5.65	6.078183650970459e-05
5.66	6.03795051574707e-05
5.67	6.027519702911377e-05
5.68	6.00665807723999e-05
5.69	5.969405174255371e-05
5.7	5.9157609939575195e-05
5.71	5.8650970458984375e-05
5.72	5.8531761169433594e-05
5.73	5.830824375152588e-05
5.74	5.8069825172424316e-05
5.75	5.766749382019043e-05
5.76	5.7369470596313477e-05
5.77	5.717575550079346e-05
5.78	5.692243576049805e-05
5.79	5.666911602020264e-05
5.8	5.638599395751953e-05
5.81	5.605816841125488e-05
5.82	5.5789947509765625e-05
5.83	5.556643009185791e-05
5.84	5.535781383514404e-05
5.85	5.507469177246094e-05
5.86	5.485117435455322e-05
5.87	5.459785461425781e-05
5.88	5.447864532470703e-05
5.89	5.409121513366699e-05
5.9	5.385279655456543e-05
5.91	5.353987216949463e-05
5.92	5.3301453590393066e-05
5.93	5.295872688293457e-05
5.94	5.2541494369506836e-05
5.95	5.219876766204834e-05
5.96	5.193054676055908e-05
5.97	5.170702934265137e-05
5.98	5.143880844116211e-05
5.99	5.11854887008667e-05
6.0	5.097687244415283e-05
6.01	5.078315734863281e-05
6.02	5.054473876953125e-05
6.03	5.041062831878662e-05
6.04	5.0261616706848145e-05
6.05	5.009770393371582e-05
6.06	4.982948303222656e-05
6.07	4.9561262130737305e-05
6.08	4.933774471282959e-05
6.09	4.9173831939697266e-05
6.1	4.868209362030029e-05
6.11	4.842877388000488e-05
6.12	4.814565181732178e-05
6.13	4.7907233238220215e-05
6.14	4.760921001434326e-05
6.15	4.73707914352417e-05
6.16	4.711747169494629e-05
6.17	4.677474498748779e-05
6.18	4.665553569793701e-05
6.19	4.6506524085998535e-05
6.2	4.629790782928467e-05
6.21	4.6119093894958496e-05
6.22	4.579126834869385e-05
6.23	4.553794860839844e-05
6.24	4.537403583526611e-05
6.25	4.519522190093994e-05
6.26	4.500150680541992e-05
6.27	4.468858242034912e-05
6.28	4.44948673248291e-05
6.29	4.430115222930908e-05
6.3	4.4152140617370605e-05
6.31	4.4032931327819824e-05
6.32	4.385411739349365e-05
6.33	4.3511390686035156e-05
6.34	4.337728023529053e-05
6.35	4.29004430770874e-05
6.36	4.270672798156738e-05
6.37	4.2498111724853516e-05
6.38	4.2110681533813477e-05
6.39	4.1931867599487305e-05
6.4	4.138052463531494e-05
6.41	4.114210605621338e-05
6.42	4.0918588638305664e-05
6.43	4.06801700592041e-05
6.44	4.0531158447265625e-05
6.45	4.038214683532715e-05
6.46	4.026293754577637e-05
6.47	4.009902477264404e-05
6.48	3.9890408515930176e-05
6.49	3.959238529205322e-05
6.5	3.93986701965332e-05
6.51	3.9324164390563965e-05
6.52	3.916025161743164e-05
6.53	3.892183303833008e-05
6.54	3.860890865325928e-05
6.55	3.835558891296387e-05
6.56	3.784894943237305e-05
6.57	3.764033317565918e-05
6.58	3.744661808013916e-05
6.59	3.7029385566711426e-05
6.6	3.6776065826416016e-05
6.61	3.629922866821289e-05
6.62	3.6150217056274414e-05
6.63	3.5881996154785156e-05
6.64	3.5703182220458984e-05
6.65	3.549456596374512e-05
6.66	3.5315752029418945e-05
6.67	3.5196542739868164e-05
6.68	3.4943222999572754e-05
6.69	3.463029861450195e-05
6.7	3.4421682357788086e-05
6.71	3.4227967262268066e-05
6.72	3.4108757972717285e-05
6.73	3.394484519958496e-05
6.74	3.375113010406494e-05
6.75	3.351271152496338e-05
6.76	3.3408403396606445e-05
6.77	3.330409526824951e-05
6.78	3.319978713989258e-05
6.79	3.294646739959717e-05
6.8	3.2648444175720215e-05
6.81	3.2529234886169434e-05
6.82	3.224611282348633e-05
6.83	3.212690353393555e-05
6.84	3.193318843841553e-05
6.85	3.167986869812012e-05
6.86	3.1322240829467773e-05
6.87	3.120303153991699e-05
6.88	3.109872341156006e-05
6.89	3.091990947723389e-05
6.9	3.072619438171387e-05
6.91	3.0621886253356934e-05
6.92	3.0517578125e-05
6.93	3.039836883544922e-05
6.94	3.0279159545898438e-05
6.95	3.0025839805603027e-05
6.96	2.9787421226501465e-05
6.97	2.9668211936950684e-05
6.98	2.956390380859375e-05
6.99	2.942979335784912e-05
7.0	2.917647361755371e-05
7.01	2.8848648071289062e-05
7.02	2.855062484741211e-05
7.03	2.8431415557861328e-05
7.04	2.8386712074279785e-05
7.05	2.810359001159668e-05
7.06	2.7820467948913574e-05
7.07	2.7552247047424316e-05
7.08	2.7433037757873535e-05
7.09	2.7358531951904297e-05
7.1	2.7239322662353516e-05
7.11	2.7000904083251953e-05
7.12	2.683699131011963e-05
7.13	2.6732683181762695e-05
7.14	2.6673078536987305e-05
7.15	2.6494264602661133e-05
7.16	2.625584602355957e-05
7.17	2.6106834411621094e-05
7.18	2.600252628326416e-05
7.19	2.5928020477294922e-05
7.2	2.5823712348937988e-05
7.21	2.562999725341797e-05
7.22	2.543628215789795e-05
7.23	2.5331974029541016e-05
7.24	2.5257468223571777e-05
7.25	2.5138258934020996e-05
7.26	2.4870038032531738e-05
7.27	2.466142177581787e-05
7.28	2.4557113647460938e-05
7.29	2.4497509002685547e-05
7.3	2.4437904357910156e-05
7.31	2.421438694000244e-05
7.32	2.4020671844482422e-05
7.33	2.3886561393737793e-05
7.34	2.3826956748962402e-05
7.35	2.378225326538086e-05
7.36	2.3618340492248535e-05
7.37	2.3558735847473145e-05
7.38	2.3424625396728516e-05
7.39	2.3290514945983887e-05
7.4	2.3245811462402344e-05
7.41	2.3111701011657715e-05
7.42	2.294778823852539e-05
7.43	2.2783875465393066e-05
7.44	2.263486385345459e-05
7.45	2.251565456390381e-05
7.46	2.238154411315918e-05
7.47	2.2202730178833008e-05
7.48	2.2083520889282227e-05
7.49	2.1949410438537598e-05
7.5	2.1860003471374512e-05
7.51	2.1770596504211426e-05
7.52	2.162158489227295e-05
7.53	2.1532177925109863e-05
7.54	2.1323561668395996e-05
7.55	2.1249055862426758e-05
7.56	2.1159648895263672e-05
7.57	2.0995736122131348e-05
7.58	2.092123031616211e-05
7.59	2.0697712898254395e-05
7.6	2.060830593109131e-05
7.61	2.0489096641540527e-05
7.62	2.039968967437744e-05
7.63	2.034008502960205e-05
7.64	2.014636993408203e-05
7.65	2.002716064453125e-05
7.66	1.989305019378662e-05
7.67	1.983344554901123e-05
7.68	1.9669532775878906e-05
7.69	1.9475817680358887e-05
7.7	1.9341707229614258e-05
7.71	1.9222497940063477e-05
7.72	1.9058585166931152e-05
7.73	1.8894672393798828e-05
7.74	1.8730759620666504e-05
7.75	1.8551945686340332e-05
7.76	1.8477439880371094e-05
7.77	1.8343329429626465e-05
7.78	1.8224120140075684e-05
7.79	1.8030405044555664e-05
7.8	1.7911195755004883e-05
7.81	1.7896294593811035e-05
7.82	1.7777085304260254e-05
7.83	1.773238182067871e-05
7.84	1.7568469047546387e-05
7.85	1.7389655113220215e-05
7.86	1.7270445823669434e-05
7.87	1.7210841178894043e-05
7.88	1.7151236534118652e-05
7.89	1.6987323760986328e-05
7.9	1.679360866546631e-05
7.91	1.6644597053527832e-05
7.92	1.6570091247558594e-05
7.93	1.6510486602783203e-05
7.94	1.6421079635620117e-05
7.95	1.627206802368164e-05
7.96	1.615285873413086e-05
7.97	1.6108155250549316e-05
7.98	1.6033649444580078e-05
7.99	1.5929341316223145e-05
8.0	1.576542854309082e-05
8.01	1.5616416931152344e-05
8.02	1.55717134475708e-05
8.03	1.551210880279541e-05
8.04	1.5437602996826172e-05
8.05	1.5214085578918457e-05
8.06	1.5050172805786133e-05
8.07	1.4975666999816895e-05
8.08	1.4930963516235352e-05
8.09	1.4901161193847656e-05
8.1	1.4707446098327637e-05
8.11	1.449882984161377e-05
8.12	1.4334917068481445e-05
8.13	1.4290213584899902e-05
8.14	1.424551010131836e-05
8.15	1.4066696166992188e-05
8.16	1.3872981071472168e-05
8.17	1.3694167137145996e-05
8.18	1.3589859008789062e-05
8.19	1.354515552520752e-05
8.2	1.3455748558044434e-05
8.21	1.3247132301330566e-05
8.22	1.3113021850585938e-05
8.23	1.3068318367004395e-05
8.24	1.3023614883422852e-05
8.25	1.2934207916259766e-05
8.26	1.2829899787902832e-05
8.27	1.2770295143127441e-05
8.28	1.2680888175964355e-05
8.29	1.265108585357666e-05
8.3	1.2576580047607422e-05
8.31	1.245737075805664e-05
8.32	1.2278556823730469e-05
8.33	1.2174248695373535e-05
8.34	1.2159347534179688e-05
8.35	1.208484172821045e-05
8.36	1.195073127746582e-05
8.37	1.1816620826721191e-05
8.38	1.1742115020751953e-05
8.39	1.1727213859558105e-05
8.4	1.169741153717041e-05
8.41	1.1608004570007324e-05
8.42	1.1518597602844238e-05
8.43	1.1473894119262695e-05
8.44	1.1444091796875e-05
8.45	1.1399388313293457e-05
8.46	1.1354684829711914e-05
8.47	1.1235475540161133e-05
8.48	1.1205673217773438e-05
8.49	1.1160969734191895e-05
8.5	1.1116266250610352e-05
8.51	1.1086463928222656e-05
8.52	1.0922551155090332e-05
8.53	1.0892748832702637e-05
8.54	1.0833144187927246e-05
8.55	1.0788440704345703e-05
8.56	1.074373722076416e-05
8.57	1.0639429092407227e-05
8.58	1.0475516319274902e-05
8.59	1.0415911674499512e-05
8.6	1.0356307029724121e-05
8.61	1.0326504707336426e-05
8.62	1.0207295417785645e-05
8.63	1.004338264465332e-05
8.64	9.968876838684082e-06
8.65	9.909272193908691e-06
8.66	9.894371032714844e-06
8.67	9.8496675491333e-06
8.68	9.715557098388672e-06
8.69	9.700655937194824e-06
8.7	9.670853614807129e-06
8.71	9.611248970031738e-06
8.72	9.59634780883789e-06
8.73	9.5367431640625e-06
8.74	9.462237358093262e-06
8.75	9.387731552124023e-06
8.76	9.357929229736328e-06
8.77	9.328126907348633e-06
8.78	9.208917617797852e-06
8.79	9.119510650634766e-06
8.8	9.045004844665527e-06
8.81	9.015202522277832e-06
8.82	8.940696716308594e-06
8.83	8.866190910339355e-06
8.84	8.791685104370117e-06
8.85	8.717179298400879e-06
8.86	8.687376976013184e-06
8.87	8.64267349243164e-06
8.88	8.58306884765625e-06
8.89	8.52346420288086e-06
8.9	8.448958396911621e-06
8.91	8.38935375213623e-06
8.92	8.359551429748535e-06
8.93	8.314847946166992e-06
8.94	8.255243301391602e-06
8.95	8.180737495422363e-06
8.96	8.061528205871582e-06
8.97	8.061528205871582e-06
8.98	8.016824722290039e-06
8.99	8.016824722290039e-06
9.0	7.957220077514648e-06
9.01	7.82310962677002e-06
9.02	7.793307304382324e-06
9.03	7.763504981994629e-06
9.04	7.68899917602539e-06
9.05	7.62939453125e-06
9.06	7.4803829193115234e-06
9.07	7.450580596923828e-06
9.08	7.37607479095459e-06
9.09	7.316470146179199e-06
9.1	7.241964340209961e-06
9.11	7.12275505065918e-06
9.12	7.092952728271484e-06
9.13	7.078051567077637e-06
9.14	7.048249244689941e-06
9.15	7.0035457611083984e-06
9.16	6.92903995513916e-06
9.17	6.794929504394531e-06
9.18	6.765127182006836e-06
9.19	6.735324859619141e-06
9.2	6.690621376037598e-06
9.21	6.541609764099121e-06
9.22	6.42240047454834e-06
9.23	6.377696990966797e-06
9.24	6.303191184997559e-06
9.25	6.273388862609863e-06
9.26	6.124377250671387e-06
9.27	6.020069122314453e-06
9.28	5.97536563873291e-06
9.29	5.945563316345215e-06
9.3	5.900859832763672e-06
9.31	5.796551704406738e-06
9.32	5.707144737243652e-06
9.33	5.662441253662109e-06
9.34	5.647540092468262e-06
9.35	5.602836608886719e-06
9.36	5.513429641723633e-06
9.37	5.4389238357543945e-06
9.38	5.379319190979004e-06
9.39	5.364418029785156e-06
9.4	5.334615707397461e-06
9.41	5.230307579040527e-06
9.42	5.111098289489746e-06
9.43	5.081295967102051e-06
9.44	5.0514936447143555e-06
9.45	5.036592483520508e-06
9.46	4.991888999938965e-06
9.47	4.842877388000488e-06
9.48	4.76837158203125e-06
9.49	4.753470420837402e-06
9.5	4.738569259643555e-06
9.51	4.693865776062012e-06
9.52	4.5746564865112305e-06
9.53	4.500150680541992e-06
9.54	4.4852495193481445e-06
9.55	4.470348358154297e-06
9.56	4.410743713378906e-06
9.57	4.336237907409668e-06
9.58	4.32133674621582e-06
9.59	4.306435585021973e-06
9.6	4.306435585021973e-06
9.61	4.26173210144043e-06
9.62	4.202127456665039e-06
9.63	4.112720489501953e-06
9.64	4.0531158447265625e-06
9.65	4.0531158447265625e-06
9.66	4.038214683532715e-06
9.67	3.933906555175781e-06
9.68	3.7997961044311523e-06
9.69	3.725290298461914e-06
9.7	3.6954879760742188e-06
9.71	3.680586814880371e-06
9.72	3.56137752532959e-06
9.73	3.4570693969726562e-06
9.74	3.4123659133911133e-06
9.75	3.3974647521972656e-06
9.76	3.3974647521972656e-06
9.77	3.337860107421875e-06
9.78	3.2633543014526367e-06
9.79	3.2186508178710938e-06
9.8	3.203749656677246e-06
9.81	3.203749656677246e-06
9.82	3.1739473342895508e-06
9.83	3.1441450119018555e-06
9.84	3.0994415283203125e-06
9.85	3.084540367126465e-06
9.86	3.069639205932617e-06
9.87	3.039836883544922e-06
9.88	2.995133399963379e-06
9.89	2.9802322387695312e-06
9.9	2.9653310775756836e-06
9.91	2.9355287551879883e-06
9.92	2.9206275939941406e-06
9.93	2.8759241104125977e-06
9.94	2.8014183044433594e-06
9.95	2.771615982055664e-06
9.96	2.771615982055664e-06
9.97	2.771615982055664e-06
9.98	2.7418136596679688e-06
9.99	2.6673078536987305e-06
10.0	2.6673078536987305e-06
10.01	2.6673078536987305e-06
10.02	2.6673078536987305e-06
10.03	2.652406692504883e-06
10.04	2.652406692504883e-06
10.05	2.652406692504883e-06
10.06	2.6226043701171875e-06
10.07	2.6226043701171875e-06
10.08	2.60770320892334e-06
10.09	2.592802047729492e-06
10.1	2.562999725341797e-06
10.11	2.5331974029541016e-06
10.12	2.518296241760254e-06
10.13	2.518296241760254e-06
10.14	2.473592758178711e-06
10.15	2.428889274597168e-06
10.16	2.4139881134033203e-06
10.17	2.384185791015625e-06
10.18	2.3692846298217773e-06
10.19	2.339482307434082e-06
10.2	2.3096799850463867e-06
10.21	2.294778823852539e-06
10.22	2.2649765014648438e-06
10.23	2.2649765014648438e-06
10.24	2.2351741790771484e-06
10.25	2.2202730178833008e-06
10.26	2.205371856689453e-06
10.27	2.16066837310791e-06
10.28	2.16066837310791e-06
10.29	2.16066837310791e-06
10.3	2.16066837310791e-06
10.31	2.1457672119140625e-06
10.32	2.115964889526367e-06
10.33	2.086162567138672e-06
10.34	2.086162567138672e-06
10.35	2.086162567138672e-06
10.36	2.0712614059448242e-06
10.37	2.041459083557129e-06
10.38	2.0116567611694336e-06
10.39	2.0116567611694336e-06
10.4	1.9669532775878906e-06
10.41	1.9371509552001953e-06
10.42	1.9222497940063477e-06
10.43	1.9073486328125e-06
10.44	1.9073486328125e-06
10.45	1.862645149230957e-06
10.46	1.862645149230957e-06
10.47	1.8477439880371094e-06
10.48	1.8477439880371094e-06
10.49	1.8477439880371094e-06
10.5	1.8477439880371094e-06
10.51	1.8477439880371094e-06
10.52	1.8030405044555664e-06
10.53	1.7583370208740234e-06
10.54	1.7583370208740234e-06
10.55	1.7583370208740234e-06
10.56	1.7583370208740234e-06
10.57	1.6987323760986328e-06
10.58	1.6391277313232422e-06
10.59	1.6242265701293945e-06
10.6	1.6242265701293945e-06
10.61	1.6242265701293945e-06
10.62	1.6093254089355469e-06
10.63	1.5497207641601562e-06
10.64	1.5497207641601562e-06
10.65	1.5497207641601562e-06
10.66	1.5348196029663086e-06
10.67	1.5348196029663086e-06
10.68	1.475214958190918e-06
10.69	1.475214958190918e-06
10.7	1.4603137969970703e-06
10.71	1.4603137969970703e-06
10.72	1.4454126358032227e-06
10.73	1.3560056686401367e-06
10.74	1.3560056686401367e-06
10.75	1.3560056686401367e-06
10.76	1.3560056686401367e-06
10.77	1.341104507446289e-06
10.78	1.2814998626708984e-06
10.79	1.2218952178955078e-06
10.8	1.2069940567016602e-06
10.81	1.2069940567016602e-06
10.82	1.1920928955078125e-06
10.83	1.1622905731201172e-06
10.84	1.087784767150879e-06
10.85	1.0728836059570312e-06
10.86	1.0579824447631836e-06
10.87	1.043081283569336e-06
10.88	9.98377799987793e-07
10.89	9.685754776000977e-07
10.9	9.685754776000977e-07
10.91	9.5367431640625e-07
10.92	9.5367431640625e-07
10.93	9.387731552124023e-07
10.94	9.238719940185547e-07
10.95	9.238719940185547e-07
10.96	9.238719940185547e-07
10.97	9.238719940185547e-07
10.98	9.08970832824707e-07
10.99	8.642673492431641e-07
11.0	8.493661880493164e-07
11.01	8.493661880493164e-07
11.02	8.493661880493164e-07
11.03	8.046627044677734e-07
11.04	7.599592208862305e-07
11.05	7.301568984985352e-07
11.06	7.301568984985352e-07
11.07	7.301568984985352e-07
11.08	7.003545761108398e-07
11.09	6.705522537231445e-07
11.1	6.705522537231445e-07
11.11	6.705522537231445e-07
11.12	6.705522537231445e-07
11.13	6.705522537231445e-07
11.14	6.407499313354492e-07
11.15	6.407499313354492e-07
11.16	6.407499313354492e-07
11.17	6.407499313354492e-07
11.18	6.407499313354492e-07
11.19	5.811452865600586e-07
11.2	5.811452865600586e-07
11.21	5.811452865600586e-07
11.22	5.811452865600586e-07
11.23	5.662441253662109e-07
11.24	5.364418029785156e-07
11.25	5.066394805908203e-07
11.26	4.76837158203125e-07
11.27	4.76837158203125e-07
11.28	4.76837158203125e-07
11.29	4.6193599700927734e-07
11.3	4.172325134277344e-07
11.31	3.8743019104003906e-07
11.32	3.8743019104003906e-07
11.33	3.8743019104003906e-07
11.34	3.725290298461914e-07
11.35	3.427267074584961e-07
11.36	3.427267074584961e-07
11.37	3.427267074584961e-07
11.38	3.427267074584961e-07
11.39	3.427267074584961e-07
11.4	3.2782554626464844e-07
11.41	3.2782554626464844e-07
11.42	3.2782554626464844e-07
11.43	3.2782554626464844e-07
11.44	3.2782554626464844e-07
11.45	3.2782554626464844e-07
11.46	3.129243850708008e-07
11.47	3.129243850708008e-07
11.48	3.129243850708008e-07
11.49	2.980232238769531e-07
11.5	2.980232238769531e-07
11.51	2.8312206268310547e-07
11.52	2.8312206268310547e-07
11.53	2.8312206268310547e-07
11.54	2.682209014892578e-07
11.55	2.682209014892578e-07
11.56	2.682209014892578e-07
11.57	2.682209014892578e-07
11.58	2.682209014892578e-07
11.59	2.682209014892578e-07
11.6	2.682209014892578e-07
11.61	2.682209014892578e-07
11.62	2.682209014892578e-07
11.63	2.682209014892578e-07
11.64	2.682209014892578e-07
11.65	2.682209014892578e-07
11.66	2.682209014892578e-07
11.67	2.682209014892578e-07
11.68	2.682209014892578e-07
11.69	2.5331974029541016e-07
11.7	2.5331974029541016e-07
11.71	2.5331974029541016e-07
11.72	2.384185791015625e-07
11.73	2.2351741790771484e-07
11.74	2.2351741790771484e-07
11.75	2.2351741790771484e-07
11.76	2.2351741790771484e-07
11.77	2.086162567138672e-07
11.78	2.086162567138672e-07
11.79	2.086162567138672e-07
11.8	2.086162567138672e-07
11.81	2.086162567138672e-07
11.82	2.086162567138672e-07
11.83	2.086162567138672e-07
11.84	2.086162567138672e-07
11.85	2.086162567138672e-07
11.86	2.086162567138672e-07
11.87	2.086162567138672e-07
11.88	2.086162567138672e-07
11.89	1.9371509552001953e-07
11.9	1.9371509552001953e-07
11.91	1.9371509552001953e-07
11.92	1.9371509552001953e-07
11.93	1.9371509552001953e-07
11.94	1.7881393432617188e-07
11.95	1.7881393432617188e-07
11.96	1.7881393432617188e-07
11.97	1.7881393432617188e-07
11.98	1.7881393432617188e-07
11.99	1.7881393432617188e-07
12.0	1.7881393432617188e-07
12.01	1.7881393432617188e-07
12.02	1.7881393432617188e-07
12.03	1.7881393432617188e-07
12.04	1.7881393432617188e-07
12.05	1.7881393432617188e-07
12.06	1.7881393432617188e-07
12.07	1.7881393432617188e-07
12.08	1.7881393432617188e-07
12.09	1.7881393432617188e-07
12.1	1.7881393432617188e-07
12.11	1.7881393432617188e-07
12.12	1.7881393432617188e-07
12.13	1.7881393432617188e-07
12.14	1.7881393432617188e-07
12.15	1.4901161193847656e-07
12.16	1.4901161193847656e-07
12.17	1.4901161193847656e-07
12.18	1.4901161193847656e-07
12.19	1.341104507446289e-07
12.2	1.1920928955078125e-07
12.21	1.1920928955078125e-07
12.22	1.1920928955078125e-07
12.23	1.1920928955078125e-07
12.24	1.1920928955078125e-07
12.25	1.1920928955078125e-07
12.26	1.1920928955078125e-07
12.27	1.1920928955078125e-07
12.28	1.1920928955078125e-07
12.29	1.1920928955078125e-07
12.3	1.1920928955078125e-07
12.31	1.1920928955078125e-07
12.32	1.1920928955078125e-07
12.33	1.1920928955078125e-07
12.34	1.1920928955078125e-07
12.35	8.940696716308594e-08
12.36	8.940696716308594e-08
12.37	8.940696716308594e-08
12.38	8.940696716308594e-08
12.39	8.940696716308594e-08
12.4	5.960464477539063e-08
12.41	5.960464477539063e-08
12.42	5.960464477539063e-08
12.43	5.960464477539063e-08
12.44	5.960464477539063e-08
12.45	5.960464477539063e-08
12.46	5.960464477539063e-08
12.47	5.960464477539063e-08
12.48	5.960464477539063e-08
12.49	5.960464477539063e-08
12.5	5.960464477539063e-08
12.51	5.960464477539063e-08
12.52	5.960464477539063e-08
12.53	5.960464477539063e-08
12.54	5.960464477539063e-08
12.55	5.960464477539063e-08
12.56	5.960464477539063e-08
12.57	5.960464477539063e-08
12.58	5.960464477539063e-08
12.59	5.960464477539063e-08
12.6	5.960464477539063e-08
12.61	4.470348358154297e-08
12.62	4.470348358154297e-08
12.63	4.470348358154297e-08
12.64	4.470348358154297e-08
12.65	4.470348358154297e-08
12.66	2.9802322387695312e-08
12.67	2.9802322387695312e-08
12.68	2.9802322387695312e-08
12.69	2.9802322387695312e-08
12.7	2.9802322387695312e-08
12.71	2.9802322387695312e-08
12.72	2.9802322387695312e-08
12.73	2.9802322387695312e-08
12.74	2.9802322387695312e-08
12.75	2.9802322387695312e-08
12.76	2.9802322387695312e-08
12.77	2.9802322387695312e-08
12.78	2.9802322387695312e-08
12.79	2.9802322387695312e-08
12.8	2.9802322387695312e-08
12.81	1.4901161193847656e-08
12.82	1.4901161193847656e-08
12.83	1.4901161193847656e-08
12.84	1.4901161193847656e-08
12.85	1.4901161193847656e-08
12.86	0.0
