6.09	0.000502564013004303
6.1	0.0004970990121364594
6.11	0.0004923753440380096
6.12	0.00048726052045822144
6.13	0.00048230960965156555
6.14	0.00047712773084640503
6.15	0.0004722513258457184
6.16	0.00046732276678085327
6.17	0.0004626251757144928
6.18	0.0004576779901981354
6.19	0.00045326724648475647
6.2	0.00044828280806541443
6.21	0.00044367462396621704
6.22	0.0004393383860588074
6.23	0.0004347003996372223
6.24	0.00042999908328056335
6.25	0.00042565539479255676
6.26	0.0004212521016597748
6.27	0.0004171915352344513
6.28	0.00041244179010391235
6.29	0.00040794163942337036
6.3	0.00040405988693237305
6.31	0.0003998689353466034
6.32	0.00039571523666381836
6.33	0.00039120763540267944
6.34	0.00038747861981391907
6.35	0.00038342177867889404
6.36	0.0003795027732849121
6.37	0.0003749057650566101
6.38	0.00037138164043426514
6.39	0.0003676116466522217
6.4	0.00036389753222465515
6.41	0.00035966187715530396
6.42	0.0003559775650501251
6.43	0.00035241618752479553
6.44	0.0003488212823867798
6.45	0.0003448761999607086
6.46	0.00034143775701522827
6.47	0.00033764541149139404
6.48	0.00033408403396606445
6.49	0.00033049657940864563
6.5	0.0003271736204624176
6.51	0.0003237314522266388
6.52	0.00032030045986175537
6.53	0.0003169924020767212
6.54	0.0003136247396469116
6.55	0.00031029433012008667
6.56	0.00030667707324028015
6.57	0.0003035701811313629
6.58	0.0003004595637321472
6.59	0.0002973228693008423
6.6	0.0002939850091934204
6.61	0.00029106810688972473
6.62	0.00028774887323379517
6.63	0.0002848617732524872
6.64	0.0002814866602420807
6.65	0.00027851760387420654
6.66	0.0002755261957645416
6.67	0.00027276575565338135
6.68	0.0002696216106414795
6.69	0.00026680901646614075
6.7	0.00026396289467811584
6.71	0.00026129186153411865
6.72	0.00025824084877967834
6.73	0.0002553798258304596
6.74	0.0002527572214603424
6.75	0.0002501942217350006
6.76	0.0002472326159477234
6.77	0.0002446509897708893
6.78	0.00024203583598136902
6.79	0.0002393685281276703
6.8	0.0002367757260799408
6.81	0.0002341046929359436
6.82	0.00023179501295089722
6.83	0.00022905319929122925
6.84	0.000226583331823349
6.85	0.00022399425506591797
6.86	0.00022162869572639465
6.87	0.00021903961896896362
6.88	0.00021677091717720032
6.89	0.00021423771977424622
6.9	0.00021198391914367676
6.91	0.00020964443683624268
6.92	0.0002073347568511963
6.93	0.00020493194460868835
6.94	0.00020276010036468506
6.95	0.0002002716064453125
6.96	0.0001981109380722046
6.97	0.00019583851099014282
6.98	0.000193670392036438
6.99	0.00019142776727676392
7.0	0.00018931180238723755
7.01	0.0001871362328529358
7.02	0.00018515810370445251
7.03	0.0001828409731388092
7.04	0.00018062815070152283
7.05	0.00017872825264930725
7.06	0.0001767389476299286
7.07	0.00017466768622398376
7.08	0.00017254427075386047
7.09	0.00017076358199119568
7.1	0.0001688748598098755
7.11	0.00016689300537109375
7.12	0.00016469508409500122
7.13	0.00016302987933158875
7.14	0.00016114115715026855
7.15	0.00015928968787193298
7.16	0.00015730410814285278
7.17	0.0001556500792503357
7.18	0.00015389174222946167
7.19	0.0001520998775959015
7.2	0.0001501217484474182
7.21	0.00014850124716758728
7.22	0.00014675408601760864
7.23	0.00014505162835121155
7.24	0.00014333799481391907
7.25	0.00014163553714752197
7.26	0.00014000385999679565
7.27	0.0001383461058139801
7.28	0.0001366734504699707
7.29	0.00013514235615730286
7.3	0.00013352930545806885
7.31	0.00013184547424316406
7.32	0.00013036280870437622
7.33	0.00012880191206932068
7.34	0.00012717768549919128
7.35	0.00012553110718727112
7.36	0.0001241154968738556
7.37	0.0001226179301738739
7.38	0.00012128055095672607
7.39	0.00011960417032241821
7.4	0.00011822208762168884
7.41	0.00011689215898513794
7.42	0.00011542066931724548
7.43	0.00011388957500457764
7.44	0.00011251121759414673
7.45	0.00011128559708595276
7.46	0.00010990723967552185
7.47	0.0001084841787815094
7.48	0.0001072026789188385
7.49	0.00010601058602333069
7.5	0.00010470300912857056
7.51	0.00010327622294425964
7.52	0.00010207667946815491
7.53	0.00010082125663757324
7.54	9.959563612937927e-05
7.55	9.826943278312683e-05
7.56	9.707361459732056e-05
7.57	9.597092866897583e-05
7.58	9.468942880630493e-05
7.59	9.354576468467712e-05
7.6	9.239837527275085e-05
7.61	9.118765592575073e-05
7.62	9.003281593322754e-05
7.63	8.891522884368896e-05
7.64	8.779019117355347e-05
7.65	8.672848343849182e-05
7.66	8.562207221984863e-05
7.67	8.452683687210083e-05
7.68	8.351355791091919e-05
7.69	8.246302604675293e-05
7.7	8.13119113445282e-05
7.71	8.02949070930481e-05
7.72	7.933378219604492e-05
7.73	7.833167910575867e-05
7.74	7.728859782218933e-05
7.75	7.628649473190308e-05
7.76	7.537752389907837e-05
7.77	7.44350254535675e-05
7.78	7.339939475059509e-05
7.79	7.24494457244873e-05
7.8	7.160753011703491e-05
7.81	7.071346044540405e-05
7.82	6.97597861289978e-05
7.83	6.87912106513977e-05
7.84	6.79902732372284e-05
7.85	6.713718175888062e-05
7.86	6.622076034545898e-05
7.87	6.534531712532043e-05
7.88	6.457045674324036e-05
7.89	6.368756294250488e-05
7.9	6.287917494773865e-05
7.91	6.204098463058472e-05
7.92	6.120651960372925e-05
7.93	6.045028567314148e-05
7.94	5.963444709777832e-05
7.95	5.883723497390747e-05
7.96	5.8103352785110474e-05
7.97	5.733966827392578e-05
7.98	5.65946102142334e-05
7.99	5.591660737991333e-05
8.0	5.512312054634094e-05
8.01	5.4407864809036255e-05
8.02	5.361810326576233e-05
8.03	5.292147397994995e-05
8.04	5.2288174629211426e-05
8.05	5.157291889190674e-05
8.06	5.085021257400513e-05
8.07	5.023926496505737e-05
8.08	4.959478974342346e-05
8.09	4.883483052253723e-05
8.1	4.8123300075531006e-05
8.11	4.747509956359863e-05
8.12	4.6912580728530884e-05
8.13	4.623830318450928e-05
8.14	4.55416738986969e-05
8.15	4.4967979192733765e-05
8.16	4.439428448677063e-05
8.17	4.3720006942749023e-05
8.18	4.311278462409973e-05
8.19	4.2457133531570435e-05
8.2	4.192069172859192e-05
8.21	4.13358211517334e-05
8.22	4.0762126445770264e-05
8.23	4.017725586891174e-05
8.24	3.964826464653015e-05
8.25	3.9070844650268555e-05
8.26	3.8489699363708496e-05
8.27	3.7964433431625366e-05
8.28	3.738701343536377e-05
8.29	3.6891549825668335e-05
8.3	3.637373447418213e-05
8.31	3.587082028388977e-05
8.32	3.538653254508972e-05
8.33	3.481656312942505e-05
8.34	3.430992364883423e-05
8.35	3.382936120033264e-05
8.36	3.335624933242798e-05
8.37	3.2842159271240234e-05
8.38	3.2339245080947876e-05
8.39	3.190338611602783e-05
8.4	3.1478703022003174e-05
8.41	3.0975788831710815e-05
8.42	3.046169877052307e-05
8.43	3.0077993869781494e-05
8.44	2.9653310775756836e-05
8.45	2.917647361755371e-05
8.46	2.8699636459350586e-05
8.47	2.830103039741516e-05
8.48	2.7876347303390503e-05
8.49	2.746284008026123e-05
8.5	2.7000904083251953e-05
8.51	2.6620924472808838e-05
8.52	2.6207417249679565e-05
8.53	2.5823712348937988e-05
8.54	2.543628215789795e-05
8.55	2.508610486984253e-05
8.56	2.4683773517608643e-05
8.57	2.428889274597168e-05
8.58	2.3916363716125488e-05
8.59	2.3540109395980835e-05
8.6	2.3171305656433105e-05
8.61	2.2795051336288452e-05
8.62	2.243742346763611e-05
8.63	2.2102147340774536e-05
8.64	2.1766871213912964e-05
8.65	2.134963870048523e-05
8.66	2.103671431541443e-05
8.67	2.0675361156463623e-05
8.68	2.03549861907959e-05
8.69	1.9975006580352783e-05
8.7	1.9665807485580444e-05
8.71	1.9337981939315796e-05
8.72	1.903250813484192e-05
8.73	1.8652528524398804e-05
8.74	1.837313175201416e-05
8.75	1.8045306205749512e-05
8.76	1.7762184143066406e-05
8.77	1.741945743560791e-05
8.78	1.712888479232788e-05
8.79	1.6849488019943237e-05
8.8	1.6588717699050903e-05
8.81	1.6260892152786255e-05
8.82	1.6011297702789307e-05
8.83	1.5739351511001587e-05
8.84	1.5437602996826172e-05
8.85	1.5169382095336914e-05
8.86	1.4916062355041504e-05
8.87	1.467391848564148e-05
8.88	1.440197229385376e-05
8.89	1.4137476682662964e-05
8.9	1.3910233974456787e-05
8.91	1.370161771774292e-05
8.92	1.3422220945358276e-05
8.93	1.317635178565979e-05
8.94	1.2952834367752075e-05
8.95	1.2725591659545898e-05
8.96	1.2483447790145874e-05
8.97	1.2274831533432007e-05
8.98	1.2025237083435059e-05
8.99	1.1850148439407349e-05
9.0	1.1604279279708862e-05
9.01	1.1388212442398071e-05
9.02	1.1164695024490356e-05
9.03	1.0974705219268799e-05
9.04	1.0751187801361084e-05
9.05	1.0576099157333374e-05
9.06	1.0371208190917969e-05
9.07	1.0192394256591797e-05
9.08	9.961426258087158e-06
9.09	9.786337614059448e-06
9.1	9.611248970031738e-06
9.11	9.424984455108643e-06
9.12	9.249895811080933e-06
9.13	9.085983037948608e-06
9.14	8.922070264816284e-06
9.15	8.735805749893188e-06
9.16	8.556991815567017e-06
9.17	8.367002010345459e-06
9.18	8.240342140197754e-06
9.19	8.065253496170044e-06
9.2	7.908791303634644e-06
9.21	7.74487853050232e-06
9.22	7.621943950653076e-06
9.23	7.446855306625366e-06
9.24	7.316470146179199e-06
9.25	7.111579179763794e-06
9.26	7.014721632003784e-06
9.27	6.865710020065308e-06
9.28	6.731599569320679e-06
9.29	6.571412086486816e-06
9.3	6.455928087234497e-06
9.31	6.329268217086792e-06
9.32	6.213784217834473e-06
9.33	6.057322025299072e-06
9.34	5.945563316345215e-06
9.35	5.826354026794434e-06
9.36	5.714595317840576e-06
9.37	5.591660737991333e-06
9.38	5.4836273193359375e-06
9.39	5.368143320083618e-06
9.4	5.248934030532837e-06
9.41	5.159527063369751e-06
9.42	5.0477683544158936e-06
9.43	4.9620866775512695e-06
9.44	4.824250936508179e-06
9.45	4.753470420837402e-06
9.46	4.649162292480469e-06
9.47	4.544854164123535e-06
9.48	4.429370164871216e-06
9.49	4.366040229797363e-06
9.5	4.26173210144043e-06
9.51	4.176050424575806e-06
9.52	4.06801700592041e-06
9.53	3.986060619354248e-06
9.54	3.896653652191162e-06
9.55	3.818422555923462e-06
9.56	3.7103891372680664e-06
9.57	3.6619603633880615e-06
9.58	3.56137752532959e-06
9.59	3.5017728805541992e-06
9.6	3.4123659133911133e-06
9.61	3.3266842365264893e-06
9.62	3.2633543014526367e-06
9.63	3.1962990760803223e-06
9.64	3.11434268951416e-06
9.65	3.039836883544922e-06
9.66	2.9765069484710693e-06
9.67	2.905726432800293e-06
9.68	2.8461217880249023e-06
9.69	2.775341272354126e-06
9.7	2.726912498474121e-06
9.71	2.6561319828033447e-06
9.72	2.600252628326416e-06
9.73	2.522021532058716e-06
9.74	2.4847686290740967e-06
9.75	2.391636371612549e-06
9.76	2.3543834686279297e-06
9.77	2.2836029529571533e-06
9.78	2.253800630569458e-06
9.79	2.1867454051971436e-06
9.8	2.1420419216156006e-06
9.81	2.074986696243286e-06
9.82	2.0489096641540527e-06
9.83	1.9706785678863525e-06
9.84	1.9297003746032715e-06
9.85	1.8775463104248047e-06
9.86	1.8291175365447998e-06
9.87	1.780688762664795e-06
9.88	1.7471611499786377e-06
9.89	1.6987323760986328e-06
9.9	1.650303602218628e-06
9.91	1.6093254089355469e-06
9.92	1.564621925354004e-06
9.93	1.5422701835632324e-06
9.94	1.4901161193847656e-06
9.95	1.4565885066986084e-06
9.96	1.426786184310913e-06
9.97	1.3932585716247559e-06
9.98	1.344829797744751e-06
9.99	1.3299286365509033e-06
10.0	1.2777745723724365e-06
10.01	1.259148120880127e-06
10.02	1.214444637298584e-06
10.03	1.1809170246124268e-06
10.04	1.1399388313293457e-06
10.05	1.1213123798370361e-06
10.06	1.084059476852417e-06
10.07	1.0617077350616455e-06
10.08	1.0170042514801025e-06
10.09	9.98377799987793e-07
10.1	9.648501873016357e-07
10.11	9.238719940185547e-07
10.12	8.977949619293213e-07
10.13	8.828938007354736e-07
10.14	8.456408977508545e-07
10.15	8.23289155960083e-07
10.16	7.897615432739258e-07
10.17	7.711350917816162e-07
10.18	7.450580596923828e-07
10.19	7.152557373046875e-07
10.2	6.92903995513916e-07
10.21	6.705522537231445e-07
10.22	6.407499313354492e-07
10.23	6.146728992462158e-07
10.24	6.034970283508301e-07
10.25	5.662441253662109e-07
10.26	5.587935447692871e-07
10.27	5.364418029785156e-07
10.28	5.21540641784668e-07
10.29	4.954636096954346e-07
10.3	4.805624485015869e-07
10.31	4.5821070671081543e-07
10.32	4.507601261138916e-07
10.33	4.246830940246582e-07
10.34	4.0978193283081055e-07
10.35	3.948807716369629e-07
10.36	3.7997961044311523e-07
10.37	3.688037395477295e-07
10.38	3.5390257835388184e-07
10.39	3.3527612686157227e-07
10.4	3.2782554626464844e-07
10.41	3.166496753692627e-07
10.42	2.942979335784912e-07
10.43	2.8312206268310547e-07
10.44	2.7194619178771973e-07
10.45	2.682209014892578e-07
10.46	2.5331974029541016e-07
10.47	2.421438694000244e-07
10.48	2.3096799850463867e-07
10.49	2.2724270820617676e-07
10.5	2.086162567138672e-07
10.51	2.086162567138672e-07
10.52	1.9371509552001953e-07
10.53	1.862645149230957e-07
10.54	1.7881393432617188e-07
10.55	1.7508864402770996e-07
10.56	1.601874828338623e-07
10.57	1.564621925354004e-07
10.58	1.4528632164001465e-07
10.59	1.4156103134155273e-07
10.6	1.2665987014770508e-07
10.61	1.2293457984924316e-07
10.62	1.1548399925231934e-07
10.63	1.1175870895385742e-07
10.64	1.043081283569336e-07
10.65	1.0058283805847168e-07
10.66	9.313225746154785e-08
10.67	8.940696716308594e-08
10.68	8.568167686462402e-08
10.69	7.82310962677002e-08
10.7	7.078051567077637e-08
10.71	7.078051567077637e-08
10.72	6.705522537231445e-08
10.73	5.960464477539063e-08
10.74	5.587935447692871e-08
10.75	5.21540641784668e-08
10.76	5.21540641784668e-08
10.77	4.470348358154297e-08
10.78	4.0978193283081055e-08
10.79	3.725290298461914e-08
10.8	3.725290298461914e-08
10.81	3.3527612686157227e-08
10.82	3.3527612686157227e-08
10.83	2.60770320892334e-08
10.84	2.60770320892334e-08
10.85	2.60770320892334e-08
10.86	2.2351741790771484e-08
10.87	1.862645149230957e-08
10.88	1.862645149230957e-08
10.89	1.4901161193847656e-08
10.9	1.4901161193847656e-08
10.91	1.1175870895385742e-08
10.92	7.450580596923828e-09
10.93	7.450580596923828e-09
10.94	7.450580596923828e-09
10.95	7.450580596923828e-09
10.96	7.450580596923828e-09
10.97	3.725290298461914e-09
10.98	3.725290298461914e-09
10.99	3.725290298461914e-09
11.0	0.0
