5.93	0.00054931640625
5.94	0.00048828125
5.95	0.00048828125
5.96	0.00048828125
5.97	0.00048828125
5.98	0.00048828125
5.99	0.00048828125
6.0	0.00048828125
6.01	0.00048828125
6.02	0.00042724609375
6.03	0.00042724609375
6.04	0.00042724609375
6.05	0.00042724609375
6.06	0.00042724609375
6.07	0.00042724609375
6.08	0.00042724609375
6.09	0.00042724609375
6.1	0.00042724609375
6.11	0.00042724609375
6.12	0.00042724609375
6.13	0.00042724609375
6.14	0.00042724609375
6.15	0.00042724609375
6.16	0.00042724609375
6.17	0.00042724609375
6.18	0.00042724609375
6.19	0.00042724609375
6.2	0.00042724609375
6.21	0.00042724609375
6.22	0.00042724609375
6.23	0.00042724609375
6.24	0.00042724609375
6.25	0.00042724609375
6.26	0.00042724609375
6.27	0.00042724609375
6.28	0.00042724609375
6.29	0.00042724609375
6.3	0.00042724609375
6.31	0.00042724609375
6.32	0.00042724609375
6.33	0.00042724609375
6.34	0.00042724609375
6.35	0.0003662109375
6.36	0.0003662109375
6.37	0.0003662109375
6.38	0.0003662109375
6.39	0.0003662109375
6.4	0.00030517578125
6.41	0.000244140625
6.42	0.000244140625
6.43	0.000244140625
6.44	0.000244140625
6.45	0.000244140625
6.46	0.000244140625
6.47	0.000244140625
6.48	0.000244140625
6.49	0.000244140625
6.5	0.000244140625
6.51	0.000244140625
6.52	0.000244140625
6.53	0.000244140625
6.54	0.000244140625
6.55	0.000244140625
6.56	0.000244140625
6.57	0.000244140625
6.58	0.000244140625
6.59	0.000244140625
6.6	0.000244140625
6.61	0.000244140625
6.62	0.000244140625
6.63	0.000244140625
6.64	0.000244140625
6.65	0.000244140625
6.66	0.000244140625
6.67	0.000244140625
6.68	0.000244140625
6.69	0.000244140625
6.7	0.000244140625
6.71	0.000244140625
6.72	0.000244140625
6.73	0.000244140625
6.74	0.000244140625
6.75	0.000244140625
6.76	0.000244140625
6.77	0.000244140625
6.78	0.000244140625
6.79	0.000244140625
6.8	0.000244140625
6.81	0.000244140625
6.82	0.000244140625
6.83	0.000244140625
6.84	0.00018310546875
6.85	0.00018310546875
6.86	0.00018310546875
6.87	0.00018310546875
6.88	0.00018310546875
6.89	0.0001220703125
6.9	0.0001220703125
6.91	0.0001220703125
6.92	0.0001220703125
6.93	0.0001220703125
6.94	0.0001220703125
6.95	0.0001220703125
6.96	0.0001220703125
6.97	0.0001220703125
6.98	0.0001220703125
6.99	0.0001220703125
7.0	0.0001220703125
7.01	0.0001220703125
7.02	0.0001220703125
7.03	0.0001220703125
7.04	0.0001220703125
7.05	0.0001220703125
7.06	0.0001220703125
7.07	0.0001220703125
7.08	0.0001220703125
7.09	0.0001220703125
7.1	0.0001220703125
7.11	0.0001220703125
7.12	0.0001220703125
7.13	0.0001220703125
7.14	0.0001220703125
7.15	0.0001220703125
7.16	0.0001220703125
7.17	0.0001220703125
7.18	0.0001220703125
7.19	0.0001220703125
7.2	0.0001220703125
7.21	0.0001220703125
7.22	0.0001220703125
7.23	0.0001220703125
7.24	0.0001220703125
7.25	0.0001220703125
7.26	0.0001220703125
7.27	0.0001220703125
7.28	0.0001220703125
7.29	0.0001220703125
7.3	0.0001220703125
7.31	0.0001220703125
7.32	0.0001220703125
7.33	0.0001220703125
7.34	0.0001220703125
7.35	6.103515625e-05
7.36	6.103515625e-05
7.37	6.103515625e-05
7.38	6.103515625e-05
7.39	6.103515625e-05
7.4	6.103515625e-05
7.41	6.103515625e-05
7.42	6.103515625e-05
7.43	6.103515625e-05
7.44	6.103515625e-05
7.45	6.103515625e-05
7.46	6.103515625e-05
7.47	6.103515625e-05
7.48	6.103515625e-05
7.49	6.103515625e-05
7.5	6.103515625e-05
7.51	6.103515625e-05
7.52	6.103515625e-05
7.53	6.103515625e-05
7.54	6.103515625e-05
7.55	6.103515625e-05
7.56	6.103515625e-05
7.57	6.103515625e-05
7.58	6.103515625e-05
7.59	6.103515625e-05
7.6	6.103515625e-05
7.61	6.103515625e-05
7.62	6.103515625e-05
7.63	6.103515625e-05
7.64	6.103515625e-05
7.65	6.103515625e-05
7.66	6.103515625e-05
7.67	6.103515625e-05
7.68	6.103515625e-05
7.69	6.103515625e-05
7.7	6.103515625e-05
7.71	6.103515625e-05
7.72	6.103515625e-05
7.73	6.103515625e-05
7.74	6.103515625e-05
7.75	6.103515625e-05
7.76	6.103515625e-05
7.77	6.103515625e-05
7.78	6.103515625e-05
7.79	6.103515625e-05
7.8	6.103515625e-05
7.81	6.103515625e-05
7.82	6.103515625e-05
7.83	6.103515625e-05
7.84	6.103515625e-05
7.85	0.0
