6.0	0.0005016339855501428
6.01	0.0004969514557160437
6.02	0.0004923129890812561
6.03	0.00048771600995678455
6.04	0.0004831379046663642
6.05	0.00047860290214885026
6.06	0.00047410762635990977
6.07	0.0004696560790762305
6.08	0.0004652490315493196
6.09	0.0004608598101185635
6.1	0.00045651273103430867
6.11	0.00045219980529509485
6.12	0.0004479362687561661
6.13	0.0004437019524630159
6.14	0.00043949749669991434
6.15	0.0004353287076810375
6.16	0.00043119235488120466
6.17	0.00042710185516625643
6.18	0.0004230364866089076
6.19	0.00041897133633028716
6.2	0.00041501305531710386
6.21	0.0004110559675609693
6.22	0.0004071289295097813
6.23	0.0004031896241940558
6.24	0.00039936711254995316
6.25	0.00039554398972541094
6.26	0.0003917549329344183
6.27	0.00038799124013166875
6.28	0.00038425353704951704
6.29	0.0003805551241384819
6.3	0.000376891897758469
6.31	0.00037326062738429755
6.32	0.00036966020707041025
6.33	0.00036608154186978936
6.34	0.0003625276149250567
6.35	0.0003590247797546908
6.36	0.0003555444272933528
6.37	0.00035209181078244
6.38	0.00034866531495936215
6.39	0.00034526383387856185
6.4	0.00034190637234132737
6.41	0.00033856730442494154
6.42	0.0003352679341332987
6.43	0.0003319858369650319
6.44	0.00032870548602659255
6.45	0.00032551576441619545
6.46	0.00032232249213848263
6.47	0.0003191590076312423
6.48	0.0003159836633130908
6.49	0.0003129081451334059
6.5	0.000309827271848917
6.51	0.000306770671159029
6.52	0.0003037362184841186
6.53	0.00030072955996729434
6.54	0.00029775151051580906
6.55	0.00029480247758328915
6.56	0.00029187854670453817
6.57	0.0002889672905439511
6.58	0.000286094713374041
6.59	0.0002832502650562674
6.6	0.00028042285703122616
6.61	0.00027762439276557416
6.62	0.00027484203747007996
6.63	0.0002720945776673034
6.64	0.0002693711867323145
6.65	0.000266672795987688
6.66	0.0002639930899022147
6.67	0.0002613342512631789
6.68	0.00025870403624139726
6.69	0.0002560966386226937
6.7	0.00025351847580168396
6.71	0.00025095193996094167
6.72	0.00024841641425155103
6.73	0.00024590235261712223
6.74	0.000243407761445269
6.75	0.00024093809770420194
6.76	0.0002384898398304358
6.77	0.0002360668731853366
6.78	0.0002336639881832525
6.79	0.00023128732573240995
6.8	0.00022892619017511606
6.81	0.00022658186207991093
6.82	0.0002242685732198879
6.83	0.00022197645739652216
6.84	0.000219707828364335
6.85	0.00021745284902863204
6.86	0.00021521677263081074
6.87	0.00021300521621014923
6.88	0.00021081561862956733
6.89	0.0002086448948830366
6.9	0.0002064900763798505
6.91	0.00020435692567843944
6.92	0.00020224365289323032
6.93	0.0002001562825171277
6.94	0.00019807863282039762
6.95	0.00019602078828029335
6.96	0.00019398143922444433
6.97	0.0001919677306432277
6.98	0.0001899677881738171
6.99	0.00018798363453242928
7.0	0.00018602049385663122
7.01	0.0001840722979977727
7.02	0.0001821494661271572
7.03	0.00018023778102360666
7.04	0.00017834223399404436
7.05	0.00017646345077082515
7.06	0.000174606655491516
7.07	0.0001727683556964621
7.08	0.00017094254144467413
7.09	0.00016913538274820894
7.1	0.0001673403603490442
7.11	0.00016556795162614435
7.12	0.0001638151879888028
7.13	0.0001620760012883693
7.14	0.00016035175940487534
7.15	0.00015864412125665694
7.16	0.0001569549203850329
7.17	0.00015528479707427323
7.18	0.00015362940030172467
7.19	0.00015198465553112328
7.2	0.00015035901742521673
7.21	0.00014875319902785122
7.22	0.00014715974975842983
7.23	0.00014558236580342054
7.24	0.0001440167980035767
7.25	0.00014247093349695206
7.26	0.000140940654091537
7.27	0.00013942254008725286
7.28	0.00013791541277896613
7.29	0.00013642630074173212
7.3	0.00013495540770236403
7.31	0.0001334966073045507
7.32	0.00013205152936279774
7.33	0.00013061352365184575
7.34	0.00012919587607029825
7.35	0.00012778987002093345
7.36	0.00012640227214433253
7.37	0.00012502163008321077
7.38	0.00012364942813292146
7.39	0.0001222973078256473
7.4	0.00012095588317606598
7.41	0.00011962947610300034
7.42	0.00011831236770376563
7.43	0.000117005460197106
7.44	0.00011571361392270774
7.45	0.0001144359412137419
7.46	0.00011317369353491813
7.47	0.00011191933299414814
7.48	0.00011067811283282936
7.49	0.00010945001849904656
7.5	0.00010823385673575103
7.51	0.00010702853614930063
7.52	0.00010583673429209739
7.53	0.00010465766536071897
7.54	0.0001034908345900476
7.55	0.00010233760986011475
7.56	0.0001011884305626154
7.57	0.00010005729563999921
7.58	9.893388778436929e-05
7.59	9.782782581169158e-05
7.6	9.673132444731891e-05
7.61	9.564068750478327e-05
7.62	9.456595580559224e-05
7.63	9.350011532660574e-05
7.64	9.244900138583034e-05
7.65	9.140725887846202e-05
7.66	9.03726031538099e-05
7.67	8.934961806517094e-05
7.68	8.833917672745883e-05
7.69	8.734175935387611e-05
7.7	8.634956611786038e-05
7.71	8.536773384548724e-05
7.72	8.439322118647397e-05
7.73	8.343177614733577e-05
7.74	8.247923688031733e-05
7.75	8.153617091011256e-05
7.76	8.060428081080317e-05
7.77	7.967621786519885e-05
7.78	7.87621975177899e-05
7.79	7.785424531903118e-05
7.8	7.69586768001318e-05
7.81	7.606994768138975e-05
7.82	7.51908082747832e-05
7.83	7.432502752635628e-05
7.84	7.346026541199535e-05
7.85	7.260676648002118e-05
7.86	7.17631628504023e-05
7.87	7.092798477970064e-05
7.88	7.010334229562432e-05
7.89	6.928530638106167e-05
7.9	6.847562326584011e-05
7.91	6.767184822820127e-05
7.92	6.688377470709383e-05
7.93	6.609705451410264e-05
7.94	6.532193219754845e-05
7.95	6.455219408962876e-05
7.96	6.379214755725116e-05
7.97	6.304460112005472e-05
7.98	6.229996506590396e-05
7.99	6.156667950563133e-05
8.0	6.083502375986427e-05
8.01	6.012007361277938e-05
8.02	5.940716073382646e-05
8.03	5.870555469300598e-05
8.04	5.8010482462123036e-05
8.05	5.7319324696436524e-05
8.06	5.663951742462814e-05
8.07	5.5965560022741556e-05
8.08	5.529753980226815e-05
8.09	5.463795969262719e-05
8.1	5.398527719080448e-05
8.11	5.33395359525457e-05
8.12	5.270175461191684e-05
8.13	5.206253263168037e-05
8.14	5.1441602408885956e-05
8.15	5.0824834033846855e-05
8.16	5.02141920151189e-05
8.17	4.9608919653110206e-05
8.18	4.900868225377053e-05
8.19	4.841390182264149e-05
8.2	4.7829453251324594e-05
8.21	4.7243331209756434e-05
8.22	4.6676796046085656e-05
8.23	4.610468749888241e-05
8.24	4.554298357106745e-05
8.25	4.498715861700475e-05
8.26	4.4438434997573495e-05
8.27	4.389493551570922e-05
8.28	4.33529494330287e-05
8.29	4.281895235180855e-05
8.3	4.229428304824978e-05
8.31	4.1774939745664597e-05
8.32	4.12574881920591e-05
8.33	4.074632306583226e-05
8.34	4.024332156404853e-05
8.35	3.9745267713442445e-05
8.36	3.925435885321349e-05
8.37	3.876755363307893e-05
8.38	3.827940963674337e-05
8.39	3.780808765441179e-05
8.4	3.733779885806143e-05
8.41	3.687331627588719e-05
8.42	3.6411729524843395e-05
8.43	3.5957040381617844e-05
8.44	3.5507327993400395e-05
8.45	3.5064396797679365e-05
8.46	3.461846790742129e-05
8.47	3.418826963752508e-05
8.48	3.3759031794033945e-05
8.49	3.333536733407527e-05
8.5	3.291759639978409e-05
8.51	3.250298323109746e-05
8.52	3.209122223779559e-05
8.53	3.1684336136095226e-05
8.54	3.1285773729905486e-05
8.55	3.0889641493558884e-05
8.56	3.0496856197714806e-05
8.57	3.0108130886219442e-05
8.58	2.972366928588599e-05
8.59	2.9347589588724077e-05
8.6	2.897270314861089e-05
8.61	2.8600392397493124e-05
8.62	2.8231210308149457e-05
8.63	2.7864298317581415e-05
8.64	2.751014835666865e-05
8.65	2.715642040129751e-05
8.66	2.6805457309819758e-05
8.67	2.645730273798108e-05
8.68	2.6114910724572837e-05
8.69	2.577539999037981e-05
8.7	2.5441418983973563e-05
8.71	2.5107001420110464e-05
8.72	2.4784589186310768e-05
8.73	2.446165308356285e-05
8.74	2.4142442271113396e-05
8.75	2.3826127289794385e-05
8.76	2.3513392079621553e-05
8.77	2.3205459001474082e-05
8.78	2.2901585907675326e-05
8.79	2.2601481759920716e-05
8.8	2.2303705918602645e-05
8.81	2.2008942323736846e-05
8.82	2.1721047232858837e-05
8.83	2.1433705114759505e-05
8.84	2.1151790861040354e-05
8.85	2.0871448214165866e-05
8.86	2.0594321540556848e-05
8.87	2.032137126661837e-05
8.88	2.0050618331879377e-05
8.89	1.9787868950515985e-05
8.9	1.9522791262716055e-05
8.91	1.9260914996266365e-05
8.92	1.9004059140570462e-05
8.93	1.8750783056020737e-05
8.94	1.8499151337891817e-05
8.95	1.8249658751301467e-05
8.96	1.8001446733251214e-05
8.97	1.7759797628968954e-05
8.98	1.751906529534608e-05
8.99	1.7282101907767355e-05
9.0	1.704726309981197e-05
9.01	1.6816818970255554e-05
9.02	1.6587480786256492e-05
9.03	1.6361736925318837e-05
9.04	1.6137491911649704e-05
9.05	1.5917583368718624e-05
9.06	1.5701138181611896e-05
9.07	1.5487137716263533e-05
9.08	1.5274708857759833e-05
9.09	1.5064739272929728e-05
9.1	1.4857316273264587e-05
9.11	1.4654098777100444e-05
9.12	1.4452569303102791e-05
9.13	1.425111258868128e-05
9.14	1.4056131476536393e-05
9.15	1.3860611943528056e-05
9.16	1.3671276974491775e-05
9.17	1.3481694622896612e-05
9.18	1.3294353266246617e-05
9.19	1.3110460713505745e-05
9.2	1.2926218914799392e-05
9.21	1.2745615094900131e-05
9.22	1.2569231330417097e-05
9.23	1.2394302757456899e-05
9.24	1.2219752534292638e-05
9.25	1.2047865311615169e-05
9.26	1.1878713849000633e-05
9.27	1.1710391845554113e-05
9.28	1.1544761946424842e-05
9.29	1.1380761861801147e-05
9.3	1.1219221050851047e-05
9.31	1.1058698873966932e-05
9.32	1.0900359484367073e-05
9.33	1.0743533493950963e-05
9.34	1.059146597981453e-05
9.35	1.0439078323543072e-05
9.36	1.0289368219673634e-05
9.37	1.0141055099666119e-05
9.38	9.992581908591092e-06
9.39	9.84985672403127e-06
9.4	9.709838195703924e-06
9.41	9.570052498020232e-06
9.42	9.431489161215723e-06
9.43	9.294308256357908e-06
9.44	9.159732144325972e-06
9.45	9.027455234900117e-06
9.46	8.895251085050404e-06
9.47	8.767412509769201e-06
9.48	8.639573934487998e-06
9.49	8.514500223100185e-06
9.5	8.389819413423538e-06
9.51	8.267612429335713e-06
9.52	8.146264008246362e-06
9.53	8.027214789763093e-06
9.54	7.91033380664885e-06
9.55	7.794398698024452e-06
9.56	7.679613190703094e-06
9.57	7.56514782551676e-06
9.58	7.4542476795613766e-06
9.59	7.343478500843048e-06
9.6	7.234106305986643e-06
9.61	7.12658220436424e-06
9.62	7.018912583589554e-06
9.63	6.91380409989506e-06
9.64	6.811183993704617e-06
9.65	6.708316504955292e-06
9.66	6.6060456447303295e-06
9.67	6.505157216452062e-06
9.68	6.407091859728098e-06
9.69	6.310147000476718e-06
9.7	6.214657332748175e-06
9.71	6.118527380749583e-06
9.72	6.025671609677374e-06
9.73	5.93348522670567e-06
9.74	5.842986865900457e-06
9.75	5.753739969804883e-06
9.76	5.665424396283925e-06
9.77	5.578418495133519e-06
9.78	5.49269316252321e-06
9.79	5.4082192946225405e-06
9.8	5.3238472901284695e-06
9.81	5.242240149527788e-06
9.82	5.160443834029138e-06
9.83	5.0805683713406324e-06
9.84	5.001857061870396e-06
9.85	4.9243244575336576e-06
9.86	4.847548552788794e-06
9.87	4.772213287651539e-06
9.88	4.697008989751339e-06
9.89	4.624394932761788e-06
9.9	4.551708116196096e-06
9.91	4.4803309720009565e-06
9.92	4.4108746806159616e-06
9.93	4.341432941146195e-06
9.94	4.2731116991490126e-06
9.95	4.205023287795484e-06
9.96	4.1379244066774845e-06
9.97	4.072426236234605e-06
9.98	4.0088052628561854e-06
9.99	3.9447477320209146e-06
10.0	3.8814760046079755e-06
10.01	3.818553523160517e-06
10.02	3.7572899600490928e-06
10.03	3.696521162055433e-06
10.04	3.6372075555846095e-06
10.05	3.5786943044513464e-06
10.06	3.520850441418588e-06
10.07	3.463530447334051e-06
10.08	3.4065742511302233e-06
10.09	3.351306077092886e-06
10.1	3.296969225630164e-06
10.11	3.243141691200435e-06
10.12	3.1896051950752735e-06
10.13	3.1361414585262537e-06
10.14	3.0846567824482918e-06
10.15	3.0335068004205823e-06
10.16	2.9831280698999763e-06
10.17	2.9333459679037333e-06
10.18	2.884073182940483e-06
10.19	2.835920895449817e-06
10.2	2.7880450943484902e-06
10.21	2.7408532332628965e-06
10.22	2.695334842428565e-06
10.23	2.6504567358642817e-06
10.24	2.6051566237583756e-06
10.25	2.5619956431910396e-06
10.26	2.518703695386648e-06
10.27	2.47600837610662e-06
10.28	2.4342298274859786e-06
10.29	2.3931788746267557e-06
10.3	2.3531465558335185e-06
10.31	2.3128814063966274e-06
10.32	2.273678546771407e-06
10.33	2.2345921024680138e-06
10.34	2.196713467128575e-06
10.35	2.1593004930764437e-06
10.36	2.1221640054136515e-06
10.37	2.085420419462025e-06
10.38	2.0492880139499903e-06
10.39	2.0151055650785565e-06
10.4	1.9807921489700675e-06
10.41	1.9458821043372154e-06
10.42	1.9120052456855774e-06
10.43	1.8792779883369803e-06
10.44	1.8472055671736598e-06
10.45	1.8146529328078032e-06
10.46	1.7826532712206244e-06
10.47	1.751177478581667e-06
10.48	1.7202546587213874e-06
10.49	1.689739292487502e-06
10.5	1.6595295164734125e-06
10.51	1.6295089153572917e-06
10.52	1.5998375602066517e-06
10.53	1.5709665603935719e-06
10.54	1.5427067410200834e-06
10.55	1.5143741620704532e-06
10.56	1.4866527635604143e-06
10.57	1.4591787476092577e-06
10.58	1.4326069504022598e-06
10.59	1.40667543746531e-06
10.6	1.3812386896461248e-06
10.61	1.3554381439462304e-06
10.62	1.3304379535838962e-06
10.63	1.3058888725936413e-06
10.64	1.2820237316191196e-06
10.65	1.2586533557623625e-06
10.66	1.2346572475507855e-06
10.67	1.2123200576752424e-06
10.68	1.1903175618499517e-06
10.69	1.168431481346488e-06
10.7	1.1463998816907406e-06
10.71	1.1245138011872768e-06
10.72	1.103893737308681e-06
10.73	1.0843068594112992e-06
10.74	1.0642979759722948e-06
10.75	1.0445219231769443e-06
10.76	1.0250223567709327e-06
10.77	1.0061776265501976e-06
10.78	9.878567652776837e-07
10.79	9.692012099549174e-07
10.8	9.513023542240262e-07
10.81	9.333161870017648e-07
10.82	9.156647138297558e-07
10.83	8.985080057755113e-07
10.84	8.807837730273604e-07
10.85	8.634960977360606e-07
10.86	8.464994607493281e-07
10.87	8.300849003717303e-07
10.88	8.143542800098658e-07
10.89	7.980124792084098e-07
10.9	7.818307494744658e-07
10.91	7.659982657060027e-07
10.92	7.510680006816983e-07
10.93	7.361522875726223e-07
10.94	7.21702235750854e-07
10.95	7.068156264722347e-07
10.96	6.923801265656948e-07
10.97	6.785703590139747e-07
10.98	6.651243893429637e-07
10.99	6.516202120110393e-07
11.0	6.382178980857134e-07
11.01	6.255286280065775e-07
11.02	6.129266694188118e-07
11.03	6.005429895594716e-07
11.04	5.8826117310673e-07
11.05	5.760666681453586e-07
11.06	5.648762453347445e-07
11.07	5.534238880500197e-07
11.08	5.423062248155475e-07
11.09	5.31261321157217e-07
11.1	5.202891770750284e-07
11.11	5.101028364151716e-07
11.12	4.999892553314567e-07
11.13	4.898756742477417e-07
11.14	4.797184374183416e-07
11.15	4.699541023001075e-07
11.16	4.602334229275584e-07
11.17	4.5073102228343487e-07
11.18	4.414614522829652e-07
11.19	4.3190084397792816e-07
11.2	4.226312739774585e-07
11.21	4.135799827054143e-07
11.22	4.051107680425048e-07
11.23	3.9639417082071304e-07
11.24	3.8764846976846457e-07
11.25	3.791938070207834e-07
11.26	3.710301825776696e-07
11.27	3.632594598457217e-07
11.28	3.55139491148293e-07
11.29	3.475870471447706e-07
11.3	3.3988908398896456e-07
11.31	3.3248215913772583e-07
11.32	3.2526440918445587e-07
11.33	3.1807576306164265e-07
11.34	3.110617399215698e-07
11.35	3.0429509934037924e-07
11.36	2.977321855723858e-07
11.37	2.909655449911952e-07
11.38	2.845044946298003e-07
11.39	2.7817441150546074e-07
11.4	2.7203350327908993e-07
11.41	2.6600901037454605e-07
11.42	2.60057277046144e-07
11.43	2.5410554371774197e-07
11.44	2.4848850443959236e-07
11.45	2.427696017548442e-07
11.46	2.3744360078126192e-07
11.47	2.3200118448585272e-07
11.48	2.2663152776658535e-07
11.49	2.2148014977574348e-07
11.5	2.1654705051332712e-07
11.51	2.1145388018339872e-07
11.52	2.0653533283621073e-07
11.53	2.01587681658566e-07
11.54	1.9665458239614964e-07
11.55	1.919688656926155e-07
11.56	1.8748687580227852e-07
11.57	1.832813723012805e-07
11.58	1.789740053936839e-07
11.59	1.746811904013157e-07
11.6	1.7031561583280563e-07
11.61	1.6637204680591822e-07
11.62	1.6241392586380243e-07
11.63	1.5877594705671072e-07
11.64	1.551816239953041e-07
11.65	1.5144178178161383e-07
11.66	1.4774559531360865e-07
11.67	1.4413672033697367e-07
11.68	1.4090619515627623e-07
11.69	1.3758835848420858e-07
11.7	1.343723852187395e-07
11.71	1.311273081228137e-07
11.72	1.2795499060302973e-07
11.73	1.2491364032030106e-07
11.74	1.2174132280051708e-07
11.75	1.1881638783961535e-07
11.76	1.157604856416583e-07
11.77	1.1302472557872534e-07
11.78	1.100997906178236e-07
11.79	1.0721851140260696e-07
11.8	1.047010300680995e-07
11.81	1.0196527000516653e-07
11.82	9.95205482468009e-08
11.83	9.682844392955303e-08
11.84	9.436917025595903e-08
11.85	9.18371370062232e-08
11.86	8.94215190783143e-08
11.87	8.706410881131887e-08
11.88	8.463393896818161e-08
11.89	8.236384019255638e-08
11.9	8.003553375601768e-08
11.91	7.795460987836123e-08
11.92	7.60337570682168e-08
11.93	7.392372936010361e-08
11.94	7.193011697381735e-08
11.95	6.998016033321619e-08
11.96	6.81320670992136e-08
11.97	6.653135642409325e-08
11.98	6.484333425760269e-08
11.99	6.305344868451357e-08
12.0	6.142363417893648e-08
12.01	5.980837158858776e-08
12.02	5.8353180065751076e-08
12.03	5.6781573221087456e-08
12.04	5.52245182916522e-08
12.05	5.3783878684043884e-08
12.06	5.23286871612072e-08
12.07	5.103356670588255e-08
12.08	4.959292709827423e-08
12.09	4.8094079829752445e-08
12.1	4.681351128965616e-08
12.11	4.559115041047335e-08
12.12	4.42960299551487e-08
12.13	4.303001333028078e-08
12.14	4.182220436632633e-08
12.15	4.080357030034065e-08
12.16	3.961031325161457e-08
12.17	3.856257535517216e-08
12.18	3.738387022167444e-08
12.19	3.624882083386183e-08
12.2	3.523018676787615e-08
12.21	3.4226104617118835e-08
12.22	3.319291863590479e-08
12.23	3.207242116332054e-08
12.24	3.102468326687813e-08
12.25	3.003515303134918e-08
12.26	2.9249349609017372e-08
12.27	2.8361682780086994e-08
12.28	2.7488567866384983e-08
12.29	2.6557245291769505e-08
12.3	2.5829649530351162e-08
12.31	2.5174813345074654e-08
12.32	2.440356183797121e-08
12.33	2.3632310330867767e-08
12.34	2.2948370315134525e-08
12.35	2.2308086045086384e-08
12.36	2.158049028366804e-08
12.37	2.0925654098391533e-08
12.38	2.024171408265829e-08
12.39	1.964508555829525e-08
12.4	1.9106664694845676e-08
12.41	1.849548425525427e-08
12.42	1.7898855730891228e-08
12.43	1.7171259969472885e-08
12.44	1.6661942936480045e-08
12.45	1.622538547962904e-08
12.46	1.5730620361864567e-08
12.47	1.5264959074556828e-08
12.48	1.4741090126335621e-08
12.49	1.4246325008571148e-08
12.5	1.3853423297405243e-08
12.51	1.3533281162381172e-08
12.52	1.3096723705530167e-08
12.53	1.2645614333450794e-08
12.54	1.2223608791828156e-08
12.55	1.1859810911118984e-08
12.56	1.1423253454267979e-08
12.57	1.1030351743102074e-08
12.58	1.0622898116707802e-08
12.59	1.021544449031353e-08
12.6	9.968061931431293e-09
12.61	9.604264050722122e-09
12.62	9.255018085241318e-09
12.63	8.934875950217247e-09
12.64	8.658389560878277e-09
12.65	8.425558917224407e-09
12.66	8.119968697428703e-09
12.67	7.828930392861366e-09
12.68	7.610651664435863e-09
12.69	7.363269105553627e-09
12.7	7.101334631443024e-09
12.71	6.853952072560787e-09
12.72	6.577465683221817e-09
12.73	6.315531209111214e-09
12.74	6.111804395914078e-09
12.75	5.922629497945309e-09
12.76	5.617039278149605e-09
12.77	5.3551048040390015e-09
12.78	5.122274160385132e-09
12.79	4.933099262416363e-09
12.8	4.71482053399086e-09
12.81	4.540197551250458e-09
12.82	4.351022653281689e-09
12.83	4.147295840084553e-09
12.84	4.016328603029251e-09
12.85	3.856257535517216e-09
12.86	3.739842213690281e-09
12.87	3.6088749766349792e-09
12.88	3.4633558243513107e-09
12.89	3.346940502524376e-09
12.9	3.2159732654690742e-09
12.91	3.0995579436421394e-09
12.92	2.9831426218152046e-09
12.93	2.8958311304450035e-09
12.94	2.764863893389702e-09
12.95	2.6775524020195007e-09
12.96	2.6047928258776665e-09
12.97	2.5174813345074654e-09
12.98	2.444721758365631e-09
12.99	2.3865140974521637e-09
13.0	2.2992026060819626e-09
13.01	2.240994945168495e-09
13.02	2.168235369026661e-09
13.03	2.1100277081131935e-09
13.04	2.08092387765646e-09
13.05	1.9936123862862587e-09
13.06	1.8917489796876907e-09
13.07	1.7898855730891228e-09
13.08	1.7316779121756554e-09
13.09	1.673470251262188e-09
13.1	1.57160684466362e-09
13.11	1.469743438065052e-09
13.12	1.3533281162381172e-09
13.13	1.2514647096395493e-09
13.14	1.1496013030409813e-09
13.15	1.076841726899147e-09
13.16	1.0040821507573128e-09
13.17	9.167706593871117e-10
13.18	8.731149137020111e-10
13.19	7.8580342233181e-10
13.2	7.566995918750763e-10
13.21	7.421476766467094e-10
13.22	7.130438461899757e-10
13.23	6.548361852765083e-10
13.24	6.257323548197746e-10
13.25	6.111804395914078e-10
13.26	6.111804395914078e-10
13.27	5.820766091346741e-10
13.28	5.529727786779404e-10
13.29	5.529727786779404e-10
13.3	5.384208634495735e-10
13.31	5.238689482212067e-10
13.32	5.238689482212067e-10
13.33	5.093170329928398e-10
13.34	5.093170329928398e-10
13.35	5.093170329928398e-10
13.36	4.802132025361061e-10
13.37	4.802132025361061e-10
13.38	4.802132025361061e-10
13.39	4.656612873077393e-10
13.4	4.511093720793724e-10
13.41	4.3655745685100555e-10
13.42	3.92901711165905e-10
13.43	3.7834979593753815e-10
13.44	3.637978807091713e-10
13.45	3.346940502524376e-10
13.46	2.9103830456733704e-10
13.47	2.3283064365386963e-10
13.48	2.0372681319713593e-10
13.49	1.8917489796876907e-10
13.5	1.6007106751203537e-10
13.51	1.4551915228366852e-10
13.52	1.0186340659856796e-10
13.53	8.731149137020111e-11
13.54	8.731149137020111e-11
13.55	8.731149137020111e-11
13.56	7.275957614183426e-11
13.57	5.820766091346741e-11
13.58	5.820766091346741e-11
13.59	5.820766091346741e-11
13.6	5.820766091346741e-11
13.61	5.820766091346741e-11
13.62	5.820766091346741e-11
13.63	5.820766091346741e-11
13.64	5.820766091346741e-11
13.65	5.820766091346741e-11
13.66	5.820766091346741e-11
13.67	5.820766091346741e-11
13.68	5.820766091346741e-11
13.69	5.820766091346741e-11
13.7	5.820766091346741e-11
13.71	5.820766091346741e-11
13.72	5.820766091346741e-11
13.73	5.820766091346741e-11
13.74	5.820766091346741e-11
13.75	5.820766091346741e-11
13.76	4.3655745685100555e-11
13.77	4.3655745685100555e-11
13.78	4.3655745685100555e-11
13.79	4.3655745685100555e-11
13.8	4.3655745685100555e-11
13.81	1.4551915228366852e-11
13.82	1.4551915228366852e-11
13.83	1.4551915228366852e-11
13.84	1.4551915228366852e-11
13.85	1.4551915228366852e-11
13.86	0.0
