5.29	0.0005033016204833984
5.3	0.0004985332489013672
5.31	0.0004935264587402344
5.32	0.0004897117614746094
5.33	0.0004868507385253906
5.34	0.0004839897155761719
5.35	0.00048089027404785156
5.36	0.000476837158203125
5.37	0.00047469139099121094
5.38	0.0004706382751464844
5.39	0.00046515464782714844
5.4	0.00046133995056152344
5.41	0.00045680999755859375
5.42	0.00045371055603027344
5.43	0.0004508495330810547
5.44	0.00044798851013183594
5.45	0.0004448890686035156
5.46	0.0004413127899169922
5.47	0.00043702125549316406
5.48	0.00043272972106933594
5.49	0.00043082237243652344
5.5	0.00042891502380371094
5.51	0.0004246234893798828
5.52	0.00042128562927246094
5.53	0.0004177093505859375
5.54	0.0004143714904785156
5.55	0.0004112720489501953
5.56	0.0004093647003173828
5.57	0.0004055500030517578
5.58	0.0004000663757324219
5.59	0.00039649009704589844
5.6	0.0003924369812011719
5.61	0.0003886222839355469
5.62	0.000385284423828125
5.63	0.00038242340087890625
5.64	0.0003790855407714844
5.65	0.0003750324249267578
5.66	0.0003707408905029297
5.67	0.0003669261932373047
5.68	0.0003643035888671875
5.69	0.0003612041473388672
5.7	0.0003578662872314453
5.71	0.0003540515899658203
5.72	0.00035190582275390625
5.73	0.00034880638122558594
5.74	0.00034689903259277344
5.75	0.0003426074981689453
5.76	0.0003407001495361328
5.77	0.0003390312194824219
5.78	0.0003364086151123047
5.79	0.00033473968505859375
5.8	0.0003330707550048828
5.81	0.0003304481506347656
5.82	0.0003268718719482422
5.83	0.0003249645233154297
5.84	0.0003211498260498047
5.85	0.0003190040588378906
5.86	0.0003178119659423828
5.87	0.0003154277801513672
5.88	0.00031375885009765625
5.89	0.00031113624572753906
5.9	0.0003085136413574219
5.91	0.00030541419982910156
5.92	0.0003039836883544922
5.93	0.0003018379211425781
5.94	0.0002980232238769531
5.95	0.0002951622009277344
5.96	0.00029206275939941406
5.97	0.0002892017364501953
5.98	0.00028586387634277344
5.99	0.00028228759765625
6.0	0.0002810955047607422
6.01	0.0002772808074951172
6.02	0.00027441978454589844
6.03	0.0002715587615966797
6.04	0.0002677440643310547
6.05	0.00026607513427734375
6.06	0.00026345252990722656
6.07	0.00026154518127441406
6.08	0.0002579689025878906
6.09	0.0002551078796386719
6.1	0.0002529621124267578
6.11	0.00025081634521484375
6.12	0.00024962425231933594
6.13	0.000247955322265625
6.14	0.00024580955505371094
6.15	0.00024437904357910156
6.16	0.00024247169494628906
6.17	0.0002410411834716797
6.18	0.0002377033233642578
6.19	0.00023603439331054688
6.2	0.00023436546325683594
6.21	0.00023174285888671875
6.22	0.0002307891845703125
6.23	0.00023055076599121094
6.24	0.00022912025451660156
6.25	0.00022721290588378906
6.26	0.00022530555725097656
6.27	0.0002238750457763672
6.28	0.00022172927856445312
6.29	0.0002205371856689453
6.3	0.0002193450927734375
6.31	0.00021719932556152344
6.32	0.00021457672119140625
6.33	0.0002124309539794922
6.34	0.0002110004425048828
6.35	0.0002079010009765625
6.36	0.0002052783966064453
6.37	0.0002033710479736328
6.38	0.0001990795135498047
6.39	0.0001976490020751953
6.4	0.00019598007202148438
6.41	0.0001933574676513672
6.42	0.0001914501190185547
6.43	0.0001895427703857422
6.44	0.00018739700317382812
6.45	0.00018334388732910156
6.46	0.0001823902130126953
6.47	0.00018167495727539062
6.48	0.0001800060272216797
6.49	0.00017905235290527344
6.5	0.00017786026000976562
6.51	0.00017595291137695312
6.52	0.00017452239990234375
6.53	0.0001735687255859375
6.54	0.0001723766326904297
6.55	0.00017023086547851562
6.56	0.00016951560974121094
6.57	0.00016808509826660156
6.58	0.00016689300537109375
6.59	0.00016617774963378906
6.6	0.0001647472381591797
6.61	0.000164031982421875
6.62	0.00016236305236816406
6.63	0.00016117095947265625
6.64	0.00015997886657714844
6.65	0.00015854835510253906
6.66	0.0001583099365234375
6.67	0.0001571178436279297
6.68	0.0001552104949951172
6.69	0.00015354156494140625
6.7	0.00015282630920410156
6.71	0.00015163421630859375
6.72	0.00014925003051757812
6.73	0.0001480579376220703
6.74	0.00014519691467285156
6.75	0.0001437664031982422
6.76	0.00014162063598632812
6.77	0.0001399517059326172
6.78	0.00013947486877441406
6.79	0.00013756752014160156
6.8	0.00013589859008789062
6.81	0.0001342296600341797
6.82	0.0001323223114013672
6.83	0.0001308917999267578
6.84	0.00012993812561035156
6.85	0.00012993812561035156
6.86	0.00012826919555664062
6.87	0.0001266002655029297
6.88	0.00012564659118652344
6.89	0.00012445449829101562
6.9	0.00012373924255371094
6.91	0.0001220703125
6.92	0.00012111663818359375
6.93	0.00012040138244628906
6.94	0.00011944770812988281
6.95	0.00011873245239257812
6.96	0.00011730194091796875
6.97	0.00011658668518066406
6.98	0.00011563301086425781
6.99	0.00011444091796875
7.0	0.00011372566223144531
7.01	0.00011277198791503906
7.02	0.0001125335693359375
7.03	0.00011181831359863281
7.04	0.00011086463928222656
7.05	0.00010967254638671875
7.06	0.0001087188720703125
7.07	0.00010848045349121094
7.08	0.00010728836059570312
7.09	0.00010633468627929688
7.1	0.00010442733764648438
7.11	0.00010275840759277344
7.12	0.00010156631469726562
7.13	0.00010085105895996094
7.14	9.989738464355469e-05
7.15	9.870529174804688e-05
7.16	9.703636169433594e-05
7.17	9.632110595703125e-05
7.18	9.489059448242188e-05
7.19	9.417533874511719e-05
7.2	9.322166442871094e-05
7.21	9.226799011230469e-05
7.22	9.131431579589844e-05
7.23	8.96453857421875e-05
7.24	8.869171142578125e-05
7.25	8.726119995117188e-05
7.26	8.678436279296875e-05
7.27	8.606910705566406e-05
7.28	8.463859558105469e-05
7.29	8.392333984375e-05
7.3	8.320808410644531e-05
7.31	8.225440979003906e-05
7.32	8.177757263183594e-05
7.33	8.058547973632812e-05
7.34	7.939338684082031e-05
7.35	7.843971252441406e-05
7.36	7.772445678710938e-05
7.37	7.677078247070312e-05
7.38	7.581710815429688e-05
7.39	7.581710815429688e-05
7.4	7.534027099609375e-05
7.41	7.43865966796875e-05
7.42	7.367134094238281e-05
7.43	7.295608520507812e-05
7.44	7.2479248046875e-05
7.45	7.200241088867188e-05
7.46	7.176399230957031e-05
7.47	7.104873657226562e-05
7.48	7.033348083496094e-05
7.49	6.937980651855469e-05
7.5	6.890296936035156e-05
7.51	6.818771362304688e-05
7.52	6.67572021484375e-05
7.53	6.628036499023438e-05
7.54	6.556510925292969e-05
7.55	6.4849853515625e-05
7.56	6.389617919921875e-05
7.57	6.341934204101562e-05
7.58	6.270408630371094e-05
7.59	6.175041198730469e-05
7.6	6.151199340820312e-05
7.61	6.031990051269531e-05
7.62	5.9604644775390625e-05
7.63	5.91278076171875e-05
7.64	5.8650970458984375e-05
7.65	5.793571472167969e-05
7.66	5.698204040527344e-05
7.67	5.650520324707031e-05
7.68	5.602836608886719e-05
7.69	5.53131103515625e-05
7.7	5.435943603515625e-05
7.71	5.364418029785156e-05
7.72	5.2928924560546875e-05
7.73	5.245208740234375e-05
7.74	5.1975250244140625e-05
7.75	5.125999450683594e-05
7.76	5.1021575927734375e-05
7.77	5.054473876953125e-05
7.78	5.0067901611328125e-05
7.79	4.887580871582031e-05
7.8	4.887580871582031e-05
7.81	4.839897155761719e-05
7.82	4.8160552978515625e-05
7.83	4.76837158203125e-05
7.84	4.76837158203125e-05
7.85	4.744529724121094e-05
7.86	4.696846008300781e-05
7.87	4.673004150390625e-05
7.88	4.601478576660156e-05
7.89	4.553794860839844e-05
7.9	4.482269287109375e-05
7.91	4.482269287109375e-05
7.92	4.458427429199219e-05
7.93	4.4345855712890625e-05
7.94	4.3392181396484375e-05
7.95	4.291534423828125e-05
7.96	4.220008850097656e-05
7.97	4.172325134277344e-05
7.98	4.124641418457031e-05
7.99	4.076957702636719e-05
8.0	4.0531158447265625e-05
8.01	3.981590270996094e-05
8.02	3.933906555175781e-05
8.03	3.814697265625e-05
8.04	3.7670135498046875e-05
8.05	3.743171691894531e-05
8.06	3.6716461181640625e-05
8.07	3.62396240234375e-05
8.08	3.5762786865234375e-05
8.09	3.528594970703125e-05
8.1	3.4809112548828125e-05
8.11	3.4332275390625e-05
8.12	3.409385681152344e-05
8.13	3.3855438232421875e-05
8.14	3.337860107421875e-05
8.15	3.266334533691406e-05
8.16	3.218650817871094e-05
8.17	3.218650817871094e-05
8.18	3.170967102050781e-05
8.19	3.147125244140625e-05
8.2	3.147125244140625e-05
8.21	3.075599670410156e-05
8.22	3.0279159545898438e-05
8.23	3.0279159545898438e-05
8.24	3.0040740966796875e-05
8.25	2.9802322387695312e-05
8.26	2.9802322387695312e-05
8.27	2.9325485229492188e-05
8.28	2.9325485229492188e-05
8.29	2.8848648071289062e-05
8.3	2.86102294921875e-05
8.31	2.8133392333984375e-05
8.32	2.7418136596679688e-05
8.33	2.7418136596679688e-05
8.34	2.7179718017578125e-05
8.35	2.6941299438476562e-05
8.36	2.6702880859375e-05
8.37	2.6226043701171875e-05
8.38	2.5987625122070312e-05
8.39	2.5272369384765625e-05
8.4	2.5033950805664062e-05
8.41	2.4318695068359375e-05
8.42	2.4080276489257812e-05
8.43	2.4080276489257812e-05
8.44	2.3603439331054688e-05
8.45	2.3126602172851562e-05
8.46	2.288818359375e-05
8.47	2.288818359375e-05
8.48	2.2172927856445312e-05
8.49	2.1696090698242188e-05
8.5	2.1219253540039062e-05
8.51	2.09808349609375e-05
8.52	2.0742416381835938e-05
8.53	2.0503997802734375e-05
8.54	2.0503997802734375e-05
8.55	2.0265579223632812e-05
8.56	2.0265579223632812e-05
8.57	1.9788742065429688e-05
8.58	1.9788742065429688e-05
8.59	1.9550323486328125e-05
8.6	1.9550323486328125e-05
8.61	1.9311904907226562e-05
8.62	1.9311904907226562e-05
8.63	1.9073486328125e-05
8.64	1.9073486328125e-05
8.65	1.9073486328125e-05
8.66	1.8835067749023438e-05
8.67	1.8835067749023438e-05
8.68	1.8596649169921875e-05
8.69	1.811981201171875e-05
8.7	1.7881393432617188e-05
8.71	1.7881393432617188e-05
8.72	1.7642974853515625e-05
8.73	1.7404556274414062e-05
8.74	1.6927719116210938e-05
8.75	1.6450881958007812e-05
8.76	1.621246337890625e-05
8.77	1.5974044799804688e-05
8.78	1.5974044799804688e-05
8.79	1.5974044799804688e-05
8.8	1.5974044799804688e-05
8.81	1.5497207641601562e-05
8.82	1.52587890625e-05
8.83	1.52587890625e-05
8.84	1.5020370483398438e-05
8.85	1.4781951904296875e-05
8.86	1.4543533325195312e-05
8.87	1.430511474609375e-05
8.88	1.3828277587890625e-05
8.89	1.3828277587890625e-05
8.9	1.3828277587890625e-05
8.91	1.3589859008789062e-05
8.92	1.33514404296875e-05
8.93	1.3113021850585938e-05
8.94	1.3113021850585938e-05
8.95	1.2874603271484375e-05
8.96	1.2874603271484375e-05
8.97	1.2874603271484375e-05
8.98	1.2874603271484375e-05
8.99	1.2636184692382812e-05
9.0	1.239776611328125e-05
9.01	1.239776611328125e-05
9.02	1.239776611328125e-05
9.03	1.239776611328125e-05
9.04	1.239776611328125e-05
9.05	1.2159347534179688e-05
9.06	1.2159347534179688e-05
9.07	1.1682510375976562e-05
9.08	1.1682510375976562e-05
9.09	1.1682510375976562e-05
9.1	1.1205673217773438e-05
9.11	1.0967254638671875e-05
9.12	1.0967254638671875e-05
9.13	1.0967254638671875e-05
9.14	1.0728836059570312e-05
9.15	1.0728836059570312e-05
9.16	1.049041748046875e-05
9.17	1.0251998901367188e-05
9.18	1.0251998901367188e-05
9.19	1.0013580322265625e-05
9.2	9.775161743164062e-06
9.21	9.775161743164062e-06
9.22	9.5367431640625e-06
9.23	9.059906005859375e-06
9.24	9.059906005859375e-06
9.25	9.059906005859375e-06
9.26	9.059906005859375e-06
9.27	8.821487426757812e-06
9.28	8.821487426757812e-06
9.29	8.344650268554688e-06
9.3	8.344650268554688e-06
9.31	8.106231689453125e-06
9.32	8.106231689453125e-06
9.33	8.106231689453125e-06
9.34	7.867813110351562e-06
9.35	7.867813110351562e-06
9.36	7.62939453125e-06
9.37	7.62939453125e-06
9.38	7.3909759521484375e-06
9.39	7.152557373046875e-06
9.4	7.152557373046875e-06
9.41	7.152557373046875e-06
9.42	7.152557373046875e-06
9.43	7.152557373046875e-06
9.44	7.152557373046875e-06
9.45	7.152557373046875e-06
9.46	6.9141387939453125e-06
9.47	6.67572021484375e-06
9.48	6.4373016357421875e-06
9.49	6.4373016357421875e-06
9.5	6.4373016357421875e-06
9.51	6.4373016357421875e-06
9.52	6.4373016357421875e-06
9.53	6.198883056640625e-06
9.54	6.198883056640625e-06
9.55	6.198883056640625e-06
9.56	6.198883056640625e-06
9.57	6.198883056640625e-06
9.58	6.198883056640625e-06
9.59	5.9604644775390625e-06
9.6	5.7220458984375e-06
9.61	5.7220458984375e-06
9.62	5.7220458984375e-06
9.63	5.7220458984375e-06
9.64	5.7220458984375e-06
9.65	5.4836273193359375e-06
9.66	5.245208740234375e-06
9.67	5.0067901611328125e-06
9.68	5.0067901611328125e-06
9.69	5.0067901611328125e-06
9.7	4.76837158203125e-06
9.71	4.76837158203125e-06
9.72	4.76837158203125e-06
9.73	4.5299530029296875e-06
9.74	4.291534423828125e-06
9.75	4.291534423828125e-06
9.76	4.291534423828125e-06
9.77	4.0531158447265625e-06
9.78	4.0531158447265625e-06
9.79	4.0531158447265625e-06
9.8	4.0531158447265625e-06
9.81	4.0531158447265625e-06
9.82	4.0531158447265625e-06
9.83	3.814697265625e-06
9.84	3.814697265625e-06
9.85	3.814697265625e-06
9.86	3.814697265625e-06
9.87	3.814697265625e-06
9.88	3.814697265625e-06
9.89	3.5762786865234375e-06
9.9	3.5762786865234375e-06
9.91	3.5762786865234375e-06
9.92	3.5762786865234375e-06
9.93	3.5762786865234375e-06
9.94	3.5762786865234375e-06
9.95	3.5762786865234375e-06
9.96	3.5762786865234375e-06
9.97	3.5762786865234375e-06
9.98	3.5762786865234375e-06
9.99	3.5762786865234375e-06
10.0	3.5762786865234375e-06
10.01	3.5762786865234375e-06
10.02	3.337860107421875e-06
10.03	3.337860107421875e-06
10.04	3.0994415283203125e-06
10.05	3.0994415283203125e-06
10.06	3.0994415283203125e-06
10.07	2.86102294921875e-06
10.08	2.86102294921875e-06
10.09	2.6226043701171875e-06
10.1	2.6226043701171875e-06
10.11	2.6226043701171875e-06
10.12	2.384185791015625e-06
10.13	2.384185791015625e-06
10.14	2.1457672119140625e-06
10.15	2.1457672119140625e-06
10.16	1.9073486328125e-06
10.17	1.9073486328125e-06
10.18	1.9073486328125e-06
10.19	1.9073486328125e-06
10.2	1.9073486328125e-06
10.21	1.9073486328125e-06
10.22	1.9073486328125e-06
10.23	1.9073486328125e-06
10.24	1.9073486328125e-06
10.25	1.9073486328125e-06
10.26	1.6689300537109375e-06
10.27	1.6689300537109375e-06
10.28	1.6689300537109375e-06
10.29	1.6689300537109375e-06
10.3	1.6689300537109375e-06
10.31	1.6689300537109375e-06
10.32	1.6689300537109375e-06
10.33	1.6689300537109375e-06
10.34	1.6689300537109375e-06
10.35	1.6689300537109375e-06
10.36	1.6689300537109375e-06
10.37	1.6689300537109375e-06
10.38	1.6689300537109375e-06
10.39	1.6689300537109375e-06
10.4	1.430511474609375e-06
10.41	1.430511474609375e-06
10.42	1.430511474609375e-06
10.43	1.1920928955078125e-06
10.44	1.1920928955078125e-06
10.45	9.5367431640625e-07
10.46	9.5367431640625e-07
10.47	9.5367431640625e-07
10.48	9.5367431640625e-07
10.49	9.5367431640625e-07
10.5	9.5367431640625e-07
10.51	9.5367431640625e-07
10.52	7.152557373046875e-07
10.53	7.152557373046875e-07
10.54	7.152557373046875e-07
10.55	7.152557373046875e-07
10.56	7.152557373046875e-07
10.57	7.152557373046875e-07
10.58	7.152557373046875e-07
10.59	7.152557373046875e-07
10.6	7.152557373046875e-07
10.61	7.152557373046875e-07
10.62	7.152557373046875e-07
10.63	7.152557373046875e-07
10.64	7.152557373046875e-07
10.65	7.152557373046875e-07
10.66	7.152557373046875e-07
10.67	7.152557373046875e-07
10.68	7.152557373046875e-07
10.69	7.152557373046875e-07
10.7	7.152557373046875e-07
10.71	7.152557373046875e-07
10.72	7.152557373046875e-07
10.73	7.152557373046875e-07
10.74	7.152557373046875e-07
10.75	7.152557373046875e-07
10.76	7.152557373046875e-07
10.77	7.152557373046875e-07
10.78	7.152557373046875e-07
10.79	7.152557373046875e-07
10.8	4.76837158203125e-07
10.81	4.76837158203125e-07
10.82	2.384185791015625e-07
10.83	2.384185791015625e-07
10.84	2.384185791015625e-07
10.85	2.384185791015625e-07
10.86	2.384185791015625e-07
10.87	2.384185791015625e-07
10.88	2.384185791015625e-07
10.89	2.384185791015625e-07
10.9	2.384185791015625e-07
10.91	2.384185791015625e-07
10.92	2.384185791015625e-07
10.93	2.384185791015625e-07
10.94	2.384185791015625e-07
10.95	2.384185791015625e-07
10.96	2.384185791015625e-07
10.97	2.384185791015625e-07
10.98	2.384185791015625e-07
10.99	2.384185791015625e-07
11.0	2.384185791015625e-07
11.01	2.384185791015625e-07
11.02	2.384185791015625e-07
11.03	2.384185791015625e-07
11.04	2.384185791015625e-07
11.05	2.384185791015625e-07
11.06	2.384185791015625e-07
11.07	2.384185791015625e-07
11.08	2.384185791015625e-07
11.09	2.384185791015625e-07
11.1	2.384185791015625e-07
11.11	2.384185791015625e-07
11.12	2.384185791015625e-07
11.13	2.384185791015625e-07
11.14	2.384185791015625e-07
11.15	2.384185791015625e-07
11.16	2.384185791015625e-07
11.17	2.384185791015625e-07
11.18	0.0
