5.52	0.0005083084106445312
5.53	0.0004978179931640625
5.54	0.0004930496215820312
5.55	0.0004892349243164062
5.56	0.00048732757568359375
5.57	0.0004825592041015625
5.58	0.00047969818115234375
5.59	0.00047779083251953125
5.6	0.00047397613525390625
5.61	0.00047206878662109375
5.62	0.00046825408935546875
5.63	0.00046539306640625
5.64	0.0004634857177734375
5.65	0.000457763671875
5.66	0.00045680999755859375
5.67	0.00045299530029296875
5.68	0.00044918060302734375
5.69	0.00044727325439453125
5.7	0.0004425048828125
5.71	0.00043964385986328125
5.72	0.00043487548828125
5.73	0.00043201446533203125
5.74	0.0004291534423828125
5.75	0.0004253387451171875
5.76	0.00042247772216796875
5.77	0.0004215240478515625
5.78	0.00041866302490234375
5.79	0.00041484832763671875
5.8	0.0004100799560546875
5.81	0.000408172607421875
5.82	0.00040531158447265625
5.83	0.0004024505615234375
5.84	0.000400543212890625
5.85	0.00039577484130859375
5.86	0.00039196014404296875
5.87	0.000385284423828125
5.88	0.00038433074951171875
5.89	0.0003814697265625
5.9	0.00037384033203125
5.91	0.00036716461181640625
5.92	0.0003662109375
5.93	0.00036144256591796875
5.94	0.00035762786865234375
5.95	0.00035190582275390625
5.96	0.00034999847412109375
5.97	0.00034618377685546875
5.98	0.00034332275390625
5.99	0.00034236907958984375
6.0	0.00034046173095703125
6.01	0.00033855438232421875
6.02	0.0003376007080078125
6.03	0.00033664703369140625
6.04	0.000335693359375
6.05	0.00033283233642578125
6.06	0.00033092498779296875
6.07	0.00032901763916015625
6.08	0.000324249267578125
6.09	0.00032329559326171875
6.1	0.0003185272216796875
6.11	0.00031757354736328125
6.12	0.0003147125244140625
6.13	0.00030994415283203125
6.14	0.00030517578125
6.15	0.00030422210693359375
6.16	0.000301361083984375
6.17	0.0002994537353515625
6.18	0.00029659271240234375
6.19	0.0002918243408203125
6.2	0.00029087066650390625
6.21	0.00028896331787109375
6.22	0.00028705596923828125
6.23	0.00028514862060546875
6.24	0.00028228759765625
6.25	0.00028133392333984375
6.26	0.00027751922607421875
6.27	0.0002765655517578125
6.28	0.000274658203125
6.29	0.00027179718017578125
6.3	0.0002689361572265625
6.31	0.00026702880859375
6.32	0.0002651214599609375
6.33	0.00026226043701171875
6.34	0.00026035308837890625
6.35	0.00025844573974609375
6.36	0.000255584716796875
6.37	0.00025272369384765625
6.38	0.00025081634521484375
6.39	0.000247955322265625
6.4	0.00024509429931640625
6.41	0.0002422332763671875
6.42	0.00024127960205078125
6.43	0.0002384185791015625
6.44	0.00023555755615234375
6.45	0.00023555755615234375
6.46	0.00023174285888671875
6.47	0.0002288818359375
6.48	0.00022792816162109375
6.49	0.0002269744873046875
6.5	0.000225067138671875
6.51	0.00022220611572265625
6.52	0.00022125244140625
6.53	0.00021839141845703125
6.54	0.00021457672119140625
6.55	0.000213623046875
6.56	0.00021076202392578125
6.57	0.0002079010009765625
6.58	0.00020599365234375
6.59	0.0002040863037109375
6.6	0.00020313262939453125
6.61	0.00020313262939453125
6.62	0.00020122528076171875
6.63	0.0002002716064453125
6.64	0.00019741058349609375
6.65	0.00019550323486328125
6.66	0.00019550323486328125
6.67	0.00019359588623046875
6.68	0.0001926422119140625
6.69	0.0001888275146484375
6.7	0.0001888275146484375
6.71	0.0001888275146484375
6.72	0.00018405914306640625
6.73	0.00018405914306640625
6.74	0.00018215179443359375
6.75	0.000179290771484375
6.76	0.00017833709716796875
6.77	0.00017642974853515625
6.78	0.00017547607421875
6.79	0.00017261505126953125
6.8	0.0001697540283203125
6.81	0.00016689300537109375
6.82	0.00016498565673828125
6.83	0.000164031982421875
6.84	0.00016307830810546875
6.85	0.00016021728515625
6.86	0.0001583099365234375
6.87	0.00015735626220703125
6.88	0.00015544891357421875
6.89	0.00015354156494140625
6.9	0.00014972686767578125
6.91	0.000148773193359375
6.92	0.00014591217041015625
6.93	0.00014209747314453125
6.94	0.00014209747314453125
6.95	0.00014019012451171875
6.96	0.0001373291015625
6.97	0.0001354217529296875
6.98	0.00013446807861328125
6.99	0.000133514404296875
7.0	0.00013256072998046875
7.01	0.00013256072998046875
7.02	0.00013256072998046875
7.03	0.0001316070556640625
7.04	0.0001316070556640625
7.05	0.0001316070556640625
7.06	0.0001316070556640625
7.07	0.00012969970703125
7.08	0.00012874603271484375
7.09	0.0001277923583984375
7.1	0.000125885009765625
7.11	0.00012493133544921875
7.12	0.00012493133544921875
7.13	0.0001220703125
7.14	0.00012111663818359375
7.15	0.000118255615234375
7.16	0.00011730194091796875
7.17	0.0001163482666015625
7.18	0.0001125335693359375
7.19	0.0001125335693359375
7.2	0.00010967254638671875
7.21	0.0001087188720703125
7.22	0.0001087188720703125
7.23	0.0001068115234375
7.24	0.00010585784912109375
7.25	0.0001049041748046875
7.26	0.00010395050048828125
7.27	0.00010395050048828125
7.28	0.00010204315185546875
7.29	0.00010204315185546875
7.3	0.00010204315185546875
7.31	0.00010013580322265625
7.32	9.918212890625e-05
7.33	9.918212890625e-05
7.34	9.822845458984375e-05
7.35	9.72747802734375e-05
7.36	9.441375732421875e-05
7.37	9.441375732421875e-05
7.38	9.34600830078125e-05
7.39	9.1552734375e-05
7.4	9.1552734375e-05
7.41	8.869171142578125e-05
7.42	8.7738037109375e-05
7.43	8.678436279296875e-05
7.44	8.487701416015625e-05
7.45	8.392333984375e-05
7.46	8.0108642578125e-05
7.47	8.0108642578125e-05
7.48	7.915496826171875e-05
7.49	7.724761962890625e-05
7.5	7.724761962890625e-05
7.51	7.62939453125e-05
7.52	7.62939453125e-05
7.53	7.534027099609375e-05
7.54	7.534027099609375e-05
7.55	7.534027099609375e-05
7.56	7.43865966796875e-05
7.57	7.2479248046875e-05
7.58	7.152557373046875e-05
7.59	7.05718994140625e-05
7.6	6.961822509765625e-05
7.61	6.866455078125e-05
7.62	6.771087646484375e-05
7.63	6.771087646484375e-05
7.64	6.67572021484375e-05
7.65	6.67572021484375e-05
7.66	6.580352783203125e-05
7.67	6.580352783203125e-05
7.68	6.580352783203125e-05
7.69	6.29425048828125e-05
7.7	6.29425048828125e-05
7.71	6.198883056640625e-05
7.72	6.103515625e-05
7.73	6.008148193359375e-05
7.74	5.91278076171875e-05
7.75	5.91278076171875e-05
7.76	5.817413330078125e-05
7.77	5.7220458984375e-05
7.78	5.7220458984375e-05
7.79	5.626678466796875e-05
7.8	5.626678466796875e-05
7.81	5.53131103515625e-05
7.82	5.435943603515625e-05
7.83	5.435943603515625e-05
7.84	5.340576171875e-05
7.85	5.14984130859375e-05
7.86	5.14984130859375e-05
7.87	5.054473876953125e-05
7.88	5.054473876953125e-05
7.89	5.054473876953125e-05
7.9	4.863739013671875e-05
7.91	4.863739013671875e-05
7.92	4.673004150390625e-05
7.93	4.57763671875e-05
7.94	4.57763671875e-05
7.95	4.291534423828125e-05
7.96	4.291534423828125e-05
7.97	4.291534423828125e-05
7.98	4.1961669921875e-05
7.99	4.1961669921875e-05
8.0	4.1961669921875e-05
8.01	4.1961669921875e-05
8.02	4.1961669921875e-05
8.03	4.1961669921875e-05
8.04	4.1961669921875e-05
8.05	4.1961669921875e-05
8.06	4.1961669921875e-05
8.07	4.1961669921875e-05
8.08	4.1961669921875e-05
8.09	4.100799560546875e-05
8.1	4.00543212890625e-05
8.11	3.910064697265625e-05
8.12	3.814697265625e-05
8.13	3.62396240234375e-05
8.14	3.62396240234375e-05
8.15	3.528594970703125e-05
8.16	3.4332275390625e-05
8.17	3.4332275390625e-05
8.18	3.337860107421875e-05
8.19	3.337860107421875e-05
8.2	3.24249267578125e-05
8.21	3.24249267578125e-05
8.22	3.24249267578125e-05
8.23	3.24249267578125e-05
8.24	3.24249267578125e-05
8.25	3.147125244140625e-05
8.26	3.147125244140625e-05
8.27	3.147125244140625e-05
8.28	3.0517578125e-05
8.29	3.0517578125e-05
8.3	3.0517578125e-05
8.31	3.0517578125e-05
8.32	3.0517578125e-05
8.33	3.0517578125e-05
8.34	3.0517578125e-05
8.35	2.956390380859375e-05
8.36	2.86102294921875e-05
8.37	2.86102294921875e-05
8.38	2.765655517578125e-05
8.39	2.6702880859375e-05
8.4	2.6702880859375e-05
8.41	2.574920654296875e-05
8.42	2.574920654296875e-05
8.43	2.47955322265625e-05
8.44	2.47955322265625e-05
8.45	2.384185791015625e-05
8.46	2.193450927734375e-05
8.47	2.193450927734375e-05
8.48	2.002716064453125e-05
8.49	1.9073486328125e-05
8.5	1.9073486328125e-05
8.51	1.71661376953125e-05
8.52	1.71661376953125e-05
8.53	1.71661376953125e-05
8.54	1.71661376953125e-05
8.55	1.71661376953125e-05
8.56	1.71661376953125e-05
8.57	1.71661376953125e-05
8.58	1.71661376953125e-05
8.59	1.621246337890625e-05
8.6	1.621246337890625e-05
8.61	1.621246337890625e-05
8.62	1.52587890625e-05
8.63	1.52587890625e-05
8.64	1.52587890625e-05
8.65	1.52587890625e-05
8.66	1.52587890625e-05
8.67	1.52587890625e-05
8.68	1.52587890625e-05
8.69	1.52587890625e-05
8.7	1.430511474609375e-05
8.71	1.430511474609375e-05
8.72	1.430511474609375e-05
8.73	1.430511474609375e-05
8.74	1.33514404296875e-05
8.75	1.33514404296875e-05
8.76	1.33514404296875e-05
8.77	1.33514404296875e-05
8.78	1.33514404296875e-05
8.79	1.33514404296875e-05
8.8	1.33514404296875e-05
8.81	1.33514404296875e-05
8.82	1.33514404296875e-05
8.83	1.33514404296875e-05
8.84	1.33514404296875e-05
8.85	1.33514404296875e-05
8.86	1.239776611328125e-05
8.87	1.239776611328125e-05
8.88	1.239776611328125e-05
8.89	1.239776611328125e-05
8.9	1.239776611328125e-05
8.91	1.1444091796875e-05
8.92	1.1444091796875e-05
8.93	1.1444091796875e-05
8.94	1.049041748046875e-05
8.95	1.049041748046875e-05
8.96	1.049041748046875e-05
8.97	1.049041748046875e-05
8.98	1.049041748046875e-05
8.99	1.049041748046875e-05
9.0	1.049041748046875e-05
9.01	1.049041748046875e-05
9.02	1.049041748046875e-05
9.03	1.049041748046875e-05
9.04	1.049041748046875e-05
9.05	1.049041748046875e-05
9.06	1.049041748046875e-05
9.07	1.049041748046875e-05
9.08	1.049041748046875e-05
9.09	1.049041748046875e-05
9.1	1.049041748046875e-05
9.11	1.049041748046875e-05
9.12	8.58306884765625e-06
9.13	8.58306884765625e-06
9.14	7.62939453125e-06
9.15	6.67572021484375e-06
9.16	6.67572021484375e-06
9.17	6.67572021484375e-06
9.18	5.7220458984375e-06
9.19	5.7220458984375e-06
9.2	5.7220458984375e-06
9.21	5.7220458984375e-06
9.22	5.7220458984375e-06
9.23	5.7220458984375e-06
9.24	5.7220458984375e-06
9.25	5.7220458984375e-06
9.26	5.7220458984375e-06
9.27	5.7220458984375e-06
9.28	5.7220458984375e-06
9.29	5.7220458984375e-06
9.3	5.7220458984375e-06
9.31	5.7220458984375e-06
9.32	5.7220458984375e-06
9.33	5.7220458984375e-06
9.34	5.7220458984375e-06
9.35	5.7220458984375e-06
9.36	5.7220458984375e-06
9.37	4.76837158203125e-06
9.38	4.76837158203125e-06
9.39	4.76837158203125e-06
9.4	3.814697265625e-06
9.41	3.814697265625e-06
9.42	3.814697265625e-06
9.43	3.814697265625e-06
9.44	3.814697265625e-06
9.45	3.814697265625e-06
9.46	3.814697265625e-06
9.47	2.86102294921875e-06
9.48	2.86102294921875e-06
9.49	2.86102294921875e-06
9.5	1.9073486328125e-06
9.51	1.9073486328125e-06
9.52	1.9073486328125e-06
9.53	1.9073486328125e-06
9.54	1.9073486328125e-06
9.55	1.9073486328125e-06
9.56	1.9073486328125e-06
9.57	1.9073486328125e-06
9.58	1.9073486328125e-06
9.59	1.9073486328125e-06
9.6	1.9073486328125e-06
9.61	1.9073486328125e-06
9.62	1.9073486328125e-06
9.63	1.9073486328125e-06
9.64	1.9073486328125e-06
9.65	1.9073486328125e-06
9.66	1.9073486328125e-06
9.67	1.9073486328125e-06
9.68	1.9073486328125e-06
9.69	1.9073486328125e-06
9.7	1.9073486328125e-06
9.71	1.9073486328125e-06
9.72	1.9073486328125e-06
9.73	1.9073486328125e-06
9.74	1.9073486328125e-06
9.75	1.9073486328125e-06
9.76	1.9073486328125e-06
9.77	1.9073486328125e-06
9.78	1.9073486328125e-06
9.79	1.9073486328125e-06
9.8	1.9073486328125e-06
9.81	1.9073486328125e-06
9.82	1.9073486328125e-06
9.83	1.9073486328125e-06
9.84	1.9073486328125e-06
9.85	1.9073486328125e-06
9.86	1.9073486328125e-06
9.87	1.9073486328125e-06
9.88	1.9073486328125e-06
9.89	1.9073486328125e-06
9.9	1.9073486328125e-06
9.91	1.9073486328125e-06
9.92	1.9073486328125e-06
9.93	1.9073486328125e-06
9.94	1.9073486328125e-06
9.95	1.9073486328125e-06
9.96	1.9073486328125e-06
9.97	1.9073486328125e-06
9.98	1.9073486328125e-06
9.99	1.9073486328125e-06
10.0	1.9073486328125e-06
10.01	1.9073486328125e-06
10.02	1.9073486328125e-06
10.03	1.9073486328125e-06
10.04	1.9073486328125e-06
10.05	1.9073486328125e-06
10.06	1.9073486328125e-06
10.07	1.9073486328125e-06
10.08	1.9073486328125e-06
10.09	1.9073486328125e-06
10.1	1.9073486328125e-06
10.11	1.9073486328125e-06
10.12	1.9073486328125e-06
10.13	1.9073486328125e-06
10.14	9.5367431640625e-07
10.15	9.5367431640625e-07
10.16	9.5367431640625e-07
10.17	0.0
