0.32	0.0005195140838623047
0.33	0.0004980564117431641
0.34	0.0004980564117431641
0.35	0.0004980564117431641
0.36	0.0004980564117431641
0.37	0.0004909038543701172
0.38	0.0004909038543701172
0.39	0.0004837512969970703
0.4	0.0004837512969970703
0.41	0.0004773139953613281
0.42	0.0004773139953613281
0.43	0.0004773139953613281
0.44	0.0004773139953613281
0.45	0.0004773139953613281
0.46	0.0004773139953613281
0.47	0.0004773139953613281
0.48	0.0004773139953613281
0.49	0.0004773139953613281
0.5	0.00047016143798828125
0.51	0.00047016143798828125
0.52	0.00047016143798828125
0.53	0.00047016143798828125
0.54	0.0004379749298095703
0.55	0.0004057884216308594
0.56	0.0004057884216308594
0.57	0.0004057884216308594
0.58	0.0004057884216308594
0.59	0.0004057884216308594
0.6	0.0004057884216308594
0.61	0.0004057884216308594
0.62	0.0004057884216308594
0.63	0.0004057884216308594
0.64	0.0004057884216308594
0.65	0.0004057884216308594
0.66	0.00037360191345214844
0.67	0.00037360191345214844
0.68	0.00037360191345214844
0.69	0.00037360191345214844
0.7	0.00037360191345214844
0.71	0.0003693103790283203
0.72	0.0003650188446044922
0.73	0.0003650188446044922
0.74	0.0003650188446044922
0.75	0.0003650188446044922
0.76	0.0003650188446044922
0.77	0.0003650188446044922
0.78	0.0003650188446044922
0.79	0.0003650188446044922
0.8	0.0003650188446044922
0.81	0.0003650188446044922
0.82	0.0003650188446044922
0.83	0.00036072731018066406
0.84	0.00036072731018066406
0.85	0.00036072731018066406
0.86	0.00036072731018066406
0.87	0.00036072731018066406
0.88	0.0003542900085449219
0.89	0.0003478527069091797
0.9	0.0003478527069091797
0.91	0.0003478527069091797
0.92	0.0003478527069091797
0.93	0.0003478527069091797
0.94	0.0003478527069091797
0.95	0.0003478527069091797
0.96	0.0003478527069091797
0.97	0.0003478527069091797
0.98	0.0003478527069091797
0.99	0.0003478527069091797
1.0	0.0003414154052734375
1.01	0.0003414154052734375
1.02	0.0003414154052734375
1.03	0.0003414154052734375
1.04	0.0003414154052734375
1.05	0.0003414154052734375
1.06	0.0003414154052734375
1.07	0.0003414154052734375
1.08	0.0003414154052734375
1.09	0.0003414154052734375
1.1	0.0003414154052734375
1.11	0.0003414154052734375
1.12	0.0003414154052734375
1.13	0.0003414154052734375
1.14	0.0003414154052734375
1.15	0.0003414154052734375
1.16	0.0003414154052734375
1.17	0.0003414154052734375
1.18	0.0003414154052734375
1.19	0.0003414154052734375
1.2	0.0003414154052734375
1.21	0.0003414154052734375
1.22	0.0003414154052734375
1.23	0.0003414154052734375
1.24	0.0003414154052734375
1.25	0.0003414154052734375
1.26	0.0003414154052734375
1.27	0.0003414154052734375
1.28	0.0003414154052734375
1.29	0.0003414154052734375
1.3	0.0003414154052734375
1.31	0.0003414154052734375
1.32	0.0003414154052734375
1.33	0.0003414154052734375
1.34	0.0003414154052734375
1.35	0.0003414154052734375
1.36	0.0003414154052734375
1.37	0.0003414154052734375
1.38	0.0003414154052734375
1.39	0.0003414154052734375
1.4	0.0003414154052734375
1.41	0.0003414154052734375
1.42	0.0003414154052734375
1.43	0.0003414154052734375
1.44	0.0003414154052734375
1.45	0.0003414154052734375
1.46	0.0003199577331542969
1.47	0.0003199577331542969
1.48	0.0003199577331542969
1.49	0.0003199577331542969
1.5	0.0003199577331542969
1.51	0.0003199577331542969
1.52	0.0003199577331542969
1.53	0.0003199577331542969
1.54	0.0003199577331542969
1.55	0.0003199577331542969
1.56	0.0003199577331542969
1.57	0.0003199577331542969
1.58	0.00029850006103515625
1.59	0.00029850006103515625
1.6	0.00029850006103515625
1.61	0.00029850006103515625
1.62	0.00029850006103515625
1.63	0.0002913475036621094
1.64	0.0002913475036621094
1.65	0.0002913475036621094
1.66	0.0002913475036621094
1.67	0.0002913475036621094
1.68	0.0002913475036621094
1.69	0.0002913475036621094
1.7	0.0002913475036621094
1.71	0.0002913475036621094
1.72	0.0002913475036621094
1.73	0.0002913475036621094
1.74	0.0002913475036621094
1.75	0.0002841949462890625
1.76	0.0002841949462890625
1.77	0.0002841949462890625
1.78	0.0002841949462890625
1.79	0.0002841949462890625
1.8	0.00025200843811035156
1.81	0.00025200843811035156
1.82	0.00025200843811035156
1.83	0.00025200843811035156
1.84	0.00025200843811035156
1.85	0.00025200843811035156
1.86	0.00025200843811035156
1.87	0.00025200843811035156
1.88	0.00025200843811035156
1.89	0.00025200843811035156
1.9	0.00025200843811035156
1.91	0.00025200843811035156
1.92	0.00021982192993164062
1.93	0.00021982192993164062
1.94	0.00021982192993164062
1.95	0.00021982192993164062
1.96	0.0002155303955078125
1.97	0.0002155303955078125
1.98	0.0002155303955078125
1.99	0.0002155303955078125
2.0	0.0002155303955078125
2.01	0.00021195411682128906
2.02	0.00021195411682128906
2.03	0.00021195411682128906
2.04	0.00021195411682128906
2.05	0.00021195411682128906
2.06	0.00021195411682128906
2.07	0.00021195411682128906
2.08	0.00021195411682128906
2.09	0.00020766258239746094
2.1	0.00020766258239746094
2.11	0.00020766258239746094
2.12	0.00020766258239746094
2.13	0.00020122528076171875
2.14	0.00020122528076171875
2.15	0.00020122528076171875
2.16	0.00020122528076171875
2.17	0.00020122528076171875
2.18	0.0001976490020751953
2.19	0.0001976490020751953
2.2	0.0001976490020751953
2.21	0.0001976490020751953
2.22	0.0001976490020751953
2.23	0.0001976490020751953
2.24	0.0001976490020751953
2.25	0.0001976490020751953
2.26	0.00019121170043945312
2.27	0.00019121170043945312
2.28	0.00019121170043945312
2.29	0.00019121170043945312
2.3	0.00019121170043945312
2.31	0.00019121170043945312
2.32	0.00019121170043945312
2.33	0.00019121170043945312
2.34	0.00018906593322753906
2.35	0.00018906593322753906
2.36	0.00018906593322753906
2.37	0.00018906593322753906
2.38	0.00018906593322753906
2.39	0.00018906593322753906
2.4	0.00018906593322753906
2.41	0.00018906593322753906
2.42	0.00018906593322753906
2.43	0.00018906593322753906
2.44	0.00018906593322753906
2.45	0.00018906593322753906
2.46	0.00018906593322753906
2.47	0.00018906593322753906
2.48	0.00018906593322753906
2.49	0.00018548965454101562
2.5	0.00018548965454101562
2.51	0.00018548965454101562
2.52	0.00018334388732910156
2.53	0.00018334388732910156
2.54	0.00018334388732910156
2.55	0.00018334388732910156
2.56	0.00018334388732910156
2.57	0.00018334388732910156
2.58	0.00018334388732910156
2.59	0.00018334388732910156
2.6	0.00018334388732910156
2.61	0.00018334388732910156
2.62	0.00018334388732910156
2.63	0.00018334388732910156
2.64	0.00018334388732910156
2.65	0.00018334388732910156
2.66	0.00017976760864257812
2.67	0.00017976760864257812
2.68	0.00017976760864257812
2.69	0.00017976760864257812
2.7	0.00017976760864257812
2.71	0.00017976760864257812
2.72	0.00017976760864257812
2.73	0.00017976760864257812
2.74	0.00017976760864257812
2.75	0.00017976760864257812
2.76	0.00017976760864257812
2.77	0.00017976760864257812
2.78	0.00017976760864257812
2.79	0.00017976760864257812
2.8	0.00017976760864257812
2.81	0.00017976760864257812
2.82	0.00017976760864257812
2.83	0.00017762184143066406
2.84	0.00017762184143066406
2.85	0.00017762184143066406
2.86	0.00017762184143066406
2.87	0.00017762184143066406
2.88	0.00017762184143066406
2.89	0.00017762184143066406
2.9	0.00017762184143066406
2.91	0.00017762184143066406
2.92	0.00017762184143066406
2.93	0.00017762184143066406
2.94	0.00017404556274414062
2.95	0.00017404556274414062
2.96	0.00017404556274414062
2.97	0.00017404556274414062
2.98	0.00017404556274414062
2.99	0.00017404556274414062
3.0	0.00017189979553222656
3.01	0.00017189979553222656
3.02	0.00017189979553222656
3.03	0.00017189979553222656
3.04	0.00017189979553222656
3.05	0.00017189979553222656
3.06	0.00017189979553222656
3.07	0.00017189979553222656
3.08	0.00017189979553222656
3.09	0.00017189979553222656
3.1	0.00017189979553222656
3.11	0.00017189979553222656
3.12	0.00017189979553222656
3.13	0.00017189979553222656
3.14	0.00017189979553222656
3.15	0.00017189979553222656
3.16	0.00017189979553222656
3.17	0.00017189979553222656
3.18	0.00017189979553222656
3.19	0.00017189979553222656
3.2	0.00017189979553222656
3.21	0.00017189979553222656
3.22	0.00017189979553222656
3.23	0.00017189979553222656
3.24	0.00017189979553222656
3.25	0.00017189979553222656
3.26	0.00017189979553222656
3.27	0.00017189979553222656
3.28	0.0001697540283203125
3.29	0.0001697540283203125
3.3	0.0001697540283203125
3.31	0.0001697540283203125
3.32	0.0001697540283203125
3.33	0.0001697540283203125
3.34	0.0001697540283203125
3.35	0.0001697540283203125
3.36	0.0001697540283203125
3.37	0.0001697540283203125
3.38	0.0001697540283203125
3.39	0.0001697540283203125
3.4	0.0001697540283203125
3.41	0.0001697540283203125
3.42	0.0001697540283203125
3.43	0.00016617774963378906
3.44	0.00016617774963378906
3.45	0.00016617774963378906
3.46	0.00016617774963378906
3.47	0.00016617774963378906
3.48	0.00016617774963378906
3.49	0.00016617774963378906
3.5	0.00016617774963378906
3.51	0.00016617774963378906
3.52	0.00016617774963378906
3.53	0.00016617774963378906
3.54	0.00016617774963378906
3.55	0.00016617774963378906
3.56	0.00016617774963378906
3.57	0.00016617774963378906
3.58	0.00016617774963378906
3.59	0.00016617774963378906
3.6	0.00016617774963378906
3.61	0.00016617774963378906
3.62	0.00016617774963378906
3.63	0.00016617774963378906
3.64	0.00016617774963378906
3.65	0.00016617774963378906
3.66	0.00016617774963378906
3.67	0.00016617774963378906
3.68	0.00016617774963378906
3.69	0.00016617774963378906
3.7	0.00016617774963378906
3.71	0.00016617774963378906
3.72	0.00016617774963378906
3.73	0.00016260147094726562
3.74	0.00016260147094726562
3.75	0.00016260147094726562
3.76	0.00016045570373535156
3.77	0.00016045570373535156
3.78	0.00016045570373535156
3.79	0.00016045570373535156
3.8	0.00016045570373535156
3.81	0.00016045570373535156
3.82	0.00016045570373535156
3.83	0.00016045570373535156
3.84	0.00016045570373535156
3.85	0.00015687942504882812
3.86	0.00015687942504882812
3.87	0.00015687942504882812
3.88	0.00015687942504882812
3.89	0.00015687942504882812
3.9	0.0001533031463623047
3.91	0.0001533031463623047
3.92	0.0001533031463623047
3.93	0.0001533031463623047
3.94	0.0001533031463623047
3.95	0.0001533031463623047
3.96	0.0001533031463623047
3.97	0.0001533031463623047
3.98	0.0001533031463623047
3.99	0.0001533031463623047
4.0	0.0001533031463623047
4.01	0.0001533031463623047
4.02	0.0001533031463623047
4.03	0.0001461505889892578
4.04	0.0001461505889892578
4.05	0.0001461505889892578
4.06	0.0001461505889892578
4.07	0.00014400482177734375
4.08	0.00014400482177734375
4.09	0.00014400482177734375
4.1	0.00014400482177734375
4.11	0.00014400482177734375
4.12	0.00014400482177734375
4.13	0.00014400482177734375
4.14	0.00014400482177734375
4.15	0.00014400482177734375
4.16	0.00014400482177734375
4.17	0.00014400482177734375
4.18	0.00014400482177734375
4.19	0.00014138221740722656
4.2	0.0001342296600341797
4.21	0.0001342296600341797
4.22	0.0001342296600341797
4.23	0.0001342296600341797
4.24	0.00013208389282226562
4.25	0.00013208389282226562
4.26	0.00013208389282226562
4.27	0.00013208389282226562
4.28	0.00013208389282226562
4.29	0.00013208389282226562
4.3	0.00013208389282226562
4.31	0.00013208389282226562
4.32	0.00013208389282226562
4.33	0.00013208389282226562
4.34	0.00013208389282226562
4.35	0.00013208389282226562
4.36	0.0001277923583984375
4.37	0.00012731552124023438
4.38	0.00012731552124023438
4.39	0.00012731552124023438
4.4	0.00012731552124023438
4.41	0.00012731552124023438
4.42	0.00012731552124023438
4.43	0.00012731552124023438
4.44	0.00012731552124023438
4.45	0.00012731552124023438
4.46	0.00012731552124023438
4.47	0.00012731552124023438
4.48	0.00012731552124023438
4.49	0.00012731552124023438
4.5	0.00012731552124023438
4.51	0.00012373924255371094
4.52	0.00012373924255371094
4.53	0.00012373924255371094
4.54	0.00011944770812988281
4.55	0.00011944770812988281
4.56	0.00011944770812988281
4.57	0.00011944770812988281
4.58	0.00011944770812988281
4.59	0.00011944770812988281
4.6	0.00011944770812988281
4.61	0.00011944770812988281
4.62	0.00011944770812988281
4.63	0.00011944770812988281
4.64	0.00011944770812988281
4.65	0.00011944770812988281
4.66	0.00011944770812988281
4.67	0.00011587142944335938
4.68	0.00010824203491210938
4.69	0.00010824203491210938
4.7	0.00010824203491210938
4.71	0.00010824203491210938
4.72	0.00010824203491210938
4.73	0.00010824203491210938
4.74	0.00010824203491210938
4.75	0.00010824203491210938
4.76	0.00010824203491210938
4.77	0.00010824203491210938
4.78	0.00010824203491210938
4.79	0.00010466575622558594
4.8	0.00010466575622558594
4.81	0.00010466575622558594
4.82	0.00010466575622558594
4.83	0.00010466575622558594
4.84	0.00010466575622558594
4.85	0.00010204315185546875
4.86	0.00010204315185546875
4.87	0.00010204315185546875
4.88	0.00010204315185546875
4.89	0.00010204315185546875
4.9	0.00010204315185546875
4.91	0.00010204315185546875
4.92	0.00010204315185546875
4.93	0.00010204315185546875
4.94	0.00010204315185546875
4.95	0.00010204315185546875
4.96	9.846687316894531e-05
4.97	9.846687316894531e-05
4.98	9.846687316894531e-05
4.99	9.846687316894531e-05
5.0	9.632110595703125e-05
5.01	9.632110595703125e-05
5.02	9.202957153320312e-05
5.03	9.202957153320312e-05
5.04	9.202957153320312e-05
5.05	9.202957153320312e-05
5.06	9.202957153320312e-05
5.07	9.202957153320312e-05
5.08	9.202957153320312e-05
5.09	9.202957153320312e-05
5.1	9.202957153320312e-05
5.11	9.202957153320312e-05
5.12	9.202957153320312e-05
5.13	8.940696716308594e-05
5.14	8.940696716308594e-05
5.15	8.940696716308594e-05
5.16	8.940696716308594e-05
5.17	8.940696716308594e-05
5.18	8.940696716308594e-05
5.19	8.940696716308594e-05
5.2	8.940696716308594e-05
5.21	8.940696716308594e-05
5.22	8.940696716308594e-05
5.23	8.940696716308594e-05
5.24	8.940696716308594e-05
5.25	8.940696716308594e-05
5.26	8.940696716308594e-05
5.27	8.940696716308594e-05
5.28	8.940696716308594e-05
5.29	8.940696716308594e-05
5.3	8.726119995117188e-05
5.31	8.726119995117188e-05
5.32	8.726119995117188e-05
5.33	8.726119995117188e-05
5.34	8.726119995117188e-05
5.35	8.726119995117188e-05
5.36	8.726119995117188e-05
5.37	8.726119995117188e-05
5.38	8.726119995117188e-05
5.39	8.726119995117188e-05
5.4	8.726119995117188e-05
5.41	8.726119995117188e-05
5.42	8.726119995117188e-05
5.43	8.726119995117188e-05
5.44	8.726119995117188e-05
5.45	8.368492126464844e-05
5.46	8.368492126464844e-05
5.47	8.368492126464844e-05
5.48	8.368492126464844e-05
5.49	8.368492126464844e-05
5.5	8.368492126464844e-05
5.51	8.368492126464844e-05
5.52	8.368492126464844e-05
5.53	8.368492126464844e-05
5.54	8.368492126464844e-05
5.55	8.368492126464844e-05
5.56	8.368492126464844e-05
5.57	8.368492126464844e-05
5.58	8.368492126464844e-05
5.59	8.368492126464844e-05
5.6	8.368492126464844e-05
5.61	8.368492126464844e-05
5.62	8.320808410644531e-05
5.63	8.320808410644531e-05
5.64	8.320808410644531e-05
5.65	8.320808410644531e-05
5.66	8.320808410644531e-05
5.67	8.320808410644531e-05
5.68	8.320808410644531e-05
5.69	8.320808410644531e-05
5.7	8.320808410644531e-05
5.71	8.320808410644531e-05
5.72	8.320808410644531e-05
5.73	8.320808410644531e-05
5.74	8.320808410644531e-05
5.75	7.963180541992188e-05
5.76	7.963180541992188e-05
5.77	7.963180541992188e-05
5.78	7.748603820800781e-05
5.79	7.748603820800781e-05
5.8	7.748603820800781e-05
5.81	7.748603820800781e-05
5.82	7.748603820800781e-05
5.83	7.748603820800781e-05
5.84	7.748603820800781e-05
5.85	7.748603820800781e-05
5.86	7.748603820800781e-05
5.87	7.390975952148438e-05
5.88	7.390975952148438e-05
5.89	7.390975952148438e-05
5.9	7.390975952148438e-05
5.91	7.390975952148438e-05
5.92	6.628036499023438e-05
5.93	6.628036499023438e-05
5.94	6.628036499023438e-05
5.95	6.628036499023438e-05
5.96	6.628036499023438e-05
5.97	6.628036499023438e-05
5.98	6.628036499023438e-05
5.99	6.628036499023438e-05
6.0	6.628036499023438e-05
6.01	6.628036499023438e-05
6.02	6.628036499023438e-05
6.03	6.628036499023438e-05
6.04	6.580352783203125e-05
6.05	5.8650970458984375e-05
6.06	5.8650970458984375e-05
6.07	5.8650970458984375e-05
6.08	5.8650970458984375e-05
6.09	5.602836608886719e-05
6.1	5.602836608886719e-05
6.11	5.602836608886719e-05
6.12	5.602836608886719e-05
6.13	5.602836608886719e-05
6.14	5.602836608886719e-05
6.15	5.602836608886719e-05
6.16	5.602836608886719e-05
6.17	5.602836608886719e-05
6.18	5.602836608886719e-05
6.19	5.602836608886719e-05
6.2	5.602836608886719e-05
6.21	5.3882598876953125e-05
6.22	4.982948303222656e-05
6.23	4.982948303222656e-05
6.24	4.982948303222656e-05
6.25	4.982948303222656e-05
6.26	4.553794860839844e-05
6.27	4.553794860839844e-05
6.28	4.553794860839844e-05
6.29	4.553794860839844e-05
6.3	4.553794860839844e-05
6.31	4.553794860839844e-05
6.32	4.553794860839844e-05
6.33	4.553794860839844e-05
6.34	4.553794860839844e-05
6.35	4.553794860839844e-05
6.36	4.553794860839844e-05
6.37	4.553794860839844e-05
6.38	4.124641418457031e-05
6.39	4.076957702636719e-05
6.4	4.076957702636719e-05
6.41	4.076957702636719e-05
6.42	4.076957702636719e-05
6.43	4.076957702636719e-05
6.44	4.076957702636719e-05
6.45	4.076957702636719e-05
6.46	4.076957702636719e-05
6.47	4.076957702636719e-05
6.48	4.076957702636719e-05
6.49	4.076957702636719e-05
6.5	4.076957702636719e-05
6.51	4.076957702636719e-05
6.52	4.076957702636719e-05
6.53	4.076957702636719e-05
6.54	4.076957702636719e-05
6.55	4.076957702636719e-05
6.56	3.8623809814453125e-05
6.57	3.8623809814453125e-05
6.58	3.8623809814453125e-05
6.59	3.8623809814453125e-05
6.6	3.8623809814453125e-05
6.61	3.8623809814453125e-05
6.62	3.8623809814453125e-05
6.63	3.8623809814453125e-05
6.64	3.8623809814453125e-05
6.65	3.8623809814453125e-05
6.66	3.8623809814453125e-05
6.67	3.8623809814453125e-05
6.68	3.8623809814453125e-05
6.69	3.504753112792969e-05
6.7	3.147125244140625e-05
6.71	3.147125244140625e-05
6.72	3.147125244140625e-05
6.73	3.147125244140625e-05
6.74	3.147125244140625e-05
6.75	3.147125244140625e-05
6.76	3.147125244140625e-05
6.77	3.147125244140625e-05
6.78	3.147125244140625e-05
6.79	3.147125244140625e-05
6.8	3.147125244140625e-05
6.81	2.7894973754882812e-05
6.82	2.7894973754882812e-05
6.83	2.7894973754882812e-05
6.84	2.7894973754882812e-05
6.85	2.7894973754882812e-05
6.86	2.7418136596679688e-05
6.87	2.6941299438476562e-05
6.88	2.6941299438476562e-05
6.89	2.6941299438476562e-05
6.9	2.6941299438476562e-05
6.91	2.6941299438476562e-05
6.92	2.6941299438476562e-05
6.93	2.6941299438476562e-05
6.94	2.6941299438476562e-05
6.95	2.6941299438476562e-05
6.96	2.6941299438476562e-05
6.97	2.6941299438476562e-05
6.98	2.6464462280273438e-05
6.99	2.6464462280273438e-05
7.0	2.6464462280273438e-05
7.01	2.6464462280273438e-05
7.02	2.6464462280273438e-05
7.03	2.4318695068359375e-05
7.04	2.2172927856445312e-05
7.05	2.2172927856445312e-05
7.06	2.2172927856445312e-05
7.07	2.2172927856445312e-05
7.08	2.2172927856445312e-05
7.09	2.2172927856445312e-05
7.1	2.2172927856445312e-05
7.11	2.2172927856445312e-05
7.12	2.2172927856445312e-05
7.13	2.2172927856445312e-05
7.14	2.2172927856445312e-05
7.15	2.002716064453125e-05
7.16	2.002716064453125e-05
7.17	2.002716064453125e-05
7.18	2.002716064453125e-05
7.19	2.002716064453125e-05
7.2	2.002716064453125e-05
7.21	2.002716064453125e-05
7.22	2.002716064453125e-05
7.23	2.002716064453125e-05
7.24	2.002716064453125e-05
7.25	2.002716064453125e-05
7.26	2.002716064453125e-05
7.27	2.002716064453125e-05
7.28	2.002716064453125e-05
7.29	2.002716064453125e-05
7.3	2.002716064453125e-05
7.31	2.002716064453125e-05
7.32	2.002716064453125e-05
7.33	2.002716064453125e-05
7.34	2.002716064453125e-05
7.35	2.002716064453125e-05
7.36	2.002716064453125e-05
7.37	2.002716064453125e-05
7.38	2.002716064453125e-05
7.39	2.002716064453125e-05
7.4	2.002716064453125e-05
7.41	2.002716064453125e-05
7.42	2.002716064453125e-05
7.43	2.002716064453125e-05
7.44	2.002716064453125e-05
7.45	2.002716064453125e-05
7.46	2.002716064453125e-05
7.47	2.002716064453125e-05
7.48	2.002716064453125e-05
7.49	2.002716064453125e-05
7.5	2.002716064453125e-05
7.51	2.002716064453125e-05
7.52	2.002716064453125e-05
7.53	2.002716064453125e-05
7.54	2.002716064453125e-05
7.55	2.002716064453125e-05
7.56	2.002716064453125e-05
7.57	2.002716064453125e-05
7.58	2.002716064453125e-05
7.59	2.002716064453125e-05
7.6	2.002716064453125e-05
7.61	2.002716064453125e-05
7.62	2.002716064453125e-05
7.63	2.002716064453125e-05
7.64	2.002716064453125e-05
7.65	2.002716064453125e-05
7.66	2.002716064453125e-05
7.67	2.002716064453125e-05
7.68	2.002716064453125e-05
7.69	2.002716064453125e-05
7.7	2.002716064453125e-05
7.71	2.002716064453125e-05
7.72	2.002716064453125e-05
7.73	2.002716064453125e-05
7.74	2.002716064453125e-05
7.75	2.002716064453125e-05
7.76	2.002716064453125e-05
7.77	2.002716064453125e-05
7.78	2.002716064453125e-05
7.79	2.002716064453125e-05
7.8	2.002716064453125e-05
7.81	2.002716064453125e-05
7.82	2.002716064453125e-05
7.83	2.002716064453125e-05
7.84	2.002716064453125e-05
7.85	2.002716064453125e-05
7.86	2.002716064453125e-05
7.87	2.002716064453125e-05
7.88	2.002716064453125e-05
7.89	2.002716064453125e-05
7.9	2.002716064453125e-05
7.91	2.002716064453125e-05
7.92	2.002716064453125e-05
7.93	2.002716064453125e-05
7.94	1.6450881958007812e-05
7.95	1.6450881958007812e-05
7.96	1.6450881958007812e-05
7.97	1.6450881958007812e-05
7.98	1.6450881958007812e-05
7.99	1.6450881958007812e-05
8.0	1.6450881958007812e-05
8.01	1.6450881958007812e-05
8.02	1.6450881958007812e-05
8.03	1.6450881958007812e-05
8.04	1.6450881958007812e-05
8.05	1.6450881958007812e-05
8.06	1.6450881958007812e-05
8.07	1.2874603271484375e-05
8.08	1.2874603271484375e-05
8.09	1.2874603271484375e-05
8.1	1.2874603271484375e-05
8.11	1.239776611328125e-05
8.12	1.239776611328125e-05
8.13	1.239776611328125e-05
8.14	1.239776611328125e-05
8.15	1.239776611328125e-05
8.16	1.239776611328125e-05
8.17	1.239776611328125e-05
8.18	1.239776611328125e-05
8.19	1.239776611328125e-05
8.2	1.239776611328125e-05
8.21	1.239776611328125e-05
8.22	1.239776611328125e-05
8.23	1.1920928955078125e-05
8.24	1.1920928955078125e-05
8.25	1.1920928955078125e-05
8.26	1.1920928955078125e-05
8.27	1.1920928955078125e-05
8.28	9.775161743164062e-06
8.29	9.775161743164062e-06
8.3	9.775161743164062e-06
8.31	9.775161743164062e-06
8.32	9.775161743164062e-06
8.33	9.775161743164062e-06
8.34	9.775161743164062e-06
8.35	9.775161743164062e-06
8.36	9.775161743164062e-06
8.37	9.775161743164062e-06
8.38	9.775161743164062e-06
8.39	9.775161743164062e-06
8.4	7.62939453125e-06
8.41	7.62939453125e-06
8.42	7.62939453125e-06
8.43	7.62939453125e-06
8.44	7.62939453125e-06
8.45	7.62939453125e-06
8.46	7.62939453125e-06
8.47	7.62939453125e-06
8.48	7.62939453125e-06
8.49	7.3909759521484375e-06
8.5	7.3909759521484375e-06
8.51	7.3909759521484375e-06
8.52	7.3909759521484375e-06
8.53	7.3909759521484375e-06
8.54	7.3909759521484375e-06
8.55	7.3909759521484375e-06
8.56	7.3909759521484375e-06
8.57	7.3909759521484375e-06
8.58	7.3909759521484375e-06
8.59	7.3909759521484375e-06
8.6	7.3909759521484375e-06
8.61	7.3909759521484375e-06
8.62	7.3909759521484375e-06
8.63	7.3909759521484375e-06
8.64	7.3909759521484375e-06
8.65	7.3909759521484375e-06
8.66	7.152557373046875e-06
8.67	7.152557373046875e-06
8.68	7.152557373046875e-06
8.69	7.152557373046875e-06
8.7	7.152557373046875e-06
8.71	7.152557373046875e-06
8.72	7.152557373046875e-06
8.73	7.152557373046875e-06
8.74	7.152557373046875e-06
8.75	7.152557373046875e-06
8.76	7.152557373046875e-06
8.77	7.152557373046875e-06
8.78	7.152557373046875e-06
8.79	7.152557373046875e-06
8.8	7.152557373046875e-06
8.81	7.152557373046875e-06
8.82	7.152557373046875e-06
8.83	7.152557373046875e-06
8.84	7.152557373046875e-06
8.85	7.152557373046875e-06
8.86	7.152557373046875e-06
8.87	7.152557373046875e-06
8.88	7.152557373046875e-06
8.89	7.152557373046875e-06
8.9	7.152557373046875e-06
8.91	7.152557373046875e-06
8.92	7.152557373046875e-06
8.93	7.152557373046875e-06
8.94	7.152557373046875e-06
8.95	7.152557373046875e-06
8.96	7.152557373046875e-06
8.97	6.9141387939453125e-06
8.98	6.9141387939453125e-06
8.99	6.9141387939453125e-06
9.0	6.9141387939453125e-06
9.01	6.9141387939453125e-06
9.02	6.9141387939453125e-06
9.03	6.9141387939453125e-06
9.04	6.9141387939453125e-06
9.05	6.9141387939453125e-06
9.06	6.9141387939453125e-06
9.07	6.9141387939453125e-06
9.08	6.9141387939453125e-06
9.09	6.9141387939453125e-06
9.1	6.9141387939453125e-06
9.11	6.9141387939453125e-06
9.12	6.9141387939453125e-06
9.13	6.9141387939453125e-06
9.14	6.9141387939453125e-06
9.15	6.67572021484375e-06
9.16	6.67572021484375e-06
9.17	6.67572021484375e-06
9.18	6.67572021484375e-06
9.19	6.67572021484375e-06
9.2	6.67572021484375e-06
9.21	6.67572021484375e-06
9.22	6.67572021484375e-06
9.23	6.67572021484375e-06
9.24	6.67572021484375e-06
9.25	6.67572021484375e-06
9.26	6.67572021484375e-06
9.27	6.67572021484375e-06
9.28	6.67572021484375e-06
9.29	6.67572021484375e-06
9.3	6.67572021484375e-06
9.31	6.67572021484375e-06
9.32	6.67572021484375e-06
9.33	6.67572021484375e-06
9.34	6.67572021484375e-06
9.35	6.67572021484375e-06
9.36	6.67572021484375e-06
9.37	6.67572021484375e-06
9.38	6.67572021484375e-06
9.39	6.67572021484375e-06
9.4	6.67572021484375e-06
9.41	6.67572021484375e-06
9.42	6.67572021484375e-06
9.43	6.4373016357421875e-06
9.44	6.4373016357421875e-06
9.45	6.4373016357421875e-06
9.46	6.4373016357421875e-06
9.47	6.4373016357421875e-06
9.48	6.4373016357421875e-06
9.49	6.4373016357421875e-06
9.5	6.4373016357421875e-06
9.51	6.4373016357421875e-06
9.52	6.4373016357421875e-06
9.53	6.4373016357421875e-06
9.54	6.4373016357421875e-06
9.55	6.4373016357421875e-06
9.56	6.4373016357421875e-06
9.57	6.4373016357421875e-06
9.58	6.4373016357421875e-06
9.59	6.4373016357421875e-06
9.6	6.4373016357421875e-06
9.61	6.4373016357421875e-06
9.62	6.4373016357421875e-06
9.63	6.4373016357421875e-06
9.64	6.4373016357421875e-06
9.65	6.4373016357421875e-06
9.66	6.4373016357421875e-06
9.67	6.4373016357421875e-06
9.68	6.4373016357421875e-06
9.69	6.4373016357421875e-06
9.7	6.4373016357421875e-06
9.71	6.4373016357421875e-06
9.72	6.4373016357421875e-06
9.73	6.4373016357421875e-06
9.74	6.4373016357421875e-06
9.75	6.4373016357421875e-06
9.76	6.4373016357421875e-06
9.77	6.4373016357421875e-06
9.78	6.4373016357421875e-06
9.79	6.4373016357421875e-06
9.8	6.4373016357421875e-06
9.81	6.4373016357421875e-06
9.82	6.4373016357421875e-06
9.83	6.4373016357421875e-06
9.84	6.4373016357421875e-06
9.85	6.4373016357421875e-06
9.86	6.4373016357421875e-06
9.87	6.4373016357421875e-06
9.88	6.4373016357421875e-06
9.89	6.4373016357421875e-06
9.9	6.4373016357421875e-06
9.91	6.198883056640625e-06
9.92	6.198883056640625e-06
9.93	6.198883056640625e-06
9.94	6.198883056640625e-06
9.95	6.198883056640625e-06
9.96	6.198883056640625e-06
9.97	6.198883056640625e-06
9.98	6.198883056640625e-06
9.99	6.198883056640625e-06
10.0	6.198883056640625e-06
10.01	6.198883056640625e-06
10.02	6.198883056640625e-06
10.03	6.198883056640625e-06
10.04	6.198883056640625e-06
10.05	6.198883056640625e-06
10.06	6.198883056640625e-06
10.07	6.198883056640625e-06
10.08	6.198883056640625e-06
10.09	6.198883056640625e-06
10.1	6.198883056640625e-06
10.11	6.198883056640625e-06
10.12	6.198883056640625e-06
10.13	6.198883056640625e-06
10.14	6.198883056640625e-06
10.15	6.198883056640625e-06
10.16	6.198883056640625e-06
10.17	6.198883056640625e-06
10.18	6.198883056640625e-06
10.19	6.198883056640625e-06
10.2	6.198883056640625e-06
10.21	5.9604644775390625e-06
10.22	5.9604644775390625e-06
10.23	5.9604644775390625e-06
10.24	5.9604644775390625e-06
10.25	5.9604644775390625e-06
10.26	5.9604644775390625e-06
10.27	5.9604644775390625e-06
10.28	5.9604644775390625e-06
10.29	5.9604644775390625e-06
10.3	5.9604644775390625e-06
10.31	5.9604644775390625e-06
10.32	5.9604644775390625e-06
10.33	5.9604644775390625e-06
10.34	5.7220458984375e-06
10.35	5.7220458984375e-06
10.36	5.7220458984375e-06
10.37	5.7220458984375e-06
10.38	5.7220458984375e-06
10.39	5.4836273193359375e-06
10.4	5.4836273193359375e-06
10.41	5.4836273193359375e-06
10.42	5.4836273193359375e-06
10.43	5.4836273193359375e-06
10.44	5.4836273193359375e-06
10.45	5.4836273193359375e-06
10.46	5.4836273193359375e-06
10.47	5.4836273193359375e-06
10.48	5.4836273193359375e-06
10.49	5.4836273193359375e-06
10.5	5.4836273193359375e-06
10.51	5.0067901611328125e-06
10.52	5.0067901611328125e-06
10.53	5.0067901611328125e-06
10.54	5.0067901611328125e-06
10.55	5.0067901611328125e-06
10.56	5.0067901611328125e-06
10.57	5.0067901611328125e-06
10.58	5.0067901611328125e-06
10.59	5.0067901611328125e-06
10.6	5.0067901611328125e-06
10.61	5.0067901611328125e-06
10.62	5.0067901611328125e-06
10.63	5.0067901611328125e-06
10.64	5.0067901611328125e-06
10.65	5.0067901611328125e-06
10.66	5.0067901611328125e-06
10.67	5.0067901611328125e-06
10.68	4.5299530029296875e-06
10.69	4.5299530029296875e-06
10.7	4.5299530029296875e-06
10.71	4.5299530029296875e-06
10.72	4.5299530029296875e-06
10.73	4.5299530029296875e-06
10.74	4.5299530029296875e-06
10.75	4.5299530029296875e-06
10.76	4.5299530029296875e-06
10.77	4.5299530029296875e-06
10.78	4.5299530029296875e-06
10.79	4.5299530029296875e-06
10.8	4.5299530029296875e-06
10.81	4.5299530029296875e-06
10.82	4.5299530029296875e-06
10.83	4.5299530029296875e-06
10.84	4.5299530029296875e-06
10.85	4.5299530029296875e-06
10.86	4.5299530029296875e-06
10.87	4.5299530029296875e-06
10.88	4.5299530029296875e-06
10.89	4.5299530029296875e-06
10.9	4.5299530029296875e-06
10.91	4.5299530029296875e-06
10.92	4.5299530029296875e-06
10.93	4.5299530029296875e-06
10.94	4.5299530029296875e-06
10.95	4.5299530029296875e-06
10.96	4.5299530029296875e-06
10.97	4.5299530029296875e-06
10.98	4.5299530029296875e-06
10.99	4.291534423828125e-06
11.0	4.291534423828125e-06
11.01	4.291534423828125e-06
11.02	4.291534423828125e-06
11.03	4.291534423828125e-06
11.04	4.291534423828125e-06
11.05	4.291534423828125e-06
11.06	4.291534423828125e-06
11.07	4.291534423828125e-06
11.08	4.291534423828125e-06
11.09	4.291534423828125e-06
11.1	4.291534423828125e-06
11.11	4.291534423828125e-06
11.12	4.291534423828125e-06
11.13	4.291534423828125e-06
11.14	4.291534423828125e-06
11.15	4.0531158447265625e-06
11.16	4.0531158447265625e-06
11.17	3.5762786865234375e-06
11.18	3.5762786865234375e-06
11.19	3.5762786865234375e-06
11.2	3.5762786865234375e-06
11.21	3.5762786865234375e-06
11.22	3.5762786865234375e-06
11.23	3.5762786865234375e-06
11.24	3.5762786865234375e-06
11.25	3.5762786865234375e-06
11.26	3.5762786865234375e-06
11.27	3.5762786865234375e-06
11.28	3.337860107421875e-06
11.29	3.337860107421875e-06
11.3	3.337860107421875e-06
11.31	3.337860107421875e-06
11.32	3.337860107421875e-06
11.33	3.337860107421875e-06
11.34	3.337860107421875e-06
11.35	3.337860107421875e-06
11.36	3.337860107421875e-06
11.37	3.337860107421875e-06
11.38	3.337860107421875e-06
11.39	3.337860107421875e-06
11.4	3.337860107421875e-06
11.41	3.337860107421875e-06
11.42	3.337860107421875e-06
11.43	3.337860107421875e-06
11.44	3.337860107421875e-06
11.45	3.0994415283203125e-06
11.46	3.0994415283203125e-06
11.47	3.0994415283203125e-06
11.48	3.0994415283203125e-06
11.49	3.0994415283203125e-06
11.5	3.0994415283203125e-06
11.51	3.0994415283203125e-06
11.52	3.0994415283203125e-06
11.53	3.0994415283203125e-06
11.54	3.0994415283203125e-06
11.55	3.0994415283203125e-06
11.56	3.0994415283203125e-06
11.57	3.0994415283203125e-06
11.58	3.0994415283203125e-06
11.59	3.0994415283203125e-06
11.6	3.0994415283203125e-06
11.61	3.0994415283203125e-06
11.62	3.0994415283203125e-06
11.63	3.0994415283203125e-06
11.64	3.0994415283203125e-06
11.65	3.0994415283203125e-06
11.66	3.0994415283203125e-06
11.67	3.0994415283203125e-06
11.68	3.0994415283203125e-06
11.69	3.0994415283203125e-06
11.7	3.0994415283203125e-06
11.71	3.0994415283203125e-06
11.72	3.0994415283203125e-06
11.73	3.0994415283203125e-06
11.74	3.0994415283203125e-06
11.75	3.0994415283203125e-06
11.76	3.0994415283203125e-06
11.77	3.0994415283203125e-06
11.78	3.0994415283203125e-06
11.79	3.0994415283203125e-06
11.8	3.0994415283203125e-06
11.81	3.0994415283203125e-06
11.82	3.0994415283203125e-06
11.83	3.0994415283203125e-06
11.84	3.0994415283203125e-06
11.85	3.0994415283203125e-06
11.86	3.0994415283203125e-06
11.87	3.0994415283203125e-06
11.88	3.0994415283203125e-06
11.89	3.0994415283203125e-06
11.9	3.0994415283203125e-06
11.91	3.0994415283203125e-06
11.92	3.0994415283203125e-06
11.93	2.86102294921875e-06
11.94	2.86102294921875e-06
11.95	2.86102294921875e-06
11.96	2.86102294921875e-06
11.97	2.86102294921875e-06
11.98	2.86102294921875e-06
11.99	2.86102294921875e-06
12.0	2.86102294921875e-06
12.01	2.86102294921875e-06
12.02	2.86102294921875e-06
12.03	2.86102294921875e-06
12.04	2.86102294921875e-06
12.05	2.86102294921875e-06
12.06	2.86102294921875e-06
12.07	2.86102294921875e-06
12.08	2.86102294921875e-06
12.09	2.86102294921875e-06
12.1	2.86102294921875e-06
12.11	2.86102294921875e-06
12.12	2.86102294921875e-06
12.13	2.86102294921875e-06
12.14	2.86102294921875e-06
12.15	2.86102294921875e-06
12.16	2.86102294921875e-06
12.17	2.86102294921875e-06
12.18	2.86102294921875e-06
12.19	2.86102294921875e-06
12.2	2.86102294921875e-06
12.21	2.86102294921875e-06
12.22	2.86102294921875e-06
12.23	2.6226043701171875e-06
12.24	2.6226043701171875e-06
12.25	2.6226043701171875e-06
12.26	2.6226043701171875e-06
12.27	2.6226043701171875e-06
12.28	2.6226043701171875e-06
12.29	2.6226043701171875e-06
12.3	2.6226043701171875e-06
12.31	2.6226043701171875e-06
12.32	2.6226043701171875e-06
12.33	2.6226043701171875e-06
12.34	2.6226043701171875e-06
12.35	2.6226043701171875e-06
12.36	2.384185791015625e-06
12.37	2.384185791015625e-06
12.38	2.384185791015625e-06
12.39	2.384185791015625e-06
12.4	2.384185791015625e-06
12.41	1.9073486328125e-06
12.42	1.9073486328125e-06
12.43	1.9073486328125e-06
12.44	1.9073486328125e-06
12.45	1.9073486328125e-06
12.46	1.9073486328125e-06
12.47	1.9073486328125e-06
12.48	1.9073486328125e-06
12.49	1.9073486328125e-06
12.5	1.9073486328125e-06
12.51	1.9073486328125e-06
12.52	1.9073486328125e-06
12.53	1.430511474609375e-06
12.54	1.430511474609375e-06
12.55	1.430511474609375e-06
12.56	1.430511474609375e-06
12.57	1.430511474609375e-06
12.58	1.430511474609375e-06
12.59	1.430511474609375e-06
12.6	1.430511474609375e-06
12.61	1.430511474609375e-06
12.62	1.430511474609375e-06
12.63	1.430511474609375e-06
12.64	1.430511474609375e-06
12.65	1.430511474609375e-06
12.66	1.430511474609375e-06
12.67	1.430511474609375e-06
12.68	1.430511474609375e-06
12.69	1.430511474609375e-06
12.7	1.1920928955078125e-06
12.71	1.1920928955078125e-06
12.72	1.1920928955078125e-06
12.73	1.1920928955078125e-06
12.74	1.1920928955078125e-06
12.75	1.1920928955078125e-06
12.76	1.1920928955078125e-06
12.77	1.1920928955078125e-06
12.78	1.1920928955078125e-06
12.79	1.1920928955078125e-06
12.8	1.1920928955078125e-06
12.81	1.1920928955078125e-06
12.82	1.1920928955078125e-06
12.83	1.1920928955078125e-06
12.84	1.1920928955078125e-06
12.85	1.1920928955078125e-06
12.86	1.1920928955078125e-06
12.87	1.1920928955078125e-06
12.88	1.1920928955078125e-06
12.89	1.1920928955078125e-06
12.9	1.1920928955078125e-06
12.91	1.1920928955078125e-06
12.92	1.1920928955078125e-06
12.93	1.1920928955078125e-06
12.94	1.1920928955078125e-06
12.95	1.1920928955078125e-06
12.96	1.1920928955078125e-06
12.97	1.1920928955078125e-06
12.98	1.1920928955078125e-06
12.99	1.1920928955078125e-06
13.0	1.1920928955078125e-06
13.01	1.1920928955078125e-06
13.02	1.1920928955078125e-06
13.03	1.1920928955078125e-06
13.04	1.1920928955078125e-06
13.05	1.1920928955078125e-06
13.06	1.1920928955078125e-06
13.07	1.1920928955078125e-06
13.08	1.1920928955078125e-06
13.09	1.1920928955078125e-06
13.1	1.1920928955078125e-06
13.11	1.1920928955078125e-06
13.12	1.1920928955078125e-06
13.13	1.1920928955078125e-06
13.14	1.1920928955078125e-06
13.15	1.1920928955078125e-06
13.16	1.1920928955078125e-06
13.17	9.5367431640625e-07
13.18	9.5367431640625e-07
13.19	7.152557373046875e-07
13.2	7.152557373046875e-07
13.21	7.152557373046875e-07
13.22	7.152557373046875e-07
13.23	7.152557373046875e-07
13.24	7.152557373046875e-07
13.25	7.152557373046875e-07
13.26	7.152557373046875e-07
13.27	7.152557373046875e-07
13.28	7.152557373046875e-07
13.29	7.152557373046875e-07
13.3	4.76837158203125e-07
13.31	4.76837158203125e-07
13.32	4.76837158203125e-07
13.33	4.76837158203125e-07
13.34	4.76837158203125e-07
13.35	4.76837158203125e-07
13.36	4.76837158203125e-07
13.37	4.76837158203125e-07
13.38	4.76837158203125e-07
13.39	4.76837158203125e-07
13.4	4.76837158203125e-07
13.41	4.76837158203125e-07
13.42	4.76837158203125e-07
13.43	4.76837158203125e-07
13.44	4.76837158203125e-07
13.45	4.76837158203125e-07
13.46	4.76837158203125e-07
13.47	4.76837158203125e-07
13.48	4.76837158203125e-07
13.49	4.76837158203125e-07
13.5	4.76837158203125e-07
13.51	4.76837158203125e-07
13.52	4.76837158203125e-07
13.53	4.76837158203125e-07
13.54	4.76837158203125e-07
13.55	4.76837158203125e-07
13.56	4.76837158203125e-07
13.57	4.76837158203125e-07
13.58	4.76837158203125e-07
13.59	4.76837158203125e-07
13.6	4.76837158203125e-07
13.61	4.76837158203125e-07
13.62	4.76837158203125e-07
13.63	4.76837158203125e-07
13.64	4.76837158203125e-07
13.65	4.76837158203125e-07
13.66	4.76837158203125e-07
13.67	4.76837158203125e-07
13.68	4.76837158203125e-07
13.69	4.76837158203125e-07
13.7	4.76837158203125e-07
13.71	4.76837158203125e-07
13.72	4.76837158203125e-07
13.73	4.76837158203125e-07
13.74	4.76837158203125e-07
13.75	4.76837158203125e-07
13.76	4.76837158203125e-07
13.77	4.76837158203125e-07
13.78	4.76837158203125e-07
13.79	4.76837158203125e-07
13.8	4.76837158203125e-07
13.81	4.76837158203125e-07
13.82	4.76837158203125e-07
13.83	4.76837158203125e-07
13.84	4.76837158203125e-07
13.85	4.76837158203125e-07
13.86	4.76837158203125e-07
13.87	4.76837158203125e-07
13.88	4.76837158203125e-07
13.89	4.76837158203125e-07
13.9	4.76837158203125e-07
13.91	4.76837158203125e-07
13.92	4.76837158203125e-07
13.93	4.76837158203125e-07
13.94	4.76837158203125e-07
13.95	4.76837158203125e-07
13.96	4.76837158203125e-07
13.97	4.76837158203125e-07
13.98	4.76837158203125e-07
13.99	4.76837158203125e-07
14.0	4.76837158203125e-07
14.01	4.76837158203125e-07
14.02	4.76837158203125e-07
14.03	4.76837158203125e-07
14.04	4.76837158203125e-07
14.05	4.76837158203125e-07
14.06	4.76837158203125e-07
14.07	4.76837158203125e-07
14.08	4.76837158203125e-07
14.09	4.76837158203125e-07
14.1	4.76837158203125e-07
14.11	4.76837158203125e-07
14.12	4.76837158203125e-07
14.13	4.76837158203125e-07
14.14	4.76837158203125e-07
14.15	4.76837158203125e-07
14.16	4.76837158203125e-07
14.17	4.76837158203125e-07
14.18	4.76837158203125e-07
14.19	4.76837158203125e-07
14.2	4.76837158203125e-07
14.21	4.76837158203125e-07
14.22	4.76837158203125e-07
14.23	4.76837158203125e-07
14.24	4.76837158203125e-07
14.25	4.76837158203125e-07
14.26	4.76837158203125e-07
14.27	4.76837158203125e-07
14.28	4.76837158203125e-07
14.29	4.76837158203125e-07
14.3	4.76837158203125e-07
14.31	4.76837158203125e-07
14.32	4.76837158203125e-07
14.33	4.76837158203125e-07
14.34	4.76837158203125e-07
14.35	4.76837158203125e-07
14.36	4.76837158203125e-07
14.37	4.76837158203125e-07
14.38	4.76837158203125e-07
14.39	4.76837158203125e-07
14.4	4.76837158203125e-07
14.41	4.76837158203125e-07
14.42	4.76837158203125e-07
14.43	2.384185791015625e-07
14.44	2.384185791015625e-07
14.45	2.384185791015625e-07
14.46	2.384185791015625e-07
14.47	2.384185791015625e-07
14.48	2.384185791015625e-07
14.49	2.384185791015625e-07
14.5	2.384185791015625e-07
14.51	2.384185791015625e-07
14.52	2.384185791015625e-07
14.53	2.384185791015625e-07
14.54	2.384185791015625e-07
14.55	0.0
