6.06	0.0005011558532714844
6.07	0.0004985332489013672
6.08	0.0004966259002685547
6.09	0.0004925727844238281
6.1	0.0004858970642089844
6.11	0.00047707557678222656
6.12	0.00047326087951660156
6.13	0.0004687309265136719
6.14	0.0004668235778808594
6.15	0.0004642009735107422
6.16	0.000461578369140625
6.17	0.0004525184631347656
6.18	0.00044655799865722656
6.19	0.0004425048828125
6.2	0.000438690185546875
6.21	0.00043845176696777344
6.22	0.00043487548828125
6.23	0.00043010711669921875
6.24	0.0004246234893798828
6.25	0.0004203319549560547
6.26	0.0004162788391113281
6.27	0.00041365623474121094
6.28	0.0004119873046875
6.29	0.0004096031188964844
6.3	0.0004012584686279297
6.31	0.0003972053527832031
6.32	0.00039076805114746094
6.33	0.0003879070281982422
6.34	0.0003857612609863281
6.35	0.0003826618194580078
6.36	0.0003783702850341797
6.37	0.00037360191345214844
6.38	0.0003674030303955078
6.39	0.0003638267517089844
6.4	0.0003597736358642578
6.41	0.0003578662872314453
6.42	0.0003552436828613281
6.43	0.0003509521484375
6.44	0.0003445148468017578
6.45	0.00034046173095703125
6.46	0.00033783912658691406
6.47	0.0003349781036376953
6.48	0.00033283233642578125
6.49	0.0003294944763183594
6.5	0.0003247261047363281
6.51	0.0003190040588378906
6.52	0.0003147125244140625
6.53	0.00030994415283203125
6.54	0.00030875205993652344
6.55	0.00030541419982910156
6.56	0.0003037452697753906
6.57	0.000301361083984375
6.58	0.0002989768981933594
6.59	0.00029540061950683594
6.6	0.00029277801513671875
6.61	0.0002913475036621094
6.62	0.00028896331787109375
6.63	0.00028586387634277344
6.64	0.00028133392333984375
6.65	0.00027561187744140625
6.66	0.00027251243591308594
6.67	0.0002684593200683594
6.68	0.0002675056457519531
6.69	0.00026488304138183594
6.7	0.0002624988555908203
6.71	0.0002586841583251953
6.72	0.0002560615539550781
6.73	0.0002524852752685547
6.74	0.0002493858337402344
6.75	0.00024771690368652344
6.76	0.0002460479736328125
6.77	0.00024318695068359375
6.78	0.00023984909057617188
6.79	0.0002372264862060547
6.8	0.00023412704467773438
6.81	0.00023245811462402344
6.82	0.00023126602172851562
6.83	0.0002288818359375
6.84	0.00022745132446289062
6.85	0.0002238750457763672
6.86	0.00022268295288085938
6.87	0.0002186298370361328
6.88	0.00021791458129882812
6.89	0.0002148151397705078
6.9	0.00021409988403320312
6.91	0.000213623046875
6.92	0.0002117156982421875
6.93	0.0002090930938720703
6.94	0.00020623207092285156
6.95	0.00020503997802734375
6.96	0.00020194053649902344
6.97	0.00020074844360351562
6.98	0.00019812583923339844
6.99	0.00019621849060058594
7.0	0.0001957416534423828
7.01	0.00019288063049316406
7.02	0.00019073486328125
7.03	0.00018930435180664062
7.04	0.00018715858459472656
7.05	0.00018596649169921875
7.06	0.0001850128173828125
7.07	0.00018334388732910156
7.08	0.00017952919006347656
7.09	0.00017881393432617188
7.1	0.00017714500427246094
7.11	0.00017642974853515625
7.12	0.00017523765563964844
7.13	0.0001747608184814453
7.14	0.00017333030700683594
7.15	0.00017189979553222656
7.16	0.00017189979553222656
7.17	0.00017070770263671875
7.18	0.00017070770263671875
7.19	0.0001697540283203125
7.2	0.00016689300537109375
7.21	0.00016307830810546875
7.22	0.00016045570373535156
7.23	0.00015735626220703125
7.24	0.00015687942504882812
7.25	0.00015592575073242188
7.26	0.0001544952392578125
7.27	0.000152587890625
7.28	0.00015044212341308594
7.29	0.000148773193359375
7.3	0.00014638900756835938
7.31	0.0001461505889892578
7.32	0.00014495849609375
7.33	0.00014328956604003906
7.34	0.00014281272888183594
7.35	0.00014019012451171875
7.36	0.0001385211944580078
7.37	0.00013756752014160156
7.38	0.00013637542724609375
7.39	0.0001361370086669922
7.4	0.00013518333435058594
7.41	0.00013327598571777344
7.42	0.0001308917999267578
7.43	0.00012969970703125
7.44	0.00012922286987304688
7.45	0.0001289844512939453
7.46	0.0001285076141357422
7.47	0.0001270771026611328
7.48	0.00012683868408203125
7.49	0.00012493133544921875
7.5	0.00012445449829101562
7.51	0.0001232624053955078
7.52	0.00012302398681640625
7.53	0.00012135505676269531
7.54	0.00011944770812988281
7.55	0.00011730194091796875
7.56	0.00011420249938964844
7.57	0.00011372566223144531
7.58	0.00011157989501953125
7.59	0.00011110305786132812
7.6	0.00011014938354492188
7.61	0.00010943412780761719
7.62	0.00010657310485839844
7.63	0.00010585784912109375
7.64	0.00010466575622558594
7.65	0.00010347366333007812
7.66	0.00010323524475097656
7.67	0.00010275840759277344
7.68	0.00010204315185546875
7.69	0.00010085105895996094
7.7	0.00010061264038085938
7.71	0.00010013580322265625
7.72	9.918212890625e-05
7.73	9.894371032714844e-05
7.74	9.775161743164062e-05
7.75	9.703636169433594e-05
7.76	9.679794311523438e-05
7.77	9.584426879882812e-05
7.78	9.5367431640625e-05
7.79	9.5367431640625e-05
7.8	9.489059448242188e-05
7.81	9.34600830078125e-05
7.82	9.322166442871094e-05
7.83	9.202957153320312e-05
7.84	9.131431579589844e-05
7.85	8.869171142578125e-05
7.86	8.845329284667969e-05
7.87	8.630752563476562e-05
7.88	8.559226989746094e-05
7.89	8.535385131835938e-05
7.9	8.368492126464844e-05
7.91	8.344650268554688e-05
7.92	8.106231689453125e-05
7.93	8.082389831542969e-05
7.94	7.987022399902344e-05
7.95	7.939338684082031e-05
7.96	7.867813110351562e-05
7.97	7.748603820800781e-05
7.98	7.677078247070312e-05
7.99	7.534027099609375e-05
8.0	7.534027099609375e-05
8.01	7.462501525878906e-05
8.02	7.462501525878906e-05
8.03	7.414817810058594e-05
8.04	7.367134094238281e-05
8.05	7.343292236328125e-05
8.06	7.224082946777344e-05
8.07	7.176399230957031e-05
8.08	7.128715515136719e-05
8.09	7.081031799316406e-05
8.1	7.033348083496094e-05
8.11	6.961822509765625e-05
8.12	6.914138793945312e-05
8.13	6.866455078125e-05
8.14	6.818771362304688e-05
8.15	6.794929504394531e-05
8.16	6.747245788574219e-05
8.17	6.628036499023438e-05
8.18	6.532669067382812e-05
8.19	6.246566772460938e-05
8.2	6.222724914550781e-05
8.21	6.0558319091796875e-05
8.22	6.031990051269531e-05
8.23	6.008148193359375e-05
8.24	5.8650970458984375e-05
8.25	5.698204040527344e-05
8.26	5.602836608886719e-05
8.27	5.5789947509765625e-05
8.28	5.53131103515625e-05
8.29	5.53131103515625e-05
8.3	5.507469177246094e-05
8.31	5.412101745605469e-05
8.32	5.340576171875e-05
8.33	5.173683166503906e-05
8.34	5.173683166503906e-05
8.35	5.1021575927734375e-05
8.36	5.078315734863281e-05
8.37	5.030632019042969e-05
8.38	4.9591064453125e-05
8.39	4.8160552978515625e-05
8.4	4.744529724121094e-05
8.41	4.7206878662109375e-05
8.42	4.696846008300781e-05
8.43	4.696846008300781e-05
8.44	4.673004150390625e-05
8.45	4.649162292480469e-05
8.46	4.6253204345703125e-05
8.47	4.6253204345703125e-05
8.48	4.601478576660156e-05
8.49	4.57763671875e-05
8.5	4.57763671875e-05
8.51	4.482269287109375e-05
8.52	4.267692565917969e-05
8.53	4.1484832763671875e-05
8.54	3.981590270996094e-05
8.55	3.981590270996094e-05
8.56	3.9577484130859375e-05
8.57	3.886222839355469e-05
8.58	3.838539123535156e-05
8.59	3.7670135498046875e-05
8.6	3.719329833984375e-05
8.61	3.647804260253906e-05
8.62	3.647804260253906e-05
8.63	3.647804260253906e-05
8.64	3.552436828613281e-05
8.65	3.4809112548828125e-05
8.66	3.3855438232421875e-05
8.67	3.24249267578125e-05
8.68	3.218650817871094e-05
8.69	3.147125244140625e-05
8.7	3.147125244140625e-05
8.71	3.0994415283203125e-05
8.72	3.0517578125e-05
8.73	3.0279159545898438e-05
8.74	3.0040740966796875e-05
8.75	2.9802322387695312e-05
8.76	2.956390380859375e-05
8.77	2.9325485229492188e-05
8.78	2.9087066650390625e-05
8.79	2.9087066650390625e-05
8.8	2.9087066650390625e-05
8.81	2.9087066650390625e-05
8.82	2.86102294921875e-05
8.83	2.8371810913085938e-05
8.84	2.8371810913085938e-05
8.85	2.7179718017578125e-05
8.86	2.6941299438476562e-05
8.87	2.5987625122070312e-05
8.88	2.574920654296875e-05
8.89	2.574920654296875e-05
8.9	2.5510787963867188e-05
8.91	2.5510787963867188e-05
8.92	2.5033950805664062e-05
8.93	2.47955322265625e-05
8.94	2.4080276489257812e-05
8.95	2.4080276489257812e-05
8.96	2.4080276489257812e-05
8.97	2.4080276489257812e-05
8.98	2.4080276489257812e-05
8.99	2.384185791015625e-05
9.0	2.384185791015625e-05
9.01	2.3126602172851562e-05
9.02	2.3126602172851562e-05
9.03	2.288818359375e-05
9.04	2.2649765014648438e-05
9.05	2.2649765014648438e-05
9.06	2.2411346435546875e-05
9.07	2.2411346435546875e-05
9.08	2.2411346435546875e-05
9.09	2.1696090698242188e-05
9.1	2.1219253540039062e-05
9.11	2.1219253540039062e-05
9.12	2.0742416381835938e-05
9.13	2.0742416381835938e-05
9.14	2.0742416381835938e-05
9.15	2.0503997802734375e-05
9.16	2.002716064453125e-05
9.17	1.9550323486328125e-05
9.18	1.9550323486328125e-05
9.19	1.9311904907226562e-05
9.2	1.9311904907226562e-05
9.21	1.9311904907226562e-05
9.22	1.8835067749023438e-05
9.23	1.8596649169921875e-05
9.24	1.8358230590820312e-05
9.25	1.8358230590820312e-05
9.26	1.8358230590820312e-05
9.27	1.8358230590820312e-05
9.28	1.811981201171875e-05
9.29	1.7881393432617188e-05
9.3	1.7404556274414062e-05
9.31	1.71661376953125e-05
9.32	1.6927719116210938e-05
9.33	1.6927719116210938e-05
9.34	1.6927719116210938e-05
9.35	1.6450881958007812e-05
9.36	1.621246337890625e-05
9.37	1.5974044799804688e-05
9.38	1.5497207641601562e-05
9.39	1.5497207641601562e-05
9.4	1.52587890625e-05
9.41	1.52587890625e-05
9.42	1.4781951904296875e-05
9.43	1.4066696166992188e-05
9.44	1.3828277587890625e-05
9.45	1.33514404296875e-05
9.46	1.33514404296875e-05
9.47	1.33514404296875e-05
9.48	1.33514404296875e-05
9.49	1.2874603271484375e-05
9.5	1.2874603271484375e-05
9.51	1.239776611328125e-05
9.52	1.239776611328125e-05
9.53	1.2159347534179688e-05
9.54	1.2159347534179688e-05
9.55	1.1920928955078125e-05
9.56	1.1920928955078125e-05
9.57	1.1920928955078125e-05
9.58	1.1682510375976562e-05
9.59	1.1682510375976562e-05
9.6	1.1682510375976562e-05
9.61	1.1682510375976562e-05
9.62	1.1444091796875e-05
9.63	1.1205673217773438e-05
9.64	1.0728836059570312e-05
9.65	1.049041748046875e-05
9.66	1.0251998901367188e-05
9.67	1.0251998901367188e-05
9.68	1.0013580322265625e-05
9.69	9.775161743164062e-06
9.7	9.298324584960938e-06
9.71	9.059906005859375e-06
9.72	8.821487426757812e-06
9.73	8.58306884765625e-06
9.74	8.58306884765625e-06
9.75	8.58306884765625e-06
9.76	8.344650268554688e-06
9.77	8.106231689453125e-06
9.78	8.106231689453125e-06
9.79	7.867813110351562e-06
9.8	7.867813110351562e-06
9.81	7.867813110351562e-06
9.82	7.867813110351562e-06
9.83	7.62939453125e-06
9.84	7.62939453125e-06
9.85	7.152557373046875e-06
9.86	7.152557373046875e-06
9.87	6.9141387939453125e-06
9.88	6.9141387939453125e-06
9.89	6.9141387939453125e-06
9.9	6.9141387939453125e-06
9.91	6.9141387939453125e-06
9.92	6.67572021484375e-06
9.93	6.67572021484375e-06
9.94	6.67572021484375e-06
9.95	6.67572021484375e-06
9.96	6.198883056640625e-06
9.97	5.9604644775390625e-06
9.98	5.4836273193359375e-06
9.99	5.245208740234375e-06
10.0	5.245208740234375e-06
10.01	5.245208740234375e-06
10.02	5.245208740234375e-06
10.03	5.0067901611328125e-06
10.04	5.0067901611328125e-06
10.05	4.76837158203125e-06
10.06	4.76837158203125e-06
10.07	4.5299530029296875e-06
10.08	4.5299530029296875e-06
10.09	4.5299530029296875e-06
10.1	4.5299530029296875e-06
10.11	4.5299530029296875e-06
10.12	4.5299530029296875e-06
10.13	4.5299530029296875e-06
10.14	4.5299530029296875e-06
10.15	4.5299530029296875e-06
10.16	4.5299530029296875e-06
10.17	4.5299530029296875e-06
10.18	4.5299530029296875e-06
10.19	4.291534423828125e-06
10.2	4.291534423828125e-06
10.21	4.0531158447265625e-06
10.22	4.0531158447265625e-06
10.23	4.0531158447265625e-06
10.24	4.0531158447265625e-06
10.25	3.814697265625e-06
10.26	3.5762786865234375e-06
10.27	3.5762786865234375e-06
10.28	3.5762786865234375e-06
10.29	3.5762786865234375e-06
10.3	3.5762786865234375e-06
10.31	3.5762786865234375e-06
10.32	3.5762786865234375e-06
10.33	3.5762786865234375e-06
10.34	3.5762786865234375e-06
10.35	3.5762786865234375e-06
10.36	3.5762786865234375e-06
10.37	3.5762786865234375e-06
10.38	3.5762786865234375e-06
10.39	3.5762786865234375e-06
10.4	3.5762786865234375e-06
10.41	3.337860107421875e-06
10.42	3.337860107421875e-06
10.43	3.337860107421875e-06
10.44	3.337860107421875e-06
10.45	3.337860107421875e-06
10.46	3.337860107421875e-06
10.47	3.337860107421875e-06
10.48	3.337860107421875e-06
10.49	3.337860107421875e-06
10.5	3.337860107421875e-06
10.51	3.337860107421875e-06
10.52	3.337860107421875e-06
10.53	3.0994415283203125e-06
10.54	2.86102294921875e-06
10.55	2.6226043701171875e-06
10.56	2.384185791015625e-06
10.57	2.384185791015625e-06
10.58	2.384185791015625e-06
10.59	2.384185791015625e-06
10.6	2.384185791015625e-06
10.61	2.384185791015625e-06
10.62	2.384185791015625e-06
10.63	2.384185791015625e-06
10.64	2.384185791015625e-06
10.65	2.384185791015625e-06
10.66	2.384185791015625e-06
10.67	2.384185791015625e-06
10.68	2.384185791015625e-06
10.69	2.384185791015625e-06
10.7	2.384185791015625e-06
10.71	2.384185791015625e-06
10.72	2.384185791015625e-06
10.73	2.384185791015625e-06
10.74	2.1457672119140625e-06
10.75	2.1457672119140625e-06
10.76	2.1457672119140625e-06
10.77	2.1457672119140625e-06
10.78	2.1457672119140625e-06
10.79	2.1457672119140625e-06
10.8	2.1457672119140625e-06
10.81	2.1457672119140625e-06
10.82	2.1457672119140625e-06
10.83	2.1457672119140625e-06
10.84	2.1457672119140625e-06
10.85	2.1457672119140625e-06
10.86	2.1457672119140625e-06
10.87	2.1457672119140625e-06
10.88	2.1457672119140625e-06
10.89	2.1457672119140625e-06
10.9	1.9073486328125e-06
10.91	1.9073486328125e-06
10.92	1.9073486328125e-06
10.93	1.9073486328125e-06
10.94	1.9073486328125e-06
10.95	1.9073486328125e-06
10.96	1.9073486328125e-06
10.97	1.9073486328125e-06
10.98	1.9073486328125e-06
10.99	1.9073486328125e-06
11.0	1.9073486328125e-06
11.01	1.9073486328125e-06
11.02	1.9073486328125e-06
11.03	1.9073486328125e-06
11.04	1.9073486328125e-06
11.05	1.9073486328125e-06
11.06	1.9073486328125e-06
11.07	1.9073486328125e-06
11.08	1.9073486328125e-06
11.09	1.9073486328125e-06
11.1	1.9073486328125e-06
11.11	1.9073486328125e-06
11.12	1.9073486328125e-06
11.13	1.9073486328125e-06
11.14	1.9073486328125e-06
11.15	1.9073486328125e-06
11.16	1.9073486328125e-06
11.17	1.6689300537109375e-06
11.18	1.6689300537109375e-06
11.19	1.430511474609375e-06
11.2	1.430511474609375e-06
11.21	1.430511474609375e-06
11.22	1.430511474609375e-06
11.23	1.430511474609375e-06
11.24	1.1920928955078125e-06
11.25	1.1920928955078125e-06
11.26	1.1920928955078125e-06
11.27	1.1920928955078125e-06
11.28	1.1920928955078125e-06
11.29	1.1920928955078125e-06
11.3	1.1920928955078125e-06
11.31	1.1920928955078125e-06
11.32	1.1920928955078125e-06
11.33	1.1920928955078125e-06
11.34	1.1920928955078125e-06
11.35	1.1920928955078125e-06
11.36	1.1920928955078125e-06
11.37	1.1920928955078125e-06
11.38	1.1920928955078125e-06
11.39	1.1920928955078125e-06
11.4	1.1920928955078125e-06
11.41	1.1920928955078125e-06
11.42	1.1920928955078125e-06
11.43	1.1920928955078125e-06
11.44	1.1920928955078125e-06
11.45	1.1920928955078125e-06
11.46	1.1920928955078125e-06
11.47	1.1920928955078125e-06
11.48	1.1920928955078125e-06
11.49	1.1920928955078125e-06
11.5	1.1920928955078125e-06
11.51	9.5367431640625e-07
11.52	9.5367431640625e-07
11.53	7.152557373046875e-07
11.54	7.152557373046875e-07
11.55	7.152557373046875e-07
11.56	7.152557373046875e-07
11.57	4.76837158203125e-07
11.58	4.76837158203125e-07
11.59	4.76837158203125e-07
11.6	4.76837158203125e-07
11.61	4.76837158203125e-07
11.62	4.76837158203125e-07
11.63	4.76837158203125e-07
11.64	4.76837158203125e-07
11.65	4.76837158203125e-07
11.66	4.76837158203125e-07
11.67	4.76837158203125e-07
11.68	4.76837158203125e-07
11.69	4.76837158203125e-07
11.7	4.76837158203125e-07
11.71	4.76837158203125e-07
11.72	4.76837158203125e-07
11.73	4.76837158203125e-07
11.74	4.76837158203125e-07
11.75	4.76837158203125e-07
11.76	4.76837158203125e-07
11.77	4.76837158203125e-07
11.78	4.76837158203125e-07
11.79	4.76837158203125e-07
11.8	4.76837158203125e-07
11.81	4.76837158203125e-07
11.82	4.76837158203125e-07
11.83	4.76837158203125e-07
11.84	4.76837158203125e-07
11.85	2.384185791015625e-07
11.86	2.384185791015625e-07
11.87	0.0
