6.53	0.0005040913820266724
6.54	0.0004986673593521118
6.55	0.0004930347204208374
6.56	0.0004879981279373169
6.57	0.0004836171865463257
6.58	0.0004791766405105591
6.59	0.00047431886196136475
6.6	0.00046938657760620117
6.61	0.00046424567699432373
6.62	0.00045965611934661865
6.63	0.0004547983407974243
6.64	0.0004500746726989746
6.65	0.0004455000162124634
6.66	0.0004406869411468506
6.67	0.0004361569881439209
6.68	0.00043238699436187744
6.69	0.0004282444715499878
6.7	0.00042472779750823975
6.71	0.0004210174083709717
6.72	0.00041700899600982666
6.73	0.00041265785694122314
6.74	0.00040793418884277344
6.75	0.00040280818939208984
6.76	0.00039818882942199707
6.77	0.0003937631845474243
6.78	0.0003900080919265747
6.79	0.00038623809814453125
6.8	0.0003826916217803955
6.81	0.00037883222103118896
6.82	0.0003750026226043701
6.83	0.00037097930908203125
6.84	0.0003674328327178955
6.85	0.00036337971687316895
6.86	0.0003592073917388916
6.87	0.0003553628921508789
6.88	0.00035178661346435547
6.89	0.0003478527069091797
6.9	0.00034464895725250244
6.91	0.0003414452075958252
6.92	0.00033852458000183105
6.93	0.00033530592918395996
6.94	0.0003319084644317627
6.95	0.00032804906368255615
6.96	0.0003242194652557373
6.97	0.0003202706575393677
6.98	0.0003163963556289673
6.99	0.00031304359436035156
7.0	0.0003095865249633789
7.01	0.0003063082695007324
7.02	0.00030316412448883057
7.03	0.00030034780502319336
7.04	0.00029721856117248535
7.05	0.0002941042184829712
7.06	0.0002907216548919678
7.07	0.0002875477075576782
7.08	0.0002841353416442871
7.09	0.00028096139430999756
7.1	0.00027789175510406494
7.11	0.0002749711275100708
7.12	0.00027222931385040283
7.13	0.00026986002922058105
7.14	0.0002674013376235962
7.15	0.000264972448348999
7.16	0.0002621263265609741
7.17	0.0002590566873550415
7.18	0.00025597214698791504
7.19	0.0002529025077819824
7.2	0.0002495795488357544
7.21	0.00024677813053131104
7.22	0.0002442598342895508
7.23	0.00024177134037017822
7.24	0.00023946166038513184
7.25	0.0002371668815612793
7.26	0.00023461878299713135
7.27	0.00023236870765686035
7.28	0.00022946298122406006
7.29	0.00022675096988677979
7.3	0.00022400915622711182
7.31	0.00022135674953460693
7.32	0.00021886825561523438
7.33	0.00021688640117645264
7.34	0.00021444261074066162
7.35	0.00021249055862426758
7.36	0.0002104640007019043
7.37	0.00020843744277954102
7.38	0.00020600855350494385
7.39	0.00020331144332885742
7.4	0.00020056962966918945
7.41	0.00019788742065429688
7.42	0.00019536912441253662
7.43	0.00019279122352600098
7.44	0.00019073486328125
7.45	0.00018897652626037598
7.46	0.00018733739852905273
7.47	0.00018522143363952637
7.48	0.00018309056758880615
7.49	0.00018081068992614746
7.5	0.000178605318069458
7.51	0.00017628073692321777
7.52	0.00017412006855010986
7.53	0.0001723170280456543
7.54	0.00017027556896209717
7.55	0.00016842782497406006
7.56	0.00016674399375915527
7.57	0.00016517937183380127
7.58	0.00016361474990844727
7.59	0.00016213953495025635
7.6	0.00016039609909057617
7.61	0.00015851855278015137
7.62	0.00015641748905181885
7.63	0.00015407800674438477
7.64	0.00015200674533843994
7.65	0.00015020370483398438
7.66	0.00014850497245788574
7.67	0.00014705955982208252
7.68	0.00014570355415344238
7.69	0.00014416873455047607
7.7	0.0001426488161087036
7.71	0.00014081597328186035
7.72	0.00013905763626098633
7.73	0.00013712048530578613
7.74	0.0001354813575744629
7.75	0.00013394653797149658
7.76	0.00013253092765808105
7.77	0.0001309514045715332
7.78	0.00012953579425811768
7.79	0.00012831389904022217
7.8	0.0001270771026611328
7.81	0.00012570619583129883
7.82	0.00012406706809997559
7.83	0.00012236833572387695
7.84	0.00012065470218658447
7.85	0.00011877715587615967
7.86	0.00011701881885528564
7.87	0.00011579692363739014
7.88	0.00011453032493591309
7.89	0.00011335313320159912
7.9	0.00011217594146728516
7.91	0.00011104345321655273
7.92	0.00010953843593597412
7.93	0.00010792911052703857
7.94	0.00010640919208526611
7.95	0.00010508298873901367
7.96	0.00010363757610321045
7.97	0.0001024007797241211
7.98	0.0001011192798614502
7.99	9.998679161071777e-05
8.0	9.904801845550537e-05
8.01	9.810924530029297e-05
8.02	9.715557098388672e-05
8.03	9.620189666748047e-05
8.04	9.50545072555542e-05
8.05	9.368360042572021e-05
8.06	9.226799011230469e-05
8.07	9.101629257202148e-05
8.08	8.96453857421875e-05
8.09	8.857250213623047e-05
8.1	8.77678394317627e-05
8.11	8.681416511535645e-05
8.12	8.578598499298096e-05
8.13	8.493661880493164e-05
8.14	8.380413055419922e-05
8.15	8.291006088256836e-05
8.16	8.159875869750977e-05
8.17	8.055567741394043e-05
8.18	7.946789264678955e-05
8.19	7.849931716918945e-05
8.2	7.751584053039551e-05
8.21	7.662177085876465e-05
8.22	7.575750350952148e-05
8.23	7.495284080505371e-05
8.24	7.434189319610596e-05
8.25	7.343292236328125e-05
8.26	7.246434688568115e-05
8.27	7.130205631256104e-05
8.28	7.015466690063477e-05
8.29	6.920099258422852e-05
8.3	6.821751594543457e-05
8.31	6.724894046783447e-05
8.32	6.642937660217285e-05
8.33	6.584823131561279e-05
8.34	6.51329755783081e-05
8.35	6.432831287384033e-05
8.36	6.330013275146484e-05
8.37	6.22868537902832e-05
8.38	6.128847599029541e-05
8.39	6.029009819030762e-05
8.4	5.939602851867676e-05
8.41	5.8785080909729004e-05
8.42	5.8069825172424316e-05
8.43	5.7443976402282715e-05
8.44	5.6937336921691895e-05
8.45	5.62816858291626e-05
8.46	5.56260347366333e-05
8.47	5.507469177246094e-05
8.48	5.4329633712768555e-05
8.49	5.364418029785156e-05
8.5	5.289912223815918e-05
8.51	5.1975250244140625e-05
8.52	5.1274895668029785e-05
8.53	5.060434341430664e-05
8.54	4.988908767700195e-05
8.55	4.938244819641113e-05
8.56	4.8920512199401855e-05
8.57	4.836916923522949e-05
8.58	4.7773122787475586e-05
8.59	4.6879053115844727e-05
8.6	4.6119093894958496e-05
8.61	4.5418739318847656e-05
8.62	4.4733285903930664e-05
8.63	4.407763481140137e-05
8.64	4.366040229797363e-05
8.65	4.309415817260742e-05
8.66	4.2572617530822754e-05
8.67	4.225969314575195e-05
8.68	4.169344902038574e-05
8.69	4.13060188293457e-05
8.7	4.06801700592041e-05
8.71	4.009902477264404e-05
8.72	3.950297832489014e-05
8.73	3.8743019104003906e-05
8.74	3.8042664527893066e-05
8.75	3.758072853088379e-05
8.76	3.705918788909912e-05
8.77	3.668665885925293e-05
8.78	3.635883331298828e-05
8.79	3.579258918762207e-05
8.8	3.524124622344971e-05
8.81	3.451108932495117e-05
8.82	3.392994403839111e-05
8.83	3.342330455780029e-05
8.84	3.300607204437256e-05
8.85	3.248453140258789e-05
8.86	3.212690353393555e-05
8.87	3.17692756652832e-05
8.88	3.142654895782471e-05
8.89	3.108382225036621e-05
8.9	3.075599670410156e-05
8.91	3.0413269996643066e-05
8.92	2.9981136322021484e-05
8.93	2.950429916381836e-05
8.94	2.8908252716064453e-05
8.95	2.8461217880249023e-05
8.96	2.7954578399658203e-05
8.97	2.7552247047424316e-05
8.98	2.73287296295166e-05
8.99	2.695620059967041e-05
9.0	2.6598572731018066e-05
9.01	2.6285648345947266e-05
9.02	2.5838613510131836e-05
9.03	2.5391578674316406e-05
9.04	2.492964267730713e-05
9.05	2.4437904357910156e-05
9.06	2.415478229522705e-05
9.07	2.384185791015625e-05
9.08	2.346932888031006e-05
9.09	2.321600914001465e-05
9.1	2.2932887077331543e-05
9.11	2.269446849822998e-05
9.12	2.256035804748535e-05
9.13	2.2202730178833008e-05
9.14	2.1904706954956055e-05
9.15	2.1532177925109863e-05
9.16	2.1129846572875977e-05
9.17	2.0697712898254395e-05
9.18	2.0295381546020508e-05
9.19	1.9848346710205078e-05
9.2	1.965463161468506e-05
9.21	1.9475817680358887e-05
9.22	1.9282102584838867e-05
9.23	1.9103288650512695e-05
9.24	1.862645149230957e-05
9.25	1.8343329429626465e-05
9.26	1.7970800399780273e-05
9.27	1.7628073692321777e-05
9.28	1.7240643501281738e-05
9.29	1.7076730728149414e-05
9.3	1.683831214904785e-05
9.31	1.671910285949707e-05
9.32	1.652538776397705e-05
9.33	1.627206802368164e-05
9.34	1.607835292816162e-05
9.35	1.583993434906006e-05
9.36	1.563131809234619e-05
9.37	1.5303492546081543e-05
9.38	1.5020370483398438e-05
9.39	1.4692544937133789e-05
9.4	1.4513731002807617e-05
9.41	1.430511474609375e-05
9.42	1.405179500579834e-05
9.43	1.3932585716247559e-05
9.44	1.3828277587890625e-05
9.45	1.360476016998291e-05
9.46	1.3306736946105957e-05
9.47	1.3023614883422852e-05
9.48	1.2725591659545898e-05
9.49	1.2502074241638184e-05
9.5	1.2233853340148926e-05
9.51	1.208484172821045e-05
9.52	1.1920928955078125e-05
9.53	1.1771917343139648e-05
9.54	1.1667609214782715e-05
9.55	1.1518597602844238e-05
9.56	1.1369585990905762e-05
9.57	1.1220574378967285e-05
9.58	1.1011958122253418e-05
9.59	1.0788440704345703e-05
9.6	1.0609626770019531e-05
9.61	1.0326504707336426e-05
9.62	1.0088086128234863e-05
9.63	9.924173355102539e-06
9.64	9.79006290435791e-06
9.65	9.73045825958252e-06
9.66	9.685754776000977e-06
9.67	9.447336196899414e-06
9.68	9.34302806854248e-06
9.69	9.074807167053223e-06
9.7	8.89599323272705e-06
9.71	8.702278137207031e-06
9.72	8.508563041687012e-06
9.73	8.344650268554688e-06
9.74	8.314847946166992e-06
9.75	8.150935173034668e-06
9.76	8.106231689453125e-06
9.77	8.016824722290039e-06
9.78	7.912516593933105e-06
9.79	7.82310962677002e-06
9.8	7.659196853637695e-06
9.81	7.450580596923828e-06
9.82	7.3015689849853516e-06
9.83	7.18235969543457e-06
9.84	7.0035457611083984e-06
9.85	6.899237632751465e-06
9.86	6.854534149169922e-06
9.87	6.765127182006836e-06
9.88	6.645917892456055e-06
9.89	6.5267086029052734e-06
9.9	6.42240047454834e-06
9.91	6.22868537902832e-06
9.92	6.020069122314453e-06
9.93	5.856156349182129e-06
9.94	5.841255187988281e-06
9.95	5.707144737243652e-06
9.96	5.662441253662109e-06
9.97	5.5730342864990234e-06
9.98	5.513429641723633e-06
9.99	5.424022674560547e-06
10.0	5.364418029785156e-06
10.01	5.245208740234375e-06
10.02	5.170702934265137e-06
10.03	5.111098289489746e-06
10.04	4.976987838745117e-06
10.05	4.872679710388184e-06
10.06	4.708766937255859e-06
10.07	4.6193599700927734e-06
10.08	4.6193599700927734e-06
10.09	4.589557647705078e-06
10.1	4.544854164123535e-06
10.11	4.500150680541992e-06
10.12	4.351139068603516e-06
10.13	4.276633262634277e-06
10.14	4.157423973083496e-06
10.15	3.9637088775634766e-06
10.16	3.859400749206543e-06
10.17	3.829598426818848e-06
10.18	3.769993782043457e-06
10.19	3.769993782043457e-06
10.2	3.7401914596557617e-06
10.21	3.6656856536865234e-06
10.22	3.635883331298828e-06
10.23	3.591179847717285e-06
10.24	3.4868717193603516e-06
10.25	3.4123659133911133e-06
10.26	3.2782554626464844e-06
10.27	3.203749656677246e-06
10.28	3.1888484954833984e-06
10.29	3.0994415283203125e-06
10.3	3.069639205932617e-06
10.31	3.0547380447387695e-06
10.32	3.0249357223510742e-06
10.33	2.995133399963379e-06
10.34	2.8461217880249023e-06
10.35	2.7418136596679688e-06
10.36	2.682209014892578e-06
10.37	2.592802047729492e-06
10.38	2.5033950805664062e-06
10.39	2.4884939193725586e-06
10.4	2.4437904357910156e-06
10.41	2.428889274597168e-06
10.42	2.384185791015625e-06
10.43	2.3543834686279297e-06
10.44	2.339482307434082e-06
10.45	2.294778823852539e-06
10.46	2.2649765014648438e-06
10.47	2.2202730178833008e-06
10.48	2.1904706954956055e-06
10.49	2.1010637283325195e-06
10.5	2.0712614059448242e-06
10.51	2.041459083557129e-06
10.52	2.0265579223632812e-06
10.53	2.0116567611694336e-06
10.54	2.0116567611694336e-06
10.55	1.9371509552001953e-06
10.56	1.9371509552001953e-06
10.57	1.862645149230957e-06
10.58	1.773238182067871e-06
10.59	1.7136335372924805e-06
10.6	1.6540288925170898e-06
10.61	1.6391277313232422e-06
10.62	1.6391277313232422e-06
10.63	1.6242265701293945e-06
10.64	1.6242265701293945e-06
10.65	1.6242265701293945e-06
10.66	1.5795230865478516e-06
10.67	1.564621925354004e-06
10.68	1.5050172805786133e-06
10.69	1.430511474609375e-06
10.7	1.430511474609375e-06
10.71	1.3709068298339844e-06
10.72	1.3262033462524414e-06
10.73	1.3262033462524414e-06
10.74	1.3262033462524414e-06
10.75	1.3262033462524414e-06
10.76	1.3113021850585938e-06
10.77	1.2665987014770508e-06
10.78	1.2218952178955078e-06
10.79	1.1473894119262695e-06
10.8	1.0281801223754883e-06
10.81	9.98377799987793e-07
10.82	9.834766387939453e-07
10.83	9.834766387939453e-07
10.84	9.685754776000977e-07
10.85	9.685754776000977e-07
10.86	9.5367431640625e-07
10.87	9.5367431640625e-07
10.88	9.08970832824707e-07
10.89	8.791685104370117e-07
10.9	8.791685104370117e-07
10.91	8.642673492431641e-07
10.92	8.344650268554688e-07
10.93	8.195638656616211e-07
10.94	7.897615432739258e-07
10.95	7.897615432739258e-07
10.96	7.897615432739258e-07
10.97	7.897615432739258e-07
10.98	7.748603820800781e-07
10.99	7.748603820800781e-07
11.0	7.450580596923828e-07
11.01	7.301568984985352e-07
11.02	7.003545761108398e-07
11.03	6.407499313354492e-07
11.04	6.407499313354492e-07
11.05	6.407499313354492e-07
11.06	6.407499313354492e-07
11.07	6.407499313354492e-07
11.08	6.407499313354492e-07
11.09	6.258487701416016e-07
11.1	6.258487701416016e-07
11.11	6.109476089477539e-07
11.12	5.662441253662109e-07
11.13	5.513429641723633e-07
11.14	5.066394805908203e-07
11.15	5.066394805908203e-07
11.16	5.066394805908203e-07
11.17	5.066394805908203e-07
11.18	5.066394805908203e-07
11.19	5.066394805908203e-07
11.2	4.917383193969727e-07
11.21	4.917383193969727e-07
11.22	4.023313522338867e-07
11.23	3.725290298461914e-07
11.24	3.725290298461914e-07
11.25	3.427267074584961e-07
11.26	3.2782554626464844e-07
11.27	3.2782554626464844e-07
11.28	3.2782554626464844e-07
11.29	3.2782554626464844e-07
11.3	3.2782554626464844e-07
11.31	2.980232238769531e-07
11.32	2.8312206268310547e-07
11.33	2.5331974029541016e-07
11.34	2.384185791015625e-07
11.35	2.384185791015625e-07
11.36	2.2351741790771484e-07
11.37	2.2351741790771484e-07
11.38	2.2351741790771484e-07
11.39	2.2351741790771484e-07
11.4	2.2351741790771484e-07
11.41	2.2351741790771484e-07
11.42	2.2351741790771484e-07
11.43	2.2351741790771484e-07
11.44	2.2351741790771484e-07
11.45	2.086162567138672e-07
11.46	1.9371509552001953e-07
11.47	1.9371509552001953e-07
11.48	1.9371509552001953e-07
11.49	1.9371509552001953e-07
11.5	1.9371509552001953e-07
11.51	1.9371509552001953e-07
11.52	1.9371509552001953e-07
11.53	1.9371509552001953e-07
11.54	1.7881393432617188e-07
11.55	1.7881393432617188e-07
11.56	1.6391277313232422e-07
11.57	1.6391277313232422e-07
11.58	1.6391277313232422e-07
11.59	1.6391277313232422e-07
11.6	1.6391277313232422e-07
11.61	1.6391277313232422e-07
11.62	1.6391277313232422e-07
11.63	1.6391277313232422e-07
11.64	1.6391277313232422e-07
11.65	1.341104507446289e-07
11.66	1.341104507446289e-07
11.67	1.1920928955078125e-07
11.68	8.940696716308594e-08
11.69	8.940696716308594e-08
11.7	8.940696716308594e-08
11.71	8.940696716308594e-08
11.72	8.940696716308594e-08
11.73	8.940696716308594e-08
11.74	7.450580596923828e-08
11.75	7.450580596923828e-08
11.76	2.9802322387695312e-08
11.77	2.9802322387695312e-08
11.78	2.9802322387695312e-08
11.79	2.9802322387695312e-08
11.8	2.9802322387695312e-08
11.81	2.9802322387695312e-08
11.82	2.9802322387695312e-08
11.83	2.9802322387695312e-08
11.84	2.9802322387695312e-08
11.85	2.9802322387695312e-08
11.86	2.9802322387695312e-08
11.87	2.9802322387695312e-08
11.88	2.9802322387695312e-08
11.89	2.9802322387695312e-08
11.9	2.9802322387695312e-08
11.91	2.9802322387695312e-08
11.92	2.9802322387695312e-08
11.93	2.9802322387695312e-08
11.94	2.9802322387695312e-08
11.95	2.9802322387695312e-08
11.96	2.9802322387695312e-08
11.97	2.9802322387695312e-08
11.98	2.9802322387695312e-08
11.99	2.9802322387695312e-08
12.0	2.9802322387695312e-08
12.01	2.9802322387695312e-08
12.02	2.9802322387695312e-08
12.03	2.9802322387695312e-08
12.04	2.9802322387695312e-08
12.05	2.9802322387695312e-08
12.06	2.9802322387695312e-08
12.07	2.9802322387695312e-08
12.08	2.9802322387695312e-08
12.09	2.9802322387695312e-08
12.1	1.4901161193847656e-08
12.11	1.4901161193847656e-08
12.12	1.4901161193847656e-08
12.13	1.4901161193847656e-08
12.14	1.4901161193847656e-08
12.15	1.4901161193847656e-08
12.16	1.4901161193847656e-08
12.17	1.4901161193847656e-08
12.18	1.4901161193847656e-08
12.19	0.0
