6.65	0.0005042492412030697
6.66	0.0004995940835215151
6.67	0.0004950184375047684
6.68	0.0004903913359157741
6.69	0.00048593233805149794
6.7	0.00048132467782124877
6.71	0.00047680933494120836
6.72	0.00047235051169991493
6.73	0.00046794727677479386
6.74	0.0004635527729988098
6.75	0.00045923737343400717
6.76	0.0004550316953100264
6.77	0.0004508888814598322
6.78	0.00044681760482490063
6.79	0.0004425982479006052
6.8	0.0004385332576930523
6.81	0.0004344684421084821
6.82	0.0004305390757508576
6.83	0.000426650105509907
6.84	0.0004226768505759537
6.85	0.00041880388744175434
6.86	0.000414951762650162
6.87	0.0004112521419301629
6.88	0.0004074287717230618
6.89	0.00040362641448155046
6.9	0.0003998274332843721
6.91	0.00039615941932424903
6.92	0.00039253360591828823
6.93	0.0003888666979037225
6.94	0.00038520514499396086
6.95	0.0003814649535343051
6.96	0.00037779274862259626
6.97	0.00037413486279547215
6.98	0.0003705638227984309
6.99	0.00036700780037790537
7.0	0.0003635064931586385
7.01	0.00036001717671751976
7.02	0.0003565921797417104
7.03	0.00035317562287673354
7.04	0.0003497658181004226
7.05	0.00034649367444217205
7.06	0.0003431917284615338
7.07	0.00034000538289546967
7.08	0.00033682258799672127
7.09	0.00033367821015417576
7.1	0.0003305228310637176
7.11	0.00032735196873545647
7.12	0.0003242543898522854
7.13	0.0003212355077266693
7.14	0.00031821196898818016
7.15	0.0003151712007820606
7.16	0.00031220418168231845
7.17	0.0003092415281571448
7.18	0.0003063441254198551
7.19	0.0003033894463442266
7.2	0.0003004763275384903
7.21	0.00029754277784377337
7.22	0.0002946652821265161
7.23	0.00029178953263908625
7.24	0.0002889190800487995
7.25	0.00028615398332476616
7.26	0.0002832947066053748
7.27	0.0002805098192766309
7.28	0.00027764501282945275
7.29	0.0002748945844359696
7.3	0.00027221906930208206
7.31	0.0002695057191886008
7.32	0.00026692397659644485
7.33	0.000264293747022748
7.34	0.0002617600839585066
7.35	0.00025923497742041945
7.36	0.00025672384072095156
7.37	0.000254184880759567
7.38	0.00025173567701131105
7.39	0.00024940597359091043
7.4	0.00024710374418646097
7.41	0.0002447146689519286
7.42	0.00024226232198998332
7.43	0.00023987144231796265
7.44	0.00023756531300023198
7.45	0.0002353230374865234
7.46	0.0002330116694793105
7.47	0.00023072533076629043
7.48	0.0002284375368617475
7.49	0.00022620550589635968
7.5	0.0002239788882434368
7.51	0.0002216898719780147
7.52	0.00021950661903247237
7.53	0.00021722627570852637
7.54	0.00021506729535758495
7.55	0.00021286128321662545
7.56	0.00021068152273073792
7.57	0.00020856194896623492
7.58	0.0002064249711111188
7.59	0.0002043477725237608
7.6	0.00020224502077326179
7.61	0.00020022119861096144
7.62	0.0001982583198696375
7.63	0.00019632012117654085
7.64	0.00019439554307609797
7.65	0.00019253615755587816
7.66	0.00019065412925556302
7.67	0.0001888145343400538
7.68	0.00018692330922931433
7.69	0.00018507702043280005
7.7	0.00018325558630749583
7.71	0.00018145627109333873
7.72	0.00017975433729588985
7.73	0.0001779354061000049
7.74	0.00017612503143027425
7.75	0.00017426925478503108
7.76	0.00017249269876629114
7.77	0.00017082580598071218
7.78	0.00016905693337321281
7.79	0.00016737915575504303
7.8	0.0001656125532463193
7.81	0.00016390701057389379
7.82	0.00016219960525631905
7.83	0.00016050046542659402
7.84	0.00015881465515121818
7.85	0.00015716406051069498
7.86	0.00015553145203739405
7.87	0.00015393446665257215
7.88	0.00015233969315886497
7.89	0.00015072425594553351
7.9	0.00014918367378413677
7.91	0.00014765065861865878
7.92	0.00014619925059378147
7.93	0.00014468713197857141
7.94	0.000143227051012218
7.95	0.00014179822755977511
7.96	0.0001404125359840691
7.97	0.0001390333636663854
7.98	0.00013758434215560555
7.99	0.00013621419202536345
8.0	0.00013477768516167998
8.01	0.00013339414726942778
8.02	0.00013203721027821302
8.03	0.00013066799147054553
8.04	0.00012935424456372857
8.05	0.0001279743737541139
8.06	0.00012660666834563017
8.07	0.00012524973135441542
8.08	0.00012391601921990514
8.09	0.0001226226449944079
8.1	0.00012133235577493906
8.11	0.00012003519805148244
8.12	0.00011876499047502875
8.13	0.00011746451491490006
8.14	0.00011620111763477325
8.15	0.00011494540376588702
8.16	0.00011366565013304353
8.17	0.00011248665396124125
8.18	0.00011130515486001968
8.19	0.00011015374911949039
8.2	0.00010898488108068705
8.21	0.0001078255008906126
8.22	0.00010671152267605066
8.23	0.00010559405200183392
8.24	0.00010453263530507684
8.25	0.00010346714407205582
8.26	0.0001024228404276073
8.27	0.0001013332512229681
8.28	0.00010027975076809525
8.29	9.923707693815231e-05
8.3	9.821460116654634e-05
8.31	9.715103078633547e-05
8.32	9.607715765014291e-05
8.33	9.503267938271165e-05
8.34	9.402056457474828e-05
8.35	9.304954437538981e-05
8.36	9.200832573696971e-05
8.37	9.10012167878449e-05
8.38	8.995062671601772e-05
8.39	8.899200474843383e-05
8.4	8.803233504295349e-05
8.41	8.705182699486613e-05
8.42	8.61163716763258e-05
8.43	8.516304660588503e-05
8.44	8.42651934362948e-05
8.45	8.33217054605484e-05
8.46	8.239859016612172e-05
8.47	8.149450877681375e-05
8.48	8.063414134085178e-05
8.49	7.978151552379131e-05
8.5	7.892737630754709e-05
8.51	7.809896487742662e-05
8.52	7.726193871349096e-05
8.53	7.645617006346583e-05
8.54	7.561937673017383e-05
8.55	7.482152432203293e-05
8.56	7.402477785944939e-05
8.57	7.326313061639667e-05
8.58	7.249059854075313e-05
8.59	7.16883223503828e-05
8.6	7.090752478688955e-05
8.61	7.01185199432075e-05
8.62	6.93772453814745e-05
8.63	6.856612162664533e-05
8.64	6.780104013159871e-05
8.65	6.703543476760387e-05
8.66	6.630114512518048e-05
8.67	6.557285087183118e-05
8.68	6.482540629804134e-05
8.69	6.408587796613574e-05
8.7	6.335304351523519e-05
8.71	6.263225805014372e-05
8.72	6.192998262122273e-05
8.73	6.124324863776565e-05
8.74	6.054580444470048e-05
8.75	5.987333133816719e-05
8.76	5.920289549976587e-05
8.77	5.854602204635739e-05
8.78	5.789147689938545e-05
8.79	5.7225930504500866e-05
8.8	5.661341128870845e-05
8.81	5.602068267762661e-05
8.82	5.544157465919852e-05
8.83	5.4825854022055864e-05
8.84	5.422497633844614e-05
8.85	5.362764932215214e-05
8.86	5.303526995703578e-05
8.87	5.2460585720837116e-05
8.88	5.186616908758879e-05
8.89	5.1305803935974836e-05
8.9	5.070725455880165e-05
8.91	5.012558540329337e-05
8.92	4.954321775585413e-05
8.93	4.897848702967167e-05
8.94	4.840019391849637e-05
8.95	4.78228903375566e-05
8.96	4.725100006908178e-05
8.97	4.670838825404644e-05
8.98	4.6165427193045616e-05
8.99	4.5615772251039743e-05
9.0	4.509446443989873e-05
9.01	4.4555519707500935e-05
9.02	4.4037296902388334e-05
9.03	4.35236725024879e-05
9.04	4.302558954805136e-05
9.05	4.254101077094674e-05
9.06	4.20498545281589e-05
9.07	4.159484524279833e-05
9.08	4.1123072151094675e-05
9.09	4.0671846363693476e-05
9.1	4.019628977403045e-05
9.11	3.9736623875796795e-05
9.12	3.929727245122194e-05
9.13	3.8857979234308004e-05
9.14	3.8460653740912676e-05
9.15	3.802857827395201e-05
9.16	3.7588877603411674e-05
9.17	3.712746547535062e-05
9.18	3.668584395200014e-05
9.19	3.627053229138255e-05
9.2	3.586045932024717e-05
9.21	3.542675403878093e-05
9.22	3.499665763229132e-05
9.23	3.4558004699647427e-05
9.24	3.413489321246743e-05
9.25	3.373197978362441e-05
9.26	3.330910112708807e-05
9.27	3.290653694421053e-05
9.28	3.250798908993602e-05
9.29	3.213260788470507e-05
9.3	3.1749135814607143e-05
9.31	3.1365721952170134e-05
9.32	3.0987372156232595e-05
9.33	3.0620547477155924e-05
9.34	3.027654020115733e-05
9.35	2.9913149774074554e-05
9.36	2.9574090149253607e-05
9.37	2.9226182959973812e-05
9.38	2.8902606572955847e-05
9.39	2.8590962756425142e-05
9.4	2.8266047593206167e-05
9.41	2.7943577151745558e-05
9.42	2.7624017093330622e-05
9.43	2.7305271942168474e-05
9.44	2.700171899050474e-05
9.45	2.669531386345625e-05
9.46	2.637924626469612e-05
9.47	2.608646173030138e-05
9.48	2.5755492970347404e-05
9.49	2.5431043468415737e-05
9.5	2.5104673113673925e-05
9.51	2.4794251658022404e-05
9.52	2.4505832698196173e-05
9.53	2.419017255306244e-05
9.54	2.38900538533926e-05
9.55	2.356973709538579e-05
9.56	2.327829133719206e-05
9.57	2.29858560487628e-05
9.58	2.269918331876397e-05
9.59	2.2415362764149904e-05
9.6	2.214533742517233e-05
9.61	2.1897780243307352e-05
9.62	2.1629733964800835e-05
9.63	2.1377112716436386e-05
9.64	2.1110638044774532e-05
9.65	2.0867155399173498e-05
9.66	2.0636594854295254e-05
9.67	2.0409119315445423e-05
9.68	2.0163890440016985e-05
9.69	1.992273610085249e-05
9.7	1.9701372366398573e-05
9.71	1.947552664205432e-05
9.72	1.925195101648569e-05
9.73	1.9004277419298887e-05
9.74	1.877936301752925e-05
9.75	1.855293521657586e-05
9.76	1.8325576093047857e-05
9.77	1.8100545275956392e-05
9.78	1.786783104762435e-05
9.79	1.7635233234614134e-05
9.8	1.7394719179719687e-05
9.81	1.715822145342827e-05
9.82	1.692993100732565e-05
9.83	1.671118661761284e-05
9.84	1.649279147386551e-05
9.85	1.6285222955048084e-05
9.86	1.6076199244707823e-05
9.87	1.587049337103963e-05
9.88	1.5671714209020138e-05
9.89	1.547468127682805e-05
9.9	1.5289813745766878e-05
9.91	1.5097903087735176e-05
9.92	1.4925783034414053e-05
9.93	1.4749937690794468e-05
9.94	1.4574325177818537e-05
9.95	1.4387303963303566e-05
9.96	1.4206103514879942e-05
9.97	1.4039746019989252e-05
9.98	1.3871758710592985e-05
9.99	1.3711105566471815e-05
10.0	1.3545039109885693e-05
10.01	1.3377110008150339e-05
10.02	1.3207667507231236e-05
10.03	1.3036245945841074e-05
10.04	1.287116901949048e-05
10.05	1.2710399460047483e-05
10.06	1.2530421372503042e-05
10.07	1.2357893865555525e-05
10.08	1.2192002031952143e-05
10.09	1.2030010111629963e-05
10.1	1.1876749340444803e-05
10.11	1.1694151908159256e-05
10.12	1.1534546501934528e-05
10.13	1.1375523172318935e-05
10.14	1.122854882851243e-05
10.15	1.108669675886631e-05
10.16	1.0935182217508554e-05
10.17	1.0804389603435993e-05
10.18	1.0667601600289345e-05
10.19	1.0542687959969044e-05
10.2	1.0404910426586866e-05
10.21	1.0273943189531565e-05
10.22	1.0149262379854918e-05
10.23	1.0036397725343704e-05
10.24	9.92300920188427e-06
10.25	9.800656698644161e-06
10.26	9.678478818386793e-06
10.27	9.552750270813704e-06
10.28	9.429873898625374e-06
10.29	9.311479516327381e-06
10.3	9.195005986839533e-06
10.31	9.072828106582165e-06
10.32	8.956470992416143e-06
10.33	8.834991604089737e-06
10.34	8.709379471838474e-06
10.35	8.59028659760952e-06
10.36	8.461822289973497e-06
10.37	8.350587449967861e-06
10.38	8.225149940699339e-06
10.39	8.109433110803366e-06
10.4	7.992726750671864e-06
10.41	7.879105396568775e-06
10.42	7.7767763286829e-06
10.43	7.666705641895533e-06
10.44	7.560651283711195e-06
10.45	7.461116183549166e-06
10.46	7.3714181780815125e-06
10.47	7.2803813964128494e-06
10.48	7.1924296207726e-06
10.49	7.105059921741486e-06
10.5	7.021066267043352e-06
10.51	6.934453267604113e-06
10.52	6.847898475825787e-06
10.53	6.7559885792434216e-06
10.54	6.664835382252932e-06
10.55	6.583810318261385e-06
10.56	6.501271855086088e-06
10.57	6.42106169834733e-06
10.58	6.3229817897081375e-06
10.59	6.231421139091253e-06
10.6	6.1471364460885525e-06
10.61	6.062444299459457e-06
10.62	5.987181793898344e-06
10.63	5.893758498132229e-06
10.64	5.815178155899048e-06
10.65	5.72775024920702e-06
10.66	5.646084900945425e-06
10.67	5.5578420870006084e-06
10.68	5.477049853652716e-06
10.69	5.398236680775881e-06
10.7	5.321751814335585e-06
10.71	5.24596543982625e-06
10.72	5.170353688299656e-06
10.73	5.10108657181263e-06
10.74	5.029316525906324e-06
10.75	4.964182153344154e-06
10.76	4.897650796920061e-06
10.77	4.834611900150776e-06
10.78	4.770001396536827e-06
10.79	4.710571374744177e-06
10.8	4.647648893296719e-06
10.81	4.587927833199501e-06
10.82	4.53117536380887e-06
10.83	4.463247023522854e-06
10.84	4.404864739626646e-06
10.85	4.339439328759909e-06
10.86	4.278204869478941e-06
10.87	4.223547875881195e-06
10.88	4.162313416600227e-06
10.89	4.106026608496904e-06
10.9	4.0396698750555515e-06
10.91	3.9781443774700165e-06
10.92	3.915862180292606e-06
10.93	3.8583530113101006e-06
10.94	3.803463187068701e-06
10.95	3.749213647097349e-06
10.96	3.689434379339218e-06
10.97	3.6324490793049335e-06
10.98	3.5766279324889183e-06
10.99	3.52243660017848e-06
11.0	3.470340743660927e-06
11.01	3.418943379074335e-06
11.02	3.3720280043780804e-06
11.03	3.3245887607336044e-06
11.04	3.281340468674898e-06
11.05	3.2345415093004704e-06
11.06	3.1902454793453217e-06
11.07	3.1452509574592113e-06
11.08	3.1059025786817074e-06
11.09	3.070337697863579e-06
11.1	3.027671482414007e-06
11.11	2.9844813980162144e-06
11.12	2.9396614991128445e-06
11.13	2.8998474590480328e-06
11.14	2.8624199330806732e-06
11.15	2.817192580550909e-06
11.16	2.7703354135155678e-06
11.17	2.7274945750832558e-06
11.18	2.6883790269494057e-06
11.19	2.6481575332581997e-06
11.2	2.6091584004461765e-06
11.21	2.566142939031124e-06
11.22	2.528657205402851e-06
11.23	2.4872133508324623e-06
11.24	2.447690349072218e-06
11.25	2.4096807464957237e-06
11.26	2.3716711439192295e-06
11.27	2.3405300453305244e-06
11.28	2.3043248802423477e-06
11.29	2.2685853764414787e-06
11.3	2.2302265278995037e-06
11.31	2.2010644897818565e-06
11.32	2.1696905605494976e-06
11.33	2.1386658772826195e-06
11.34	2.1112500689923763e-06
11.35	2.0811567083001137e-06
11.36	2.0543811842799187e-06
11.37	2.02452065423131e-06
11.38	1.994776539504528e-06
11.39	1.9650906324386597e-06
11.4	1.9372091628611088e-06
11.41	1.912063453346491e-06
11.42	1.886801328510046e-06
11.43	1.8563587218523026e-06
11.44	1.8247519619762897e-06
11.45	1.7991987988352776e-06
11.46	1.7713755369186401e-06
11.47	1.7463462427258492e-06
11.48	1.7136335372924805e-06
11.49	1.6873236745595932e-06
11.5	1.6623525880277157e-06
11.51	1.6352860257029533e-06
11.52	1.6095582395792007e-06
11.53	1.5799887478351593e-06
11.54	1.5553669072687626e-06
11.55	1.5295809134840965e-06
11.56	1.5054247342050076e-06
11.57	1.4808611012995243e-06
11.58	1.4578690752387047e-06
11.59	1.4338875189423561e-06
11.6	1.412583515048027e-06
11.61	1.393025740981102e-06
11.62	1.3710814528167248e-06
11.63	1.3497192412614822e-06
11.64	1.3294629752635956e-06
11.65	1.3124081306159496e-06
11.66	1.2959935702383518e-06
11.67	1.2805103324353695e-06
11.68	1.2596137821674347e-06
11.69	1.2409873306751251e-06
11.7	1.2211385183036327e-06
11.71	1.2011732906103134e-06
11.72	1.1844094842672348e-06
11.73	1.1644442565739155e-06
11.74	1.146690919995308e-06
11.75	1.1256779544055462e-06
11.76	1.1057709343731403e-06
11.77	1.0859803296625614e-06
11.78	1.0671792551875114e-06
11.79	1.0480871424078941e-06
11.8	1.0303338058292866e-06
11.81	1.0111252777278423e-06
11.82	9.93139110505581e-07
11.83	9.76724550127983e-07
11.84	9.610666893422604e-07
11.85	9.454670362174511e-07
11.86	9.265495464205742e-07
11.87	9.112409316003323e-07
11.88	8.971546776592731e-07
11.89	8.84931068867445e-07
11.9	8.727074600756168e-07
11.91	8.576898835599422e-07
11.92	8.469796739518642e-07
11.93	8.348142728209496e-07
11.94	8.243951015174389e-07
11.95	8.107745088636875e-07
11.96	7.969792932271957e-07
11.97	7.869675755500793e-07
11.98	7.762573659420013e-07
11.99	7.667695172131062e-07
12.0	7.52799678593874e-07
12.01	7.390626706182957e-07
12.02	7.253838703036308e-07
12.03	7.130438461899757e-07
12.04	7.015187293291092e-07
12.05	6.895279511809349e-07
12.06	6.761401891708374e-07
12.07	6.634509190917015e-07
12.08	6.507034413516521e-07
12.09	6.381887942552567e-07
12.1	6.26023393124342e-07
12.11	6.133923307061195e-07
12.12	6.030313670635223e-07
12.13	5.933688953518867e-07
12.14	5.821348167955875e-07
12.15	5.706679075956345e-07
12.16	5.618785507977009e-07
12.17	5.537876859307289e-07
12.18	5.449401214718819e-07
12.19	5.359761416912079e-07
12.2	5.263136699795723e-07
12.21	5.201436579227448e-07
12.22	5.136243999004364e-07
12.23	5.069305188953876e-07
12.24	5.002366378903389e-07
12.25	4.933681339025497e-07
12.26	4.861503839492798e-07
12.27	4.797475412487984e-07
12.28	4.7206413000822067e-07
12.29	4.646717570722103e-07
12.3	4.5832712203264236e-07
12.31	4.507601261138916e-07
12.32	4.4278567656874657e-07
12.33	4.3172622099518776e-07
12.34	4.2206374928355217e-07
12.35	4.1478779166936874e-07
12.36	4.071625880897045e-07
12.37	3.994791768491268e-07
12.38	3.896420821547508e-07
12.39	3.820168785750866e-07
12.4	3.7439167499542236e-07
12.41	3.6763958632946014e-07
12.42	3.59897967427969e-07
12.43	3.5279663279652596e-07
12.44	3.4732511267066e-07
12.45	3.4226104617118835e-07
12.46	3.3830292522907257e-07
12.47	3.310851752758026e-07
12.48	3.264867700636387e-07
12.49	3.214809112250805e-07
12.5	3.1781382858753204e-07
12.51	3.1426316127181053e-07
12.52	3.094901330769062e-07
12.53	3.050081431865692e-07
12.54	3.005843609571457e-07
12.55	2.966262400150299e-07
12.56	2.9103830456733704e-07
12.57	2.8597423806786537e-07
12.58	2.8032809495925903e-07
12.59	2.753804437816143e-07
12.6	2.6955967769026756e-07
12.61	2.639717422425747e-07
12.62	2.587330527603626e-07
12.63	2.523884177207947e-07
12.64	2.462766133248806e-07
12.65	2.398737706243992e-07
12.66	2.3463508114218712e-07
12.67	2.2939639165997505e-07
12.68	2.25030817091465e-07
12.69	2.2083986550569534e-07
12.7	2.166489139199257e-07
12.71	2.123415470123291e-07
12.72	2.078595571219921e-07
12.73	2.0477455109357834e-07
12.74	2.023298293352127e-07
12.75	1.9907020032405853e-07
12.76	1.9598519429564476e-07
12.77	1.9371509552001953e-07
12.78	1.9121216610074043e-07
12.79	1.882435753941536e-07
12.8	1.8457649275660515e-07
12.81	1.8172431737184525e-07
12.82	1.7922138795256615e-07
12.83	1.7671845853328705e-07
12.84	1.7427373677492142e-07
12.85	1.708976924419403e-07
12.86	1.668231561779976e-07
12.87	1.6367994248867035e-07
12.88	1.6012927517294884e-07
12.89	1.5675323083996773e-07
12.9	1.5291152521967888e-07
12.91	1.4825491234660149e-07
12.92	1.442967914044857e-07
12.93	1.4086253941059113e-07
12.94	1.3672979548573494e-07
12.95	1.3347016647458076e-07
12.96	1.2916279956698418e-07
12.97	1.2695090845227242e-07
12.98	1.2421514838933945e-07
12.99	1.2171221897006035e-07
13.0	1.1955853551626205e-07
13.01	1.1775409802794456e-07
13.02	1.1705560609698296e-07
13.03	1.150183379650116e-07
13.04	1.1356314644217491e-07
13.05	1.1111842468380928e-07
13.06	1.103617250919342e-07
13.07	1.0943040251731873e-07
13.08	1.0820804163813591e-07
13.09	1.0692747309803963e-07
13.1	1.0494841262698174e-07
13.11	1.0314397513866425e-07
13.12	1.0128132998943329e-07
13.13	9.918585419654846e-08
13.14	9.73232090473175e-08
13.15	9.493669494986534e-08
13.16	9.237555786967278e-08
13.17	9.028008207678795e-08
13.18	8.742790669202805e-08
13.19	8.463393896818161e-08
13.2	8.242204785346985e-08
13.21	7.968628779053688e-08
13.22	7.811468094587326e-08
13.23	7.55535438656807e-08
13.24	7.363269105553627e-08
13.25	7.188646122813225e-08
13.26	7.043126970529556e-08
13.27	6.938353180885315e-08
13.28	6.7870132625103e-08
13.29	6.705522537231445e-08
13.3	6.618211045861244e-08
13.31	6.57164491713047e-08
13.32	6.466871127486229e-08
13.33	6.391201168298721e-08
13.34	6.298068910837173e-08
13.35	6.2515027821064e-08
13.36	6.175832822918892e-08
13.37	6.047775968909264e-08
13.38	5.8498699218034744e-08
13.39	5.686888471245766e-08
13.4	5.5995769798755646e-08
13.41	5.48316165804863e-08
13.42	5.3318217396736145e-08
13.43	5.1048118621110916e-08
13.44	4.9476511776447296e-08
13.45	4.8370566219091415e-08
13.46	4.708999767899513e-08
13.47	4.598405212163925e-08
13.48	4.394678398966789e-08
13.49	4.289904609322548e-08
13.5	4.150206223130226e-08
13.51	4.039611667394638e-08
13.52	3.91155481338501e-08
13.53	3.795139491558075e-08
13.54	3.719469532370567e-08
13.55	3.637978807091713e-08
13.56	3.585591912269592e-08
13.57	3.4924596548080444e-08
13.58	3.457535058259964e-08
13.59	3.42843122780323e-08
13.6	3.3818650990724564e-08
13.61	3.294553607702255e-08
13.62	3.2421667128801346e-08
13.63	3.1956005841493607e-08
13.64	3.16067598760128e-08
13.65	3.079185262322426e-08
13.66	2.9976945370435715e-08
13.67	2.922024577856064e-08
13.68	2.7997884899377823e-08
13.69	2.7474015951156616e-08
13.7	2.6542693376541138e-08
13.71	2.537854015827179e-08
13.72	2.4621840566396713e-08
13.73	2.380693331360817e-08
13.74	2.3283064365386963e-08
13.75	2.2060703486204147e-08
13.76	2.1012965589761734e-08
13.77	1.996522769331932e-08
13.78	1.949956640601158e-08
13.79	1.909211277961731e-08
13.8	1.8568243831396103e-08
13.81	1.7811544239521027e-08
13.82	1.7171259969472885e-08
13.83	1.6880221664905548e-08
13.84	1.658918336033821e-08
13.85	1.6239937394857407e-08
13.86	1.594889909029007e-08
13.87	1.5890691429376602e-08
13.88	1.5774276107549667e-08
13.89	1.548323780298233e-08
13.9	1.4901161193847656e-08
13.91	1.4726538211107254e-08
13.92	1.4668330550193787e-08
13.93	1.437729224562645e-08
13.94	1.4086253941059113e-08
13.95	1.3271346688270569e-08
13.96	1.2863893061876297e-08
13.97	1.257285475730896e-08
13.98	1.234002411365509e-08
13.99	1.1583324521780014e-08
14.0	1.0593794286251068e-08
14.01	1.0069925338029861e-08
14.02	9.778887033462524e-09
14.03	9.487848728895187e-09
14.04	8.96397978067398e-09
14.05	8.731149137020111e-09
14.06	8.265487849712372e-09
14.07	8.149072527885437e-09
14.08	7.8580342233181e-09
14.09	7.508788257837296e-09
14.1	7.392372936010361e-09
14.11	7.275957614183426e-09
14.12	7.275957614183426e-09
14.13	7.043126970529556e-09
14.14	6.984919309616089e-09
14.15	6.810296326875687e-09
14.16	6.810296326875687e-09
14.17	6.752088665962219e-09
14.18	6.51925802230835e-09
14.19	6.461050361394882e-09
14.2	6.344635039567947e-09
14.21	6.344635039567947e-09
14.22	5.995389074087143e-09
14.23	5.3551048040390015e-09
14.24	5.0640664994716644e-09
14.25	4.889443516731262e-09
14.26	4.831235855817795e-09
14.27	4.190951585769653e-09
14.28	3.899913281202316e-09
14.29	3.4924596548080444e-09
14.3	3.434251993894577e-09
14.31	3.3178366720676422e-09
14.32	3.0850060284137726e-09
14.33	2.9103830456733704e-09
14.34	2.735760062932968e-09
14.35	2.735760062932968e-09
14.36	2.561137080192566e-09
14.37	2.5029294192790985e-09
14.38	2.3865140974521637e-09
14.39	2.270098775625229e-09
14.4	2.270098775625229e-09
14.41	2.270098775625229e-09
14.42	2.270098775625229e-09
14.43	2.270098775625229e-09
14.44	2.270098775625229e-09
14.45	2.270098775625229e-09
14.46	2.270098775625229e-09
14.47	2.0954757928848267e-09
14.48	2.0372681319713593e-09
14.49	2.0372681319713593e-09
14.5	1.979060471057892e-09
14.51	1.9208528101444244e-09
14.52	1.6880221664905548e-09
14.53	1.3969838619232178e-09
14.54	1.3387762010097504e-09
14.55	1.2223608791828156e-09
14.56	9.89530235528946e-10
14.57	9.313225746154785e-10
14.58	8.149072527885437e-10
14.59	7.566995918750763e-10
14.6	5.820766091346741e-10
14.61	4.656612873077393e-10
14.62	3.4924596548080444e-10
14.63	3.4924596548080444e-10
14.64	3.4924596548080444e-10
14.65	3.4924596548080444e-10
14.66	3.4924596548080444e-10
14.67	3.4924596548080444e-10
14.68	3.4924596548080444e-10
14.69	3.4924596548080444e-10
14.7	3.4924596548080444e-10
14.71	3.4924596548080444e-10
14.72	3.4924596548080444e-10
14.73	3.4924596548080444e-10
14.74	3.4924596548080444e-10
14.75	3.4924596548080444e-10
14.76	3.4924596548080444e-10
14.77	3.4924596548080444e-10
14.78	3.4924596548080444e-10
14.79	3.4924596548080444e-10
14.8	2.3283064365386963e-10
14.81	2.3283064365386963e-10
14.82	2.3283064365386963e-10
14.83	2.3283064365386963e-10
14.84	2.3283064365386963e-10
14.85	5.820766091346741e-11
