5.38	0.000500410795211792
5.39	0.00049610435962677
5.4	0.0004919320344924927
5.41	0.0004870593547821045
5.42	0.0004830211400985718
5.43	0.0004785507917404175
5.44	0.0004738271236419678
5.45	0.0004705190658569336
5.46	0.000466272234916687
5.47	0.00046224892139434814
5.48	0.0004582405090332031
5.49	0.0004547536373138428
5.5	0.0004509836435317993
5.51	0.00044727325439453125
5.52	0.00044311583042144775
5.53	0.0004396587610244751
5.54	0.0004355907440185547
5.55	0.0004321932792663574
5.56	0.00042857229709625244
5.57	0.00042466819286346436
5.58	0.0004215240478515625
5.59	0.000418052077293396
5.6	0.0004143565893173218
5.61	0.00041078031063079834
5.62	0.0004072636365890503
5.63	0.00040368735790252686
5.64	0.00039990246295928955
5.65	0.0003959536552429199
5.66	0.0003929734230041504
5.67	0.0003888458013534546
5.68	0.0003848820924758911
5.69	0.0003816932439804077
5.7	0.00037752091884613037
5.71	0.0003743022680282593
5.72	0.000370904803276062
5.73	0.0003669857978820801
5.74	0.0003641396760940552
5.75	0.0003610551357269287
5.76	0.00035800039768218994
5.77	0.000354960560798645
5.78	0.00035215914249420166
5.79	0.00034897029399871826
5.8	0.00034637749195098877
5.81	0.0003432929515838623
5.82	0.0003405362367630005
5.83	0.00033755600452423096
5.84	0.0003345310688018799
5.85	0.00033189356327056885
5.86	0.00032898783683776855
5.87	0.0003261566162109375
5.88	0.0003238469362258911
5.89	0.0003205835819244385
5.9	0.000318184494972229
5.91	0.00031557679176330566
5.92	0.00031280517578125
5.93	0.00031006336212158203
5.94	0.00030694901943206787
5.95	0.00030444562435150146
5.96	0.00030131638050079346
5.97	0.00029803812503814697
5.98	0.00029522180557250977
5.99	0.00029203295707702637
6.0	0.00028918683528900146
6.01	0.0002863854169845581
6.02	0.0002837926149368286
6.03	0.000280722975730896
6.04	0.00027857720851898193
6.05	0.0002753734588623047
6.06	0.0002730637788772583
6.07	0.000271037220954895
6.08	0.0002685338258743286
6.09	0.0002664327621459961
6.1	0.00026428699493408203
6.11	0.0002617388963699341
6.12	0.00025960803031921387
6.13	0.0002572685480117798
6.14	0.0002550482749938965
6.15	0.00025278329849243164
6.16	0.00025030970573425293
6.17	0.00024856626987457275
6.18	0.00024622678756713867
6.19	0.00024396181106567383
6.2	0.00024199485778808594
6.21	0.0002400428056716919
6.22	0.0002377927303314209
6.23	0.00023567676544189453
6.24	0.0002330392599105835
6.25	0.00023083388805389404
6.26	0.00022874772548675537
6.27	0.00022619962692260742
6.28	0.00022400915622711182
6.29	0.00022152066230773926
6.3	0.00021915137767791748
6.31	0.0002170652151107788
6.32	0.00021436810493469238
6.33	0.00021252036094665527
6.34	0.0002102106809616089
6.35	0.0002082735300064087
6.36	0.00020654499530792236
6.37	0.00020444393157958984
6.38	0.0002025812864303589
6.39	0.0002009868621826172
6.4	0.0001990199089050293
6.41	0.0001973956823348999
6.42	0.0001954883337020874
6.43	0.0001935511827468872
6.44	0.00019180774688720703
6.45	0.00018981099128723145
6.46	0.00018808245658874512
6.47	0.00018645823001861572
6.48	0.00018459558486938477
6.49	0.0001827627420425415
6.5	0.00018158555030822754
6.51	0.00017927587032318115
6.52	0.00017802417278289795
6.53	0.00017580389976501465
6.54	0.0001741945743560791
6.55	0.00017267465591430664
6.56	0.00017079710960388184
6.57	0.00016920268535614014
6.58	0.0001674741506576538
6.59	0.000165596604347229
6.6	0.00016379356384277344
6.61	0.00016197562217712402
6.62	0.00016054511070251465
6.63	0.00015904009342193604
6.64	0.00015746057033538818
6.65	0.00015604496002197266
6.66	0.00015448033809661865
6.67	0.00015304982662200928
6.68	0.00015200674533843994
6.69	0.00015020370483398438
6.7	0.000148773193359375
6.71	0.00014741718769073486
6.72	0.0001458972692489624
6.73	0.00014449656009674072
6.74	0.00014296174049377441
6.75	0.00014136731624603271
6.76	0.00014021992683410645
6.77	0.00013878941535949707
6.78	0.00013731420040130615
6.79	0.00013603270053863525
6.8	0.00013478100299835205
6.81	0.00013373792171478271
6.82	0.00013238191604614258
6.83	0.00013102591037750244
6.84	0.00012977421283721924
6.85	0.00012853741645812988
6.86	0.00012736022472381592
6.87	0.00012592971324920654
6.88	0.00012464821338653564
6.89	0.00012350082397460938
6.9	0.00012242794036865234
6.91	0.00012114644050598145
6.92	0.00012008845806121826
6.93	0.00011894106864929199
6.94	0.00011779367923736572
6.95	0.000116690993309021
6.96	0.00011554360389709473
6.97	0.00011464953422546387
6.98	0.00011333823204040527
6.99	0.00011231005191802979
7.0	0.00011138617992401123
7.01	0.00011007487773895264
7.02	0.00010891258716583252
7.03	0.00010769069194793701
7.04	0.00010655820369720459
7.05	0.00010561943054199219
7.06	0.00010433793067932129
7.07	0.00010345876216888428
7.08	0.00010243058204650879
7.09	0.00010162591934204102
7.1	0.00010044872760772705
7.11	9.955465793609619e-05
7.12	9.860098361968994e-05
7.13	9.775161743164062e-05
7.14	9.681284427642822e-05
7.15	9.585916996002197e-05
7.16	9.484589099884033e-05
7.17	9.372830390930176e-05
7.18	9.292364120483398e-05
7.19	9.202957153320312e-05
7.2	9.101629257202148e-05
7.21	9.02414321899414e-05
7.22	8.919835090637207e-05
7.23	8.842349052429199e-05
7.24	8.752942085266113e-05
7.25	8.653104305267334e-05
7.26	8.590519428253174e-05
7.27	8.487701416015625e-05
7.28	8.396804332733154e-05
7.29	8.323788642883301e-05
7.3	8.213520050048828e-05
7.31	8.144974708557129e-05
7.32	8.067488670349121e-05
7.33	7.95125961303711e-05
7.34	7.872283458709717e-05
7.35	7.782876491546631e-05
7.36	7.703900337219238e-05
7.37	7.630884647369385e-05
7.38	7.53253698348999e-05
7.39	7.453560829162598e-05
7.4	7.398426532745361e-05
7.41	7.31348991394043e-05
7.42	7.241964340209961e-05
7.43	7.164478302001953e-05
7.44	7.095932960510254e-05
7.45	7.036328315734863e-05
7.46	6.958842277526855e-05
7.47	6.872415542602539e-05
7.48	6.80685043334961e-05
7.49	6.732344627380371e-05
7.5	6.67572021484375e-05
7.51	6.596744060516357e-05
7.52	6.529688835144043e-05
7.53	6.462633609771729e-05
7.54	6.380677223205566e-05
7.55	6.324052810668945e-05
7.56	6.246566772460938e-05
7.57	6.164610385894775e-05
7.58	6.110966205596924e-05
7.59	6.033480167388916e-05
7.6	5.951523780822754e-05
7.61	5.891919136047363e-05
7.62	5.804002285003662e-05
7.63	5.7443976402282715e-05
7.64	5.6937336921691895e-05
7.65	5.605816841125488e-05
7.66	5.549192428588867e-05
7.67	5.4895877838134766e-05
7.68	5.43445348739624e-05
7.69	5.389750003814697e-05
7.7	5.3301453590393066e-05
7.71	5.282461643218994e-05
7.72	5.2422285079956055e-05
7.73	5.1975250244140625e-05
7.74	5.130469799041748e-05
7.75	5.078315734863281e-05
7.76	5.02467155456543e-05
7.77	4.99039888381958e-05
7.78	4.926323890686035e-05
7.79	4.883110523223877e-05
7.8	4.824995994567871e-05
7.81	4.789233207702637e-05
7.82	4.731118679046631e-05
7.83	4.690885543823242e-05
7.84	4.6312808990478516e-05
7.85	4.576146602630615e-05
7.86	4.51505184173584e-05
7.87	4.461407661437988e-05
7.88	4.4152140617370605e-05
7.89	4.3451786041259766e-05
7.9	4.2945146560668945e-05
7.91	4.245340824127197e-05
7.92	4.175305366516113e-05
7.93	4.1365623474121094e-05
7.94	4.081428050994873e-05
7.95	4.0471553802490234e-05
7.96	4.011392593383789e-05
7.97	3.968179225921631e-05
7.98	3.941357135772705e-05
7.99	3.9070844650268555e-05
8.0	3.8683414459228516e-05
8.01	3.840029239654541e-05
8.02	3.795325756072998e-05
8.03	3.756582736968994e-05
8.04	3.7282705307006836e-05
8.05	3.693997859954834e-05
8.06	3.6522746086120605e-05
8.07	3.610551357269287e-05
8.08	3.568828105926514e-05
8.09	3.5434961318969727e-05
8.1	3.510713577270508e-05
8.11	3.4675002098083496e-05
8.12	3.4332275390625e-05
8.13	3.403425216674805e-05
8.14	3.363192081451416e-05
8.15	3.325939178466797e-05
8.16	3.281235694885254e-05
8.17	3.2395124435424805e-05
8.18	3.191828727722168e-05
8.19	3.14861536026001e-05
8.2	3.108382225036621e-05
8.21	3.065168857574463e-05
8.22	3.0279159545898438e-05
8.23	2.993643283843994e-05
8.24	2.9474496841430664e-05
8.25	2.9101967811584473e-05
8.26	2.8789043426513672e-05
8.27	2.8520822525024414e-05
8.28	2.828240394592285e-05
8.29	2.7924776077270508e-05
8.3	2.7686357498168945e-05
8.31	2.7447938919067383e-05
8.32	2.7135014533996582e-05
8.33	2.6926398277282715e-05
8.34	2.6673078536987305e-05
8.35	2.6345252990722656e-05
8.36	2.6166439056396484e-05
8.37	2.5853514671325684e-05
8.38	2.5585293769836426e-05
8.39	2.5317072868347168e-05
8.4	2.5033950805664062e-05
8.41	2.4721026420593262e-05
8.42	2.4557113647460938e-05
8.43	2.4184584617614746e-05
8.44	2.396106719970703e-05
8.45	2.370774745941162e-05
8.46	2.333521842956543e-05
8.47	2.308189868927002e-05
8.48	2.2649765014648438e-05
8.49	2.2366642951965332e-05
8.5	2.2098422050476074e-05
8.51	2.1755695343017578e-05
8.52	2.142786979675293e-05
8.53	2.09808349609375e-05
8.54	2.072751522064209e-05
8.55	2.047419548034668e-05
8.56	2.0131468772888184e-05
8.57	1.9848346710205078e-05
8.58	1.958012580871582e-05
8.59	1.940131187438965e-05
8.6	1.9222497940063477e-05
8.61	1.8864870071411133e-05
8.62	1.8790364265441895e-05
8.63	1.856684684753418e-05
8.64	1.8343329429626465e-05
8.65	1.8149614334106445e-05
8.66	1.7911195755004883e-05
8.67	1.7702579498291016e-05
8.68	1.7523765563964844e-05
8.69	1.7315149307250977e-05
8.7	1.704692840576172e-05
8.71	1.6897916793823242e-05
8.72	1.665949821472168e-05
8.73	1.652538776397705e-05
8.74	1.6257166862487793e-05
8.75	1.6048550605773926e-05
8.76	1.5854835510253906e-05
8.77	1.5690922737121582e-05
8.78	1.5467405319213867e-05
8.79	1.5243887901306152e-05
8.8	1.49458646774292e-05
8.81	1.475214958190918e-05
8.82	1.4513731002807617e-05
8.83	1.430511474609375e-05
8.84	1.4036893844604492e-05
8.85	1.3783574104309082e-05
8.86	1.3589859008789062e-05
8.87	1.3396143913269043e-05
8.88	1.3172626495361328e-05
8.89	1.2934207916259766e-05
8.9	1.265108585357666e-05
8.91	1.2531876564025879e-05
8.92	1.233816146850586e-05
8.93	1.2174248695373535e-05
8.94	1.1980533599853516e-05
8.95	1.1831521987915039e-05
8.96	1.1622905731201172e-05
8.97	1.1473894119262695e-05
8.98	1.1339783668518066e-05
8.99	1.119077205657959e-05
9.0	1.1101365089416504e-05
9.01	1.093745231628418e-05
9.02	1.0862946510314941e-05
9.03	1.068413257598877e-05
9.04	1.0594725608825684e-05
9.05	1.043081283569336e-05
9.06	1.0401010513305664e-05
9.07	1.017749309539795e-05
9.08	1.0073184967041016e-05
9.09	9.924173355102539e-06
9.1	9.8496675491333e-06
9.11	9.715557098388672e-06
9.12	9.551644325256348e-06
9.13	9.417533874511719e-06
9.14	9.313225746154785e-06
9.15	9.179115295410156e-06
9.16	8.970499038696289e-06
9.17	8.746981620788574e-06
9.18	8.657574653625488e-06
9.19	8.478760719299316e-06
9.2	8.314847946166992e-06
9.21	8.150935173034668e-06
9.22	7.9423189163208e-06
9.23	7.793307304382324e-06
9.24	7.703900337219238e-06
9.25	7.4803829193115234e-06
9.26	7.405877113342285e-06
9.27	7.3015689849853516e-06
9.28	7.212162017822266e-06
9.29	7.12275505065918e-06
9.3	7.033348083496094e-06
9.31	6.988644599914551e-06
9.32	6.92903995513916e-06
9.33	6.854534149169922e-06
9.34	6.780028343200684e-06
9.35	6.750226020812988e-06
9.36	6.645917892456055e-06
9.37	6.586313247680664e-06
9.38	6.5267086029052734e-06
9.39	6.452202796936035e-06
9.4	6.407499313354492e-06
9.41	6.332993507385254e-06
9.42	6.273388862609863e-06
9.43	6.198883056640625e-06
9.44	6.139278411865234e-06
9.45	6.064772605895996e-06
9.46	5.930662155151367e-06
9.47	5.885958671569824e-06
9.48	5.736947059631348e-06
9.49	5.617737770080566e-06
9.5	5.543231964111328e-06
9.51	5.3942203521728516e-06
9.52	5.245208740234375e-06
9.53	5.125999450683594e-06
9.54	4.991888999938965e-06
9.55	4.857778549194336e-06
9.56	4.783272743225098e-06
9.57	4.723668098449707e-06
9.58	4.589557647705078e-06
9.59	4.559755325317383e-06
9.6	4.470348358154297e-06
9.61	4.455447196960449e-06
9.62	4.395842552185059e-06
9.63	4.351139068603516e-06
9.64	4.336237907409668e-06
9.65	4.291534423828125e-06
9.66	4.246830940246582e-06
9.67	4.246830940246582e-06
9.68	4.172325134277344e-06
9.69	4.157423973083496e-06
9.7	4.1425228118896484e-06
9.71	4.06801700592041e-06
9.72	4.038214683532715e-06
9.73	3.978610038757324e-06
9.74	3.9637088775634766e-06
9.75	3.904104232788086e-06
9.76	3.874301910400391e-06
9.77	3.7997961044311523e-06
9.78	3.7550926208496094e-06
9.79	3.635883331298828e-06
9.8	3.5315752029418945e-06
9.81	3.427267074584961e-06
9.82	3.3527612686157227e-06
9.83	3.2782554626464844e-06
9.84	3.159046173095703e-06
9.85	3.069639205932617e-06
9.86	2.995133399963379e-06
9.87	2.86102294921875e-06
9.88	2.8312206268310547e-06
9.89	2.7418136596679688e-06
9.9	2.682209014892578e-06
9.91	2.637505531311035e-06
9.92	2.5779008865356445e-06
9.93	2.562999725341797e-06
9.94	2.518296241760254e-06
9.95	2.473592758178711e-06
9.96	2.4586915969848633e-06
9.97	2.4139881134033203e-06
9.98	2.3692846298217773e-06
9.99	2.3692846298217773e-06
10.0	2.294778823852539e-06
10.01	2.2798776626586914e-06
10.02	2.250075340270996e-06
10.03	2.205371856689453e-06
10.04	2.175569534301758e-06
10.05	2.1457672119140625e-06
10.06	2.1010637283325195e-06
10.07	2.0712614059448242e-06
10.08	2.0265579223632812e-06
10.09	1.9818544387817383e-06
10.1	1.9222497940063477e-06
10.11	1.8924474716186523e-06
10.12	1.817941665649414e-06
10.13	1.7583370208740234e-06
10.14	1.6987323760986328e-06
10.15	1.6540288925170898e-06
10.16	1.5795230865478516e-06
10.17	1.5348196029663086e-06
10.18	1.475214958190918e-06
10.19	1.4007091522216797e-06
10.2	1.385807991027832e-06
10.21	1.3113021850585938e-06
10.22	1.296401023864746e-06
10.23	1.2665987014770508e-06
10.24	1.2218952178955078e-06
10.25	1.1920928955078125e-06
10.26	1.1771917343139648e-06
10.27	1.1324882507324219e-06
10.28	1.1175870895385742e-06
10.29	1.087784767150879e-06
10.3	1.043081283569336e-06
10.31	1.043081283569336e-06
10.32	1.0132789611816406e-06
10.33	9.98377799987793e-07
10.34	9.98377799987793e-07
10.35	9.834766387939453e-07
10.36	9.5367431640625e-07
10.37	9.5367431640625e-07
10.38	9.387731552124023e-07
10.39	9.238719940185547e-07
10.4	9.238719940185547e-07
10.41	8.940696716308594e-07
10.42	8.791685104370117e-07
10.43	8.493661880493164e-07
10.44	8.344650268554688e-07
10.45	8.195638656616211e-07
10.46	7.897615432739258e-07
10.47	7.748603820800781e-07
10.48	7.301568984985352e-07
10.49	7.301568984985352e-07
10.5	6.854534149169922e-07
10.51	6.705522537231445e-07
10.52	6.556510925292969e-07
10.53	6.109476089477539e-07
10.54	5.960464477539062e-07
10.55	5.811452865600586e-07
10.56	5.513429641723633e-07
10.57	5.364418029785156e-07
10.58	5.066394805908203e-07
10.59	4.917383193969727e-07
10.6	4.76837158203125e-07
10.61	4.76837158203125e-07
10.62	4.76837158203125e-07
10.63	4.76837158203125e-07
10.64	4.76837158203125e-07
10.65	4.76837158203125e-07
10.66	4.76837158203125e-07
10.67	4.76837158203125e-07
10.68	4.76837158203125e-07
10.69	4.76837158203125e-07
10.7	4.76837158203125e-07
10.71	4.76837158203125e-07
10.72	4.76837158203125e-07
10.73	4.76837158203125e-07
10.74	4.76837158203125e-07
10.75	4.76837158203125e-07
10.76	4.76837158203125e-07
10.77	4.6193599700927734e-07
10.78	4.6193599700927734e-07
10.79	4.470348358154297e-07
10.8	4.3213367462158203e-07
10.81	4.3213367462158203e-07
10.82	3.8743019104003906e-07
10.83	3.8743019104003906e-07
10.84	3.725290298461914e-07
10.85	3.2782554626464844e-07
10.86	3.2782554626464844e-07
10.87	2.980232238769531e-07
10.88	2.8312206268310547e-07
10.89	2.682209014892578e-07
10.9	2.682209014892578e-07
10.91	2.5331974029541016e-07
10.92	2.5331974029541016e-07
10.93	2.384185791015625e-07
10.94	2.384185791015625e-07
10.95	2.384185791015625e-07
10.96	2.384185791015625e-07
10.97	2.384185791015625e-07
10.98	2.384185791015625e-07
10.99	2.384185791015625e-07
11.0	2.384185791015625e-07
11.01	2.384185791015625e-07
11.02	2.384185791015625e-07
11.03	2.384185791015625e-07
11.04	2.384185791015625e-07
11.05	2.384185791015625e-07
11.06	2.384185791015625e-07
11.07	2.384185791015625e-07
11.08	2.384185791015625e-07
11.09	2.2351741790771484e-07
11.1	2.2351741790771484e-07
11.11	2.086162567138672e-07
11.12	1.9371509552001953e-07
11.13	1.9371509552001953e-07
11.14	1.4901161193847656e-07
11.15	1.4901161193847656e-07
11.16	1.341104507446289e-07
11.17	1.043081283569336e-07
11.18	1.043081283569336e-07
11.19	1.043081283569336e-07
11.2	7.450580596923828e-08
11.21	7.450580596923828e-08
11.22	5.960464477539063e-08
11.23	5.960464477539063e-08
11.24	5.960464477539063e-08
11.25	5.960464477539063e-08
11.26	5.960464477539063e-08
11.27	5.960464477539063e-08
11.28	5.960464477539063e-08
11.29	5.960464477539063e-08
11.3	5.960464477539063e-08
11.31	5.960464477539063e-08
11.32	5.960464477539063e-08
11.33	5.960464477539063e-08
11.34	5.960464477539063e-08
11.35	5.960464477539063e-08
11.36	5.960464477539063e-08
11.37	5.960464477539063e-08
11.38	5.960464477539063e-08
11.39	5.960464477539063e-08
11.4	5.960464477539063e-08
11.41	4.470348358154297e-08
11.42	4.470348358154297e-08
11.43	2.9802322387695312e-08
11.44	2.9802322387695312e-08
11.45	2.9802322387695312e-08
11.46	1.4901161193847656e-08
11.47	1.4901161193847656e-08
11.48	1.4901161193847656e-08
11.49	0.0
