3.79	0.0005028331652283669
3.8	0.0004995260387659073
3.81	0.0004962356761097908
3.82	0.0004930431023240089
3.83	0.0004898607730865479
3.84	0.0004865294322371483
3.85	0.0004833824932575226
3.86	0.0004802914336323738
3.87	0.0004771081730723381
3.88	0.00047401338815689087
3.89	0.00047098007053136826
3.9	0.00046780798584222794
3.91	0.0004647206515073776
3.92	0.0004616929218173027
3.93	0.0004586055874824524
3.94	0.000455646775662899
3.95	0.0004527140408754349
3.96	0.00044960714876651764
3.97	0.00044680386781692505
3.98	0.0004438040778040886
3.99	0.00044086575508117676
4.0	0.000438041053712368
4.01	0.00043515581637620926
4.02	0.00043218303471803665
4.03	0.0004292977973818779
4.04	0.0004265299066901207
4.05	0.00042376574128866196
4.06	0.0004210257902741432
4.07	0.00041814055293798447
4.08	0.0004154033958911896
4.09	0.0004126299172639847
4.1	0.00040987320244312286
4.11	0.00040717050433158875
4.12	0.0004044650122523308
4.13	0.0004017576575279236
4.14	0.0003990745171904564
4.15	0.0003963969647884369
4.16	0.00039381254464387894
4.17	0.0003911321982741356
4.18	0.00038861948996782303
4.19	0.0003860117867588997
4.2	0.0003833230584859848
4.21	0.000380784273147583
4.22	0.000378195196390152
4.23	0.00037567969411611557
4.24	0.0003732321783900261
4.25	0.0003707250580191612
4.26	0.0003681601956486702
4.27	0.0003656810149550438
4.28	0.0003632372245192528
4.29	0.00036075152456760406
4.3	0.0003583822399377823
4.31	0.00035594403743743896
4.32	0.00035351235419511795
4.33	0.0003511859104037285
4.34	0.00034878961741924286
4.35	0.00034640170633792877
4.36	0.0003440519794821739
4.37	0.0003417478874325752
4.38	0.00033938605338335037
4.39	0.00033706799149513245
4.4	0.00033484306186437607
4.41	0.00033251475542783737
4.42	0.00033025164157152176
4.43	0.00032805372029542923
4.44	0.0003257365897297859
4.45	0.00032348930835723877
4.46	0.0003212951123714447
4.47	0.000319051556289196
4.48	0.0003168247640132904
4.49	0.0003146715462207794
4.5	0.0003124633803963661
4.51	0.000310349278151989
4.52	0.000308280810713768
4.53	0.00030607543885707855
4.54	0.0003040507435798645
4.55	0.000301864929497242
4.56	0.00029972847551107407
4.57	0.00029771868139505386
4.58	0.00029560644179582596
4.59	0.00029358360916376114
4.6	0.00029146019369363785
4.61	0.0002894429489970207
4.62	0.00028742291033267975
4.63	0.0002854028716683388
4.64	0.00028341636061668396
4.65	0.00028147734701633453
4.66	0.00027945637702941895
4.67	0.00027748942375183105
4.68	0.00027558207511901855
4.69	0.00027360953390598297
4.7	0.0002716975286602974
4.71	0.0002697734162211418
4.72	0.0002678455784916878
4.73	0.0002659456804394722
4.74	0.00026400014758110046
4.75	0.0002621319144964218
4.76	0.000260339118540287
4.77	0.00025843363255262375
4.78	0.00025663524866104126
4.79	0.00025481823831796646
4.8	0.0002529602497816086
4.81	0.00025116000324487686
4.82	0.000249362550675869
4.83	0.0002476014196872711
4.84	0.00024579837918281555
4.85	0.00024408288300037384
4.86	0.0002423059195280075
4.87	0.00024060066789388657
4.88	0.00023886188864707947
4.89	0.0002371435984969139
4.9	0.00023543275892734528
4.91	0.00023369025439023972
4.92	0.00023204926401376724
4.93	0.00023031886667013168
4.94	0.0002286657691001892
4.95	0.00022702012211084366
4.96	0.00022533535957336426
4.97	0.00022374652326107025
4.98	0.00022211018949747086
4.99	0.00022046174854040146
5.0	0.00021887850016355515
5.01	0.00021727755665779114
5.02	0.0002156384289264679
5.03	0.00021409429609775543
5.04	0.00021256227046251297
5.05	0.00021097902208566666
5.06	0.00020942650735378265
5.07	0.0002078348770737648
5.08	0.00020629167556762695
5.09	0.0002047969028353691
5.1	0.00020329095423221588
5.11	0.00020179152488708496
5.12	0.00020025670528411865
5.13	0.00019876565784215927
5.14	0.0001973593607544899
5.15	0.00019582826644182205
5.16	0.00019440427422523499
5.17	0.00019290484488010406
5.18	0.0001914985477924347
5.19	0.00019008200615644455
5.2	0.00018865149468183517
5.21	0.0001872628927230835
5.22	0.0001858733594417572
5.23	0.00018443912267684937
5.24	0.00018305610865354538
5.25	0.00018173456192016602
5.26	0.0001802900806069374
5.27	0.0001789657399058342
5.28	0.00017762184143066406
5.29	0.00017625372856855392
5.3	0.00017494522035121918
5.31	0.00017362087965011597
5.32	0.00017234310507774353
5.33	0.0001710783690214157
5.34	0.00016973353922367096
5.35	0.00016842875629663467
5.36	0.0001671239733695984
5.37	0.00016587506979703903
5.38	0.00016460008919239044
5.39	0.000163370743393898
5.4	0.00016212183982133865
5.41	0.00016085244715213776
5.42	0.00015963055193424225
5.43	0.00015840865671634674
5.44	0.000157184898853302
5.45	0.00015600305050611496
5.46	0.00015483424067497253
5.47	0.00015364214777946472
5.48	0.0001524072140455246
5.49	0.0001512588933110237
5.5	0.00015008356422185898
5.51	0.00014896877110004425
5.52	0.00014782976359128952
5.53	0.00014662742614746094
5.54	0.00014549121260643005
5.55	0.00014434009790420532
5.56	0.0001432429999113083
5.57	0.00014220736920833588
5.58	0.00014109723269939423
5.59	0.00013995729386806488
5.6	0.00013883505016565323
5.61	0.00013777706772089005
5.62	0.000136692076921463
5.63	0.00013565272092819214
5.64	0.00013460125774145126
5.65	0.00013353023678064346
5.66	0.00013248063623905182
5.67	0.00013143476098775864
5.68	0.0001304224133491516
5.69	0.00012943893671035767
5.7	0.00012840889394283295
5.71	0.00012740213423967361
5.72	0.00012636277824640274
5.73	0.0001253914088010788
5.74	0.0001243995502591133
5.75	0.00012346357107162476
5.76	0.0001224726438522339
5.77	0.00012146681547164917
5.78	0.00012053363025188446
5.79	0.00011955108493566513
5.8	0.00011860299855470657
5.81	0.00011766888201236725
5.82	0.00011675804853439331
5.83	0.0001158127561211586
5.84	0.00011488888412714005
5.85	0.00011400971561670303
5.86	0.0001131109893321991
5.87	0.00011221598833799362
5.88	0.00011130236089229584
5.89	0.00011039990931749344
5.9	0.00010951515287160873
5.91	0.00010865181684494019
5.92	0.00010778103023767471
5.93	0.00010691117495298386
5.94	0.00010604597628116608
5.95	0.00010516960173845291
5.96	0.00010433699935674667
5.97	0.00010355096310377121
5.98	0.00010267924517393112
5.99	0.00010186247527599335
6.0	0.00010105501860380173
6.01	0.00010019354522228241
6.02	9.946059435606003e-05
6.03	9.863637387752533e-05
6.04	9.783077985048294e-05
6.05	9.705312550067902e-05
6.06	9.628012776374817e-05
6.07	9.545497596263885e-05
6.08	9.471550583839417e-05
6.09	9.395182132720947e-05
6.1	9.317882359027863e-05
6.11	9.245425462722778e-05
6.12	9.169988334178925e-05
6.13	9.096227586269379e-05
6.14	9.023211896419525e-05
6.15	8.950196206569672e-05
6.16	8.877366781234741e-05
6.17	8.804723620414734e-05
6.18	8.737947791814804e-05
6.19	8.666235953569412e-05
6.2	8.594430983066559e-05
6.21	8.527189493179321e-05
6.22	8.456315845251083e-05
6.23	8.38814303278923e-05
6.24	8.323043584823608e-05
6.25	8.255057036876678e-05
6.26	8.185673505067825e-05
6.27	8.121225982904434e-05
6.28	8.053518831729889e-05
6.29	7.986556738615036e-05
6.3	7.926579564809799e-05
6.31	7.860641926527023e-05
6.32	7.799826562404633e-05
6.33	7.737427949905396e-05
6.34	7.668696343898773e-05
6.35	7.607880979776382e-05
6.36	7.547251880168915e-05
6.37	7.485691457986832e-05
6.38	7.426459342241287e-05
6.39	7.36406072974205e-05
6.4	7.301196455955505e-05
6.41	7.242988795042038e-05
6.42	7.187388837337494e-05
6.43	7.130950689315796e-05
6.44	7.073115557432175e-05
6.45	7.01509416103363e-05
6.46	6.95791095495224e-05
6.47	6.90193846821785e-05
6.48	6.846524775028229e-05
6.49	6.791949272155762e-05
6.5	6.735976785421371e-05
6.51	6.685499101877213e-05
6.52	6.62757083773613e-05
6.53	6.572064012289047e-05
6.54	6.521772593259811e-05
6.55	6.469152867794037e-05
6.56	6.416533142328262e-05
6.57	6.367359310388565e-05
6.58	6.309151649475098e-05
6.59	6.260350346565247e-05
6.6	6.211642175912857e-05
6.61	6.162934005260468e-05
6.62	6.113667041063309e-05
6.63	6.062723696231842e-05
6.64	6.012246012687683e-05
6.65	5.966145545244217e-05
6.66	5.918927490711212e-05
6.67	5.869287997484207e-05
6.68	5.822908133268356e-05
6.69	5.772989243268967e-05
6.7	5.725119262933731e-05
6.71	5.680043250322342e-05
6.72	5.6352466344833374e-05
6.73	5.588307976722717e-05
6.74	5.540158599615097e-05
6.75	5.4990872740745544e-05
6.76	5.456898361444473e-05
6.77	5.409400910139084e-05
6.78	5.3668394684791565e-05
6.79	5.324278026819229e-05
6.8	5.281437188386917e-05
6.81	5.237571895122528e-05
6.82	5.193985998630524e-05
6.83	5.1524490118026733e-05
6.84	5.1119364798069e-05
6.85	5.0671398639678955e-05
6.86	5.026627331972122e-05
6.87	4.987139254808426e-05
6.88	4.946812987327576e-05
6.89	4.907231777906418e-05
6.9	4.868488758802414e-05
6.91	4.825834184885025e-05
6.92	4.7896988689899445e-05
6.93	4.74853441119194e-05
6.94	4.7083012759685516e-05
6.95	4.6720728278160095e-05
6.96	4.633050411939621e-05
6.97	4.594959318637848e-05
6.98	4.558265209197998e-05
6.99	4.522409290075302e-05
7.0	4.485994577407837e-05
7.01	4.4490210711956024e-05
7.02	4.4125132262706757e-05
7.03	4.375819116830826e-05
7.04	4.3408945202827454e-05
7.05	4.307832568883896e-05
7.06	4.271510988473892e-05
7.07	4.235748201608658e-05
7.08	4.2026862502098083e-05
7.09	4.16729599237442e-05
7.1	4.133768379688263e-05
7.11	4.102475941181183e-05
7.12	4.069134593009949e-05
7.13	4.033651202917099e-05
7.14	4.002917557954788e-05
7.15	3.9662234485149384e-05
7.16	3.93744558095932e-05
7.17	3.904476761817932e-05
7.18	3.871601074934006e-05
7.19	3.841891884803772e-05
7.2	3.810226917266846e-05
7.21	3.777630627155304e-05
7.22	3.745965659618378e-05
7.23	3.717653453350067e-05
7.24	3.688037395477295e-05
7.25	3.6578625440597534e-05
7.26	3.626849502325058e-05
7.27	3.595277667045593e-05
7.28	3.566965460777283e-05
7.29	3.5373494029045105e-05
7.3	3.509223461151123e-05
7.31	3.481004387140274e-05
7.32	3.453437238931656e-05
7.33	3.424938768148422e-05
7.34	3.3954158425331116e-05
7.35	3.369804471731186e-05
7.36	3.340933471918106e-05
7.37	3.314949572086334e-05
7.38	3.28822061419487e-05
7.39	3.2602809369564056e-05
7.4	3.235042095184326e-05
7.41	3.2084062695503235e-05
7.42	3.1818635761737823e-05
7.43	3.15643846988678e-05
7.44	3.1305477023124695e-05
7.45	3.106612712144852e-05
7.46	3.0790455639362335e-05
7.47	3.0547380447387695e-05
7.48	3.028102219104767e-05
7.49	3.0045397579669952e-05
7.5	2.9799528419971466e-05
7.51	2.954341471195221e-05
7.52	2.930872142314911e-05
7.53	2.9061920940876007e-05
7.54	2.881232649087906e-05
7.55	2.8572045266628265e-05
7.56	2.8355978429317474e-05
7.57	2.8106383979320526e-05
7.58	2.7867034077644348e-05
7.59	2.765469253063202e-05
7.6	2.741161733865738e-05
7.61	2.7192756533622742e-05
7.62	2.6955269277095795e-05
7.63	2.6726163923740387e-05
7.64	2.6506371796131134e-05
7.65	2.6278197765350342e-05
7.66	2.6066787540912628e-05
7.67	2.583954483270645e-05
7.68	2.5628134608268738e-05
7.69	2.5416724383831024e-05
7.7	2.5208108127117157e-05
7.71	2.4990178644657135e-05
7.72	2.4743378162384033e-05
7.73	2.455431967973709e-05
7.74	2.4343840777873993e-05
7.75	2.414081245660782e-05
7.76	2.3952685296535492e-05
7.77	2.3729167878627777e-05
7.78	2.354104071855545e-05
7.79	2.332869917154312e-05
7.8	2.3150816559791565e-05
7.81	2.2961758077144623e-05
7.82	2.2738240659236908e-05
7.83	2.2537074983119965e-05
7.84	2.2347085177898407e-05
7.85	2.215523272752762e-05
7.86	2.195313572883606e-05
7.87	2.177804708480835e-05
7.88	2.1585263311862946e-05
7.89	2.139899879693985e-05
7.9	2.1210871636867523e-05
7.91	2.1016225218772888e-05
7.92	2.0847655832767487e-05
7.93	2.0648352801799774e-05
7.94	2.0488165318965912e-05
7.95	2.029258757829666e-05
7.96	2.0106323063373566e-05
7.97	1.9934959709644318e-05
7.98	1.976173371076584e-05
7.99	1.960061490535736e-05
8.0	1.9426457583904266e-05
8.01	1.923833042383194e-05
8.02	1.9087456166744232e-05
8.03	1.8909573554992676e-05
8.04	1.8742866814136505e-05
8.05	1.8583610653877258e-05
8.06	1.841224730014801e-05
8.07	1.822691410779953e-05
8.08	1.8066726624965668e-05
8.09	1.7919577658176422e-05
8.1	1.7750076949596405e-05
8.11	1.760479062795639e-05
8.12	1.743808388710022e-05
8.13	1.729559153318405e-05
8.14	1.7131678760051727e-05
8.15	1.6964972019195557e-05
8.16	1.6830861568450928e-05
8.17	1.6673468053340912e-05
8.18	1.652166247367859e-05
8.19	1.6371719539165497e-05
8.2	1.6215257346630096e-05
8.21	1.606438308954239e-05
8.22	1.5914440155029297e-05
8.23	1.5781261026859283e-05
8.24	1.56499445438385e-05
8.25	1.5497207641601562e-05
8.26	1.5346333384513855e-05
8.27	1.5216879546642303e-05
8.28	1.5067867934703827e-05
8.29	1.4933757483959198e-05
8.3	1.481175422668457e-05
8.31	1.4652498066425323e-05
8.32	1.4533288776874542e-05
8.33	1.4392659068107605e-05
8.34	1.4252029359340668e-05
8.35	1.414027065038681e-05
8.36	1.3985671103000641e-05
8.37	1.386646181344986e-05
8.38	1.3756565749645233e-05
8.39	1.360289752483368e-05
8.4	1.3482756912708282e-05
8.41	1.3368204236030579e-05
8.42	1.3237819075584412e-05
8.43	1.3110227882862091e-05
8.44	1.2991949915885925e-05
8.45	1.2869015336036682e-05
8.46	1.2754462659358978e-05
8.47	1.2634322047233582e-05
8.48	1.2500211596488953e-05
8.49	1.2394040822982788e-05
8.5	1.2252479791641235e-05
8.51	1.2145377695560455e-05
8.52	1.2025237083435059e-05
8.53	1.1914409697055817e-05
8.54	1.1803582310676575e-05
8.55	1.1674128472805023e-05
8.56	1.1573545634746552e-05
8.57	1.1470168828964233e-05
8.58	1.1356547474861145e-05
8.59	1.125037670135498e-05
8.6	1.1136755347251892e-05
8.61	1.101754605770111e-05
8.62	1.0912306606769562e-05
8.63	1.0805204510688782e-05
8.64	1.0703690350055695e-05
8.65	1.0601244866847992e-05
8.66	1.050066202878952e-05
8.67	1.0385178029537201e-05
8.68	1.0293908417224884e-05
8.69	1.0175630450248718e-05
8.7	1.009274274110794e-05
8.71	9.991228580474854e-06
8.72	9.88692045211792e-06
8.73	9.795650839805603e-06
8.74	9.694136679172516e-06
8.75	9.59448516368866e-06
8.76	9.499490261077881e-06
8.77	9.408220648765564e-06
8.78	9.3141570687294e-06
8.79	9.209848940372467e-06
8.8	9.126029908657074e-06
8.81	9.016133844852448e-06
8.82	8.929520845413208e-06
8.83	8.848495781421661e-06
8.84	8.759088814258575e-06
8.85	8.655712008476257e-06
8.86	8.560717105865479e-06
8.87	8.479692041873932e-06
8.88	8.394010365009308e-06
8.89	8.317641913890839e-06
8.9	8.226372301578522e-06
8.91	8.129514753818512e-06
8.92	8.052214980125427e-06
8.93	7.968395948410034e-06
8.94	7.888302206993103e-06
8.95	7.809139788150787e-06
8.96	7.716938853263855e-06
8.97	7.634982466697693e-06
8.98	7.560476660728455e-06
8.99	7.4766576290130615e-06
9.0	7.394701242446899e-06
9.01	7.323920726776123e-06
9.02	7.244758307933807e-06
9.03	7.165595889091492e-06
9.04	7.094815373420715e-06
9.05	7.000751793384552e-06
9.06	6.938353180885315e-06
9.07	6.86105340719223e-06
9.08	6.793998181819916e-06
9.09	6.718561053276062e-06
9.1	6.640329957008362e-06
9.11	6.573274731636047e-06
9.12	6.498768925666809e-06
9.13	6.438232958316803e-06
9.14	6.35441392660141e-06
9.15	6.288290023803711e-06
9.16	6.222166121006012e-06
9.17	6.152316927909851e-06
9.18	6.084330379962921e-06
9.19	6.025657057762146e-06
9.2	5.961395800113678e-06
9.21	5.8962032198905945e-06
9.22	5.827285349369049e-06
9.23	5.7639554142951965e-06
9.24	5.7015568017959595e-06
9.25	5.642883479595184e-06
9.26	5.579553544521332e-06
9.27	5.521811544895172e-06
9.28	5.453824996948242e-06
9.29	5.391426384449005e-06
9.3	5.330890417098999e-06
9.31	5.278736352920532e-06
9.32	5.2247196435928345e-06
9.33	5.1604583859443665e-06
9.34	5.1083043217659e-06
9.35	5.054287612438202e-06
9.36	4.988163709640503e-06
9.37	4.949048161506653e-06
9.38	4.8857182264328e-06
9.39	4.829838871955872e-06
9.4	4.776753485202789e-06
9.41	4.715286195278168e-06
9.42	4.66126948595047e-06
9.43	4.6137720346450806e-06
9.44	4.5727938413619995e-06
9.45	4.517845809459686e-06
9.46	4.472211003303528e-06
9.47	4.408881068229675e-06
9.48	4.362314939498901e-06
9.49	4.319474101066589e-06
9.5	4.265457391738892e-06
9.51	4.230998456478119e-06
9.52	4.179775714874268e-06
9.53	4.124827682971954e-06
9.54	4.081986844539642e-06
9.55	4.041008651256561e-06
9.56	3.998167812824249e-06
9.57	3.958120942115784e-06
9.58	3.91155481338501e-06
9.59	3.869645297527313e-06
9.6	3.822147846221924e-06
9.61	3.779307007789612e-06
9.62	3.742985427379608e-06
9.63	3.7010759115219116e-06
9.64	3.659166395664215e-06
9.65	3.618188202381134e-06
9.66	3.573484718799591e-06
9.67	3.539957106113434e-06
9.68	3.5017728805541992e-06
9.69	3.458932042121887e-06
9.7	3.4300610423088074e-06
9.71	3.3853575587272644e-06
9.72	3.343448042869568e-06
9.73	3.3080577850341797e-06
9.74	3.268010914325714e-06
9.75	3.2354146242141724e-06
9.76	3.2065436244010925e-06
9.77	3.162771463394165e-06
9.78	3.1320378184318542e-06
9.79	3.0919909477233887e-06
9.8	3.0659139156341553e-06
9.81	3.0389055609703064e-06
9.82	3.0007213354110718e-06
9.83	2.960674464702606e-06
9.84	2.9280781745910645e-06
9.85	2.8889626264572144e-06
9.86	2.86102294921875e-06
9.87	2.834014594554901e-06
9.88	2.8014183044433594e-06
9.89	2.766028046607971e-06
9.9	2.732500433921814e-06
9.91	2.705492079257965e-06
9.92	2.6831403374671936e-06
9.93	2.6440247893333435e-06
9.94	2.6188790798187256e-06
9.95	2.5918707251548767e-06
9.96	2.5546178221702576e-06
9.97	2.534128725528717e-06
9.98	2.5033950805664062e-06
9.99	2.4782493710517883e-06
10.0	2.450309693813324e-06
10.01	2.419576048851013e-06
10.02	2.3934990167617798e-06
10.03	2.3692846298217773e-06
10.04	2.337619662284851e-06
10.05	2.314336597919464e-06
10.06	2.2882595658302307e-06
10.07	2.259388566017151e-06
10.08	2.232380211353302e-06
10.09	2.207234501838684e-06
10.1	2.175569534301758e-06
10.11	2.1578744053840637e-06
10.12	2.1383166313171387e-06
10.13	2.11130827665329e-06
10.14	2.0889565348625183e-06
10.15	2.0619481801986694e-06
10.16	2.045184373855591e-06
10.17	2.0209699869155884e-06
10.18	1.9958242774009705e-06
10.19	1.9725412130355835e-06
10.2	1.94646418094635e-06
10.21	1.923181116580963e-06
10.22	1.9017606973648071e-06
10.23	1.885928213596344e-06
10.24	1.864507794380188e-06
10.25	1.8421560525894165e-06
10.26	1.8207356333732605e-06
10.27	1.802109181880951e-06
10.28	1.7797574400901794e-06
10.29	1.753680408000946e-06
10.3	1.7387792468070984e-06
10.31	1.7201527953147888e-06
10.32	1.6940757632255554e-06
10.33	1.6810372471809387e-06
10.34	1.6586855053901672e-06
10.35	1.646578311920166e-06
10.36	1.628883183002472e-06
10.37	1.6130506992340088e-06
10.38	1.5972182154655457e-06
10.39	1.5739351511001587e-06
10.4	1.5553086996078491e-06
10.41	1.5404075384140015e-06
10.42	1.521781086921692e-06
10.43	1.5040859580039978e-06
10.44	1.4891847968101501e-06
10.45	1.475214958190918e-06
10.46	1.4528632164001465e-06
10.47	1.4379620552062988e-06
10.48	1.4221295714378357e-06
10.49	1.412816345691681e-06
10.5	1.3923272490501404e-06
10.51	1.3811513781547546e-06
10.52	1.369975507259369e-06
10.53	1.3494864106178284e-06
10.54	1.3420358300209045e-06
10.55	1.3289973139762878e-06
10.56	1.3168901205062866e-06
10.57	1.298263669013977e-06
10.58	1.2842938303947449e-06
10.59	1.2731179594993591e-06
10.6	1.2600794434547424e-06
10.61	1.2433156371116638e-06
10.62	1.2312084436416626e-06
10.63	1.218169927597046e-06
10.64	1.2042000889778137e-06
10.65	1.1902302503585815e-06
10.66	1.1771917343139648e-06
10.67	1.166015863418579e-06
10.68	1.1548399925231934e-06
10.69	1.1455267667770386e-06
10.7	1.1334195733070374e-06
10.71	1.123175024986267e-06
10.72	1.107342541217804e-06
10.73	1.0998919606208801e-06
10.74	1.0896474123001099e-06
10.75	1.0756775736808777e-06
10.76	1.066364347934723e-06
10.77	1.0533258318901062e-06
10.78	1.0440126061439514e-06
10.79	1.0319054126739502e-06
10.8	1.0244548320770264e-06
10.81	1.0123476386070251e-06
10.82	1.0011717677116394e-06
10.83	9.899958968162537e-07
10.84	9.806826710700989e-07
10.85	9.723007678985596e-07
10.86	9.583309292793274e-07
10.87	9.527429938316345e-07
10.88	9.424984455108643e-07
10.89	9.32253897190094e-07
10.9	9.210780262947083e-07
10.91	9.117648005485535e-07
10.92	9.061768651008606e-07
10.93	8.959323167800903e-07
10.94	8.866190910339355e-07
10.95	8.800998330116272e-07
10.96	8.670613169670105e-07
10.97	8.614733815193176e-07
10.98	8.4657222032547e-07
10.99	8.409842848777771e-07
11.0	8.307397365570068e-07
11.01	8.186325430870056e-07
11.02	8.111819624900818e-07
11.03	8.01868736743927e-07
11.04	7.925555109977722e-07
11.05	7.841736078262329e-07
11.06	7.776543498039246e-07
11.07	7.674098014831543e-07
11.08	7.57165253162384e-07
11.09	7.487833499908447e-07
11.1	7.431954145431519e-07
11.11	7.37607479095459e-07
11.12	7.292255759239197e-07
11.13	7.245689630508423e-07
11.14	7.14324414730072e-07
11.15	7.059425115585327e-07
11.16	7.003545761108398e-07
11.17	6.919726729393005e-07
11.18	6.826594471931458e-07
11.19	6.724148988723755e-07
11.2	6.668269634246826e-07
11.21	6.603077054023743e-07
11.22	6.50063157081604e-07
11.23	6.416812539100647e-07
11.24	6.360933184623718e-07
11.25	6.295740604400635e-07
11.26	6.211921572685242e-07
11.27	6.137415766716003e-07
11.28	6.081536412239075e-07
11.29	6.034970283508301e-07
11.3	5.979090929031372e-07
11.31	5.951151251792908e-07
11.32	5.876645445823669e-07
11.33	5.774199962615967e-07
11.34	5.690380930900574e-07
11.35	5.671754479408264e-07
11.36	5.578622221946716e-07
11.37	5.522742867469788e-07
11.38	5.438923835754395e-07
11.39	5.392357707023621e-07
11.4	5.336478352546692e-07
11.41	5.21540641784668e-07
11.42	5.19677996635437e-07
11.43	5.112960934638977e-07
11.44	5.066394805908203e-07
11.45	5.019828677177429e-07
11.46	4.9639493227005e-07
11.47	4.898756742477417e-07
11.48	4.852190613746643e-07
11.49	4.833564162254333e-07
11.5	4.78699803352356e-07
11.51	4.7124922275543213e-07
11.52	4.628673195838928e-07
11.53	4.591420292854309e-07
11.54	4.544854164123535e-07
11.55	4.4796615839004517e-07
11.56	4.4330954551696777e-07
11.57	4.3585896492004395e-07
11.58	4.293397068977356e-07
11.59	4.237517714500427e-07
11.6	4.1909515857696533e-07
11.61	4.1443854570388794e-07
11.62	4.069879651069641e-07
11.63	4.032626748085022e-07
11.64	3.995373845100403e-07
11.65	3.9208680391311646e-07
11.66	3.8836151361465454e-07
11.67	3.855675458908081e-07
11.68	3.8370490074157715e-07
11.69	3.762543201446533e-07
11.7	3.725290298461914e-07
11.71	3.67872416973114e-07
11.72	3.632158041000366e-07
11.73	3.594905138015747e-07
11.74	3.520399332046509e-07
11.75	3.4924596548080444e-07
11.76	3.427267074584961e-07
11.77	3.371387720108032e-07
11.78	3.3527612686157227e-07
11.79	3.296881914138794e-07
11.8	3.2316893339157104e-07
11.81	3.203749656677246e-07
11.82	3.166496753692627e-07
11.83	3.110617399215698e-07
11.84	3.073364496231079e-07
11.85	3.03611159324646e-07
11.86	2.998858690261841e-07
11.87	2.9709190130233765e-07
11.88	2.915039658546448e-07
11.89	2.896413207054138e-07
11.9	2.849847078323364e-07
11.91	2.8032809495925903e-07
11.92	2.775341272354126e-07
11.93	2.7194619178771973e-07
11.94	2.682209014892578e-07
11.95	2.635642886161804e-07
11.96	2.598389983177185e-07
11.97	2.561137080192566e-07
11.98	2.4959444999694824e-07
11.99	2.477318048477173e-07
12.0	2.4400651454925537e-07
12.01	2.4121254682540894e-07
12.02	2.3562461137771606e-07
12.03	2.3469328880310059e-07
12.04	2.300366759300232e-07
12.05	2.2724270820617676e-07
12.06	2.2631138563156128e-07
12.07	2.2165477275848389e-07
12.08	2.207234501838684e-07
12.09	2.1606683731079102e-07
12.1	2.123415470123291e-07
12.11	2.1047890186309814e-07
12.12	2.0209699869155884e-07
12.13	2.0116567611694336e-07
12.14	1.9837170839309692e-07
12.15	1.94646418094635e-07
12.16	1.8998980522155762e-07
12.17	1.8812716007232666e-07
12.18	1.8533319234848022e-07
12.19	1.825392246246338e-07
12.2	1.7974525690078735e-07
12.21	1.7601996660232544e-07
12.22	1.73225998878479e-07
12.23	1.7043203115463257e-07
12.24	1.695007085800171e-07
12.25	1.6763806343078613e-07
12.26	1.6391277313232422e-07
12.27	1.6111880540847778e-07
12.28	1.5832483768463135e-07
12.29	1.564621925354004e-07
12.3	1.5366822481155396e-07
12.31	1.4901161193847656e-07
12.32	1.4808028936386108e-07
12.33	1.4435499906539917e-07
12.34	1.4156103134155273e-07
12.35	1.3969838619232178e-07
12.36	1.3690441846847534e-07
12.37	1.341104507446289e-07
12.38	1.3131648302078247e-07
12.39	1.3131648302078247e-07
12.4	1.2852251529693604e-07
12.41	1.2479722499847412e-07
12.42	1.2293457984924316e-07
12.43	1.2200325727462769e-07
12.44	1.210719347000122e-07
12.45	1.1734664440155029e-07
12.46	1.1734664440155029e-07
12.47	1.1455267667770386e-07
12.48	1.1175870895385742e-07
12.49	1.0989606380462646e-07
12.5	1.0803341865539551e-07
12.51	1.0617077350616455e-07
12.52	1.0244548320770264e-07
12.53	1.0244548320770264e-07
12.54	9.96515154838562e-08
12.55	9.592622518539429e-08
12.56	9.499490261077881e-08
12.57	9.313225746154785e-08
12.58	9.220093488693237e-08
12.59	9.033828973770142e-08
12.6	8.847564458847046e-08
12.61	8.66129994392395e-08
12.62	8.568167686462402e-08
12.63	8.475035429000854e-08
12.64	8.475035429000854e-08
12.65	8.288770914077759e-08
12.66	7.916241884231567e-08
12.67	7.82310962677002e-08
12.68	7.82310962677002e-08
12.69	7.543712854385376e-08
12.7	7.543712854385376e-08
12.71	7.264316082000732e-08
12.72	7.171183824539185e-08
12.73	6.798654794692993e-08
12.74	6.612390279769897e-08
12.75	6.612390279769897e-08
12.76	6.426125764846802e-08
12.77	6.332993507385254e-08
12.78	6.239861249923706e-08
12.79	6.146728992462158e-08
12.8	6.05359673500061e-08
12.81	5.960464477539063e-08
12.82	5.960464477539063e-08
12.83	5.8673322200775146e-08
12.84	5.587935447692871e-08
12.85	5.4016709327697754e-08
12.86	5.3085386753082275e-08
12.87	5.21540641784668e-08
12.88	5.029141902923584e-08
12.89	5.029141902923584e-08
12.9	4.842877388000488e-08
12.91	4.6566128730773926e-08
12.92	4.470348358154297e-08
12.93	4.470348358154297e-08
12.94	4.470348358154297e-08
12.95	4.377216100692749e-08
12.96	4.284083843231201e-08
12.97	4.190951585769653e-08
12.98	4.0046870708465576e-08
12.99	3.91155481338501e-08
13.0	3.91155481338501e-08
13.01	3.818422555923462e-08
13.02	3.632158041000366e-08
13.03	3.5390257835388184e-08
13.04	3.5390257835388184e-08
13.05	3.4458935260772705e-08
13.06	3.3527612686157227e-08
13.07	3.259629011154175e-08
13.08	3.259629011154175e-08
13.09	2.9802322387695312e-08
13.1	2.8870999813079834e-08
13.11	2.8870999813079834e-08
13.12	2.7008354663848877e-08
13.13	2.7008354663848877e-08
13.14	2.7008354663848877e-08
13.15	2.60770320892334e-08
13.16	2.514570951461792e-08
13.17	2.3283064365386963e-08
13.18	2.3283064365386963e-08
13.19	2.3283064365386963e-08
13.2	2.1420419216156006e-08
13.21	2.0489096641540527e-08
13.22	2.0489096641540527e-08
13.23	1.955777406692505e-08
13.24	1.862645149230957e-08
13.25	1.862645149230957e-08
13.26	1.7695128917694092e-08
13.27	1.7695128917694092e-08
13.28	1.6763806343078613e-08
13.29	1.5832483768463135e-08
13.3	1.4901161193847656e-08
13.31	1.3969838619232178e-08
13.32	1.3969838619232178e-08
13.33	1.3969838619232178e-08
13.34	1.210719347000122e-08
13.35	1.1175870895385742e-08
13.36	1.1175870895385742e-08
13.37	1.1175870895385742e-08
13.38	1.1175870895385742e-08
13.39	1.0244548320770264e-08
13.4	1.0244548320770264e-08
13.41	9.313225746154785e-09
13.42	8.381903171539307e-09
13.43	8.381903171539307e-09
13.44	8.381903171539307e-09
13.45	6.51925802230835e-09
13.46	6.51925802230835e-09
13.47	6.51925802230835e-09
13.48	5.587935447692871e-09
13.49	5.587935447692871e-09
13.5	5.587935447692871e-09
13.51	5.587935447692871e-09
13.52	5.587935447692871e-09
13.53	3.725290298461914e-09
13.54	3.725290298461914e-09
13.55	3.725290298461914e-09
13.56	3.725290298461914e-09
13.57	3.725290298461914e-09
13.58	3.725290298461914e-09
13.59	2.7939677238464355e-09
13.6	2.7939677238464355e-09
13.61	2.7939677238464355e-09
13.62	2.7939677238464355e-09
13.63	2.7939677238464355e-09
13.64	1.862645149230957e-09
13.65	1.862645149230957e-09
13.66	9.313225746154785e-10
13.67	9.313225746154785e-10
13.68	9.313225746154785e-10
13.69	9.313225746154785e-10
13.7	9.313225746154785e-10
13.71	9.313225746154785e-10
13.72	9.313225746154785e-10
13.73	9.313225746154785e-10
13.74	9.313225746154785e-10
13.75	9.313225746154785e-10
13.76	9.313225746154785e-10
13.77	0.0
