4.47	0.0005015255883336067
4.48	0.0004975441843271255
4.49	0.0004936922341585159
4.5	0.0004897806793451309
4.51	0.00048586633056402206
4.52	0.00048212800174951553
4.53	0.0004782872274518013
4.54	0.00047453492879867554
4.55	0.00047080591320991516
4.56	0.0004671318456530571
4.57	0.00046338606625795364
4.58	0.0004596952348947525
4.59	0.00045601464807987213
4.6	0.00045242253690958023
4.61	0.00044881831854581833
4.62	0.00044526439160108566
4.63	0.0004416927695274353
4.64	0.0004382077604532242
4.65	0.00043468549847602844
4.66	0.0004312517121434212
4.67	0.00042779650539159775
4.68	0.0004244046285748482
4.69	0.000420951284468174
4.7	0.0004175817593932152
4.71	0.0004142420366406441
4.72	0.00041095539927482605
4.73	0.00040762126445770264
4.74	0.0004043998196721077
4.75	0.00040118303149938583
4.76	0.0003980090841650963
4.77	0.0003947969526052475
4.78	0.0003916081041097641
4.79	0.00038845278322696686
4.8	0.0003853077068924904
4.81	0.00038213934749364853
4.82	0.00037901662290096283
4.83	0.0003759954124689102
4.84	0.00037296488881111145
4.85	0.0003698747605085373
4.86	0.00036692339926958084
4.87	0.0003639413043856621
4.88	0.00036097411066293716
4.89	0.00035806000232696533
4.9	0.0003551580011844635
4.91	0.00035221222788095474
4.92	0.0003493465483188629
4.93	0.0003464864566922188
4.94	0.0003436114639043808
4.95	0.0003408500924706459
4.96	0.00033813435584306717
4.97	0.0003353487700223923
4.98	0.0003326414152979851
4.99	0.00032989680767059326
5.0	0.00032720621675252914
5.01	0.00032451096922159195
5.02	0.00032180361449718475
5.03	0.00031911861151456833
5.04	0.00031651370227336884
5.05	0.00031389668583869934
5.06	0.00031127873808145523
5.07	0.00030869897454977036
5.08	0.0003062216565012932
5.09	0.00030369218438863754
5.1	0.00030118413269519806
5.11	0.00029871705919504166
5.12	0.0002962714061141014
5.13	0.0002937726676464081
5.14	0.0002912823110818863
5.15	0.0002888832241296768
5.16	0.0002864887937903404
5.17	0.0002840384840965271
5.18	0.0002817148342728615
5.19	0.00027939677238464355
5.2	0.000277029350399971
5.21	0.0002746954560279846
5.22	0.00027245189994573593
5.23	0.00027014873921871185
5.24	0.0002678763121366501
5.25	0.00026561692357063293
5.26	0.00026339665055274963
5.27	0.0002611866220831871
5.28	0.00025896821171045303
5.29	0.0002567525953054428
5.3	0.00025469064712524414
5.31	0.00025253184139728546
5.32	0.0002504223957657814
5.33	0.0002483092248439789
5.34	0.0002462109550833702
5.35	0.0002440866082906723
5.36	0.0002420106902718544
5.37	0.00023995619267225266
5.38	0.0002378644421696663
5.39	0.00023586489260196686
5.4	0.00023387372493743896
5.41	0.00023187976330518723
5.42	0.0002299584448337555
5.43	0.0002280035987496376
5.44	0.00022605527192354202
5.45	0.00022413209080696106
5.46	0.00022220425307750702
5.47	0.0002202950417995453
5.48	0.0002184128388762474
5.49	0.0002165297046303749
5.5	0.0002146642655134201
5.51	0.00021283142268657684
5.52	0.00021101068705320358
5.53	0.00020921602845191956
5.54	0.00020742788910865784
5.55	0.00020564068108797073
5.56	0.00020386278629302979
5.57	0.00020207185298204422
5.58	0.0002003442496061325
5.59	0.00019860360771417618
5.6	0.00019688811153173447
5.61	0.0001951633021235466
5.62	0.00019348878413438797
5.63	0.00019186176359653473
5.64	0.00019017886370420456
5.65	0.00018856115639209747
5.66	0.00018696114420890808
5.67	0.00018530897796154022
5.68	0.00018365122377872467
5.69	0.00018204841762781143
5.7	0.0001804642379283905
5.71	0.00017886515706777573
5.72	0.00017730798572301865
5.73	0.0001757042482495308
5.74	0.0001742122694849968
5.75	0.00017266813665628433
5.76	0.00017118174582719803
5.77	0.00016972795128822327
5.78	0.00016822107136249542
5.79	0.0001667514443397522
5.8	0.00016526691615581512
5.81	0.00016380660235881805
5.82	0.00016233604401350021
5.83	0.00016089994460344315
5.84	0.0001595253124833107
5.85	0.00015808828175067902
5.86	0.0001567341387271881
5.87	0.00015532970428466797
5.88	0.00015395693480968475
5.89	0.00015262514352798462
5.9	0.00015127379447221756
5.91	0.0001499047502875328
5.92	0.00014855433255434036
5.93	0.00014724396169185638
5.94	0.00014588888734579086
5.95	0.00014460738748311996
5.96	0.00014332309365272522
5.97	0.00014207512140274048
5.98	0.0001407889649271965
5.99	0.0001395493745803833
6.0	0.00013834238052368164
6.01	0.0001370767131447792
6.02	0.00013585388660430908
6.03	0.00013462360948324203
6.04	0.000133393332362175
6.05	0.00013217981904745102
6.06	0.0001309877261519432
6.07	0.00012980401515960693
6.08	0.00012862589210271835
6.09	0.0001274729147553444
6.1	0.00012632086873054504
6.11	0.00012518558651208878
6.12	0.0001240503042936325
6.13	0.0001229671761393547
6.14	0.00012181047350168228
6.15	0.00012071244418621063
6.16	0.00011959485709667206
6.17	0.00011852104216814041
6.18	0.00011743418872356415
6.19	0.00011640042066574097
6.2	0.00011535920202732086
6.21	0.00011429842561483383
6.22	0.00011325255036354065
6.23	0.00011221971362829208
6.24	0.00011119991540908813
6.25	0.00011019688099622726
6.26	0.00010917242616415024
6.27	0.0001081712543964386
6.28	0.0001071486622095108
6.29	0.00010617915540933609
6.3	0.00010520685464143753
6.31	0.00010422710329294205
6.32	0.00010329671204090118
6.33	0.00010232813656330109
6.34	0.00010138936340808868
6.35	0.00010045245289802551
6.36	9.952392429113388e-05
6.37	9.861402213573456e-05
6.38	9.766872972249985e-05
6.39	9.67690721154213e-05
6.4	9.588152170181274e-05
6.41	9.500235319137573e-05
6.42	9.409897029399872e-05
6.43	9.322073310613632e-05
6.44	9.23527404665947e-05
6.45	9.148940443992615e-05
6.46	9.063351899385452e-05
6.47	8.97841528058052e-05
6.48	8.892547339200974e-05
6.49	8.808914572000504e-05
6.5	8.725747466087341e-05
6.51	8.645094931125641e-05
6.52	8.563883602619171e-05
6.53	8.485931903123856e-05
6.54	8.406490087509155e-05
6.55	8.330866694450378e-05
6.56	8.250586688518524e-05
6.57	8.170399814844131e-05
6.58	8.093938231468201e-05
6.59	8.018501102924347e-05
6.6	7.940176874399185e-05
6.61	7.8640878200531e-05
6.62	7.790327072143555e-05
6.63	7.717497646808624e-05
6.64	7.644016295671463e-05
6.65	7.569510489702225e-05
6.66	7.501337677240372e-05
6.67	7.428880780935287e-05
6.68	7.35744833946228e-05
6.69	7.289368659257889e-05
6.7	7.216911762952805e-05
6.71	7.149111479520798e-05
6.72	7.079914212226868e-05
6.73	7.012300193309784e-05
6.74	6.943382322788239e-05
6.75	6.876513361930847e-05
6.76	6.812345236539841e-05
6.77	6.745755672454834e-05
6.78	6.680749356746674e-05
6.79	6.615649908781052e-05
6.8	6.553251296281815e-05
6.81	6.489921361207962e-05
6.82	6.424915045499802e-05
6.83	6.36400654911995e-05
6.84	6.299745291471481e-05
6.85	6.239581853151321e-05
6.86	6.178021430969238e-05
6.87	6.121303886175156e-05
6.88	6.06020912528038e-05
6.89	6.004702299833298e-05
6.9	5.948357284069061e-05
6.91	5.889683961868286e-05
6.92	5.831383168697357e-05
6.93	5.7744793593883514e-05
6.94	5.719531327486038e-05
6.95	5.6634657084941864e-05
6.96	5.6063756346702576e-05
6.97	5.5507756769657135e-05
6.98	5.496945232152939e-05
6.99	5.4434873163700104e-05
7.0	5.389563739299774e-05
7.01	5.3384341299533844e-05
7.02	5.285441875457764e-05
7.03	5.232822149991989e-05
7.04	5.180388689041138e-05
7.05	5.130749195814133e-05
7.06	5.07943332195282e-05
7.07	5.0283968448638916e-05
7.08	4.978012293577194e-05
7.09	4.927348345518112e-05
7.1	4.880409687757492e-05
7.11	4.83216717839241e-05
7.12	4.7829002141952515e-05
7.13	4.7394074499607086e-05
7.14	4.689302295446396e-05
7.15	4.6430155634880066e-05
7.16	4.596356302499771e-05
7.17	4.551466554403305e-05
7.18	4.5046210289001465e-05
7.19	4.4617801904678345e-05
7.2	4.415307193994522e-05
7.21	4.3703243136405945e-05
7.22	4.328228533267975e-05
7.23	4.282407462596893e-05
7.24	4.240311682224274e-05
7.25	4.201382398605347e-05
7.26	4.1569583117961884e-05
7.27	4.115235060453415e-05
7.28	4.071369767189026e-05
7.29	4.0333718061447144e-05
7.3	3.989599645137787e-05
7.31	3.949180245399475e-05
7.32	3.909692168235779e-05
7.33	3.8712285459041595e-05
7.34	3.831647336483002e-05
7.35	3.792811185121536e-05
7.36	3.7546269595623016e-05
7.37	3.718491643667221e-05
7.38	3.677327185869217e-05
7.39	3.6405399441719055e-05
7.4	3.6036595702171326e-05
7.41	3.566313534975052e-05
7.42	3.5303644835948944e-05
7.43	3.494042903184891e-05
7.44	3.458186984062195e-05
7.45	3.42298299074173e-05
7.46	3.3882446587085724e-05
7.47	3.3549964427948e-05
7.48	3.3214688301086426e-05
7.49	3.286637365818024e-05
7.5	3.251992166042328e-05
7.51	3.217346966266632e-05
7.52	3.181770443916321e-05
7.53	3.149360418319702e-05
7.54	3.116484731435776e-05
7.55	3.085099160671234e-05
7.56	3.052130341529846e-05
7.57	3.022328019142151e-05
7.58	2.99038365483284e-05
7.59	2.959277480840683e-05
7.6	2.9292888939380646e-05
7.61	2.899952232837677e-05
7.62	2.8684735298156738e-05
7.63	2.8378330171108246e-05
7.64	2.8070993721485138e-05
7.65	2.7783215045928955e-05
7.66	2.750195562839508e-05
7.67	2.7185305953025818e-05
7.68	2.6918016374111176e-05
7.69	2.6658177375793457e-05
7.7	2.6357360184192657e-05
7.71	2.6077963411808014e-05
7.72	2.581533044576645e-05
7.73	2.5548972189426422e-05
7.74	2.5256536900997162e-05
7.75	2.498738467693329e-05
7.76	2.4728477001190186e-05
7.77	2.4475157260894775e-05
7.78	2.4206936359405518e-05
7.79	2.3949891328811646e-05
7.8	2.371426671743393e-05
7.81	2.3458153009414673e-05
7.82	2.321135252714157e-05
7.83	2.2969208657741547e-05
7.84	2.2720545530319214e-05
7.85	2.2456981241703033e-05
7.86	2.2207386791706085e-05
7.87	2.196338027715683e-05
7.88	2.1724030375480652e-05
7.89	2.148374915122986e-05
7.9	2.1262094378471375e-05
7.91	2.1037645637989044e-05
7.92	2.0820647478103638e-05
7.93	2.0582228899002075e-05
7.94	2.0361505448818207e-05
7.95	2.0150095224380493e-05
7.96	1.992005854845047e-05
7.97	1.9696541130542755e-05
7.98	1.949165016412735e-05
7.99	1.9276514649391174e-05
8.0	1.9077211618423462e-05
8.01	1.8870458006858826e-05
8.02	1.8670223653316498e-05
8.03	1.8467195332050323e-05
8.04	1.8262304365634918e-05
8.05	1.807045191526413e-05
8.06	1.7862766981124878e-05
8.07	1.7658807337284088e-05
8.08	1.747068017721176e-05
8.09	1.7278827726840973e-05
8.1	1.7088837921619415e-05
8.11	1.6881152987480164e-05
8.12	1.6718171536922455e-05
8.13	1.6539357602596283e-05
8.14	1.6357749700546265e-05
8.15	1.6172416508197784e-05
8.16	1.600850373506546e-05
8.17	1.582317054271698e-05
8.18	1.5643425285816193e-05
8.19	1.5473924577236176e-05
8.2	1.5294179320335388e-05
8.21	1.5125609934329987e-05
8.22	1.4958903193473816e-05
8.23	1.4788471162319183e-05
8.24	1.4638528227806091e-05
8.25	1.4455057680606842e-05
8.26	1.4302320778369904e-05
8.27	1.414865255355835e-05
8.28	1.3979151844978333e-05
8.29	1.3819895684719086e-05
8.3	1.3655051589012146e-05
8.31	1.3504177331924438e-05
8.32	1.3348646461963654e-05
8.33	1.3191252946853638e-05
8.34	1.3062730431556702e-05
8.35	1.2917444109916687e-05
8.36	1.277681440114975e-05
8.37	1.2636184692382812e-05
8.38	1.2492761015892029e-05
8.39	1.235026866197586e-05
8.4	1.2203119695186615e-05
8.41	1.205597072839737e-05
8.42	1.1922791600227356e-05
8.43	1.177377998828888e-05
8.44	1.1656433343887329e-05
8.45	1.1521391570568085e-05
8.46	1.1399388313293457e-05
8.47	1.1271797120571136e-05
8.48	1.1148862540721893e-05
8.49	1.1013820767402649e-05
8.5	1.0894611477851868e-05
8.51	1.0769814252853394e-05
8.52	1.063477247953415e-05
8.53	1.0514631867408752e-05
8.54	1.0387040674686432e-05
8.55	1.0264106094837189e-05
8.56	1.0142102837562561e-05
8.57	1.0023824870586395e-05
8.58	9.923242032527924e-06
8.59	9.804032742977142e-06
8.6	9.6932053565979e-06
8.61	9.573064744472504e-06
8.62	9.456649422645569e-06
8.63	9.339302778244019e-06
8.64	9.226612746715546e-06
8.65	9.123235940933228e-06
8.66	9.012408554553986e-06
8.67	8.895061910152435e-06
8.68	8.806586265563965e-06
8.69	8.696690201759338e-06
8.7	8.60355794429779e-06
8.71	8.50670039653778e-06
8.72	8.417293429374695e-06
8.73	8.312053978443146e-06
8.74	8.217990398406982e-06
8.75	8.111819624900818e-06
8.76	8.020550012588501e-06
8.77	7.929280400276184e-06
8.78	7.82497227191925e-06
8.79	7.737427949905396e-06
8.8	7.651746273040771e-06
8.81	7.558614015579224e-06
8.82	7.475726306438446e-06
8.83	7.383525371551514e-06
8.84	7.3034316301345825e-06
8.85	7.20098614692688e-06
8.86	7.120892405509949e-06
8.87	7.037073373794556e-06
8.88	6.953254342079163e-06
8.89	6.863847374916077e-06
8.9	6.780028343200684e-06
8.91	6.697140634059906e-06
8.92	6.603077054023743e-06
8.93	6.527639925479889e-06
8.94	6.455928087234497e-06
8.95	6.378628313541412e-06
8.96	6.292015314102173e-06
8.97	6.214715540409088e-06
8.98	6.141141057014465e-06
8.99	6.061047315597534e-06
9.0	5.991198122501373e-06
9.01	5.924142897129059e-06
9.02	5.858950316905975e-06
9.03	5.774199962615967e-06
9.04	5.713663995265961e-06
9.05	5.642883479595184e-06
9.06	5.5711716413497925e-06
9.07	5.494803190231323e-06
9.08	5.434267222881317e-06
9.09	5.364418029785156e-06
9.1	5.300156772136688e-06
9.11	5.234032869338989e-06
9.12	5.174428224563599e-06
9.13	5.101785063743591e-06
9.14	5.034729838371277e-06
9.15	4.968605935573578e-06
9.16	4.920177161693573e-06
9.17	4.8531219363212585e-06
9.18	4.794448614120483e-06
9.19	4.734843969345093e-06
9.2	4.676170647144318e-06
9.21	4.610978066921234e-06
9.22	4.5513734221458435e-06
9.23	4.497356712818146e-06
9.24	4.451721906661987e-06
9.25	4.392117261886597e-06
9.26	4.3334439396858215e-06
9.27	4.279427230358124e-06
9.28	4.2244791984558105e-06
9.29	4.16487455368042e-06
9.3	4.1211023926734924e-06
9.31	4.0726736187934875e-06
9.32	4.016794264316559e-06
9.33	3.956258296966553e-06
9.34	3.910623490810394e-06
9.35	3.859400749206543e-06
9.36	3.8016587495803833e-06
9.37	3.7588179111480713e-06
9.38	3.7159770727157593e-06
9.39	3.664754331111908e-06
9.4	3.618188202381134e-06
9.41	3.5725533962249756e-06
9.42	3.526918590068817e-06
9.43	3.4766271710395813e-06
9.44	3.432855010032654e-06
9.45	3.388151526451111e-06
9.46	3.3443793654441833e-06
9.47	3.2959505915641785e-06
9.48	3.2633543014526367e-06
9.49	3.213062882423401e-06
9.5	3.1692907214164734e-06
9.51	3.1366944313049316e-06
9.52	3.096647560596466e-06
9.53	3.063119947910309e-06
9.54	3.0212104320526123e-06
9.55	2.985820174217224e-06
9.56	2.9420480132102966e-06
9.57	2.9010698199272156e-06
9.58	2.862885594367981e-06
9.59	2.820044755935669e-06
9.6	2.7958303689956665e-06
9.61	2.7548521757125854e-06
9.62	2.71480530500412e-06
9.63	2.684071660041809e-06
9.64	2.6458874344825745e-06
9.65	2.60770320892334e-06
9.66	2.5723129510879517e-06
9.67	2.53971666097641e-06
9.68	2.507120370864868e-06
9.69	2.469867467880249e-06
9.7	2.4316832423210144e-06
9.71	2.400018274784088e-06
9.72	2.3636966943740845e-06
9.73	2.3366883397102356e-06
9.74	2.3134052753448486e-06
9.75	2.284534275531769e-06
9.76	2.251937985420227e-06
9.77	2.2212043404579163e-06
9.78	2.1886080503463745e-06
9.79	2.1560117602348328e-06
9.8	2.1224841475486755e-06
9.81	2.0973384380340576e-06
9.82	2.0721927285194397e-06
9.83	2.0423904061317444e-06
9.84	2.0153820514678955e-06
9.85	1.9827857613563538e-06
9.86	1.959502696990967e-06
9.87	1.9408762454986572e-06
9.88	1.9045546650886536e-06
9.89	1.8803402781486511e-06
9.9	1.8551945686340332e-06
9.91	1.8291175365447998e-06
9.92	1.8039718270301819e-06
9.93	1.773238182067871e-06
9.94	1.751817762851715e-06
9.95	1.7313286662101746e-06
9.96	1.708976924419403e-06
9.97	1.691281795501709e-06
9.98	1.6670674085617065e-06
9.99	1.644715666770935e-06
10.0	1.6186386346817017e-06
10.01	1.5953555703163147e-06
10.02	1.5664845705032349e-06
10.03	1.541338860988617e-06
10.04	1.5273690223693848e-06
10.05	1.5059486031532288e-06
10.06	1.4817342162132263e-06
10.07	1.4621764421463013e-06
10.08	1.4407560229301453e-06
10.09	1.4221295714378357e-06
10.1	1.4025717973709106e-06
10.11	1.3802200555801392e-06
10.12	1.3597309589385986e-06
10.13	1.34296715259552e-06
10.14	1.3159587979316711e-06
10.15	1.2973323464393616e-06
10.16	1.2777745723724365e-06
10.17	1.261010766029358e-06
10.18	1.2479722499847412e-06
10.19	1.234002411365509e-06
10.2	1.212581992149353e-06
10.21	1.1939555406570435e-06
10.22	1.1790543794631958e-06
10.23	1.1594966053962708e-06
10.24	1.1399388313293457e-06
10.25	1.1194497346878052e-06
10.26	1.107342541217804e-06
10.27	1.0943040251731873e-06
10.28	1.0784715414047241e-06
10.29	1.062639057636261e-06
10.3	1.0514631867408752e-06
10.31	1.039355993270874e-06
10.32	1.0207295417785645e-06
10.33	1.0076910257339478e-06
10.34	9.937211871147156e-07
10.35	9.75094735622406e-07
10.36	9.55536961555481e-07
10.37	9.397044777870178e-07
10.38	9.220093488693237e-07
10.39	9.126961231231689e-07
10.4	9.024515748023987e-07
10.41	8.931383490562439e-07
10.42	8.791685104370117e-07
10.43	8.642673492431641e-07
10.44	8.484348654747009e-07
10.45	8.363276720046997e-07
10.46	8.177012205123901e-07
10.47	8.01868736743927e-07
10.48	7.925555109977722e-07
10.49	7.80448317527771e-07
10.5	7.636845111846924e-07
10.51	7.515773177146912e-07
10.52	7.450580596923828e-07
10.53	7.366761565208435e-07
10.54	7.255002856254578e-07
10.55	7.16187059879303e-07
10.56	7.040798664093018e-07
10.57	6.956979632377625e-07
10.58	6.817281246185303e-07
10.59	6.677582859992981e-07
10.6	6.565824151039124e-07
10.61	6.491318345069885e-07
10.62	6.407499313354492e-07
10.63	6.351619958877563e-07
10.64	6.239861249923706e-07
10.65	6.174668669700623e-07
10.66	6.062909960746765e-07
10.67	5.979090929031372e-07
10.68	5.85801899433136e-07
10.69	5.736947059631348e-07
10.7	5.662441253662109e-07
10.71	5.578622221946716e-07
10.72	5.438923835754395e-07
10.73	5.364418029785156e-07
10.74	5.289912223815918e-07
10.75	5.21540641784668e-07
10.76	5.112960934638977e-07
10.77	5.075708031654358e-07
10.78	4.991888999938965e-07
10.79	4.908069968223572e-07
10.8	4.824250936508179e-07
10.81	4.7031790018081665e-07
10.82	4.6193599700927734e-07
10.83	4.544854164123535e-07
10.84	4.498288035392761e-07
10.85	4.4517219066619873e-07
10.86	4.3492764234542847e-07
10.87	4.302710294723511e-07
10.88	4.2188912630081177e-07
10.89	4.1816383600234985e-07
10.9	4.0512531995773315e-07
10.91	3.976747393608093e-07
10.92	3.939494490623474e-07
10.93	3.8836151361465454e-07
10.94	3.7997961044311523e-07
10.95	3.734603524208069e-07
10.96	3.688037395477295e-07
10.97	3.6600977182388306e-07
10.98	3.594905138015747e-07
10.99	3.5297125577926636e-07
11.0	3.473833203315735e-07
11.01	3.4458935260772705e-07
11.02	3.371387720108032e-07
11.03	3.3061951398849487e-07
11.04	3.2223761081695557e-07
11.05	3.175809979438782e-07
11.06	3.129243850708008e-07
11.07	3.0919909477233887e-07
11.08	3.045424818992615e-07
11.09	3.0081719160079956e-07
11.1	2.942979335784912e-07
11.11	2.8870999813079834e-07
11.12	2.812594175338745e-07
11.13	2.7567148208618164e-07
11.14	2.7194619178771973e-07
11.15	2.682209014892578e-07
11.16	2.60770320892334e-07
11.17	2.561137080192566e-07
11.18	2.514570951461792e-07
11.19	2.505257725715637e-07
11.2	2.468004822731018e-07
11.21	2.430751919746399e-07
11.22	2.384185791015625e-07
11.23	2.3562461137771606e-07
11.24	2.2910535335540771e-07
11.25	2.2165477275848389e-07
11.26	2.169981598854065e-07
11.27	2.1327286958694458e-07
11.28	2.0954757928848267e-07
11.29	2.076849341392517e-07
11.3	2.0209699869155884e-07
11.31	2.0116567611694336e-07
11.32	1.9837170839309692e-07
11.33	1.9744038581848145e-07
11.34	1.9185245037078857e-07
11.35	1.8719583749771118e-07
11.36	1.8440186977386475e-07
11.37	1.825392246246338e-07
11.38	1.7695128917694092e-07
11.39	1.7415732145309448e-07
11.4	1.695007085800171e-07
11.41	1.685693860054016e-07
11.42	1.648440957069397e-07
11.43	1.6391277313232422e-07
11.44	1.6205012798309326e-07
11.45	1.6111880540847778e-07
11.46	1.5459954738616943e-07
11.47	1.4901161193847656e-07
11.48	1.4435499906539917e-07
11.49	1.4156103134155273e-07
11.5	1.4062970876693726e-07
11.51	1.387670636177063e-07
11.52	1.3504177331924438e-07
11.53	1.3317912817001343e-07
11.54	1.2945383787155151e-07
11.55	1.2945383787155151e-07
11.56	1.257285475730896e-07
11.57	1.2293457984924316e-07
11.58	1.2200325727462769e-07
11.59	1.1920928955078125e-07
11.6	1.1548399925231934e-07
11.61	1.1175870895385742e-07
11.62	1.0989606380462646e-07
11.63	1.0989606380462646e-07
11.64	1.0710209608078003e-07
11.65	1.0617077350616455e-07
11.66	1.043081283569336e-07
11.67	1.0337680578231812e-07
11.68	1.0151416063308716e-07
11.69	9.778887033462524e-08
11.7	9.406358003616333e-08
11.71	9.220093488693237e-08
11.72	9.033828973770142e-08
11.73	8.940696716308594e-08
11.74	8.66129994392395e-08
11.75	8.66129994392395e-08
11.76	8.381903171539307e-08
11.77	8.381903171539307e-08
11.78	8.102506399154663e-08
11.79	8.009374141693115e-08
11.8	7.916241884231567e-08
11.81	7.82310962677002e-08
11.82	7.450580596923828e-08
11.83	7.078051567077637e-08
11.84	6.984919309616089e-08
11.85	6.891787052154541e-08
11.86	6.798654794692993e-08
11.87	6.798654794692993e-08
11.88	6.705522537231445e-08
11.89	6.705522537231445e-08
11.9	6.426125764846802e-08
11.91	6.146728992462158e-08
11.92	6.05359673500061e-08
11.93	5.8673322200775146e-08
11.94	5.774199962615967e-08
11.95	5.587935447692871e-08
11.96	5.4016709327697754e-08
11.97	5.3085386753082275e-08
11.98	5.21540641784668e-08
11.99	5.21540641784668e-08
12.0	4.936009645462036e-08
12.01	4.936009645462036e-08
12.02	4.842877388000488e-08
12.03	4.6566128730773926e-08
12.04	4.470348358154297e-08
12.05	4.284083843231201e-08
12.06	4.0978193283081055e-08
12.07	4.0978193283081055e-08
12.08	4.0978193283081055e-08
12.09	4.0978193283081055e-08
12.1	4.0978193283081055e-08
12.11	4.0978193283081055e-08
12.12	4.0046870708465576e-08
12.13	3.91155481338501e-08
12.14	3.725290298461914e-08
12.15	3.725290298461914e-08
12.16	3.725290298461914e-08
12.17	3.5390257835388184e-08
12.18	3.4458935260772705e-08
12.19	3.259629011154175e-08
12.2	3.259629011154175e-08
12.21	3.259629011154175e-08
12.22	3.073364496231079e-08
12.23	3.073364496231079e-08
12.24	3.073364496231079e-08
12.25	2.9802322387695312e-08
12.26	2.7939677238464355e-08
12.27	2.421438694000244e-08
12.28	2.421438694000244e-08
12.29	2.421438694000244e-08
12.3	2.421438694000244e-08
12.31	2.421438694000244e-08
12.32	2.421438694000244e-08
12.33	2.421438694000244e-08
12.34	2.421438694000244e-08
12.35	2.2351741790771484e-08
12.36	2.1420419216156006e-08
12.37	2.1420419216156006e-08
12.38	2.1420419216156006e-08
12.39	2.0489096641540527e-08
12.4	1.862645149230957e-08
12.41	1.7695128917694092e-08
12.42	1.7695128917694092e-08
12.43	1.7695128917694092e-08
12.44	1.7695128917694092e-08
12.45	1.7695128917694092e-08
12.46	1.7695128917694092e-08
12.47	1.6763806343078613e-08
12.48	1.6763806343078613e-08
12.49	1.4901161193847656e-08
12.5	1.3969838619232178e-08
12.51	1.3969838619232178e-08
12.52	1.3969838619232178e-08
12.53	1.3969838619232178e-08
12.54	1.3969838619232178e-08
12.55	1.3969838619232178e-08
12.56	1.3969838619232178e-08
12.57	1.30385160446167e-08
12.58	1.210719347000122e-08
12.59	1.210719347000122e-08
12.6	1.210719347000122e-08
12.61	1.1175870895385742e-08
12.62	1.1175870895385742e-08
12.63	9.313225746154785e-09
12.64	9.313225746154785e-09
12.65	9.313225746154785e-09
12.66	9.313225746154785e-09
12.67	9.313225746154785e-09
12.68	9.313225746154785e-09
12.69	8.381903171539307e-09
12.7	7.450580596923828e-09
12.71	6.51925802230835e-09
12.72	6.51925802230835e-09
12.73	6.51925802230835e-09
12.74	6.51925802230835e-09
12.75	6.51925802230835e-09
12.76	6.51925802230835e-09
12.77	6.51925802230835e-09
12.78	6.51925802230835e-09
12.79	6.51925802230835e-09
12.8	6.51925802230835e-09
12.81	6.51925802230835e-09
12.82	6.51925802230835e-09
12.83	5.587935447692871e-09
12.84	5.587935447692871e-09
12.85	4.6566128730773926e-09
12.86	4.6566128730773926e-09
12.87	4.6566128730773926e-09
12.88	4.6566128730773926e-09
12.89	4.6566128730773926e-09
12.9	4.6566128730773926e-09
12.91	4.6566128730773926e-09
12.92	4.6566128730773926e-09
12.93	2.7939677238464355e-09
12.94	2.7939677238464355e-09
12.95	2.7939677238464355e-09
12.96	2.7939677238464355e-09
12.97	2.7939677238464355e-09
12.98	2.7939677238464355e-09
12.99	2.7939677238464355e-09
13.0	2.7939677238464355e-09
13.01	2.7939677238464355e-09
13.02	2.7939677238464355e-09
13.03	2.7939677238464355e-09
13.04	2.7939677238464355e-09
13.05	1.862645149230957e-09
13.06	1.862645149230957e-09
13.07	9.313225746154785e-10
13.08	9.313225746154785e-10
13.09	9.313225746154785e-10
13.1	9.313225746154785e-10
13.11	9.313225746154785e-10
13.12	9.313225746154785e-10
13.13	9.313225746154785e-10
13.14	9.313225746154785e-10
13.15	9.313225746154785e-10
13.16	9.313225746154785e-10
13.17	9.313225746154785e-10
13.18	9.313225746154785e-10
13.19	9.313225746154785e-10
13.2	9.313225746154785e-10
13.21	9.313225746154785e-10
13.22	9.313225746154785e-10
13.23	9.313225746154785e-10
13.24	9.313225746154785e-10
13.25	9.313225746154785e-10
13.26	9.313225746154785e-10
13.27	9.313225746154785e-10
13.28	9.313225746154785e-10
13.29	0.0
