6.03	0.0005010366439819336
6.04	0.0004970431327819824
6.05	0.0004925131797790527
6.06	0.000488579273223877
6.07	0.0004850625991821289
6.08	0.00048089027404785156
6.09	0.00047653913497924805
6.1	0.0004711151123046875
6.11	0.00046628713607788086
6.12	0.0004634261131286621
6.13	0.00045990943908691406
6.14	0.0004557371139526367
6.15	0.00045108795166015625
6.16	0.00044655799865722656
6.17	0.0004430413246154785
6.18	0.0004385709762573242
6.19	0.00043463706970214844
6.2	0.00043064355850219727
6.21	0.0004252791404724121
6.22	0.00041985511779785156
6.23	0.0004146099090576172
6.24	0.00041180849075317383
6.25	0.00040787458419799805
6.26	0.00040328502655029297
6.27	0.00039690732955932617
6.28	0.00039374828338623047
6.29	0.00038939714431762695
6.3	0.00038433074951171875
6.31	0.0003808140754699707
6.32	0.0003775954246520996
6.33	0.0003737807273864746
6.34	0.0003688931465148926
6.35	0.0003644227981567383
6.36	0.00036013126373291016
6.37	0.000357210636138916
6.38	0.0003535151481628418
6.39	0.0003491640090942383
6.4	0.0003458261489868164
6.41	0.00034236907958984375
6.42	0.0003364682197570801
6.43	0.0003333091735839844
6.44	0.0003304481506347656
6.45	0.00032806396484375
6.46	0.0003253817558288574
6.47	0.0003216266632080078
6.48	0.00031894445419311523
6.49	0.00031638145446777344
6.5	0.00031387805938720703
6.51	0.00031107664108276367
6.52	0.0003084540367126465
6.53	0.00030612945556640625
6.54	0.0003031492233276367
6.55	0.00029909610748291016
6.56	0.00029659271240234375
6.57	0.0002931952476501465
6.58	0.00029140710830688477
6.59	0.00028884410858154297
6.6	0.0002848505973815918
6.61	0.00028270483016967773
6.62	0.0002796053886413574
6.63	0.0002766847610473633
6.64	0.00027370452880859375
6.65	0.0002703070640563965
6.66	0.00026726722717285156
6.67	0.0002650022506713867
6.68	0.00026112794876098633
6.69	0.00025910139083862305
6.7	0.0002554655075073242
6.71	0.00025284290313720703
6.72	0.00024890899658203125
6.73	0.00024515390396118164
6.74	0.00024300813674926758
6.75	0.0002403855323791504
6.76	0.00023859739303588867
6.77	0.00023633241653442383
6.78	0.00023448467254638672
6.79	0.0002320408821105957
6.8	0.00022786855697631836
6.81	0.0002250075340270996
6.82	0.00022226572036743164
6.83	0.0002200603485107422
6.84	0.0002180933952331543
6.85	0.00021606683731079102
6.86	0.00021320581436157227
6.87	0.00021064281463623047
6.88	0.0002091526985168457
6.89	0.0002079010009765625
6.9	0.00020629167556762695
6.91	0.0002040266990661621
6.92	0.00020229816436767578
6.93	0.00019943714141845703
6.94	0.00019758939743041992
6.95	0.00019663572311401367
6.96	0.00019466876983642578
6.97	0.00019299983978271484
6.98	0.0001901388168334961
6.99	0.0001881122589111328
7.0	0.00018721818923950195
7.01	0.00018537044525146484
7.02	0.00018298625946044922
7.03	0.00018131732940673828
7.04	0.00017946958541870117
7.05	0.00017768144607543945
7.06	0.00017517805099487305
7.07	0.00017321109771728516
7.08	0.0001710653305053711
7.09	0.0001696944236755371
7.1	0.00016647577285766602
7.11	0.00016486644744873047
7.12	0.00016325712203979492
7.13	0.00016009807586669922
7.14	0.00015854835510253906
7.15	0.00015676021575927734
7.16	0.00015532970428466797
7.17	0.00015348196029663086
7.18	0.00015145540237426758
7.19	0.00014954805374145508
7.2	0.000148773193359375
7.21	0.00014775991439819336
7.22	0.00014591217041015625
7.23	0.00014358758926391602
7.24	0.00014168024063110352
7.25	0.00014096498489379883
7.26	0.0001399517059326172
7.27	0.00013840198516845703
7.28	0.00013715028762817383
7.29	0.00013595819473266602
7.3	0.00013381242752075195
7.31	0.00013172626495361328
7.32	0.00013047456741333008
7.33	0.0001291036605834961
7.34	0.00012826919555664062
7.35	0.00012683868408203125
7.36	0.00012570619583129883
7.37	0.00012415647506713867
7.38	0.00012302398681640625
7.39	0.00012153387069702148
7.4	0.00011974573135375977
7.41	0.00011909008026123047
7.42	0.00011748075485229492
7.43	0.00011563301086425781
7.44	0.00011438131332397461
7.45	0.00011301040649414062
7.46	0.00011241436004638672
7.47	0.00011056661605834961
7.48	0.0001087188720703125
7.49	0.00010770559310913086
7.5	0.00010639429092407227
7.51	0.00010520219802856445
7.52	0.00010418891906738281
7.53	0.0001024007797241211
7.54	0.00010138750076293945
7.55	9.97781753540039e-05
7.56	9.85860824584961e-05
7.57	9.751319885253906e-05
7.58	9.644031524658203e-05
7.59	9.524822235107422e-05
7.6	9.41157341003418e-05
7.61	9.310245513916016e-05
7.62	9.208917617797852e-05
7.63	9.053945541381836e-05
7.64	8.946657180786133e-05
7.65	8.827447891235352e-05
7.66	8.761882781982422e-05
7.67	8.577108383178711e-05
7.68	8.434057235717773e-05
7.69	8.33272933959961e-05
7.7	8.26120376586914e-05
7.71	8.231401443481445e-05
7.72	8.183717727661133e-05
7.73	8.064508438110352e-05
7.74	7.975101470947266e-05
7.75	7.915496826171875e-05
7.76	7.802248001098633e-05
7.77	7.76052474975586e-05
7.78	7.641315460205078e-05
7.79	7.528066635131836e-05
7.8	7.468461990356445e-05
7.81	7.367134094238281e-05
7.82	7.337331771850586e-05
7.83	7.277727127075195e-05
7.84	7.158517837524414e-05
7.85	7.045269012451172e-05
7.86	7.003545761108398e-05
7.87	6.949901580810547e-05
7.88	6.890296936035156e-05
7.89	6.830692291259766e-05
7.9	6.711483001708984e-05
7.91	6.628036499023438e-05
7.92	6.55055046081543e-05
7.93	6.41942024230957e-05
7.94	6.347894668579102e-05
7.95	6.312131881713867e-05
7.96	6.198883056640625e-05
7.97	6.127357482910156e-05
7.98	6.085634231567383e-05
7.99	5.9664249420166016e-05
8.0	5.900859832763672e-05
8.01	5.817413330078125e-05
8.02	5.7578086853027344e-05
8.03	5.6862831115722656e-05
8.04	5.59687614440918e-05
8.05	5.4895877838134766e-05
8.06	5.447864532470703e-05
8.07	5.352497100830078e-05
8.08	5.2928924560546875e-05
8.09	5.233287811279297e-05
8.1	5.161762237548828e-05
8.11	5.08427619934082e-05
8.12	5.02467155456543e-05
8.13	4.982948303222656e-05
8.14	4.929304122924805e-05
8.15	4.875659942626953e-05
8.16	4.8100948333740234e-05
8.17	4.7326087951660156e-05
8.18	4.690885543823242e-05
8.19	4.601478576660156e-05
8.2	4.506111145019531e-05
8.21	4.500150680541992e-05
8.22	4.458427429199219e-05
8.23	4.4465065002441406e-05
8.24	4.398822784423828e-05
8.25	4.3392181396484375e-05
8.26	4.309415817260742e-05
8.27	4.2378902435302734e-05
8.28	4.1961669921875e-05
8.29	4.13060188293457e-05
8.3	4.07099723815918e-05
8.31	4.0411949157714844e-05
8.32	4.023313522338867e-05
8.33	3.999471664428711e-05
8.34	3.9577484130859375e-05
8.35	3.904104232788086e-05
8.36	3.820657730102539e-05
8.37	3.7610530853271484e-05
8.38	3.707408905029297e-05
8.39	3.6776065826416016e-05
8.4	3.618001937866211e-05
8.41	3.5703182220458984e-05
8.42	3.528594970703125e-05
8.43	3.4928321838378906e-05
8.44	3.3974647521972656e-05
8.45	3.349781036376953e-05
8.46	3.3020973205566406e-05
8.47	3.2901763916015625e-05
8.48	3.266334533691406e-05
8.49	3.1888484954833984e-05
8.5	3.135204315185547e-05
8.51	3.075599670410156e-05
8.52	3.0338764190673828e-05
8.53	3.0040740966796875e-05
8.54	2.9802322387695312e-05
8.55	2.968311309814453e-05
8.56	2.8908252716064453e-05
8.57	2.849102020263672e-05
8.58	2.8192996978759766e-05
8.59	2.8014183044433594e-05
8.6	2.7954578399658203e-05
8.61	2.7120113372802734e-05
8.62	2.664327621459961e-05
8.63	2.6464462280273438e-05
8.64	2.6047229766845703e-05
8.65	2.586841583251953e-05
8.66	2.5570392608642578e-05
8.67	2.5093555450439453e-05
8.68	2.485513687133789e-05
8.69	2.467632293701172e-05
8.7	2.4497509002685547e-05
8.71	2.4259090423583984e-05
8.72	2.4139881134033203e-05
8.73	2.4020671844482422e-05
8.74	2.3484230041503906e-05
8.75	2.3186206817626953e-05
8.76	2.2709369659423828e-05
8.77	2.2411346435546875e-05
8.78	2.205371856689453e-05
8.79	2.1576881408691406e-05
8.8	2.1219253540039062e-05
8.81	2.09808349609375e-05
8.82	2.014636993408203e-05
8.83	2.008676528930664e-05
8.84	1.990795135498047e-05
8.85	1.9729137420654297e-05
8.86	1.9431114196777344e-05
8.87	1.8835067749023438e-05
8.88	1.8358230590820312e-05
8.89	1.811981201171875e-05
8.9	1.7881393432617188e-05
8.91	1.7583370208740234e-05
8.92	1.728534698486328e-05
8.93	1.722574234008789e-05
8.94	1.6808509826660156e-05
8.95	1.6629695892333984e-05
8.96	1.6570091247558594e-05
8.97	1.6510486602783203e-05
8.98	1.6391277313232422e-05
8.99	1.627206802368164e-05
9.0	1.5974044799804688e-05
9.01	1.5676021575927734e-05
9.02	1.5497207641601562e-05
9.03	1.5437602996826172e-05
9.04	1.52587890625e-05
9.05	1.5020370483398438e-05
9.06	1.4841556549072266e-05
9.07	1.4722347259521484e-05
9.08	1.4603137969970703e-05
9.09	1.4603137969970703e-05
9.1	1.4424324035644531e-05
9.11	1.436471939086914e-05
9.12	1.4007091522216797e-05
9.13	1.3589859008789062e-05
9.14	1.3470649719238281e-05
9.15	1.3232231140136719e-05
9.16	1.3053417205810547e-05
9.17	1.2934207916259766e-05
9.18	1.2636184692382812e-05
9.19	1.2636184692382812e-05
9.2	1.2516975402832031e-05
9.21	1.2218952178955078e-05
9.22	1.2159347534179688e-05
9.23	1.1980533599853516e-05
9.24	1.1622905731201172e-05
9.25	1.150369644165039e-05
9.26	1.1324882507324219e-05
9.27	1.1086463928222656e-05
9.28	1.0907649993896484e-05
9.29	1.055002212524414e-05
9.3	1.049041748046875e-05
9.31	1.0371208190917969e-05
9.32	9.715557098388672e-06
9.33	9.59634780883789e-06
9.34	9.47713851928711e-06
9.35	9.417533874511719e-06
9.36	9.357929229736328e-06
9.37	9.179115295410156e-06
9.38	9.059906005859375e-06
9.39	8.940696716308594e-06
9.4	8.881092071533203e-06
9.41	8.64267349243164e-06
9.42	8.52346420288086e-06
9.43	8.463859558105469e-06
9.44	8.463859558105469e-06
9.45	8.344650268554688e-06
9.46	8.285045623779297e-06
9.47	8.225440979003906e-06
9.48	8.106231689453125e-06
9.49	8.046627044677734e-06
9.5	7.808208465576172e-06
9.51	7.808208465576172e-06
9.52	7.68899917602539e-06
9.53	7.62939453125e-06
9.54	7.510185241699219e-06
9.55	7.3909759521484375e-06
9.56	7.331371307373047e-06
9.57	7.271766662597656e-06
9.58	7.212162017822266e-06
9.59	7.092952728271484e-06
9.6	7.033348083496094e-06
9.61	6.973743438720703e-06
9.62	6.735324859619141e-06
9.63	6.67572021484375e-06
9.64	6.377696990966797e-06
9.65	6.198883056640625e-06
9.66	6.079673767089844e-06
9.67	6.079673767089844e-06
9.68	6.079673767089844e-06
9.69	6.079673767089844e-06
9.7	5.900859832763672e-06
9.71	5.7220458984375e-06
9.72	5.543231964111328e-06
9.73	5.4836273193359375e-06
9.74	5.424022674560547e-06
9.75	5.304813385009766e-06
9.76	5.245208740234375e-06
9.77	5.0067901611328125e-06
9.78	4.947185516357422e-06
9.79	4.947185516357422e-06
9.8	4.947185516357422e-06
9.81	4.947185516357422e-06
9.82	4.887580871582031e-06
9.83	4.827976226806641e-06
9.84	4.76837158203125e-06
9.85	4.708766937255859e-06
9.86	4.708766937255859e-06
9.87	4.589557647705078e-06
9.88	4.5299530029296875e-06
9.89	4.410743713378906e-06
9.9	4.351139068603516e-06
9.91	4.351139068603516e-06
9.92	4.231929779052734e-06
9.93	4.172325134277344e-06
9.94	4.172325134277344e-06
9.95	4.172325134277344e-06
9.96	4.172325134277344e-06
9.97	4.112720489501953e-06
9.98	3.933906555175781e-06
9.99	3.874301910400391e-06
10.0	3.874301910400391e-06
10.01	3.635883331298828e-06
10.02	3.635883331298828e-06
10.03	3.516674041748047e-06
10.04	3.3974647521972656e-06
10.05	3.3974647521972656e-06
10.06	3.337860107421875e-06
10.07	3.2782554626464844e-06
10.08	3.2782554626464844e-06
10.09	3.159046173095703e-06
10.1	3.159046173095703e-06
10.11	3.159046173095703e-06
10.12	3.0994415283203125e-06
10.13	2.9802322387695312e-06
10.14	2.86102294921875e-06
10.15	2.8014183044433594e-06
10.16	2.8014183044433594e-06
10.17	2.8014183044433594e-06
10.18	2.7418136596679688e-06
10.19	2.682209014892578e-06
10.2	2.682209014892578e-06
10.21	2.562999725341797e-06
10.22	2.5033950805664062e-06
10.23	2.5033950805664062e-06
10.24	2.4437904357910156e-06
10.25	2.384185791015625e-06
10.26	2.2649765014648438e-06
10.27	2.205371856689453e-06
10.28	2.205371856689453e-06
10.29	2.205371856689453e-06
10.3	2.205371856689453e-06
10.31	2.1457672119140625e-06
10.32	2.1457672119140625e-06
10.33	2.086162567138672e-06
10.34	2.086162567138672e-06
10.35	2.0265579223632812e-06
10.36	2.0265579223632812e-06
10.37	2.0265579223632812e-06
10.38	1.9073486328125e-06
10.39	1.8477439880371094e-06
10.4	1.8477439880371094e-06
10.41	1.8477439880371094e-06
10.42	1.7881393432617188e-06
10.43	1.7285346984863281e-06
10.44	1.7285346984863281e-06
10.45	1.7285346984863281e-06
10.46	1.7285346984863281e-06
10.47	1.6689300537109375e-06
10.48	1.6689300537109375e-06
10.49	1.5497207641601562e-06
10.5	1.5497207641601562e-06
10.51	1.5497207641601562e-06
10.52	1.4901161193847656e-06
10.53	1.430511474609375e-06
10.54	1.430511474609375e-06
10.55	1.3709068298339844e-06
10.56	1.3709068298339844e-06
10.57	1.3709068298339844e-06
10.58	1.3113021850585938e-06
10.59	1.2516975402832031e-06
10.6	1.1920928955078125e-06
10.61	1.1920928955078125e-06
10.62	1.1920928955078125e-06
10.63	1.1324882507324219e-06
10.64	1.1324882507324219e-06
10.65	1.1324882507324219e-06
10.66	1.1324882507324219e-06
10.67	1.1324882507324219e-06
10.68	1.0728836059570312e-06
10.69	1.0728836059570312e-06
10.7	1.0728836059570312e-06
10.71	1.0728836059570312e-06
10.72	1.0728836059570312e-06
10.73	1.0728836059570312e-06
10.74	1.0728836059570312e-06
10.75	1.0132789611816406e-06
10.76	9.5367431640625e-07
10.77	9.5367431640625e-07
10.78	9.5367431640625e-07
10.79	9.5367431640625e-07
10.8	9.5367431640625e-07
10.81	9.5367431640625e-07
10.82	9.5367431640625e-07
10.83	9.5367431640625e-07
10.84	8.940696716308594e-07
10.85	8.940696716308594e-07
10.86	8.344650268554688e-07
10.87	8.344650268554688e-07
10.88	8.344650268554688e-07
10.89	7.748603820800781e-07
10.9	7.748603820800781e-07
10.91	7.748603820800781e-07
10.92	7.748603820800781e-07
10.93	7.748603820800781e-07
10.94	7.748603820800781e-07
10.95	7.748603820800781e-07
10.96	7.152557373046875e-07
10.97	6.556510925292969e-07
10.98	6.556510925292969e-07
10.99	6.556510925292969e-07
11.0	6.556510925292969e-07
11.01	5.960464477539062e-07
11.02	5.364418029785156e-07
11.03	5.364418029785156e-07
11.04	5.364418029785156e-07
11.05	5.364418029785156e-07
11.06	5.364418029785156e-07
11.07	5.364418029785156e-07
11.08	5.364418029785156e-07
11.09	4.76837158203125e-07
11.1	4.172325134277344e-07
11.11	4.172325134277344e-07
11.12	4.172325134277344e-07
11.13	4.172325134277344e-07
11.14	4.172325134277344e-07
11.15	4.172325134277344e-07
11.16	4.172325134277344e-07
11.17	4.172325134277344e-07
11.18	4.172325134277344e-07
11.19	4.172325134277344e-07
11.2	4.172325134277344e-07
11.21	4.172325134277344e-07
11.22	4.172325134277344e-07
11.23	4.172325134277344e-07
11.24	4.172325134277344e-07
11.25	4.172325134277344e-07
11.26	3.5762786865234375e-07
11.27	3.5762786865234375e-07
11.28	3.5762786865234375e-07
11.29	3.5762786865234375e-07
11.3	3.5762786865234375e-07
11.31	3.5762786865234375e-07
11.32	3.5762786865234375e-07
11.33	3.5762786865234375e-07
11.34	3.5762786865234375e-07
11.35	2.980232238769531e-07
11.36	2.980232238769531e-07
11.37	2.980232238769531e-07
11.38	2.980232238769531e-07
11.39	2.980232238769531e-07
11.4	2.384185791015625e-07
11.41	2.384185791015625e-07
11.42	2.384185791015625e-07
11.43	2.384185791015625e-07
11.44	2.384185791015625e-07
11.45	2.384185791015625e-07
11.46	1.7881393432617188e-07
11.47	1.7881393432617188e-07
11.48	1.7881393432617188e-07
11.49	1.7881393432617188e-07
11.5	1.7881393432617188e-07
11.51	1.1920928955078125e-07
11.52	1.1920928955078125e-07
11.53	1.1920928955078125e-07
11.54	1.1920928955078125e-07
11.55	1.1920928955078125e-07
11.56	1.1920928955078125e-07
11.57	1.1920928955078125e-07
11.58	1.1920928955078125e-07
11.59	1.1920928955078125e-07
11.6	1.1920928955078125e-07
11.61	1.1920928955078125e-07
11.62	1.1920928955078125e-07
11.63	1.1920928955078125e-07
11.64	1.1920928955078125e-07
11.65	1.1920928955078125e-07
11.66	1.1920928955078125e-07
11.67	1.1920928955078125e-07
11.68	1.1920928955078125e-07
11.69	1.1920928955078125e-07
11.7	1.1920928955078125e-07
11.71	1.1920928955078125e-07
11.72	5.960464477539063e-08
11.73	5.960464477539063e-08
11.74	5.960464477539063e-08
11.75	5.960464477539063e-08
11.76	5.960464477539063e-08
11.77	5.960464477539063e-08
11.78	5.960464477539063e-08
11.79	5.960464477539063e-08
11.8	5.960464477539063e-08
11.81	5.960464477539063e-08
11.82	5.960464477539063e-08
11.83	5.960464477539063e-08
11.84	5.960464477539063e-08
11.85	5.960464477539063e-08
11.86	5.960464477539063e-08
11.87	5.960464477539063e-08
11.88	5.960464477539063e-08
11.89	5.960464477539063e-08
11.9	5.960464477539063e-08
11.91	5.960464477539063e-08
11.92	5.960464477539063e-08
11.93	5.960464477539063e-08
11.94	5.960464477539063e-08
11.95	5.960464477539063e-08
11.96	5.960464477539063e-08
11.97	5.960464477539063e-08
11.98	5.960464477539063e-08
11.99	5.960464477539063e-08
12.0	5.960464477539063e-08
12.01	5.960464477539063e-08
12.02	5.960464477539063e-08
12.03	5.960464477539063e-08
12.04	5.960464477539063e-08
12.05	5.960464477539063e-08
12.06	5.960464477539063e-08
12.07	5.960464477539063e-08
12.08	5.960464477539063e-08
12.09	5.960464477539063e-08
12.1	5.960464477539063e-08
12.11	5.960464477539063e-08
12.12	5.960464477539063e-08
12.13	5.960464477539063e-08
12.14	5.960464477539063e-08
12.15	5.960464477539063e-08
12.16	5.960464477539063e-08
12.17	5.960464477539063e-08
12.18	5.960464477539063e-08
12.19	5.960464477539063e-08
12.2	5.960464477539063e-08
12.21	5.960464477539063e-08
12.22	5.960464477539063e-08
12.23	0.0
