5.62	0.00050334632396698
5.63	0.0004992485046386719
5.64	0.0004952400922775269
5.65	0.0004915148019790649
5.66	0.0004877746105194092
5.67	0.00048419833183288574
5.68	0.0004803091287612915
5.69	0.0004766881465911865
5.7	0.00047291815280914307
5.71	0.00046919286251068115
5.72	0.00046537816524505615
5.73	0.00046162307262420654
5.74	0.0004580169916152954
5.75	0.0004544109106063843
5.76	0.0004505962133407593
5.77	0.000447198748588562
5.78	0.00044399499893188477
5.79	0.0004410594701766968
5.8	0.0004375874996185303
5.81	0.000433996319770813
5.82	0.0004302412271499634
5.83	0.0004269033670425415
5.84	0.00042332708835601807
5.85	0.00042013823986053467
5.86	0.00041669607162475586
5.87	0.00041353702545166016
5.88	0.00041006505489349365
5.89	0.00040709972381591797
5.9	0.00040380656719207764
5.91	0.0004010200500488281
5.92	0.0003977566957473755
5.93	0.000394672155380249
5.94	0.0003913193941116333
5.95	0.0003883242607116699
5.96	0.0003852248191833496
5.97	0.00038219988346099854
5.98	0.00037911534309387207
5.99	0.0003762096166610718
6.0	0.00037308037281036377
6.01	0.0003700554370880127
6.02	0.00036704540252685547
6.03	0.00036394596099853516
6.04	0.0003609955310821533
6.05	0.0003584623336791992
6.06	0.0003555566072463989
6.07	0.0003529489040374756
6.08	0.0003499537706375122
6.09	0.0003472268581390381
6.1	0.00034433603286743164
6.11	0.00034146010875701904
6.12	0.0003385096788406372
6.13	0.0003359168767929077
6.14	0.0003328770399093628
6.15	0.0003301650285720825
6.16	0.00032757222652435303
6.17	0.00032532215118408203
6.18	0.0003229677677154541
6.19	0.00032033026218414307
6.2	0.0003177225589752197
6.21	0.00031509995460510254
6.22	0.00031253695487976074
6.23	0.00031019747257232666
6.24	0.0003076791763305664
6.25	0.0003048926591873169
6.26	0.0003022700548171997
6.27	0.0002998262643814087
6.28	0.00029754638671875
6.29	0.000295490026473999
6.3	0.0002932250499725342
6.31	0.0002908855676651001
6.32	0.0002884715795516968
6.33	0.00028605759143829346
6.34	0.00028358399868011475
6.35	0.00028158724308013916
6.36	0.0002792924642562866
6.37	0.0002768784761428833
6.38	0.0002745389938354492
6.39	0.00027225911617279053
6.4	0.000269964337348938
6.41	0.00026801228523254395
6.42	0.00026585161685943604
6.43	0.0002637207508087158
6.44	0.0002613663673400879
6.45	0.00025922060012817383
6.46	0.0002570301294326782
6.47	0.0002550780773162842
6.48	0.0002530515193939209
6.49	0.00025093555450439453
6.5	0.00024856626987457275
6.51	0.00024656951427459717
6.52	0.0002442002296447754
6.53	0.0002422332763671875
6.54	0.00024014711380004883
6.55	0.00023819506168365479
6.56	0.00023607909679412842
6.57	0.00023408234119415283
6.58	0.00023195147514343262
6.59	0.00023026764392852783
6.6	0.00022841989994049072
6.61	0.00022678077220916748
6.62	0.00022464990615844727
6.63	0.00022271275520324707
6.64	0.00022049248218536377
6.65	0.0002186298370361328
6.66	0.00021696090698242188
6.67	0.00021517276763916016
6.68	0.00021323561668395996
6.69	0.00021159648895263672
6.7	0.00020991265773773193
6.71	0.00020822882652282715
6.72	0.00020651519298553467
6.73	0.00020503997802734375
6.74	0.00020302832126617432
6.75	0.0002012103796005249
6.76	0.00019942224025726318
6.77	0.00019788742065429688
6.78	0.00019618868827819824
6.79	0.00019463896751403809
6.8	0.00019297003746032715
6.81	0.0001913309097290039
6.82	0.0001895427703857422
6.83	0.0001879185438156128
6.84	0.00018619000911712646
6.85	0.00018459558486938477
6.86	0.00018322467803955078
6.87	0.00018177926540374756
6.88	0.00017999112606048584
6.89	0.00017862021923065186
6.9	0.0001769810914993286
6.91	0.00017565488815307617
6.92	0.0001741647720336914
6.93	0.00017258524894714355
6.94	0.00017073750495910645
6.95	0.00016911327838897705
6.96	0.00016765296459197998
6.97	0.00016640126705169678
6.98	0.00016511976718902588
6.99	0.00016388297080993652
7.0	0.0001624971628189087
7.01	0.00016096234321594238
7.02	0.00015932321548461914
7.03	0.00015808641910552979
7.04	0.00015667080879211426
7.05	0.00015519559383392334
7.06	0.00015351176261901855
7.07	0.0001522153615951538
7.08	0.00015087425708770752
7.09	0.00014990568161010742
7.1	0.0001487433910369873
7.11	0.00014759600162506104
7.12	0.0001462399959564209
7.13	0.00014473497867584229
7.14	0.0001433342695236206
7.15	0.00014203786849975586
7.16	0.00014092028141021729
7.17	0.0001398324966430664
7.18	0.00013847649097442627
7.19	0.00013734400272369385
7.2	0.00013600289821624756
7.21	0.00013490021228790283
7.22	0.00013366341590881348
7.23	0.00013241171836853027
7.24	0.0001312345266342163
7.25	0.00013013184070587158
7.26	0.00012883543968200684
7.27	0.00012774765491485596
7.28	0.000126764178276062
7.29	0.00012578070163726807
7.3	0.0001245737075805664
7.31	0.00012333691120147705
7.32	0.00012187659740447998
7.33	0.0001207590103149414
7.34	0.00011955201625823975
7.35	0.00011862814426422119
7.36	0.00011751055717468262
7.37	0.00011649727821350098
7.38	0.00011546909809112549
7.39	0.00011450052261352539
7.4	0.00011354684829711914
7.41	0.00011278688907623291
7.42	0.00011168420314788818
7.43	0.00011050701141357422
7.44	0.00010921061038970947
7.45	0.00010807812213897705
7.46	0.00010710954666137695
7.47	0.00010631978511810303
7.48	0.0001055002212524414
7.49	0.00010457634925842285
7.5	0.00010356307029724121
7.51	0.00010260939598083496
7.52	0.00010165572166442871
7.53	0.00010083615779876709
7.54	9.986758232116699e-05
7.55	9.909272193908691e-05
7.56	9.810924530029297e-05
7.57	9.718537330627441e-05
7.58	9.629130363464355e-05
7.59	9.563565254211426e-05
7.6	9.480118751525879e-05
7.61	9.396672248840332e-05
7.62	9.287893772125244e-05
7.63	9.202957153320312e-05
7.64	9.112060070037842e-05
7.65	9.039044380187988e-05
7.66	8.96453857421875e-05
7.67	8.895993232727051e-05
7.68	8.825957775115967e-05
7.69	8.73953104019165e-05
7.7	8.653104305267334e-05
7.71	8.581578731536865e-05
7.72	8.501112461090088e-05
7.73	8.432567119598389e-05
7.74	8.334219455718994e-05
7.75	8.237361907958984e-05
7.76	8.152425289154053e-05
7.77	8.098781108856201e-05
7.78	8.031725883483887e-05
7.79	7.973611354827881e-05
7.8	7.896125316619873e-05
7.81	7.81714916229248e-05
7.82	7.718801498413086e-05
7.83	7.647275924682617e-05
7.84	7.572770118713379e-05
7.85	7.511675357818604e-05
7.86	7.443130016326904e-05
7.87	7.358193397521973e-05
7.88	7.28219747543335e-05
7.89	7.227063179016113e-05
7.9	7.168948650360107e-05
7.91	7.112324237823486e-05
7.92	7.027387619018555e-05
7.93	6.967782974243164e-05
7.94	6.890296936035156e-05
7.95	6.821751594543457e-05
7.96	6.768107414245605e-05
7.97	6.708502769470215e-05
7.98	6.651878356933594e-05
7.99	6.583333015441895e-05
8.0	6.508827209472656e-05
8.01	6.45667314529419e-05
8.02	6.39110803604126e-05
8.03	6.344914436340332e-05
8.04	6.273388862609863e-05
8.05	6.210803985595703e-05
8.06	6.145238876342773e-05
8.07	6.105005741119385e-05
8.08	6.0498714447021484e-05
8.09	5.9977173805236816e-05
8.1	5.9410929679870605e-05
8.11	5.882978439331055e-05
8.12	5.81592321395874e-05
8.13	5.742907524108887e-05
8.14	5.683302879333496e-05
8.15	5.631148815155029e-05
8.16	5.586445331573486e-05
8.17	5.529820919036865e-05
8.18	5.473196506500244e-05
8.19	5.435943603515625e-05
8.2	5.377829074859619e-05
8.21	5.3375959396362305e-05
8.22	5.2735209465026855e-05
8.23	5.2228569984436035e-05
8.24	5.169212818145752e-05
8.25	5.1081180572509766e-05
8.26	5.050003528594971e-05
8.27	5.0008296966552734e-05
8.28	4.966557025909424e-05
8.29	4.921853542327881e-05
8.3	4.86224889755249e-05
8.31	4.8160552978515625e-05
8.32	4.756450653076172e-05
8.33	4.722177982330322e-05
8.34	4.677474498748779e-05
8.35	4.635751247406006e-05
8.36	4.5880675315856934e-05
8.37	4.54634428024292e-05
8.38	4.501640796661377e-05
8.39	4.458427429199219e-05
8.4	4.407763481140137e-05
8.41	4.373490810394287e-05
8.42	4.3258070945739746e-05
8.43	4.2751431465148926e-05
8.44	4.22745943069458e-05
8.45	4.1931867599487305e-05
8.46	4.1604042053222656e-05
8.47	4.13358211517334e-05
8.48	4.0918588638305664e-05
8.49	4.057586193084717e-05
8.5	4.011392593383789e-05
8.51	3.9711594581604004e-05
8.52	3.9249658584594727e-05
8.53	3.884732723236084e-05
8.54	3.84598970413208e-05
8.55	3.8057565689086914e-05
8.56	3.7550926208496094e-05
8.57	3.719329833984375e-05
8.58	3.68654727935791e-05
8.59	3.661215305328369e-05
8.6	3.619492053985596e-05
8.61	3.5822391510009766e-05
8.62	3.534555435180664e-05
8.63	3.49879264831543e-05
8.64	3.457069396972656e-05
8.65	3.425776958465576e-05
8.66	3.390014171600342e-05
8.67	3.363192081451416e-05
8.68	3.314018249511719e-05
8.69	3.275275230407715e-05
8.7	3.2320618629455566e-05
8.71	3.203749656677246e-05
8.72	3.17990779876709e-05
8.73	3.142654895782471e-05
8.74	3.097951412200928e-05
8.75	3.0681490898132324e-05
8.76	3.039836883544922e-05
8.77	3.0159950256347656e-05
8.78	2.9832124710083008e-05
8.79	2.9489398002624512e-05
8.8	2.9221177101135254e-05
8.81	2.886354923248291e-05
8.82	2.8520822525024414e-05
8.83	2.8267502784729004e-05
8.84	2.7954578399658203e-05
8.85	2.7745962142944336e-05
8.86	2.7418136596679688e-05
8.87	2.7164816856384277e-05
8.88	2.6881694793701172e-05
8.89	2.6717782020568848e-05
8.9	2.637505531311035e-05
8.91	2.6091933250427246e-05
8.92	2.5793910026550293e-05
8.93	2.5525689125061035e-05
8.94	2.5212764739990234e-05
8.95	2.4974346160888672e-05
8.96	2.4750828742980957e-05
8.97	2.4572014808654785e-05
8.98	2.4333596229553223e-05
8.99	2.4065375328063965e-05
9.0	2.3797154426574707e-05
9.01	2.3484230041503906e-05
9.02	2.32011079788208e-05
9.03	2.2977590560913086e-05
9.04	2.2709369659423828e-05
9.05	2.244114875793457e-05
9.06	2.2202730178833008e-05
9.07	2.1919608116149902e-05
9.08	2.1666288375854492e-05
9.09	2.1472573280334473e-05
9.1	2.1278858184814453e-05
9.11	2.1055340766906738e-05
9.12	2.072751522064209e-05
9.13	2.0518898963928223e-05
9.14	2.034008502960205e-05
9.15	2.0205974578857422e-05
9.16	1.9997358322143555e-05
9.17	1.9758939743041992e-05
9.18	1.9505620002746582e-05
9.19	1.9311904907226562e-05
9.2	1.9118189811706543e-05
9.21	1.8909573554992676e-05
9.22	1.870095729827881e-05
9.23	1.8477439880371094e-05
9.24	1.8224120140075684e-05
9.25	1.8045306205749512e-05
9.26	1.792609691619873e-05
9.27	1.780688762664795e-05
9.28	1.767277717590332e-05
9.29	1.74790620803833e-05
9.3	1.730024814605713e-05
9.31	1.71661376953125e-05
9.32	1.6883015632629395e-05
9.33	1.6704201698303223e-05
9.34	1.6480684280395508e-05
9.35	1.6286969184875488e-05
9.36	1.609325408935547e-05
9.37	1.5944242477416992e-05
9.38	1.5735626220703125e-05
9.39	1.5601515769958496e-05
9.4	1.5482306480407715e-05
9.41	1.5333294868469238e-05
9.42	1.5124678611755371e-05
9.43	1.4901161193847656e-05
9.44	1.4737248420715332e-05
9.45	1.461803913116455e-05
9.46	1.4469027519226074e-05
9.47	1.4275312423706055e-05
9.48	1.4126300811767578e-05
9.49	1.3962388038635254e-05
9.5	1.3738870620727539e-05
9.51	1.3560056686401367e-05
9.52	1.341104507446289e-05
9.53	1.3247132301330566e-05
9.54	1.3113021850585938e-05
9.55	1.2934207916259766e-05
9.56	1.2785196304321289e-05
9.57	1.2680888175964355e-05
9.58	1.2576580047607422e-05
9.59	1.2442469596862793e-05
9.6	1.2233853340148926e-05
9.61	1.2129545211791992e-05
9.62	1.195073127746582e-05
9.63	1.1801719665527344e-05
9.64	1.169741153717041e-05
9.65	1.1548399925231934e-05
9.66	1.1473894119262695e-05
9.67	1.1354684829711914e-05
9.68	1.125037670135498e-05
9.69	1.1146068572998047e-05
9.7	1.0982155799865723e-05
9.71	1.0848045349121094e-05
9.72	1.0654330253601074e-05
9.73	1.0520219802856445e-05
9.74	1.0401010513305664e-05
9.75	1.0341405868530273e-05
9.76	1.0251998901367188e-05
9.77	1.017749309539795e-05
9.78	1.0117888450622559e-05
9.79	1.0058283805847168e-05
9.8	9.909272193908691e-06
9.81	9.745359420776367e-06
9.82	9.59634780883789e-06
9.83	9.447336196899414e-06
9.84	9.298324584960938e-06
9.85	9.238719940185547e-06
9.86	9.119510650634766e-06
9.87	8.985400199890137e-06
9.88	8.851289749145508e-06
9.89	8.761882781982422e-06
9.9	8.672475814819336e-06
9.91	8.568167686462402e-06
9.92	8.463859558105469e-06
9.93	8.299946784973145e-06
9.94	8.225440979003906e-06
9.95	8.150935173034668e-06
9.96	8.091330528259277e-06
9.97	8.031725883483887e-06
9.98	7.9423189163208e-06
9.99	7.763504981994629e-06
10.0	7.614493370056152e-06
10.01	7.495284080505371e-06
10.02	7.37607479095459e-06
10.03	7.256865501403809e-06
10.04	7.167458534240723e-06
10.05	7.12275505065918e-06
10.06	7.048249244689941e-06
10.07	7.033348083496094e-06
10.08	6.988644599914551e-06
10.09	6.943941116333008e-06
10.1	6.8247318267822266e-06
10.11	6.705522537231445e-06
10.12	6.616115570068359e-06
10.13	6.5267086029052734e-06
10.14	6.4373016357421875e-06
10.15	6.362795829772949e-06
10.16	6.273388862609863e-06
10.17	6.243586540222168e-06
10.18	6.154179573059082e-06
10.19	6.0498714447021484e-06
10.2	5.930662155151367e-06
10.21	5.841255187988281e-06
10.22	5.781650543212891e-06
10.23	5.736947059631348e-06
10.24	5.692243576049805e-06
10.25	5.647540092468262e-06
10.26	5.617737770080566e-06
10.27	5.558133125305176e-06
10.28	5.513429641723633e-06
10.29	5.409121513366699e-06
10.3	5.27501106262207e-06
10.31	5.170702934265137e-06
10.32	5.0514936447143555e-06
10.33	4.991888999938965e-06
10.34	4.932284355163574e-06
10.35	4.902482032775879e-06
10.36	4.842877388000488e-06
10.37	4.738569259643555e-06
10.38	4.723668098449707e-06
10.39	4.678964614868164e-06
10.4	4.604458808898926e-06
10.41	4.500150680541992e-06
10.42	4.4405460357666016e-06
10.43	4.395842552185059e-06
10.44	4.32133674621582e-06
10.45	4.291534423828125e-06
10.46	4.26173210144043e-06
10.47	4.231929779052734e-06
10.48	4.202127456665039e-06
10.49	4.112720489501953e-06
10.5	4.038214683532715e-06
10.51	3.948807716369629e-06
10.52	3.874301910400391e-06
10.53	3.844499588012695e-06
10.54	3.829598426818848e-06
10.55	3.7997961044311523e-06
10.56	3.7848949432373047e-06
10.57	3.7550926208496094e-06
10.58	3.7401914596557617e-06
10.59	3.7103891372680664e-06
10.6	3.680586814880371e-06
10.61	3.635883331298828e-06
10.62	3.546476364135742e-06
10.63	3.471970558166504e-06
10.64	3.427267074584961e-06
10.65	3.3974647521972656e-06
10.66	3.382563591003418e-06
10.67	3.293156623840332e-06
10.68	3.2335519790649414e-06
10.69	3.203749656677246e-06
10.7	3.1441450119018555e-06
10.71	3.0994415283203125e-06
10.72	3.069639205932617e-06
10.73	3.0547380447387695e-06
10.74	3.039836883544922e-06
10.75	2.9802322387695312e-06
10.76	2.950429916381836e-06
10.77	2.9206275939941406e-06
10.78	2.905726432800293e-06
10.79	2.8312206268310547e-06
10.8	2.7418136596679688e-06
10.81	2.682209014892578e-06
10.82	2.60770320892334e-06
10.83	2.562999725341797e-06
10.84	2.5480985641479492e-06
10.85	2.5331974029541016e-06
10.86	2.5331974029541016e-06
10.87	2.5033950805664062e-06
10.88	2.4884939193725586e-06
10.89	2.4437904357910156e-06
10.9	2.4139881134033203e-06
10.91	2.3990869522094727e-06
10.92	2.3692846298217773e-06
10.93	2.3245811462402344e-06
10.94	2.3096799850463867e-06
10.95	2.2649765014648438e-06
10.96	2.2649765014648438e-06
10.97	2.250075340270996e-06
10.98	2.2202730178833008e-06
10.99	2.1904706954956055e-06
11.0	2.130866050720215e-06
11.01	2.1010637283325195e-06
11.02	2.0563602447509766e-06
11.03	2.0563602447509766e-06
11.04	2.041459083557129e-06
11.05	2.0265579223632812e-06
11.06	2.0116567611694336e-06
11.07	1.9818544387817383e-06
11.08	1.9818544387817383e-06
11.09	1.952052116394043e-06
11.1	1.9073486328125e-06
11.11	1.862645149230957e-06
11.12	1.817941665649414e-06
11.13	1.7285346984863281e-06
11.14	1.7136335372924805e-06
11.15	1.6987323760986328e-06
11.16	1.6987323760986328e-06
11.17	1.6838312149047852e-06
11.18	1.6391277313232422e-06
11.19	1.6093254089355469e-06
11.2	1.564621925354004e-06
11.21	1.5497207641601562e-06
11.22	1.5497207641601562e-06
11.23	1.5348196029663086e-06
11.24	1.4901161193847656e-06
11.25	1.475214958190918e-06
11.26	1.475214958190918e-06
11.27	1.475214958190918e-06
11.28	1.4603137969970703e-06
11.29	1.4454126358032227e-06
11.3	1.3709068298339844e-06
11.31	1.341104507446289e-06
11.32	1.296401023864746e-06
11.33	1.296401023864746e-06
11.34	1.2814998626708984e-06
11.35	1.2665987014770508e-06
11.36	1.2516975402832031e-06
11.37	1.2367963790893555e-06
11.38	1.2367963790893555e-06
11.39	1.2367963790893555e-06
11.4	1.2367963790893555e-06
11.41	1.2069940567016602e-06
11.42	1.1920928955078125e-06
11.43	1.1473894119262695e-06
11.44	1.1175870895385742e-06
11.45	1.1026859283447266e-06
11.46	1.1026859283447266e-06
11.47	1.087784767150879e-06
11.48	1.043081283569336e-06
11.49	9.98377799987793e-07
11.5	9.834766387939453e-07
11.51	9.5367431640625e-07
11.52	9.5367431640625e-07
11.53	9.5367431640625e-07
11.54	9.5367431640625e-07
11.55	9.238719940185547e-07
11.56	9.238719940185547e-07
11.57	9.238719940185547e-07
11.58	9.08970832824707e-07
11.59	8.940696716308594e-07
11.6	8.642673492431641e-07
11.61	8.046627044677734e-07
11.62	7.450580596923828e-07
11.63	7.301568984985352e-07
11.64	7.301568984985352e-07
11.65	7.301568984985352e-07
11.66	7.301568984985352e-07
11.67	7.152557373046875e-07
11.68	7.003545761108398e-07
11.69	7.003545761108398e-07
11.7	7.003545761108398e-07
11.71	7.003545761108398e-07
11.72	6.705522537231445e-07
11.73	6.556510925292969e-07
11.74	6.407499313354492e-07
11.75	6.258487701416016e-07
11.76	6.258487701416016e-07
11.77	6.258487701416016e-07
11.78	6.109476089477539e-07
11.79	5.811452865600586e-07
11.8	5.811452865600586e-07
11.81	5.513429641723633e-07
11.82	5.364418029785156e-07
11.83	5.364418029785156e-07
11.84	5.364418029785156e-07
11.85	5.364418029785156e-07
11.86	5.364418029785156e-07
11.87	5.364418029785156e-07
11.88	5.364418029785156e-07
11.89	5.364418029785156e-07
11.9	5.21540641784668e-07
11.91	5.066394805908203e-07
11.92	4.76837158203125e-07
11.93	4.470348358154297e-07
11.94	4.470348358154297e-07
11.95	4.470348358154297e-07
11.96	4.470348358154297e-07
11.97	4.470348358154297e-07
11.98	4.3213367462158203e-07
11.99	4.172325134277344e-07
12.0	4.023313522338867e-07
12.01	4.023313522338867e-07
12.02	4.023313522338867e-07
12.03	3.8743019104003906e-07
12.04	3.8743019104003906e-07
12.05	3.725290298461914e-07
12.06	3.725290298461914e-07
12.07	3.725290298461914e-07
12.08	3.725290298461914e-07
12.09	3.5762786865234375e-07
12.1	3.2782554626464844e-07
12.11	3.2782554626464844e-07
12.12	2.980232238769531e-07
12.13	2.980232238769531e-07
12.14	2.980232238769531e-07
12.15	2.980232238769531e-07
12.16	2.980232238769531e-07
12.17	2.980232238769531e-07
12.18	2.980232238769531e-07
12.19	2.980232238769531e-07
12.2	2.980232238769531e-07
12.21	2.980232238769531e-07
12.22	2.8312206268310547e-07
12.23	2.682209014892578e-07
12.24	2.682209014892578e-07
12.25	2.682209014892578e-07
12.26	2.682209014892578e-07
12.27	2.682209014892578e-07
12.28	2.682209014892578e-07
12.29	2.5331974029541016e-07
12.3	2.384185791015625e-07
12.31	2.2351741790771484e-07
12.32	2.2351741790771484e-07
12.33	2.2351741790771484e-07
12.34	2.2351741790771484e-07
12.35	2.2351741790771484e-07
12.36	2.2351741790771484e-07
12.37	2.2351741790771484e-07
12.38	2.2351741790771484e-07
12.39	2.2351741790771484e-07
12.4	2.086162567138672e-07
12.41	1.9371509552001953e-07
12.42	1.7881393432617188e-07
12.43	1.6391277313232422e-07
12.44	1.6391277313232422e-07
12.45	1.6391277313232422e-07
12.46	1.6391277313232422e-07
12.47	1.6391277313232422e-07
12.48	1.4901161193847656e-07
12.49	1.4901161193847656e-07
12.5	1.4901161193847656e-07
12.51	1.4901161193847656e-07
12.52	1.4901161193847656e-07
12.53	1.341104507446289e-07
12.54	1.341104507446289e-07
12.55	1.341104507446289e-07
12.56	1.341104507446289e-07
12.57	1.341104507446289e-07
12.58	1.341104507446289e-07
12.59	1.341104507446289e-07
12.6	1.1920928955078125e-07
12.61	1.043081283569336e-07
12.62	1.043081283569336e-07
12.63	1.043081283569336e-07
12.64	1.043081283569336e-07
12.65	1.043081283569336e-07
12.66	1.043081283569336e-07
12.67	1.043081283569336e-07
12.68	1.043081283569336e-07
12.69	1.043081283569336e-07
12.7	1.043081283569336e-07
12.71	1.043081283569336e-07
12.72	1.043081283569336e-07
12.73	8.940696716308594e-08
12.74	8.940696716308594e-08
12.75	8.940696716308594e-08
12.76	8.940696716308594e-08
12.77	8.940696716308594e-08
12.78	7.450580596923828e-08
12.79	5.960464477539063e-08
12.8	5.960464477539063e-08
12.81	5.960464477539063e-08
12.82	5.960464477539063e-08
12.83	5.960464477539063e-08
12.84	5.960464477539063e-08
12.85	5.960464477539063e-08
12.86	5.960464477539063e-08
12.87	5.960464477539063e-08
12.88	5.960464477539063e-08
12.89	5.960464477539063e-08
12.9	4.470348358154297e-08
12.91	2.9802322387695312e-08
12.92	2.9802322387695312e-08
12.93	2.9802322387695312e-08
12.94	2.9802322387695312e-08
12.95	2.9802322387695312e-08
12.96	2.9802322387695312e-08
12.97	2.9802322387695312e-08
12.98	2.9802322387695312e-08
12.99	2.9802322387695312e-08
13.0	2.9802322387695312e-08
13.01	2.9802322387695312e-08
13.02	2.9802322387695312e-08
13.03	2.9802322387695312e-08
13.04	2.9802322387695312e-08
13.05	2.9802322387695312e-08
13.06	2.9802322387695312e-08
13.07	2.9802322387695312e-08
13.08	2.9802322387695312e-08
13.09	1.4901161193847656e-08
13.1	1.4901161193847656e-08
13.11	1.4901161193847656e-08
13.12	1.4901161193847656e-08
13.13	1.4901161193847656e-08
13.14	1.4901161193847656e-08
13.15	1.4901161193847656e-08
13.16	1.4901161193847656e-08
13.17	1.4901161193847656e-08
13.18	1.4901161193847656e-08
13.19	1.4901161193847656e-08
13.2	1.4901161193847656e-08
13.21	0.0
