4.76	0.0005005970597267151
4.77	0.0004961080849170685
4.78	0.0004918910562992096
4.79	0.00048742443323135376
4.8	0.00048269331455230713
4.81	0.0004783347249031067
4.82	0.0004739202558994293
4.83	0.00046967342495918274
4.84	0.00046541914343833923
4.85	0.00046105310320854187
4.86	0.00045683979988098145
4.87	0.0004526302218437195
4.88	0.0004486776888370514
4.89	0.0004445202648639679
4.9	0.0004402957856655121
4.91	0.0004359632730484009
4.92	0.0004320181906223297
4.93	0.0004279501736164093
4.94	0.0004237629473209381
4.95	0.0004199892282485962
4.96	0.0004159882664680481
4.97	0.0004122033715248108
4.98	0.0004084967076778412
4.99	0.00040461868047714233
5.0	0.00040097907185554504
5.01	0.00039724260568618774
5.02	0.0003934316337108612
5.03	0.00038973987102508545
5.04	0.00038603320717811584
5.05	0.00038229674100875854
5.06	0.0003787726163864136
5.07	0.0003751330077648163
5.08	0.0003714710474014282
5.09	0.0003679320216178894
5.1	0.00036427751183509827
5.11	0.0003607422113418579
5.12	0.00035723671317100525
5.13	0.0003538280725479126
5.14	0.0003505535423755646
5.15	0.0003472566604614258
5.16	0.00034386664628982544
5.17	0.0003408081829547882
5.18	0.0003376193344593048
5.19	0.00033425167202949524
5.2	0.0003311336040496826
5.21	0.00032778456807136536
5.22	0.0003247112035751343
5.23	0.00032163411378860474
5.24	0.0003185085952281952
5.25	0.0003154352307319641
5.26	0.00031233951449394226
5.27	0.00030940771102905273
5.28	0.00030653178691864014
5.29	0.0003035329282283783
5.3	0.0003004297614097595
5.31	0.00029749423265457153
5.32	0.00029460713267326355
5.33	0.00029189884662628174
5.34	0.00028903037309646606
5.35	0.0002861730754375458
5.36	0.0002832263708114624
5.37	0.0002807639539241791
5.38	0.00027789920568466187
5.39	0.00027520954608917236
5.4	0.0002724789083003998
5.41	0.0002696029841899872
5.42	0.00026712939143180847
5.43	0.00026441365480422974
5.44	0.00026182085275650024
5.45	0.00025934725999832153
5.46	0.00025671347975730896
5.47	0.0002542734146118164
5.48	0.0002517998218536377
5.49	0.0002492368221282959
5.5	0.00024676695466041565
5.51	0.0002443082630634308
5.52	0.00024186447262763977
5.53	0.00023954734206199646
5.54	0.00023704767227172852
5.55	0.00023475289344787598
5.56	0.00023248419165611267
5.57	0.00023011863231658936
5.58	0.0002277679741382599
5.59	0.00022545084357261658
5.6	0.00022314488887786865
5.61	0.00022083893418312073
5.62	0.00021876022219657898
5.63	0.000216558575630188
5.64	0.00021430104970932007
5.65	0.00021222978830337524
5.66	0.00021015852689743042
5.67	0.00020812079310417175
5.68	0.0002058185636997223
5.69	0.00020378455519676208
5.7	0.00020175427198410034
5.71	0.00019964948296546936
5.72	0.000197727233171463
5.73	0.0001956634223461151
5.74	0.00019371137022972107
5.75	0.0001917034387588501
5.76	0.00018985942006111145
5.77	0.0001877918839454651
5.78	0.00018588081002235413
5.79	0.00018384680151939392
5.8	0.0001819506287574768
5.81	0.00018009915947914124
5.82	0.00017830729484558105
5.83	0.00017641112208366394
5.84	0.0001745857298374176
5.85	0.00017269328236579895
5.86	0.0001710169017314911
5.87	0.00016931816935539246
5.88	0.00016742944717407227
5.89	0.00016570091247558594
5.9	0.00016394630074501038
5.91	0.00016231834888458252
5.92	0.00016070902347564697
5.93	0.00015897303819656372
5.94	0.0001574493944644928
5.95	0.00015576928853988647
5.96	0.00015428289771080017
5.97	0.00015261396765708923
5.98	0.00015100836753845215
5.99	0.00014949217438697815
6.0	0.00014783069491386414
6.01	0.00014642998576164246
6.02	0.00014486908912658691
6.03	0.0001432858407497406
6.04	0.00014180317521095276
6.05	0.00014023855328559875
6.06	0.00013885274529457092
6.07	0.00013742223381996155
6.08	0.000135764479637146
6.09	0.00013428926467895508
6.1	0.00013291463255882263
6.11	0.00013155490159988403
6.12	0.00013027340173721313
6.13	0.00012883171439170837
6.14	0.0001273900270462036
6.15	0.00012613460421562195
6.16	0.00012474879622459412
6.17	0.00012338906526565552
6.18	0.00012199580669403076
6.19	0.0001206621527671814
6.2	0.00011929497122764587
6.21	0.00011813268065452576
6.22	0.00011675432324409485
6.23	0.00011551752686500549
6.24	0.00011428818106651306
6.25	0.00011307373642921448
6.26	0.00011181086301803589
6.27	0.00011053308844566345
6.28	0.00010921433568000793
6.29	0.00010800734162330627
6.3	0.00010679289698600769
6.31	0.00010562315583229065
6.32	0.00010457634925842285
6.33	0.00010332837700843811
6.34	0.00010216981172561646
6.35	0.00010114535689353943
6.36	9.997934103012085e-05
6.37	9.895861148834229e-05
6.38	9.785592555999756e-05
6.39	9.684637188911438e-05
6.4	9.577348828315735e-05
6.41	9.483098983764648e-05
6.42	9.379163384437561e-05
6.43	9.279325604438782e-05
6.44	9.172409772872925e-05
6.45	9.071081876754761e-05
6.46	8.981674909591675e-05
6.47	8.863583207130432e-05
6.48	8.765235543251038e-05
6.49	8.670240640640259e-05
6.5	8.566677570343018e-05
6.51	8.480995893478394e-05
6.52	8.380040526390076e-05
6.53	8.278340101242065e-05
6.54	8.189678192138672e-05
6.55	8.095055818557739e-05
6.56	8.000805974006653e-05
6.57	7.912516593933105e-05
6.58	7.811561226844788e-05
6.59	7.727742195129395e-05
6.6	7.651001214981079e-05
6.61	7.560849189758301e-05
6.62	7.477402687072754e-05
6.63	7.387623190879822e-05
6.64	7.297098636627197e-05
6.65	7.218495011329651e-05
6.66	7.133558392524719e-05
6.67	7.038936018943787e-05
6.68	6.961077451705933e-05
6.69	6.878003478050232e-05
6.7	6.796792149543762e-05
6.71	6.72563910484314e-05
6.72	6.638467311859131e-05
6.73	6.556138396263123e-05
6.74	6.4849853515625e-05
6.75	6.408616900444031e-05
6.76	6.331875920295715e-05
6.77	6.256997585296631e-05
6.78	6.1769038438797e-05
6.79	6.109476089477539e-05
6.8	6.050616502761841e-05
6.81	5.973502993583679e-05
6.82	5.920231342315674e-05
6.83	5.844607949256897e-05
6.84	5.777180194854736e-05
6.85	5.71422278881073e-05
6.86	5.6486576795578e-05
6.87	5.583837628364563e-05
6.88	5.511194467544556e-05
6.89	5.449727177619934e-05
6.9	5.3882598876953125e-05
6.91	5.319714546203613e-05
6.92	5.258619785308838e-05
6.93	5.196034908294678e-05
6.94	5.1315873861312866e-05
6.95	5.064532160758972e-05
6.96	5.000457167625427e-05
6.97	4.9408525228500366e-05
6.98	4.879012703895569e-05
6.99	4.8216432332992554e-05
7.0	4.7635287046432495e-05
7.01	4.7087669372558594e-05
7.02	4.653260111808777e-05
7.03	4.591792821884155e-05
7.04	4.5415014028549194e-05
7.05	4.4830143451690674e-05
7.06	4.435330629348755e-05
7.07	4.383549094200134e-05
7.08	4.328042268753052e-05
7.09	4.281476140022278e-05
7.1	4.229322075843811e-05
7.11	4.177168011665344e-05
7.12	4.120171070098877e-05
7.13	4.066154360771179e-05
7.14	4.01325523853302e-05
7.15	3.959238529205322e-05
7.16	3.907829523086548e-05
7.17	3.8564205169677734e-05
7.18	3.810599446296692e-05
7.19	3.7688761949539185e-05
7.2	3.727525472640991e-05
7.21	3.683939576148987e-05
7.22	3.633275628089905e-05
7.23	3.5881996154785156e-05
7.24	3.550201654434204e-05
7.25	3.507733345031738e-05
7.26	3.458186984062195e-05
7.27	3.420934081077576e-05
7.28	3.377348184585571e-05
7.29	3.3404678106307983e-05
7.3	3.3017247915267944e-05
7.31	3.261491656303406e-05
7.32	3.21902334690094e-05
7.33	3.177672624588013e-05
7.34	3.139302134513855e-05
7.35	3.0953437089920044e-05
7.36	3.053992986679077e-05
7.37	3.0096620321273804e-05
7.38	2.971664071083069e-05
7.39	2.9392540454864502e-05
7.4	2.8971582651138306e-05
7.41	2.859160304069519e-05
7.42	2.822279930114746e-05
7.43	2.783164381980896e-05
7.44	2.7492642402648926e-05
7.45	2.7135014533996582e-05
7.46	2.6751309633255005e-05
7.47	2.6460736989974976e-05
7.48	2.6103109121322632e-05
7.49	2.580508589744568e-05
7.5	2.5451183319091797e-05
7.51	2.5130808353424072e-05
7.52	2.4810433387756348e-05
7.53	2.446398138999939e-05
7.54	2.415105700492859e-05
7.55	2.3789703845977783e-05
7.56	2.352893352508545e-05
7.57	2.317875623703003e-05
7.58	2.291053533554077e-05
7.59	2.2638589143753052e-05
7.6	2.226606011390686e-05
7.61	2.2001564502716064e-05
7.62	2.169981598854065e-05
7.63	2.1401792764663696e-05
7.64	2.1122395992279053e-05
7.65	2.08243727684021e-05
7.66	2.0567327737808228e-05
7.67	2.0306557416915894e-05
7.68	2.006813883781433e-05
7.69	1.981481909751892e-05
7.7	1.9565224647521973e-05
7.71	1.9297003746032715e-05
7.72	1.9058585166931152e-05
7.73	1.8794089555740356e-05
7.74	1.8540769815444946e-05
7.75	1.8320977687835693e-05
7.76	1.8086284399032593e-05
7.77	1.7814338207244873e-05
7.78	1.761689782142639e-05
7.79	1.7367303371429443e-05
7.8	1.7132610082626343e-05
7.81	1.6886740922927856e-05
7.82	1.6592442989349365e-05
7.83	1.640617847442627e-05
7.84	1.613423228263855e-05
7.85	1.5892088413238525e-05
7.86	1.5679746866226196e-05
7.87	1.543387770652771e-05
7.88	1.5266239643096924e-05
7.89	1.5050172805786133e-05
7.9	1.4841556549072266e-05
7.91	1.4603137969970703e-05
7.92	1.4409422874450684e-05
7.93	1.4219433069229126e-05
7.94	1.4007091522216797e-05
7.95	1.3824552297592163e-05
7.96	1.3608485460281372e-05
7.97	1.3463199138641357e-05
7.98	1.3284385204315186e-05
7.99	1.3101845979690552e-05
8.0	1.2882053852081299e-05
8.01	1.268833875656128e-05
8.02	1.249462366104126e-05
8.03	1.2341886758804321e-05
8.04	1.214444637298584e-05
8.05	1.1924654245376587e-05
8.06	1.1786818504333496e-05
8.07	1.1615455150604248e-05
8.08	1.1466443538665771e-05
8.09	1.1295080184936523e-05
8.1	1.1116266250610352e-05
8.11	1.0970979928970337e-05
8.12	1.0810792446136475e-05
8.13	1.068413257598877e-05
8.14	1.0512769222259521e-05
8.15	1.0378658771514893e-05
8.16	1.0225921869277954e-05
8.17	1.0117888450622559e-05
8.18	9.980052709579468e-06
8.19	9.819865226745605e-06
8.2	9.678304195404053e-06
8.21	9.503215551376343e-06
8.22	9.387731552124023e-06
8.23	9.234994649887085e-06
8.24	9.08970832824707e-06
8.25	8.963048458099365e-06
8.26	8.832663297653198e-06
8.27	8.709728717803955e-06
8.28	8.575618267059326e-06
8.29	8.430331945419312e-06
8.3	8.307397365570068e-06
8.31	8.17328691482544e-06
8.32	8.050352334976196e-06
8.33	7.923692464828491e-06
8.34	7.759779691696167e-06
8.35	7.670372724533081e-06
8.36	7.5511634349823e-06
8.37	7.420778274536133e-06
8.38	7.316470146179199e-06
8.39	7.178634405136108e-06
8.4	7.081776857376099e-06
8.41	6.9588422775268555e-06
8.42	6.861984729766846e-06
8.43	6.761401891708374e-06
8.44	6.6533684730529785e-06
8.45	6.549060344696045e-06
8.46	6.463378667831421e-06
8.47	6.373971700668335e-06
8.48	6.24731183052063e-06
8.49	6.157904863357544e-06
8.5	6.031244993209839e-06
8.51	5.923211574554443e-06
8.52	5.837529897689819e-06
8.53	5.729496479034424e-06
8.54	5.640089511871338e-06
8.55	5.539506673812866e-06
8.56	5.465000867843628e-06
8.57	5.3979456424713135e-06
8.58	5.289912223815918e-06
8.59	5.193054676055908e-06
8.6	5.114823579788208e-06
8.61	5.032867193222046e-06
8.62	4.973262548446655e-06
8.63	4.887580871582031e-06
8.64	4.809349775314331e-06
8.65	4.738569259643555e-06
8.66	4.67151403427124e-06
8.67	4.6156346797943115e-06
8.68	4.522502422332764e-06
8.69	4.447996616363525e-06
8.7	4.369765520095825e-06
8.71	4.295259714126587e-06
8.72	4.213303327560425e-06
8.73	4.131346940994263e-06
8.74	4.060566425323486e-06
8.75	3.982335329055786e-06
8.76	3.926455974578857e-06
8.77	3.859400749206543e-06
8.78	3.7811696529388428e-06
8.79	3.7141144275665283e-06
8.8	3.6507844924926758e-06
8.81	3.598630428314209e-06
8.82	3.546476364135742e-06
8.83	3.468245267868042e-06
8.84	3.419816493988037e-06
8.85	3.375113010406494e-06
8.86	3.3192336559295654e-06
8.87	3.2708048820495605e-06
8.88	3.1962990760803223e-06
8.89	3.1441450119018555e-06
8.9	3.080815076828003e-06
8.91	3.032386302947998e-06
8.92	2.983957529067993e-06
8.93	2.9169023036956787e-06
8.94	2.864748239517212e-06
8.95	2.816319465637207e-06
8.96	2.767890691757202e-06
8.97	2.7082860469818115e-06
8.98	2.641230821609497e-06
8.99	2.600252628326416e-06
9.0	2.5443732738494873e-06
9.01	2.5033950805664062e-06
9.02	2.462416887283325e-06
9.03	2.4065375328063965e-06
9.04	2.3655593395233154e-06
9.05	2.339482307434082e-06
9.06	2.298504114151001e-06
9.07	2.253800630569458e-06
9.08	2.1979212760925293e-06
9.09	2.171844244003296e-06
9.1	2.123415470123291e-06
9.11	2.0936131477355957e-06
9.12	2.0600855350494385e-06
9.13	2.0116567611694336e-06
9.14	1.9781291484832764e-06
9.15	1.9371509552001953e-06
9.16	1.914799213409424e-06
9.17	1.8738210201263428e-06
9.18	1.821666955947876e-06
9.19	1.7955899238586426e-06
9.2	1.7471611499786377e-06
9.21	1.7248094081878662e-06
9.22	1.6838312149047852e-06
9.23	1.6540288925170898e-06
9.24	1.6279518604278564e-06
9.25	1.5981495380401611e-06
9.26	1.5757977962493896e-06
9.27	1.5385448932647705e-06
9.28	1.516193151473999e-06
9.29	1.4901161193847656e-06
9.3	1.4677643775939941e-06
9.31	1.4379620552062988e-06
9.32	1.4193356037139893e-06
9.33	1.3820827007293701e-06
9.34	1.3485550880432129e-06
9.35	1.344829797744751e-06
9.36	1.3187527656555176e-06
9.37	1.2740492820739746e-06
9.38	1.2479722499847412e-06
9.39	1.214444637298584e-06
9.4	1.1920928955078125e-06
9.41	1.173466444015503e-06
9.42	1.1324882507324219e-06
9.43	1.1101365089416504e-06
9.44	1.084059476852417e-06
9.45	1.039355993270874e-06
9.46	1.0244548320770264e-06
9.47	9.94652509689331e-07
9.48	9.723007678985596e-07
9.49	9.5367431640625e-07
9.5	9.424984455108643e-07
9.51	9.201467037200928e-07
9.52	9.015202522277832e-07
9.53	8.903443813323975e-07
9.54	8.67992639541626e-07
9.55	8.605420589447021e-07
9.56	8.344650268554688e-07
9.57	8.158385753631592e-07
9.58	7.934868335723877e-07
9.59	7.674098014831543e-07
9.6	7.525086402893066e-07
9.61	7.413327693939209e-07
9.62	7.189810276031494e-07
9.63	7.003545761108398e-07
9.64	6.854534149169922e-07
9.65	6.556510925292969e-07
9.66	6.51925802230835e-07
9.67	6.370246410369873e-07
9.68	6.183981895446777e-07
9.69	6.07222318649292e-07
9.7	5.997717380523682e-07
9.71	5.885958671569824e-07
9.72	5.774199962615967e-07
9.73	5.774199962615967e-07
9.74	5.662441253662109e-07
9.75	5.62518835067749e-07
9.76	5.438923835754395e-07
9.77	5.327165126800537e-07
9.78	5.289912223815918e-07
9.79	5.066394805908203e-07
9.8	5.066394805908203e-07
9.81	4.842877388000488e-07
9.82	4.6193599700927734e-07
9.83	4.5821070671081543e-07
9.84	4.3585896492004395e-07
9.85	4.284083843231201e-07
9.86	4.172325134277344e-07
9.87	3.91155481338501e-07
9.88	3.8743019104003906e-07
9.89	3.762543201446533e-07
9.9	3.6135315895080566e-07
9.91	3.5762786865234375e-07
9.92	3.390014171600342e-07
9.93	3.3155083656311035e-07
9.94	3.2782554626464844e-07
9.95	3.129243850708008e-07
9.96	2.980232238769531e-07
9.97	2.980232238769531e-07
9.98	2.868473529815674e-07
9.99	2.7567148208618164e-07
10.0	2.7567148208618164e-07
10.01	2.60770320892334e-07
10.02	2.5331974029541016e-07
10.03	2.4959444999694824e-07
10.04	2.3469328880310059e-07
10.05	2.3469328880310059e-07
10.06	2.1979212760925293e-07
10.07	2.123415470123291e-07
10.08	2.123415470123291e-07
10.09	2.0489096641540527e-07
10.1	1.9744038581848145e-07
10.11	1.9744038581848145e-07
10.12	1.8998980522155762e-07
10.13	1.825392246246338e-07
10.14	1.825392246246338e-07
10.15	1.7136335372924805e-07
10.16	1.7136335372924805e-07
10.17	1.7136335372924805e-07
10.18	1.6391277313232422e-07
10.19	1.6391277313232422e-07
10.2	1.564621925354004e-07
10.21	1.564621925354004e-07
10.22	1.564621925354004e-07
10.23	1.564621925354004e-07
10.24	1.4901161193847656e-07
10.25	1.4528632164001465e-07
10.26	1.341104507446289e-07
10.27	1.30385160446167e-07
10.28	1.2665987014770508e-07
10.29	1.1548399925231934e-07
10.3	1.1175870895385742e-07
10.31	1.043081283569336e-07
10.32	1.0058283805847168e-07
10.33	9.685754776000977e-08
10.34	8.940696716308594e-08
10.35	8.940696716308594e-08
10.36	8.940696716308594e-08
10.37	8.195638656616211e-08
10.38	8.195638656616211e-08
10.39	8.195638656616211e-08
10.4	7.078051567077637e-08
10.41	7.078051567077637e-08
10.42	7.078051567077637e-08
10.43	6.332993507385254e-08
10.44	6.332993507385254e-08
10.45	5.587935447692871e-08
10.46	5.587935447692871e-08
10.47	5.587935447692871e-08
10.48	4.842877388000488e-08
10.49	4.842877388000488e-08
10.5	4.842877388000488e-08
10.51	3.725290298461914e-08
10.52	3.725290298461914e-08
10.53	3.725290298461914e-08
10.54	2.9802322387695312e-08
10.55	2.9802322387695312e-08
10.56	2.9802322387695312e-08
10.57	2.9802322387695312e-08
10.58	2.9802322387695312e-08
10.59	2.9802322387695312e-08
10.6	2.9802322387695312e-08
10.61	2.9802322387695312e-08
10.62	2.9802322387695312e-08
10.63	2.9802322387695312e-08
10.64	2.9802322387695312e-08
10.65	2.60770320892334e-08
10.66	2.60770320892334e-08
10.67	2.60770320892334e-08
10.68	2.2351741790771484e-08
10.69	2.2351741790771484e-08
10.7	1.862645149230957e-08
10.71	1.862645149230957e-08
10.72	1.862645149230957e-08
10.73	1.4901161193847656e-08
10.74	1.4901161193847656e-08
10.75	1.1175870895385742e-08
10.76	1.1175870895385742e-08
10.77	1.1175870895385742e-08
10.78	7.450580596923828e-09
10.79	7.450580596923828e-09
10.8	7.450580596923828e-09
10.81	7.450580596923828e-09
10.82	7.450580596923828e-09
10.83	7.450580596923828e-09
10.84	7.450580596923828e-09
10.85	7.450580596923828e-09
10.86	7.450580596923828e-09
10.87	7.450580596923828e-09
10.88	7.450580596923828e-09
10.89	3.725290298461914e-09
10.9	3.725290298461914e-09
10.91	3.725290298461914e-09
10.92	0.0
