4.86	0.0005035437643527985
4.87	0.0004994571208953857
4.88	0.0004948824644088745
4.89	0.0004909560084342957
4.9	0.0004870779812335968
4.91	0.00048369914293289185
4.92	0.00047998130321502686
4.93	0.00047608837485313416
4.94	0.0004719682037830353
4.95	0.00046780332922935486
4.96	0.00046420469880104065
4.97	0.0004607662558555603
4.98	0.0004573725163936615
4.99	0.0004536285996437073
5.0	0.00044969096779823303
5.01	0.0004457123577594757
5.02	0.0004421994090080261
5.03	0.000438738614320755
5.04	0.0004354044795036316
5.05	0.0004320703446865082
5.06	0.0004281066358089447
5.07	0.00042458996176719666
5.08	0.000420987606048584
5.09	0.00041795894503593445
5.1	0.00041460245847702026
5.11	0.00041113048791885376
5.12	0.0004076361656188965
5.13	0.00040400028228759766
5.14	0.0004009157419204712
5.15	0.00039779767394065857
5.16	0.0003949590027332306
5.17	0.0003916025161743164
5.18	0.0003882162272930145
5.19	0.00038445740938186646
5.2	0.00038143619894981384
5.21	0.0003785863518714905
5.22	0.000375945121049881
5.23	0.00037299469113349915
5.24	0.00036978721618652344
5.25	0.00036644190549850464
5.26	0.0003630444407463074
5.27	0.0003603249788284302
5.28	0.0003577582538127899
5.29	0.0003552772104740143
5.3	0.000352419912815094
5.31	0.00034923478960990906
5.32	0.0003459937870502472
5.33	0.0003428719937801361
5.34	0.00034041330218315125
5.35	0.00033789873123168945
5.36	0.0003355778753757477
5.37	0.000332564115524292
5.38	0.0003296211361885071
5.39	0.000326644629240036
5.4	0.00032392144203186035
5.41	0.00032161176204681396
5.42	0.00031923502683639526
5.43	0.00031668320298194885
5.44	0.0003137625753879547
5.45	0.00031111016869544983
5.46	0.0003083944320678711
5.47	0.0003062225878238678
5.48	0.0003038272261619568
5.49	0.0003014318645000458
5.5	0.00029872357845306396
5.51	0.00029605254530906677
5.52	0.0002936646342277527
5.53	0.000291191041469574
5.54	0.0002892129123210907
5.55	0.0002867281436920166
5.56	0.0002842918038368225
5.57	0.00028174370527267456
5.58	0.0002793446183204651
5.59	0.0002771429717540741
5.6	0.0002750121057033539
5.61	0.00027272477746009827
5.62	0.0002702772617340088
5.63	0.00026786699891090393
5.64	0.00026553496718406677
5.65	0.00026346370577812195
5.66	0.0002614147961139679
5.67	0.00025937333703041077
5.68	0.0002569332718849182
5.69	0.0002543888986110687
5.7	0.0002521313726902008
5.71	0.00024998560547828674
5.72	0.0002482496201992035
5.73	0.000246342271566391
5.74	0.0002442114055156708
5.75	0.00024174153804779053
5.76	0.00023942440748214722
5.77	0.00023729726672172546
5.78	0.00023550912737846375
5.79	0.0002338699996471405
5.8	0.00023195892572402954
5.81	0.0002298802137374878
5.82	0.00022735446691513062
5.83	0.00022516772150993347
5.84	0.00022332742810249329
5.85	0.00022172927856445312
5.86	0.0002201274037361145
5.87	0.00021821260452270508
5.88	0.0002162046730518341
5.89	0.00021397322416305542
5.9	0.00021205097436904907
5.91	0.0002104341983795166
5.92	0.00020887702703475952
5.93	0.00020719319581985474
5.94	0.00020529329776763916
5.95	0.00020338967442512512
5.96	0.00020153820514678955
5.97	0.000199928879737854
5.98	0.00019826740026474
5.99	0.0001967884600162506
6.0	0.00019502267241477966
6.01	0.00019333884119987488
6.02	0.00019165873527526855
6.03	0.00019003823399543762
6.04	0.00018853694200515747
6.05	0.00018691644072532654
6.06	0.0001852959394454956
6.07	0.0001834668219089508
6.08	0.00018197298049926758
6.09	0.00018050894141197205
6.1	0.00017907097935676575
6.11	0.00017754733562469482
6.12	0.00017591193318367004
6.13	0.0001741647720336914
6.14	0.0001725703477859497
6.15	0.00017113983631134033
6.16	0.00016974285244941711
6.17	0.00016840174794197083
6.18	0.0001666620373725891
6.19	0.00016507133841514587
6.2	0.00016342848539352417
6.21	0.00016205385327339172
6.22	0.0001607947051525116
6.23	0.00015960261225700378
6.24	0.00015822425484657288
6.25	0.00015644356608390808
6.26	0.00015488266944885254
6.27	0.00015328079462051392
6.28	0.00015207752585411072
6.29	0.0001509152352809906
6.3	0.0001498386263847351
6.31	0.00014831870794296265
6.32	0.00014673545956611633
6.33	0.00014523044228553772
6.34	0.00014386698603630066
6.35	0.0001429244875907898
6.36	0.00014172866940498352
6.37	0.0001405663788318634
6.38	0.00013907626271247864
6.39	0.00013767927885055542
6.4	0.00013624504208564758
6.41	0.00013522431254386902
6.42	0.00013429298996925354
6.43	0.00013307109475135803
6.44	0.0001318901777267456
6.45	0.000130433589220047
6.46	0.00012931972742080688
6.47	0.00012811273336410522
6.48	0.00012706592679023743
6.49	0.00012602657079696655
6.5	0.00012486428022384644
6.51	0.00012367591261863708
6.52	0.00012244656682014465
6.53	0.00012150406837463379
6.54	0.00012051314115524292
6.55	0.00011938810348510742
6.56	0.00011818110942840576
6.57	0.00011710450053215027
6.58	0.00011589378118515015
6.59	0.00011502951383590698
6.6	0.00011413544416427612
6.61	0.00011314451694488525
6.62	0.00011208280920982361
6.63	0.00011081621050834656
6.64	0.00010972842574119568
6.65	0.00010874122381210327
6.66	0.00010802224278450012
6.67	0.00010713189840316772
6.68	0.00010604783892631531
6.69	0.00010491535067558289
6.7	0.00010378658771514893
6.71	0.00010285526514053345
6.72	0.00010200962424278259
6.73	0.00010131672024726868
6.74	0.00010045990347862244
6.75	9.943917393684387e-05
6.76	9.831786155700684e-05
6.77	9.729340672492981e-05
6.78	9.64924693107605e-05
6.79	9.577721357345581e-05
6.8	9.506568312644958e-05
6.81	9.416043758392334e-05
6.82	9.318813681602478e-05
6.83	9.216740727424622e-05
6.84	9.130686521530151e-05
6.85	9.057298302650452e-05
6.86	8.998438715934753e-05
6.87	8.920207619667053e-05
6.88	8.830800652503967e-05
6.89	8.73766839504242e-05
6.9	8.64081084728241e-05
6.91	8.568167686462402e-05
6.92	8.50185751914978e-05
6.93	8.440390229225159e-05
6.94	8.353963494300842e-05
6.95	8.266419172286987e-05
6.96	8.184835314750671e-05
6.97	8.102878928184509e-05
6.98	8.032470941543579e-05
6.99	7.967278361320496e-05
7.0	7.899105548858643e-05
7.01	7.816404104232788e-05
7.02	7.732585072517395e-05
7.03	7.662549614906311e-05
7.04	7.603317499160767e-05
7.05	7.526576519012451e-05
7.06	7.455423474311829e-05
7.07	7.386505603790283e-05
7.08	7.303431630134583e-05
7.09	7.247552275657654e-05
7.1	7.181614637374878e-05
7.11	7.123500108718872e-05
7.12	7.044151425361633e-05
7.13	6.969273090362549e-05
7.14	6.894022226333618e-05
7.15	6.826594471931458e-05
7.16	6.778910756111145e-05
7.17	6.725266575813293e-05
7.18	6.666034460067749e-05
7.19	6.590038537979126e-05
7.2	6.522238254547119e-05
7.21	6.449967622756958e-05
7.22	6.400793790817261e-05
7.23	6.350502371788025e-05
7.24	6.293505430221558e-05
7.25	6.233900785446167e-05
7.26	6.156414747238159e-05
7.27	6.095319986343384e-05
7.28	6.0301274061203e-05
7.29	5.994364619255066e-05
7.3	5.9448182582855225e-05
7.31	5.8904290199279785e-05
7.32	5.824863910675049e-05
7.33	5.751848220825195e-05
7.34	5.700066685676575e-05
7.35	5.6508928537368774e-05
7.36	5.609169602394104e-05
7.37	5.553290247917175e-05
7.38	5.500763654708862e-05
7.39	5.43445348739624e-05
7.4	5.3707510232925415e-05
7.41	5.329027771949768e-05
7.42	5.284696817398071e-05
7.43	5.240738391876221e-05
7.44	5.181506276130676e-05
7.45	5.127117037773132e-05
7.46	5.066767334938049e-05
7.47	5.0164759159088135e-05
7.48	4.968792200088501e-05
7.49	4.931539297103882e-05
7.5	4.881620407104492e-05
7.51	4.829093813896179e-05
7.52	4.775822162628174e-05
7.53	4.7285109758377075e-05
7.54	4.690885543823242e-05
7.55	4.637613892555237e-05
7.56	4.5958906412124634e-05
7.57	4.5415014028549194e-05
7.58	4.495680332183838e-05
7.59	4.453584551811218e-05
7.6	4.4148415327072144e-05
7.61	4.375725984573364e-05
7.62	4.328042268753052e-05
7.63	4.275515675544739e-05
7.64	4.2244791984558105e-05
7.65	4.186108708381653e-05
7.66	4.155188798904419e-05
7.67	4.121661186218262e-05
7.68	4.084780812263489e-05
7.69	4.038587212562561e-05
7.7	3.980472683906555e-05
7.71	3.933906555175781e-05
7.72	3.898516297340393e-05
7.73	3.868713974952698e-05
7.74	3.8389116525650024e-05
7.75	3.797560930252075e-05
7.76	3.748759627342224e-05
7.77	3.696233034133911e-05
7.78	3.658980131149292e-05
7.79	3.628060221672058e-05
7.8	3.606453537940979e-05
7.81	3.575533628463745e-05
7.82	3.5293400287628174e-05
7.83	3.483518958091736e-05
7.84	3.4403055906295776e-05
7.85	3.4086406230926514e-05
7.86	3.382563591003418e-05
7.87	3.3602118492126465e-05
7.88	3.3251941204071045e-05
7.89	3.279745578765869e-05
7.9	3.24249267578125e-05
7.91	3.207474946975708e-05
7.92	3.1869858503341675e-05
7.93	3.155320882797241e-05
7.94	3.129243850708008e-05
7.95	3.090128302574158e-05
7.96	3.057718276977539e-05
7.97	3.026425838470459e-05
7.98	2.9996037483215332e-05
7.99	2.977624535560608e-05
8.0	2.942979335784912e-05
8.01	2.9131770133972168e-05
8.02	2.8811395168304443e-05
8.03	2.8517097234725952e-05
8.04	2.8304755687713623e-05
8.05	2.7976930141448975e-05
8.06	2.7727335691452026e-05
8.07	2.7399510145187378e-05
8.08	2.7138739824295044e-05
8.09	2.684071660041809e-05
8.1	2.6609748601913452e-05
8.11	2.6397407054901123e-05
8.12	2.6073306798934937e-05
8.13	2.571195363998413e-05
8.14	2.5443732738494873e-05
8.15	2.5175511837005615e-05
8.16	2.4959444999694824e-05
8.17	2.4780631065368652e-05
8.18	2.4527311325073242e-05
8.19	2.4259090423583984e-05
8.2	2.386048436164856e-05
8.21	2.354755997657776e-05
8.22	2.3305416107177734e-05
8.23	2.314150333404541e-05
8.24	2.2958964109420776e-05
8.25	2.2705644369125366e-05
8.26	2.2392719984054565e-05
8.27	2.2027641534805298e-05
8.28	2.1774321794509888e-05
8.29	2.1580606698989868e-05
8.3	2.1435320377349854e-05
8.31	2.125278115272522e-05
8.32	2.0984560251235962e-05
8.33	2.0675361156463623e-05
8.34	2.0403414964675903e-05
8.35	2.0191073417663574e-05
8.36	2.0038336515426636e-05
8.37	1.993030309677124e-05
8.38	1.971423625946045e-05
8.39	1.948326826095581e-05
8.4	1.924857497215271e-05
8.41	1.9069761037826538e-05
8.42	1.8849968910217285e-05
8.43	1.8734484910964966e-05
8.44	1.8600374460220337e-05
8.45	1.8361955881118774e-05
8.46	1.8209218978881836e-05
8.47	1.798197627067566e-05
8.48	1.7862766981124878e-05
8.49	1.7676502466201782e-05
8.5	1.7512589693069458e-05
8.51	1.73225998878479e-05
8.52	1.7140060663223267e-05
8.53	1.6987323760986328e-05
8.54	1.683831214904785e-05
8.55	1.6685575246810913e-05
8.56	1.6517937183380127e-05
8.57	1.633167266845703e-05
8.58	1.6119331121444702e-05
8.59	1.597777009010315e-05
8.6	1.5791505575180054e-05
8.61	1.5698373317718506e-05
8.62	1.5515834093093872e-05
8.63	1.531466841697693e-05
8.64	1.5147030353546143e-05
8.65	1.49458646774292e-05
8.66	1.483038067817688e-05
8.67	1.4685094356536865e-05
8.68	1.4573335647583008e-05
8.69	1.4346092939376831e-05
8.7	1.4122575521469116e-05
8.71	1.3925135135650635e-05
8.72	1.3738870620727539e-05
8.73	1.3656914234161377e-05
8.74	1.3548880815505981e-05
8.75	1.341104507446289e-05
8.76	1.3206154108047485e-05
8.77	1.2978911399841309e-05
8.78	1.2800097465515137e-05
8.79	1.2665987014770508e-05
8.8	1.2602657079696655e-05
8.81	1.2446194887161255e-05
8.82	1.2330710887908936e-05
8.83	1.2140721082687378e-05
8.84	1.1958181858062744e-05
8.85	1.1816620826721191e-05
8.86	1.1753290891647339e-05
8.87	1.1675059795379639e-05
8.88	1.1518597602844238e-05
8.89	1.1373311281204224e-05
8.9	1.1198222637176514e-05
8.91	1.1071562767028809e-05
8.92	1.093745231628418e-05
8.93	1.0862946510314941e-05
8.94	1.0777264833450317e-05
8.95	1.0669231414794922e-05
8.96	1.0527670383453369e-05
8.97	1.0386109352111816e-05
8.98	1.0292977094650269e-05
8.99	1.0188668966293335e-05
9.0	1.0065734386444092e-05
9.01	9.961426258087158e-06
9.02	9.842216968536377e-06
9.03	9.737908840179443e-06
9.04	9.637326002120972e-06
9.05	9.5367431640625e-06
9.06	9.465962648391724e-06
9.07	9.331852197647095e-06
9.08	9.197741746902466e-06
9.09	9.085983037948608e-06
9.1	8.99285078048706e-06
9.11	8.940696716308594e-06
9.12	8.83638858795166e-06
9.13	8.724629878997803e-06
9.14	8.597970008850098e-06
9.15	8.456408977508545e-06
9.16	8.381903171539307e-06
9.17	8.299946784973145e-06
9.18	8.247792720794678e-06
9.19	8.147209882736206e-06
9.2	8.005648851394653e-06
9.21	7.856637239456177e-06
9.22	7.782131433486938e-06
9.23	7.718801498413086e-06
9.24	7.674098014831543e-06
9.25	7.595866918563843e-06
9.26	7.506459951400757e-06
9.27	7.35744833946228e-06
9.28	7.238239049911499e-06
9.29	7.204711437225342e-06
9.3	7.1302056312561035e-06
9.31	7.0855021476745605e-06
9.32	6.973743438720703e-06
9.33	6.888061761856079e-06
9.34	6.765127182006836e-06
9.35	6.683170795440674e-06
9.36	6.645917892456055e-06
9.37	6.590038537979126e-06
9.38	6.537884473800659e-06
9.39	6.426125764846802e-06
9.4	6.32554292678833e-06
9.41	6.239861249923706e-06
9.42	6.161630153656006e-06
9.43	6.113201379776001e-06
9.44	6.061047315597534e-06
9.45	6.0051679611206055e-06
9.46	5.908310413360596e-06
9.47	5.841255187988281e-06
9.48	5.774199962615967e-06
9.49	5.7220458984375e-06
9.5	5.640089511871338e-06
9.51	5.587935447692871e-06
9.52	5.505979061126709e-06
9.53	5.446374416351318e-06
9.54	5.401670932769775e-06
9.55	5.334615707397461e-06
9.56	5.301088094711304e-06
9.57	5.19677996635437e-06
9.58	5.133450031280518e-06
9.59	5.073845386505127e-06
9.6	5.017966032028198e-06
9.61	4.995614290237427e-06
9.62	4.939734935760498e-06
9.63	4.872679710388184e-06
9.64	4.7869980335235596e-06
9.65	4.716217517852783e-06
9.66	4.652887582778931e-06
9.67	4.6193599700927734e-06
9.68	4.59328293800354e-06
9.69	4.544854164123535e-06
9.7	4.459172487258911e-06
9.71	4.395842552185059e-06
9.72	4.336237907409668e-06
9.73	4.298985004425049e-06
9.74	4.2729079723358154e-06
9.75	4.239380359649658e-06
9.76	4.198402166366577e-06
9.77	4.101544618606567e-06
9.78	4.023313522338867e-06
9.79	3.98978590965271e-06
9.8	3.959983587265015e-06
9.81	3.933906555175781e-06
9.82	3.896653652191162e-06
9.83	3.848224878311157e-06
9.84	3.769993782043457e-06
9.85	3.7178397178649902e-06
9.86	3.676861524581909e-06
9.87	3.647059202194214e-06
9.88	3.6135315895080566e-06
9.89	3.5688281059265137e-06
9.9	3.4943222999572754e-06
9.91	3.460794687271118e-06
9.92	3.423541784286499e-06
9.93	3.3974647521972656e-06
9.94	3.3713877201080322e-06
9.95	3.337860107421875e-06
9.96	3.2819807529449463e-06
9.97	3.2335519790649414e-06
9.98	3.214925527572632e-06
9.99	3.170222043991089e-06
10.0	3.1329691410064697e-06
10.01	3.11434268951416e-06
10.02	3.0659139156341553e-06
10.03	3.032386302947998e-06
10.04	2.998858690261841e-06
10.05	2.983957529067993e-06
10.06	2.950429916381836e-06
10.07	2.8833746910095215e-06
10.08	2.8312206268310547e-06
10.09	2.7939677238464355e-06
10.1	2.771615982055664e-06
10.11	2.7529895305633545e-06
10.12	2.726912498474121e-06
10.13	2.6971101760864258e-06
10.14	2.6337802410125732e-06
10.15	2.5704503059387207e-06
10.16	2.5443732738494873e-06
10.17	2.518296241760254e-06
10.18	2.514570951461792e-06
10.19	2.4847686290740967e-06
10.2	2.4177134037017822e-06
10.21	2.387911081314087e-06
10.22	2.33575701713562e-06
10.23	2.3171305656433105e-06
10.24	2.298504114151001e-06
10.25	2.2873282432556152e-06
10.26	2.25752592086792e-06
10.27	2.175569534301758e-06
10.28	2.1532177925109863e-06
10.29	2.1010637283325195e-06
10.3	2.1010637283325195e-06
10.31	2.089887857437134e-06
10.32	2.0675361156463623e-06
10.33	2.030283212661743e-06
10.34	1.9706785678863525e-06
10.35	1.948326826095581e-06
10.36	1.9222497940063477e-06
10.37	1.911073923110962e-06
10.38	1.8924474716186523e-06
10.39	1.8700957298278809e-06
10.4	1.8402934074401855e-06
10.41	1.8142163753509521e-06
10.42	1.8030405044555664e-06
10.43	1.7993152141571045e-06
10.44	1.780688762664795e-06
10.45	1.7546117305755615e-06
10.46	1.735985279083252e-06
10.47	1.7024576663970947e-06
10.48	1.695007085800171e-06
10.49	1.6652047634124756e-06
10.5	1.6540288925170898e-06
10.51	1.6316771507263184e-06
10.52	1.6093254089355469e-06
10.53	1.5869736671447754e-06
10.54	1.564621925354004e-06
10.55	1.5534460544586182e-06
10.56	1.5310943126678467e-06
10.57	1.5124678611755371e-06
10.58	1.471489667892456e-06
10.59	1.4565885066986084e-06
10.6	1.4379620552062988e-06
10.61	1.4230608940124512e-06
10.62	1.4007091522216797e-06
10.63	1.389533281326294e-06
10.64	1.3634562492370605e-06
10.65	1.3075768947601318e-06
10.66	1.2889504432678223e-06
10.67	1.2740492820739746e-06
10.68	1.2703239917755127e-06
10.69	1.2516975402832031e-06
10.7	1.218169927597046e-06
10.71	1.1920928955078125e-06
10.72	1.1585652828216553e-06
10.73	1.1362135410308838e-06
10.74	1.125037670135498e-06
10.75	1.125037670135498e-06
10.76	1.0952353477478027e-06
10.77	1.0542571544647217e-06
10.78	1.0356307029724121e-06
10.79	1.0244548320770264e-06
10.8	1.0170042514801025e-06
10.81	1.0132789611816406e-06
10.82	1.0095536708831787e-06
10.83	9.797513484954834e-07
10.84	9.611248970031738e-07
10.85	9.424984455108643e-07
10.86	9.387731552124023e-07
10.87	9.313225746154785e-07
10.88	9.275972843170166e-07
10.89	9.126961231231689e-07
10.9	9.08970832824707e-07
10.91	9.052455425262451e-07
10.92	8.977949619293213e-07
10.93	8.940696716308594e-07
10.94	8.866190910339355e-07
10.95	8.717179298400879e-07
10.96	8.568167686462402e-07
10.97	8.493661880493164e-07
10.98	8.419156074523926e-07
10.99	8.344650268554688e-07
11.0	8.307397365570068e-07
11.01	8.23289155960083e-07
11.02	8.121132850646973e-07
11.03	8.009374141693115e-07
11.04	7.972121238708496e-07
11.05	7.897615432739258e-07
11.06	7.860362529754639e-07
11.07	7.711350917816162e-07
11.08	7.525086402893066e-07
11.09	7.37607479095459e-07
11.1	7.301568984985352e-07
11.11	7.264316082000732e-07
11.12	7.152557373046875e-07
11.13	7.115304470062256e-07
11.14	6.92903995513916e-07
11.15	6.631016731262207e-07
11.16	6.593763828277588e-07
11.17	6.48200511932373e-07
11.18	6.48200511932373e-07
11.19	6.332993507385254e-07
11.2	6.221234798431396e-07
11.21	6.07222318649292e-07
11.22	5.885958671569824e-07
11.23	5.774199962615967e-07
11.24	5.736947059631348e-07
11.25	5.736947059631348e-07
11.26	5.587935447692871e-07
11.27	5.438923835754395e-07
11.28	5.364418029785156e-07
11.29	5.289912223815918e-07
11.3	5.21540641784668e-07
11.31	5.21540641784668e-07
11.32	5.178153514862061e-07
11.33	5.103647708892822e-07
11.34	5.029141902923584e-07
11.35	4.880130290985107e-07
11.36	4.805624485015869e-07
11.37	4.805624485015869e-07
11.38	4.805624485015869e-07
11.39	4.76837158203125e-07
11.4	4.76837158203125e-07
11.41	4.6938657760620117e-07
11.42	4.5821070671081543e-07
11.43	4.544854164123535e-07
11.44	4.470348358154297e-07
11.45	4.3958425521850586e-07
11.46	4.3958425521850586e-07
11.47	4.3213367462158203e-07
11.48	4.246830940246582e-07
11.49	4.246830940246582e-07
11.5	4.246830940246582e-07
11.51	4.172325134277344e-07
11.52	4.023313522338867e-07
11.53	3.986060619354248e-07
11.54	3.91155481338501e-07
11.55	3.91155481338501e-07
11.56	3.91155481338501e-07
11.57	3.7997961044311523e-07
11.58	3.7997961044311523e-07
11.59	3.650784492492676e-07
11.6	3.6135315895080566e-07
11.61	3.6135315895080566e-07
11.62	3.6135315895080566e-07
11.63	3.6135315895080566e-07
11.64	3.390014171600342e-07
11.65	3.2782554626464844e-07
11.66	3.203749656677246e-07
11.67	3.203749656677246e-07
11.68	3.203749656677246e-07
11.69	3.166496753692627e-07
11.7	3.166496753692627e-07
11.71	3.0547380447387695e-07
11.72	2.868473529815674e-07
11.73	2.868473529815674e-07
11.74	2.8312206268310547e-07
11.75	2.8312206268310547e-07
11.76	2.8312206268310547e-07
11.77	2.682209014892578e-07
11.78	2.682209014892578e-07
11.79	2.5704503059387207e-07
11.8	2.5704503059387207e-07
11.81	2.5331974029541016e-07
11.82	2.5331974029541016e-07
11.83	2.5331974029541016e-07
11.84	2.384185791015625e-07
11.85	2.3469328880310059e-07
11.86	2.2351741790771484e-07
11.87	2.2351741790771484e-07
11.88	2.2351741790771484e-07
11.89	2.2351741790771484e-07
11.9	2.1979212760925293e-07
11.91	2.123415470123291e-07
11.92	2.086162567138672e-07
11.93	2.0116567611694336e-07
11.94	1.9744038581848145e-07
11.95	1.9371509552001953e-07
11.96	1.8998980522155762e-07
11.97	1.862645149230957e-07
11.98	1.825392246246338e-07
11.99	1.825392246246338e-07
12.0	1.825392246246338e-07
12.01	1.7881393432617188e-07
12.02	1.7136335372924805e-07
12.03	1.6763806343078613e-07
12.04	1.6763806343078613e-07
12.05	1.6763806343078613e-07
12.06	1.6763806343078613e-07
12.07	1.564621925354004e-07
12.08	1.564621925354004e-07
12.09	1.5273690223693848e-07
12.1	1.4528632164001465e-07
12.11	1.4528632164001465e-07
12.12	1.4528632164001465e-07
12.13	1.4528632164001465e-07
12.14	1.341104507446289e-07
12.15	1.30385160446167e-07
12.16	1.2665987014770508e-07
12.17	1.2293457984924316e-07
12.18	1.2293457984924316e-07
12.19	1.1920928955078125e-07
12.2	1.1920928955078125e-07
12.21	1.1548399925231934e-07
12.22	1.1175870895385742e-07
12.23	1.0803341865539551e-07
12.24	1.0803341865539551e-07
12.25	1.0803341865539551e-07
12.26	1.043081283569336e-07
12.27	1.0058283805847168e-07
12.28	9.685754776000977e-08
12.29	9.685754776000977e-08
12.3	9.313225746154785e-08
12.31	9.313225746154785e-08
12.32	9.313225746154785e-08
12.33	8.940696716308594e-08
12.34	8.568167686462402e-08
12.35	8.568167686462402e-08
12.36	8.568167686462402e-08
12.37	8.568167686462402e-08
12.38	8.568167686462402e-08
12.39	8.568167686462402e-08
12.4	7.82310962677002e-08
12.41	7.82310962677002e-08
12.42	7.82310962677002e-08
12.43	7.82310962677002e-08
12.44	7.82310962677002e-08
12.45	7.82310962677002e-08
12.46	7.82310962677002e-08
12.47	7.82310962677002e-08
12.48	7.82310962677002e-08
12.49	7.82310962677002e-08
12.5	7.82310962677002e-08
12.51	7.82310962677002e-08
12.52	7.450580596923828e-08
12.53	7.078051567077637e-08
12.54	7.078051567077637e-08
12.55	7.078051567077637e-08
12.56	7.078051567077637e-08
12.57	7.078051567077637e-08
12.58	7.078051567077637e-08
12.59	7.078051567077637e-08
12.6	6.332993507385254e-08
12.61	6.332993507385254e-08
12.62	6.332993507385254e-08
12.63	6.332993507385254e-08
12.64	6.332993507385254e-08
12.65	5.960464477539063e-08
12.66	5.960464477539063e-08
12.67	5.587935447692871e-08
12.68	5.587935447692871e-08
12.69	5.587935447692871e-08
12.7	5.587935447692871e-08
12.71	5.587935447692871e-08
12.72	4.842877388000488e-08
12.73	4.842877388000488e-08
12.74	4.842877388000488e-08
12.75	4.842877388000488e-08
12.76	4.842877388000488e-08
12.77	4.842877388000488e-08
12.78	4.842877388000488e-08
12.79	4.470348358154297e-08
12.8	4.470348358154297e-08
12.81	4.470348358154297e-08
12.82	4.470348358154297e-08
12.83	4.470348358154297e-08
12.84	4.470348358154297e-08
12.85	4.470348358154297e-08
12.86	4.470348358154297e-08
12.87	4.470348358154297e-08
12.88	4.470348358154297e-08
12.89	4.470348358154297e-08
12.9	4.470348358154297e-08
12.91	4.470348358154297e-08
12.92	4.470348358154297e-08
12.93	4.470348358154297e-08
12.94	4.470348358154297e-08
12.95	4.470348358154297e-08
12.96	4.470348358154297e-08
12.97	4.470348358154297e-08
12.98	4.470348358154297e-08
12.99	4.470348358154297e-08
13.0	4.470348358154297e-08
13.01	4.470348358154297e-08
13.02	4.0978193283081055e-08
13.03	4.0978193283081055e-08
13.04	4.0978193283081055e-08
13.05	4.0978193283081055e-08
13.06	4.0978193283081055e-08
13.07	4.0978193283081055e-08
13.08	4.0978193283081055e-08
13.09	3.3527612686157227e-08
13.1	3.3527612686157227e-08
13.11	3.3527612686157227e-08
13.12	3.3527612686157227e-08
13.13	3.3527612686157227e-08
13.14	2.9802322387695312e-08
13.15	2.9802322387695312e-08
13.16	2.60770320892334e-08
13.17	2.60770320892334e-08
13.18	2.60770320892334e-08
13.19	2.60770320892334e-08
13.2	2.60770320892334e-08
13.21	1.862645149230957e-08
13.22	1.862645149230957e-08
13.23	1.862645149230957e-08
13.24	1.862645149230957e-08
13.25	1.862645149230957e-08
13.26	1.862645149230957e-08
13.27	1.862645149230957e-08
13.28	1.4901161193847656e-08
13.29	1.4901161193847656e-08
13.3	1.4901161193847656e-08
13.31	1.4901161193847656e-08
13.32	1.4901161193847656e-08
13.33	1.4901161193847656e-08
13.34	1.4901161193847656e-08
13.35	1.4901161193847656e-08
13.36	1.4901161193847656e-08
13.37	1.4901161193847656e-08
13.38	1.4901161193847656e-08
13.39	1.4901161193847656e-08
13.4	1.4901161193847656e-08
13.41	1.4901161193847656e-08
13.42	1.4901161193847656e-08
13.43	1.4901161193847656e-08
13.44	1.4901161193847656e-08
13.45	1.4901161193847656e-08
13.46	1.4901161193847656e-08
13.47	1.4901161193847656e-08
13.48	1.4901161193847656e-08
13.49	1.4901161193847656e-08
13.5	1.4901161193847656e-08
13.51	1.4901161193847656e-08
13.52	1.1175870895385742e-08
13.53	1.1175870895385742e-08
13.54	1.1175870895385742e-08
13.55	1.1175870895385742e-08
13.56	1.1175870895385742e-08
13.57	1.1175870895385742e-08
13.58	1.1175870895385742e-08
13.59	7.450580596923828e-09
13.6	7.450580596923828e-09
13.61	7.450580596923828e-09
13.62	7.450580596923828e-09
13.63	7.450580596923828e-09
13.64	3.725290298461914e-09
13.65	3.725290298461914e-09
13.66	3.725290298461914e-09
13.67	3.725290298461914e-09
13.68	3.725290298461914e-09
13.69	3.725290298461914e-09
13.7	3.725290298461914e-09
13.71	0.0
