5.06	0.0005023479461669922
5.07	0.000496983528137207
5.08	0.0004949718713760376
5.09	0.000489354133605957
5.1	0.00048007071018218994
5.11	0.0004751831293106079
5.12	0.00047050416469573975
5.13	0.00046469271183013916
5.14	0.00046168267726898193
5.15	0.00045780837535858154
5.16	0.0004550665616989136
5.17	0.0004518777132034302
5.18	0.0004503875970840454
5.19	0.0004449784755706787
5.2	0.00043876469135284424
5.21	0.0004330277442932129
5.22	0.0004247725009918213
5.23	0.00042079389095306396
5.24	0.00041644275188446045
5.25	0.0004120469093322754
5.26	0.0004086494445800781
5.27	0.0004044771194458008
5.28	0.00040081143379211426
5.29	0.0003956258296966553
5.3	0.0003928542137145996
5.31	0.0003880113363265991
5.32	0.00038199126720428467
5.33	0.0003776252269744873
5.34	0.000372275710105896
5.35	0.0003708004951477051
5.36	0.00036776065826416016
5.37	0.00036659836769104004
5.38	0.0003636479377746582
5.39	0.00036028027534484863
5.4	0.00035731494426727295
5.41	0.00035250186920166016
5.42	0.00034746527671813965
5.43	0.00034350156784057617
5.44	0.00033798813819885254
5.45	0.00033587217330932617
5.46	0.00033257901668548584
5.47	0.00033038854598999023
5.48	0.00032730400562286377
5.49	0.00032466650009155273
5.5	0.00032144784927368164
5.51	0.0003156214952468872
5.52	0.0003124922513961792
5.53	0.000307425856590271
5.54	0.00030376017093658447
5.55	0.0003003627061843872
5.56	0.0002968311309814453
5.57	0.0002934485673904419
5.58	0.00029169023036956787
5.59	0.0002896040678024292
5.6	0.0002856254577636719
5.61	0.0002823770046234131
5.62	0.0002799183130264282
5.63	0.00027476251125335693
5.64	0.00027304887771606445
5.65	0.0002693086862564087
5.66	0.0002680569887161255
5.67	0.00026522576808929443
5.68	0.0002643018960952759
5.69	0.00026232004165649414
5.7	0.00025998055934906006
5.71	0.0002575516700744629
5.72	0.0002547949552536011
5.73	0.0002509206533432007
5.74	0.00024771690368652344
5.75	0.00024324655532836914
5.76	0.0002422034740447998
5.77	0.00023858249187469482
5.78	0.00023792684078216553
5.79	0.0002346336841583252
5.8	0.00023151934146881104
5.81	0.00022937357425689697
5.82	0.00022618472576141357
5.83	0.0002227574586868286
5.84	0.0002193748950958252
5.85	0.000216752290725708
5.86	0.0002136826515197754
5.87	0.00021186470985412598
5.88	0.00021117925643920898
5.89	0.00020851194858551025
5.9	0.0002072751522064209
5.91	0.0002050548791885376
5.92	0.00020271539688110352
5.93	0.00020104646682739258
5.94	0.00019772350788116455
5.95	0.00019609928131103516
5.96	0.00019279122352600098
5.97	0.0001922696828842163
5.98	0.00019009411334991455
5.99	0.00018902122974395752
6.0	0.0001881420612335205
6.01	0.00018633902072906494
6.02	0.00018431246280670166
6.03	0.0001825094223022461
6.04	0.00017933547496795654
6.05	0.0001769810914993286
6.06	0.00017414987087249756
6.07	0.0001731663942337036
6.08	0.00016967952251434326
6.09	0.00016930699348449707
6.1	0.0001677870750427246
6.11	0.00016516447067260742
6.12	0.00016325712203979492
6.13	0.00016076862812042236
6.14	0.00015842914581298828
6.15	0.00015641748905181885
6.16	0.00015427172183990479
6.17	0.00015228986740112305
6.18	0.00015091896057128906
6.19	0.0001504272222518921
6.2	0.00014890730381011963
6.21	0.00014822185039520264
6.22	0.0001471787691116333
6.23	0.0001453608274459839
6.24	0.00014394521713256836
6.25	0.0001420527696609497
6.26	0.0001408904790878296
6.27	0.00013884902000427246
6.28	0.00013819336891174316
6.29	0.00013737380504608154
6.3	0.000135764479637146
6.31	0.0001348555088043213
6.32	0.0001334547996520996
6.33	0.00013175606727600098
6.34	0.00013040006160736084
6.35	0.00012803077697753906
6.36	0.00012621283531188965
6.37	0.00012375414371490479
6.38	0.00012318789958953857
6.39	0.00012084841728210449
6.4	0.0001201927661895752
6.41	0.00011971592903137207
6.42	0.00011816620826721191
6.43	0.00011712312698364258
6.44	0.00011529028415679932
6.45	0.00011365115642547607
6.46	0.000112190842628479
6.47	0.00011070072650909424
6.48	0.00010989606380462646
6.49	0.00010885298252105713
6.5	0.00010818243026733398
6.51	0.00010722875595092773
6.52	0.00010642409324645996
6.53	0.00010557472705841064
6.54	0.00010420382022857666
6.55	0.00010335445404052734
6.56	0.00010222196578979492
6.57	0.00010150671005249023
6.58	0.000100746750831604
6.59	9.943544864654541e-05
6.6	9.882450103759766e-05
6.61	9.79304313659668e-05
6.62	9.72747802734375e-05
6.63	9.649991989135742e-05
6.64	9.512901306152344e-05
6.65	9.338557720184326e-05
6.66	9.182095527648926e-05
6.67	9.039044380187988e-05
6.68	8.83936882019043e-05
6.69	8.80509614944458e-05
6.7	8.685886859893799e-05
6.71	8.612871170043945e-05
6.72	8.541345596313477e-05
6.73	8.463859558105469e-05
6.74	8.387863636016846e-05
6.75	8.29547643661499e-05
6.76	8.203089237213135e-05
6.77	8.082389831542969e-05
6.78	8.01384449005127e-05
6.79	7.984042167663574e-05
6.8	7.902085781097412e-05
6.81	7.87973403930664e-05
6.82	7.763504981994629e-05
6.83	7.684528827667236e-05
6.84	7.584691047668457e-05
6.85	7.487833499908447e-05
6.86	7.416307926177979e-05
6.87	7.30752944946289e-05
6.88	7.225573062896729e-05
6.89	7.164478302001953e-05
6.9	7.089972496032715e-05
6.91	7.061660289764404e-05
6.92	6.99162483215332e-05
6.93	6.935000419616699e-05
6.94	6.842613220214844e-05
6.95	6.757676601409912e-05
6.96	6.638467311859131e-05
6.97	6.525218486785889e-05
6.98	6.471574306488037e-05
6.99	6.330013275146484e-05
7.0	6.26593828201294e-05
7.01	6.203353404998779e-05
7.02	6.154179573059082e-05
7.03	6.0811638832092285e-05
7.04	6.027519702911377e-05
7.05	5.958974361419678e-05
7.06	5.856156349182129e-05
7.07	5.8203935623168945e-05
7.08	5.754828453063965e-05
7.09	5.6803226470947266e-05
7.1	5.657970905303955e-05
7.11	5.607306957244873e-05
7.12	5.589425563812256e-05
7.13	5.5402517318725586e-05
7.14	5.504488945007324e-05
7.15	5.418062210083008e-05
7.16	5.2928924560546875e-05
7.17	5.219876766204834e-05
7.18	5.120038986206055e-05
7.19	5.041062831878662e-05
7.2	5.0261616706848145e-05
7.21	4.938244819641113e-05
7.22	4.915893077850342e-05
7.23	4.857778549194336e-05
7.24	4.814565181732178e-05
7.25	4.7519803047180176e-05
7.26	4.70280647277832e-05
7.27	4.635751247406006e-05
7.28	4.5359134674072266e-05
7.29	4.488229751586914e-05
7.3	4.419684410095215e-05
7.31	4.3720006942749023e-05
7.32	4.348158836364746e-05
7.33	4.3138861656188965e-05
7.34	4.287064075469971e-05
7.35	4.234910011291504e-05
7.36	4.2125582695007324e-05
7.37	4.121661186218262e-05
7.38	4.042685031890869e-05
7.39	3.978610038757324e-05
7.4	3.905594348907471e-05
7.41	3.896653652191162e-05
7.42	3.88026237487793e-05
7.43	3.851950168609619e-05
7.44	3.840029239654541e-05
7.45	3.7997961044311523e-05
7.46	3.7357211112976074e-05
7.47	3.65525484085083e-05
7.48	3.604590892791748e-05
7.49	3.546476364135742e-05
7.5	3.451108932495117e-05
7.51	3.4242868423461914e-05
7.52	3.343820571899414e-05
7.53	3.330409526824951e-05
7.54	3.3095479011535645e-05
7.55	3.2782554626464844e-05
7.56	3.254413604736328e-05
7.57	3.2007694244384766e-05
7.58	3.1501054763793945e-05
7.59	3.0934810638427734e-05
7.6	3.045797348022461e-05
7.61	3.032386302947998e-05
7.62	2.9742717742919922e-05
7.63	2.9593706130981445e-05
7.64	2.9489398002624512e-05
7.65	2.9414892196655273e-05
7.66	2.905726432800293e-05
7.67	2.8848648071289062e-05
7.68	2.8312206268310547e-05
7.69	2.7418136596679688e-05
7.7	2.7045607566833496e-05
7.71	2.6687979698181152e-05
7.72	2.6017427444458008e-05
7.73	2.5838613510131836e-05
7.74	2.549588680267334e-05
7.75	2.5346875190734863e-05
7.76	2.5019049644470215e-05
7.77	2.4944543838500977e-05
7.78	2.4616718292236328e-05
7.79	2.403557300567627e-05
7.8	2.346932888031006e-05
7.81	2.2858381271362305e-05
7.82	2.2605061531066895e-05
7.83	2.232193946838379e-05
7.84	2.2009015083312988e-05
7.85	2.1845102310180664e-05
7.86	2.162158489227295e-05
7.87	2.1412968635559082e-05
7.88	2.1010637283325195e-05
7.89	2.0876526832580566e-05
7.9	2.065300941467285e-05
7.91	2.0176172256469727e-05
7.92	1.9982457160949707e-05
7.93	1.946091651916504e-05
7.94	1.9416213035583496e-05
7.95	1.932680606842041e-05
7.96	1.926720142364502e-05
7.97	1.9147992134094238e-05
7.98	1.8864870071411133e-05
7.99	1.8715858459472656e-05
8.0	1.817941665649414e-05
8.01	1.7702579498291016e-05
8.02	1.7374753952026367e-05
8.03	1.677870750427246e-05
8.04	1.6644597053527832e-05
8.05	1.633167266845703e-05
8.06	1.621246337890625e-05
8.07	1.5988945960998535e-05
8.08	1.5869736671447754e-05
8.09	1.5676021575927734e-05
8.1	1.519918441772461e-05
8.11	1.5020370483398438e-05
8.12	1.4677643775939941e-05
8.13	1.4483928680419922e-05
8.14	1.4320015907287598e-05
8.15	1.4141201972961426e-05
8.16	1.3932585716247559e-05
8.17	1.3887882232666016e-05
8.18	1.3768672943115234e-05
8.19	1.3574957847595215e-05
8.2	1.3425946235656738e-05
8.21	1.3202428817749023e-05
8.22	1.284480094909668e-05
8.23	1.2770295143127441e-05
8.24	1.2516975402832031e-05
8.25	1.245737075805664e-05
8.26	1.2233853340148926e-05
8.27	1.2174248695373535e-05
8.28	1.2114644050598145e-05
8.29	1.1995434761047363e-05
8.3	1.1876225471496582e-05
8.31	1.1593103408813477e-05
8.32	1.1280179023742676e-05
8.33	1.1041760444641113e-05
8.34	1.0654330253601074e-05
8.35	1.055002212524414e-05
8.36	1.0251998901367188e-05
8.37	1.023709774017334e-05
8.38	1.0013580322265625e-05
8.39	9.819865226745605e-06
8.4	9.700655937194824e-06
8.41	9.5367431640625e-06
8.42	9.357929229736328e-06
8.43	9.179115295410156e-06
8.44	9.059906005859375e-06
8.45	8.89599323272705e-06
8.46	8.866190910339355e-06
8.47	8.83638858795166e-06
8.48	8.732080459594727e-06
8.49	8.687376976013184e-06
8.5	8.612871170043945e-06
8.51	8.52346420288086e-06
8.52	8.463859558105469e-06
8.53	8.180737495422363e-06
8.54	8.121132850646973e-06
8.55	7.838010787963867e-06
8.56	7.82310962677002e-06
8.57	7.614493370056152e-06
8.58	7.539987564086914e-06
8.59	7.525086402893066e-06
8.6	7.420778274536133e-06
8.61	7.316470146179199e-06
8.62	7.227063179016113e-06
8.63	6.988644599914551e-06
8.64	6.8694353103637695e-06
8.65	6.586313247680664e-06
8.66	6.556510925292969e-06
8.67	6.332993507385254e-06
8.68	6.332993507385254e-06
8.69	6.243586540222168e-06
8.7	6.109476089477539e-06
8.71	6.0051679611206055e-06
8.72	5.900859832763672e-06
8.73	5.781650543212891e-06
8.74	5.7220458984375e-06
8.75	5.632638931274414e-06
8.76	5.5283308029174805e-06
8.77	5.513429641723633e-06
8.78	5.498528480529785e-06
8.79	5.4836273193359375e-06
8.8	5.453824996948242e-06
8.81	5.4389238357543945e-06
8.82	5.349516868591309e-06
8.83	5.304813385009766e-06
8.84	5.21540641784668e-06
8.85	5.185604095458984e-06
8.86	4.9620866775512695e-06
8.87	4.9173831939697266e-06
8.88	4.902482032775879e-06
8.89	4.783272743225098e-06
8.9	4.753470420837402e-06
8.91	4.664063453674316e-06
8.92	4.5746564865112305e-06
8.93	4.500150680541992e-06
8.94	4.380941390991211e-06
8.95	4.26173210144043e-06
8.96	4.127621650695801e-06
8.97	4.112720489501953e-06
8.98	3.9637088775634766e-06
8.99	3.9637088775634766e-06
9.0	3.9637088775634766e-06
9.01	3.919005393981934e-06
9.02	3.874301910400391e-06
9.03	3.7997961044311523e-06
9.04	3.725290298461914e-06
9.05	3.6954879760742188e-06
9.06	3.6656856536865234e-06
9.07	3.635883331298828e-06
9.08	3.6209821701049805e-06
9.09	3.591179847717285e-06
9.1	3.5762786865234375e-06
9.11	3.5315752029418945e-06
9.12	3.5017728805541992e-06
9.13	3.4421682357788086e-06
9.14	3.4123659133911133e-06
9.15	3.382563591003418e-06
9.16	3.337860107421875e-06
9.17	3.3080577850341797e-06
9.18	3.2186508178710938e-06
9.19	3.1739473342895508e-06
9.2	3.129243850708008e-06
9.21	3.129243850708008e-06
9.22	3.084540367126465e-06
9.23	3.0249357223510742e-06
9.24	2.9355287551879883e-06
9.25	2.86102294921875e-06
9.26	2.7865171432495117e-06
9.27	2.682209014892578e-06
9.28	2.682209014892578e-06
9.29	2.60770320892334e-06
9.3	2.60770320892334e-06
9.31	2.592802047729492e-06
9.32	2.5779008865356445e-06
9.33	2.5480985641479492e-06
9.34	2.5480985641479492e-06
9.35	2.5033950805664062e-06
9.36	2.473592758178711e-06
9.37	2.473592758178711e-06
9.38	2.4586915969848633e-06
9.39	2.4586915969848633e-06
9.4	2.4437904357910156e-06
9.41	2.3990869522094727e-06
9.42	2.3543834686279297e-06
9.43	2.3096799850463867e-06
9.44	2.2798776626586914e-06
9.45	2.2351741790771484e-06
9.46	2.175569534301758e-06
9.47	2.130866050720215e-06
9.48	2.1010637283325195e-06
9.49	2.0712614059448242e-06
9.5	2.0563602447509766e-06
9.51	2.0116567611694336e-06
9.52	1.996755599975586e-06
9.53	1.952052116394043e-06
9.54	1.9371509552001953e-06
9.55	1.8924474716186523e-06
9.56	1.8477439880371094e-06
9.57	1.8477439880371094e-06
9.58	1.773238182067871e-06
9.59	1.773238182067871e-06
9.6	1.7434358596801758e-06
9.61	1.7434358596801758e-06
9.62	1.7136335372924805e-06
9.63	1.6987323760986328e-06
9.64	1.6689300537109375e-06
9.65	1.6391277313232422e-06
9.66	1.6391277313232422e-06
9.67	1.6093254089355469e-06
9.68	1.5944242477416992e-06
9.69	1.5795230865478516e-06
9.7	1.5795230865478516e-06
9.71	1.564621925354004e-06
9.72	1.5497207641601562e-06
9.73	1.5348196029663086e-06
9.74	1.4901161193847656e-06
9.75	1.4156103134155273e-06
9.76	1.385807991027832e-06
9.77	1.341104507446289e-06
9.78	1.3113021850585938e-06
9.79	1.3113021850585938e-06
9.8	1.2665987014770508e-06
9.81	1.2665987014770508e-06
9.82	1.2367963790893555e-06
9.83	1.2218952178955078e-06
9.84	1.1920928955078125e-06
9.85	1.1920928955078125e-06
9.86	1.1771917343139648e-06
9.87	1.1473894119262695e-06
9.88	1.1473894119262695e-06
9.89	1.1175870895385742e-06
9.9	1.1175870895385742e-06
9.91	1.1175870895385742e-06
9.92	1.1175870895385742e-06
9.93	1.1026859283447266e-06
9.94	1.087784767150879e-06
9.95	1.087784767150879e-06
9.96	1.043081283569336e-06
9.97	9.98377799987793e-07
9.98	9.685754776000977e-07
9.99	9.387731552124023e-07
10.0	9.387731552124023e-07
10.01	9.387731552124023e-07
10.02	9.238719940185547e-07
10.03	9.238719940185547e-07
10.04	9.08970832824707e-07
10.05	8.642673492431641e-07
10.06	8.344650268554688e-07
10.07	8.195638656616211e-07
10.08	7.897615432739258e-07
10.09	7.599592208862305e-07
10.1	7.599592208862305e-07
10.11	7.301568984985352e-07
10.12	7.301568984985352e-07
10.13	7.301568984985352e-07
10.14	7.301568984985352e-07
10.15	7.301568984985352e-07
10.16	7.152557373046875e-07
10.17	7.003545761108398e-07
10.18	6.854534149169922e-07
10.19	6.854534149169922e-07
10.2	6.854534149169922e-07
10.21	6.705522537231445e-07
10.22	6.705522537231445e-07
10.23	6.705522537231445e-07
10.24	6.705522537231445e-07
10.25	6.556510925292969e-07
10.26	6.407499313354492e-07
10.27	6.109476089477539e-07
10.28	5.662441253662109e-07
10.29	5.513429641723633e-07
10.3	5.364418029785156e-07
10.31	4.917383193969727e-07
10.32	4.917383193969727e-07
10.33	4.76837158203125e-07
10.34	4.76837158203125e-07
10.35	4.6193599700927734e-07
10.36	4.6193599700927734e-07
10.37	4.6193599700927734e-07
10.38	4.470348358154297e-07
10.39	4.172325134277344e-07
10.4	4.023313522338867e-07
10.41	4.023313522338867e-07
10.42	4.023313522338867e-07
10.43	4.023313522338867e-07
10.44	4.023313522338867e-07
10.45	4.023313522338867e-07
10.46	4.023313522338867e-07
10.47	3.8743019104003906e-07
10.48	3.8743019104003906e-07
10.49	3.8743019104003906e-07
10.5	3.725290298461914e-07
10.51	3.725290298461914e-07
10.52	3.427267074584961e-07
10.53	3.427267074584961e-07
10.54	3.427267074584961e-07
10.55	3.427267074584961e-07
10.56	3.427267074584961e-07
10.57	3.2782554626464844e-07
10.58	3.2782554626464844e-07
10.59	2.980232238769531e-07
10.6	2.682209014892578e-07
10.61	2.5331974029541016e-07
10.62	2.2351741790771484e-07
10.63	2.2351741790771484e-07
10.64	2.086162567138672e-07
10.65	2.086162567138672e-07
10.66	2.086162567138672e-07
10.67	2.086162567138672e-07
10.68	2.086162567138672e-07
10.69	1.9371509552001953e-07
10.7	1.9371509552001953e-07
10.71	1.9371509552001953e-07
10.72	1.9371509552001953e-07
10.73	1.9371509552001953e-07
10.74	1.9371509552001953e-07
10.75	1.9371509552001953e-07
10.76	1.9371509552001953e-07
10.77	1.9371509552001953e-07
10.78	1.9371509552001953e-07
10.79	1.9371509552001953e-07
10.8	1.7881393432617188e-07
10.81	1.6391277313232422e-07
10.82	1.6391277313232422e-07
10.83	1.4901161193847656e-07
10.84	1.4901161193847656e-07
10.85	1.341104507446289e-07
10.86	1.341104507446289e-07
10.87	1.341104507446289e-07
10.88	1.341104507446289e-07
10.89	1.341104507446289e-07
10.9	1.1920928955078125e-07
10.91	1.043081283569336e-07
10.92	1.043081283569336e-07
10.93	8.940696716308594e-08
10.94	8.940696716308594e-08
10.95	7.450580596923828e-08
10.96	7.450580596923828e-08
10.97	7.450580596923828e-08
10.98	7.450580596923828e-08
10.99	7.450580596923828e-08
11.0	7.450580596923828e-08
11.01	7.450580596923828e-08
11.02	7.450580596923828e-08
11.03	7.450580596923828e-08
11.04	7.450580596923828e-08
11.05	7.450580596923828e-08
11.06	7.450580596923828e-08
11.07	7.450580596923828e-08
11.08	7.450580596923828e-08
11.09	7.450580596923828e-08
11.1	7.450580596923828e-08
11.11	7.450580596923828e-08
11.12	5.960464477539063e-08
11.13	5.960464477539063e-08
11.14	4.470348358154297e-08
11.15	4.470348358154297e-08
11.16	2.9802322387695312e-08
11.17	2.9802322387695312e-08
11.18	2.9802322387695312e-08
11.19	2.9802322387695312e-08
11.2	2.9802322387695312e-08
11.21	2.9802322387695312e-08
11.22	2.9802322387695312e-08
11.23	2.9802322387695312e-08
11.24	1.4901161193847656e-08
11.25	1.4901161193847656e-08
11.26	1.4901161193847656e-08
11.27	1.4901161193847656e-08
11.28	1.4901161193847656e-08
11.29	1.4901161193847656e-08
11.3	1.4901161193847656e-08
11.31	1.4901161193847656e-08
11.32	1.4901161193847656e-08
11.33	1.4901161193847656e-08
11.34	1.4901161193847656e-08
11.35	1.4901161193847656e-08
11.36	1.4901161193847656e-08
11.37	1.4901161193847656e-08
11.38	1.4901161193847656e-08
11.39	1.4901161193847656e-08
11.4	1.4901161193847656e-08
11.41	1.4901161193847656e-08
11.42	1.4901161193847656e-08
11.43	1.4901161193847656e-08
11.44	1.4901161193847656e-08
11.45	0.0
