4.48	0.0005016326904296875
4.49	0.0004951953887939453
4.5	0.0004944801330566406
4.51	0.0004909038543701172
4.52	0.0004875659942626953
4.53	0.00047898292541503906
4.54	0.0004725456237792969
4.55	0.0004711151123046875
4.56	0.0004680156707763672
4.57	0.0004622936248779297
4.58	0.0004603862762451172
4.59	0.00045990943908691406
4.6	0.0004589557647705078
4.61	0.0004546642303466797
4.62	0.0004513263702392578
4.63	0.00044798851013183594
4.64	0.0004470348358154297
4.65	0.0004420280456542969
4.66	0.00043702125549316406
4.67	0.0004363059997558594
4.68	0.0004341602325439453
4.69	0.00043320655822753906
4.7	0.0004258155822753906
4.71	0.0004248619079589844
4.72	0.0004241466522216797
4.73	0.00041413307189941406
4.74	0.00041222572326660156
4.75	0.00041174888610839844
4.76	0.000408172607421875
4.77	0.0004017353057861328
4.78	0.0003955364227294922
4.79	0.0003943443298339844
4.8	0.0003941059112548828
4.81	0.0003921985626220703
4.82	0.00038695335388183594
4.83	0.0003864765167236328
4.84	0.00038623809814453125
4.85	0.00038313865661621094
4.86	0.0003814697265625
4.87	0.0003795623779296875
4.88	0.00037860870361328125
4.89	0.00037407875061035156
4.9	0.0003733634948730469
4.91	0.0003643035888671875
4.92	0.0003600120544433594
4.93	0.00035881996154785156
4.94	0.00035643577575683594
4.95	0.00035071372985839844
4.96	0.0003478527069091797
4.97	0.0003476142883300781
4.98	0.00034618377685546875
4.99	0.0003457069396972656
5.0	0.0003437995910644531
5.01	0.0003409385681152344
5.02	0.00033783912658691406
5.03	0.00033664703369140625
5.04	0.0003364086151123047
5.05	0.0003349781036376953
5.06	0.00033020973205566406
5.07	0.00032711029052734375
5.08	0.00032520294189453125
5.09	0.00032448768615722656
5.1	0.00032258033752441406
5.11	0.00031828880310058594
5.12	0.00031495094299316406
5.13	0.00031375885009765625
5.14	0.00031065940856933594
5.15	0.0003046989440917969
5.16	0.0003032684326171875
5.17	0.0003001689910888672
5.18	0.00029921531677246094
5.19	0.0002949237823486328
5.2	0.0002918243408203125
5.21	0.0002899169921875
5.22	0.00028967857360839844
5.23	0.0002872943878173828
5.24	0.0002856254577636719
5.25	0.00028204917907714844
5.26	0.0002815723419189453
5.27	0.0002779960632324219
5.28	0.00027680397033691406
5.29	0.00027179718017578125
5.3	0.0002701282501220703
5.31	0.00026917457580566406
5.32	0.0002675056457519531
5.33	0.00026106834411621094
5.34	0.00026035308837890625
5.35	0.0002601146697998047
5.36	0.0002582073211669922
5.37	0.0002562999725341797
5.38	0.0002560615539550781
5.39	0.00025582313537597656
5.4	0.000255584716796875
5.41	0.00025177001953125
5.42	0.0002510547637939453
5.43	0.0002505779266357422
5.44	0.0002493858337402344
5.45	0.00024771690368652344
5.46	0.00024700164794921875
5.47	0.0002465248107910156
5.48	0.00024056434631347656
5.49	0.00023984909057617188
5.5	0.0002396106719970703
5.51	0.00023818016052246094
5.52	0.00023436546325683594
5.53	0.0002307891845703125
5.54	0.0002300739288330078
5.55	0.0002300739288330078
5.56	0.00022482872009277344
5.57	0.00022172927856445312
5.58	0.00021791458129882812
5.59	0.00021719932556152344
5.6	0.00021600723266601562
5.61	0.0002086162567138672
5.62	0.0002048015594482422
5.63	0.00020432472229003906
5.64	0.00020384788513183594
5.65	0.0002014636993408203
5.66	0.00019693374633789062
5.67	0.0001957416534423828
5.68	0.0001957416534423828
5.69	0.0001952648162841797
5.7	0.0001881122589111328
5.71	0.00018739700317382812
5.72	0.00018644332885742188
5.73	0.00018596649169921875
5.74	0.00018310546875
5.75	0.00018262863159179688
5.76	0.00018262863159179688
5.77	0.00018167495727539062
5.78	0.0001811981201171875
5.79	0.00017976760864257812
5.8	0.00017952919006347656
5.81	0.00017952919006347656
5.82	0.0001785755157470703
5.83	0.0001780986785888672
5.84	0.0001780986785888672
5.85	0.0001773834228515625
5.86	0.00017690658569335938
5.87	0.00017642974853515625
5.88	0.0001761913299560547
5.89	0.00017571449279785156
5.9	0.00017523765563964844
5.91	0.00017523765563964844
5.92	0.00017404556274414062
5.93	0.00017404556274414062
5.94	0.0001735687255859375
5.95	0.0001728534698486328
5.96	0.0001697540283203125
5.97	0.0001697540283203125
5.98	0.00016689300537109375
5.99	0.0001595020294189453
6.0	0.0001583099365234375
6.01	0.00015807151794433594
6.02	0.00015544891357421875
6.03	0.00015115737915039062
6.04	0.0001475811004638672
6.05	0.00014710426330566406
6.06	0.0001468658447265625
6.07	0.0001418590545654297
6.08	0.00014090538024902344
6.09	0.00014019012451171875
6.1	0.00013971328735351562
6.11	0.0001385211944580078
6.12	0.00013518333435058594
6.13	0.00013375282287597656
6.14	0.0001327991485595703
6.15	0.00013136863708496094
6.16	0.0001308917999267578
6.17	0.0001277923583984375
6.18	0.00012731552124023438
6.19	0.0001266002655029297
6.2	0.00012540817260742188
6.21	0.0001251697540283203
6.22	0.00012493133544921875
6.23	0.00012421607971191406
6.24	0.00012373924255371094
6.25	0.00012373924255371094
6.26	0.00012350082397460938
6.27	0.00012040138244628906
6.28	0.00011968612670898438
6.29	0.00011920928955078125
6.3	0.00011801719665527344
6.31	0.00011801719665527344
6.32	0.00011777877807617188
6.33	0.00011706352233886719
6.34	0.00011682510375976562
6.35	0.0001163482666015625
6.36	0.00011587142944335938
6.37	0.0001125335693359375
6.38	0.00011229515075683594
6.39	0.00011229515075683594
6.4	0.00010895729064941406
6.41	0.00010800361633300781
6.42	0.00010728836059570312
6.43	0.00010728836059570312
6.44	0.00010323524475097656
6.45	0.00010275840759277344
6.46	0.00010204315185546875
6.47	0.00010180473327636719
6.48	0.00010037422180175781
6.49	9.703636169433594e-05
6.5	9.632110595703125e-05
6.51	9.5367431640625e-05
6.52	9.512901306152344e-05
6.53	9.369850158691406e-05
6.54	9.012222290039062e-05
6.55	8.893013000488281e-05
6.56	8.845329284667969e-05
6.57	8.797645568847656e-05
6.58	8.368492126464844e-05
6.59	8.344650268554688e-05
6.6	8.320808410644531e-05
6.61	8.296966552734375e-05
6.62	8.20159912109375e-05
6.63	8.20159912109375e-05
6.64	8.153915405273438e-05
6.65	8.153915405273438e-05
6.66	8.130073547363281e-05
6.67	8.106231689453125e-05
6.68	8.106231689453125e-05
6.69	8.058547973632812e-05
6.7	8.0108642578125e-05
6.71	7.915496826171875e-05
6.72	7.891654968261719e-05
6.73	7.867813110351562e-05
6.74	7.82012939453125e-05
6.75	7.796287536621094e-05
6.76	7.772445678710938e-05
6.77	7.772445678710938e-05
6.78	7.462501525878906e-05
6.79	7.390975952148438e-05
6.8	7.367134094238281e-05
6.81	7.271766662597656e-05
6.82	6.985664367675781e-05
6.83	6.961822509765625e-05
6.84	6.937980651855469e-05
6.85	6.937980651855469e-05
6.86	6.794929504394531e-05
6.87	6.747245788574219e-05
6.88	6.747245788574219e-05
6.89	6.699562072753906e-05
6.9	6.67572021484375e-05
6.91	6.628036499023438e-05
6.92	6.532669067382812e-05
6.93	6.461143493652344e-05
6.94	6.461143493652344e-05
6.95	6.151199340820312e-05
6.96	5.817413330078125e-05
6.97	5.793571472167969e-05
6.98	5.7220458984375e-05
6.99	5.507469177246094e-05
7.0	5.459785461425781e-05
7.01	5.435943603515625e-05
7.02	5.412101745605469e-05
7.03	5.412101745605469e-05
7.04	5.412101745605469e-05
7.05	5.340576171875e-05
7.06	5.269050598144531e-05
7.07	5.269050598144531e-05
7.08	5.221366882324219e-05
7.09	5.221366882324219e-05
7.1	5.173683166503906e-05
7.11	5.14984130859375e-05
7.12	5.078315734863281e-05
7.13	5.054473876953125e-05
7.14	5.030632019042969e-05
7.15	5.0067901611328125e-05
7.16	4.9591064453125e-05
7.17	4.935264587402344e-05
7.18	4.935264587402344e-05
7.19	4.935264587402344e-05
7.2	4.9114227294921875e-05
7.21	4.863739013671875e-05
7.22	4.863739013671875e-05
7.23	4.57763671875e-05
7.24	4.553794860839844e-05
7.25	4.5299530029296875e-05
7.26	4.5299530029296875e-05
7.27	4.410743713378906e-05
7.28	4.38690185546875e-05
7.29	4.315376281738281e-05
7.3	4.291534423828125e-05
7.31	4.267692565917969e-05
7.32	4.2438507080078125e-05
7.33	3.933906555175781e-05
7.34	3.8623809814453125e-05
7.35	3.838539123535156e-05
7.36	3.838539123535156e-05
7.37	3.4332275390625e-05
7.38	3.409385681152344e-05
7.39	3.409385681152344e-05
7.4	3.409385681152344e-05
7.41	3.314018249511719e-05
7.42	3.2901763916015625e-05
7.43	3.266334533691406e-05
7.44	3.266334533691406e-05
7.45	3.266334533691406e-05
7.46	3.24249267578125e-05
7.47	3.147125244140625e-05
7.48	3.123283386230469e-05
7.49	3.075599670410156e-05
7.5	3.0517578125e-05
7.51	3.0279159545898438e-05
7.52	3.0040740966796875e-05
7.53	2.9802322387695312e-05
7.54	2.9802322387695312e-05
7.55	2.9802322387695312e-05
7.56	2.956390380859375e-05
7.57	2.9325485229492188e-05
7.58	2.8848648071289062e-05
7.59	2.8848648071289062e-05
7.6	2.86102294921875e-05
7.61	2.86102294921875e-05
7.62	2.86102294921875e-05
7.63	2.8371810913085938e-05
7.64	2.8371810913085938e-05
7.65	2.8371810913085938e-05
7.66	2.8133392333984375e-05
7.67	2.7894973754882812e-05
7.68	2.765655517578125e-05
7.69	2.765655517578125e-05
7.7	2.7418136596679688e-05
7.71	2.6464462280273438e-05
7.72	2.5987625122070312e-05
7.73	2.5987625122070312e-05
7.74	2.3126602172851562e-05
7.75	2.2649765014648438e-05
7.76	2.2172927856445312e-05
7.77	2.2172927856445312e-05
7.78	2.1219253540039062e-05
7.79	2.09808349609375e-05
7.8	2.09808349609375e-05
7.81	2.09808349609375e-05
7.82	2.09808349609375e-05
7.83	2.0742416381835938e-05
7.84	2.0503997802734375e-05
7.85	2.002716064453125e-05
7.86	1.9788742065429688e-05
7.87	1.9788742065429688e-05
7.88	1.9788742065429688e-05
7.89	1.9073486328125e-05
7.9	1.8835067749023438e-05
7.91	1.8596649169921875e-05
7.92	1.8596649169921875e-05
7.93	1.8358230590820312e-05
7.94	1.8358230590820312e-05
7.95	1.8358230590820312e-05
7.96	1.8358230590820312e-05
7.97	1.7881393432617188e-05
7.98	1.7881393432617188e-05
7.99	1.7642974853515625e-05
8.0	1.7404556274414062e-05
8.01	1.7404556274414062e-05
8.02	1.71661376953125e-05
8.03	1.71661376953125e-05
8.04	1.71661376953125e-05
8.05	1.6927719116210938e-05
8.06	1.6689300537109375e-05
8.07	1.6689300537109375e-05
8.08	1.6450881958007812e-05
8.09	1.5974044799804688e-05
8.1	1.5974044799804688e-05
8.11	1.5735626220703125e-05
8.12	1.5497207641601562e-05
8.13	1.52587890625e-05
8.14	1.5020370483398438e-05
8.15	1.5020370483398438e-05
8.16	1.5020370483398438e-05
8.17	1.4781951904296875e-05
8.18	1.4781951904296875e-05
8.19	1.4781951904296875e-05
8.2	1.4781951904296875e-05
8.21	1.4543533325195312e-05
8.22	1.4543533325195312e-05
8.23	1.4543533325195312e-05
8.24	1.4543533325195312e-05
8.25	1.430511474609375e-05
8.26	1.3828277587890625e-05
8.27	1.33514404296875e-05
8.28	1.33514404296875e-05
8.29	1.33514404296875e-05
8.3	1.3113021850585938e-05
8.31	1.2874603271484375e-05
8.32	1.2874603271484375e-05
8.33	1.2874603271484375e-05
8.34	1.2874603271484375e-05
8.35	1.2874603271484375e-05
8.36	1.2874603271484375e-05
8.37	1.239776611328125e-05
8.38	1.239776611328125e-05
8.39	1.239776611328125e-05
8.4	1.239776611328125e-05
8.41	1.239776611328125e-05
8.42	1.1920928955078125e-05
8.43	1.1920928955078125e-05
8.44	1.1920928955078125e-05
8.45	1.1920928955078125e-05
8.46	1.1920928955078125e-05
8.47	1.1444091796875e-05
8.48	1.1444091796875e-05
8.49	1.1444091796875e-05
8.5	1.0967254638671875e-05
8.51	1.0967254638671875e-05
8.52	1.0728836059570312e-05
8.53	1.0728836059570312e-05
8.54	1.049041748046875e-05
8.55	1.0251998901367188e-05
8.56	1.0251998901367188e-05
8.57	1.0251998901367188e-05
8.58	1.0251998901367188e-05
8.59	1.0251998901367188e-05
8.6	1.0013580322265625e-05
8.61	1.0013580322265625e-05
8.62	9.775161743164062e-06
8.63	9.775161743164062e-06
8.64	9.5367431640625e-06
8.65	9.5367431640625e-06
8.66	9.5367431640625e-06
8.67	9.5367431640625e-06
8.68	9.059906005859375e-06
8.69	9.059906005859375e-06
8.7	9.059906005859375e-06
8.71	9.059906005859375e-06
8.72	9.059906005859375e-06
8.73	9.059906005859375e-06
8.74	9.059906005859375e-06
8.75	9.059906005859375e-06
8.76	8.821487426757812e-06
8.77	8.821487426757812e-06
8.78	8.821487426757812e-06
8.79	8.821487426757812e-06
8.8	8.821487426757812e-06
8.81	8.821487426757812e-06
8.82	8.821487426757812e-06
8.83	8.344650268554688e-06
8.84	8.344650268554688e-06
8.85	8.344650268554688e-06
8.86	8.344650268554688e-06
8.87	8.344650268554688e-06
8.88	7.867813110351562e-06
8.89	7.867813110351562e-06
8.9	7.867813110351562e-06
8.91	7.867813110351562e-06
8.92	7.62939453125e-06
8.93	7.3909759521484375e-06
8.94	7.152557373046875e-06
8.95	7.152557373046875e-06
8.96	7.152557373046875e-06
8.97	6.67572021484375e-06
8.98	6.4373016357421875e-06
8.99	6.4373016357421875e-06
9.0	6.4373016357421875e-06
9.01	6.4373016357421875e-06
9.02	6.198883056640625e-06
9.03	6.198883056640625e-06
9.04	6.198883056640625e-06
9.05	5.9604644775390625e-06
9.06	5.7220458984375e-06
9.07	5.7220458984375e-06
9.08	5.7220458984375e-06
9.09	5.7220458984375e-06
9.1	5.7220458984375e-06
9.11	5.7220458984375e-06
9.12	5.7220458984375e-06
9.13	5.7220458984375e-06
9.14	5.7220458984375e-06
9.15	5.7220458984375e-06
9.16	5.7220458984375e-06
9.17	5.7220458984375e-06
9.18	5.7220458984375e-06
9.19	5.7220458984375e-06
9.2	5.7220458984375e-06
9.21	5.7220458984375e-06
9.22	5.7220458984375e-06
9.23	5.7220458984375e-06
9.24	5.7220458984375e-06
9.25	5.7220458984375e-06
9.26	5.7220458984375e-06
9.27	5.7220458984375e-06
9.28	5.7220458984375e-06
9.29	5.7220458984375e-06
9.3	5.7220458984375e-06
9.31	5.4836273193359375e-06
9.32	5.4836273193359375e-06
9.33	5.245208740234375e-06
9.34	4.76837158203125e-06
9.35	4.76837158203125e-06
9.36	4.76837158203125e-06
9.37	4.76837158203125e-06
9.38	4.5299530029296875e-06
9.39	4.291534423828125e-06
9.4	4.291534423828125e-06
9.41	4.291534423828125e-06
9.42	4.291534423828125e-06
9.43	4.0531158447265625e-06
9.44	4.0531158447265625e-06
9.45	4.0531158447265625e-06
9.46	4.0531158447265625e-06
9.47	3.814697265625e-06
9.48	3.814697265625e-06
9.49	3.814697265625e-06
9.5	3.814697265625e-06
9.51	3.814697265625e-06
9.52	3.5762786865234375e-06
9.53	3.5762786865234375e-06
9.54	3.5762786865234375e-06
9.55	3.5762786865234375e-06
9.56	3.5762786865234375e-06
9.57	3.5762786865234375e-06
9.58	3.5762786865234375e-06
9.59	3.5762786865234375e-06
9.6	3.5762786865234375e-06
9.61	3.5762786865234375e-06
9.62	3.337860107421875e-06
9.63	3.337860107421875e-06
9.64	3.337860107421875e-06
9.65	3.337860107421875e-06
9.66	3.337860107421875e-06
9.67	3.337860107421875e-06
9.68	3.337860107421875e-06
9.69	3.337860107421875e-06
9.7	3.337860107421875e-06
9.71	3.337860107421875e-06
9.72	3.337860107421875e-06
9.73	3.0994415283203125e-06
9.74	3.0994415283203125e-06
9.75	3.0994415283203125e-06
9.76	2.86102294921875e-06
9.77	2.86102294921875e-06
9.78	2.86102294921875e-06
9.79	2.86102294921875e-06
9.8	2.6226043701171875e-06
9.81	2.6226043701171875e-06
9.82	2.6226043701171875e-06
9.83	2.6226043701171875e-06
9.84	2.384185791015625e-06
9.85	2.384185791015625e-06
9.86	2.384185791015625e-06
9.87	2.384185791015625e-06
9.88	2.384185791015625e-06
9.89	2.1457672119140625e-06
9.9	2.1457672119140625e-06
9.91	2.1457672119140625e-06
9.92	2.1457672119140625e-06
9.93	2.1457672119140625e-06
9.94	1.9073486328125e-06
9.95	1.9073486328125e-06
9.96	1.9073486328125e-06
9.97	1.9073486328125e-06
9.98	1.9073486328125e-06
9.99	1.9073486328125e-06
10.0	1.9073486328125e-06
10.01	1.9073486328125e-06
10.02	1.9073486328125e-06
10.03	1.9073486328125e-06
10.04	1.9073486328125e-06
10.05	1.9073486328125e-06
10.06	1.9073486328125e-06
10.07	1.9073486328125e-06
10.08	1.9073486328125e-06
10.09	1.9073486328125e-06
10.1	1.9073486328125e-06
10.11	1.9073486328125e-06
10.12	1.9073486328125e-06
10.13	1.6689300537109375e-06
10.14	1.6689300537109375e-06
10.15	1.6689300537109375e-06
10.16	1.6689300537109375e-06
10.17	1.430511474609375e-06
10.18	1.430511474609375e-06
10.19	1.430511474609375e-06
10.2	1.430511474609375e-06
10.21	1.430511474609375e-06
10.22	1.430511474609375e-06
10.23	1.430511474609375e-06
10.24	1.430511474609375e-06
10.25	1.430511474609375e-06
10.26	1.430511474609375e-06
10.27	1.430511474609375e-06
10.28	1.430511474609375e-06
10.29	1.430511474609375e-06
10.3	1.430511474609375e-06
10.31	9.5367431640625e-07
10.32	9.5367431640625e-07
10.33	9.5367431640625e-07
10.34	9.5367431640625e-07
10.35	9.5367431640625e-07
10.36	9.5367431640625e-07
10.37	9.5367431640625e-07
10.38	9.5367431640625e-07
10.39	9.5367431640625e-07
10.4	9.5367431640625e-07
10.41	9.5367431640625e-07
10.42	9.5367431640625e-07
10.43	9.5367431640625e-07
10.44	9.5367431640625e-07
10.45	9.5367431640625e-07
10.46	9.5367431640625e-07
10.47	9.5367431640625e-07
10.48	9.5367431640625e-07
10.49	9.5367431640625e-07
10.5	9.5367431640625e-07
10.51	9.5367431640625e-07
10.52	9.5367431640625e-07
10.53	9.5367431640625e-07
10.54	9.5367431640625e-07
10.55	9.5367431640625e-07
10.56	9.5367431640625e-07
10.57	9.5367431640625e-07
10.58	9.5367431640625e-07
10.59	7.152557373046875e-07
10.6	7.152557373046875e-07
10.61	7.152557373046875e-07
10.62	7.152557373046875e-07
10.63	7.152557373046875e-07
10.64	7.152557373046875e-07
10.65	7.152557373046875e-07
10.66	7.152557373046875e-07
10.67	7.152557373046875e-07
10.68	4.76837158203125e-07
10.69	4.76837158203125e-07
10.7	4.76837158203125e-07
10.71	4.76837158203125e-07
10.72	4.76837158203125e-07
10.73	2.384185791015625e-07
10.74	2.384185791015625e-07
10.75	2.384185791015625e-07
10.76	2.384185791015625e-07
10.77	2.384185791015625e-07
10.78	2.384185791015625e-07
10.79	2.384185791015625e-07
10.8	2.384185791015625e-07
10.81	2.384185791015625e-07
10.82	2.384185791015625e-07
10.83	2.384185791015625e-07
10.84	2.384185791015625e-07
10.85	2.384185791015625e-07
10.86	2.384185791015625e-07
10.87	2.384185791015625e-07
10.88	2.384185791015625e-07
10.89	2.384185791015625e-07
10.9	2.384185791015625e-07
10.91	2.384185791015625e-07
10.92	2.384185791015625e-07
10.93	2.384185791015625e-07
10.94	2.384185791015625e-07
10.95	2.384185791015625e-07
10.96	2.384185791015625e-07
10.97	2.384185791015625e-07
10.98	2.384185791015625e-07
10.99	2.384185791015625e-07
11.0	2.384185791015625e-07
11.01	2.384185791015625e-07
11.02	2.384185791015625e-07
11.03	2.384185791015625e-07
11.04	2.384185791015625e-07
11.05	2.384185791015625e-07
11.06	2.384185791015625e-07
11.07	2.384185791015625e-07
11.08	2.384185791015625e-07
11.09	2.384185791015625e-07
11.1	0.0
