5.12	0.0005030632019042969
5.13	0.0004949569702148438
5.14	0.0004887580871582031
5.15	0.0004820823669433594
5.16	0.0004734992980957031
5.17	0.00046539306640625
5.18	0.00045943260192871094
5.19	0.00045418739318847656
5.2	0.00044727325439453125
5.21	0.00044417381286621094
5.22	0.0004374980926513672
5.23	0.0004322528839111328
5.24	0.0004267692565917969
5.25	0.00041961669921875
5.26	0.00041413307189941406
5.27	0.0004093647003173828
5.28	0.0004029273986816406
5.29	0.0003948211669921875
5.3	0.00039076805114746094
5.31	0.0003879070281982422
5.32	0.00038313865661621094
5.33	0.00037741661071777344
5.34	0.0003750324249267578
5.35	0.0003712177276611328
5.36	0.00036787986755371094
5.37	0.0003619194030761719
5.38	0.0003552436828613281
5.39	0.00035071372985839844
5.4	0.0003452301025390625
5.41	0.0003409385681152344
5.42	0.0003323554992675781
5.43	0.0003287792205810547
5.44	0.0003247261047363281
5.45	0.0003223419189453125
5.46	0.00031685829162597656
5.47	0.00031495094299316406
5.48	0.00030994415283203125
5.49	0.00030732154846191406
5.5	0.0003032684326171875
5.51	0.0002989768981933594
5.52	0.0002956390380859375
5.53	0.00029349327087402344
5.54	0.000286102294921875
5.55	0.0002808570861816406
5.56	0.0002772808074951172
5.57	0.00027489662170410156
5.58	0.00026917457580566406
5.59	0.00026535987854003906
5.6	0.00026297569274902344
5.61	0.0002605915069580078
5.62	0.00025963783264160156
5.63	0.0002532005310058594
5.64	0.00024771690368652344
5.65	0.000244140625
5.66	0.0002415180206298828
5.67	0.0002372264862060547
5.68	0.00023245811462402344
5.69	0.00023031234741210938
5.7	0.0002262592315673828
5.71	0.0002243518829345703
5.72	0.00021982192993164062
5.73	0.00021767616271972656
5.74	0.00021505355834960938
5.75	0.00021338462829589844
5.76	0.000209808349609375
5.77	0.00020694732666015625
5.78	0.00020384788513183594
5.79	0.00020003318786621094
5.8	0.000194549560546875
5.81	0.00019216537475585938
5.82	0.00019097328186035156
5.83	0.00018858909606933594
5.84	0.00018548965454101562
5.85	0.00018215179443359375
5.86	0.00018095970153808594
5.87	0.00017762184143066406
5.88	0.0001761913299560547
5.89	0.00017023086547851562
5.9	0.0001685619354248047
5.91	0.00016689300537109375
5.92	0.000164031982421875
5.93	0.00016045570373535156
5.94	0.0001583099365234375
5.95	0.0001556873321533203
5.96	0.0001537799835205078
5.97	0.00015211105346679688
5.98	0.0001499652862548828
5.99	0.00014925003051757812
6.0	0.00014781951904296875
6.01	0.0001468658447265625
6.02	0.00014352798461914062
6.03	0.00014138221740722656
6.04	0.0001385211944580078
6.05	0.00013446807861328125
6.06	0.00013136863708496094
6.07	0.00012969970703125
6.08	0.00012874603271484375
6.09	0.0001251697540283203
6.1	0.0001239776611328125
6.11	0.00012159347534179688
6.12	0.00012159347534179688
6.13	0.0001201629638671875
6.14	0.00011897087097167969
6.15	0.00011515617370605469
6.16	0.00011467933654785156
6.17	0.00011301040649414062
6.18	0.00011157989501953125
6.19	0.00010895729064941406
6.2	0.00010824203491210938
6.21	0.00010609626770019531
6.22	0.00010442733764648438
6.23	0.00010347366333007812
6.24	0.00010251998901367188
6.25	0.00010180473327636719
6.26	9.870529174804688e-05
6.27	9.799003601074219e-05
6.28	9.489059448242188e-05
6.29	9.465217590332031e-05
6.3	9.179115295410156e-05
6.31	9.012222290039062e-05
6.32	8.869171142578125e-05
6.33	8.821487426757812e-05
6.34	8.630752563476562e-05
6.35	8.487701416015625e-05
6.36	8.416175842285156e-05
6.37	8.320808410644531e-05
6.38	8.296966552734375e-05
6.39	8.20159912109375e-05
6.4	8.106231689453125e-05
6.41	7.963180541992188e-05
6.42	7.843971252441406e-05
6.43	7.581710815429688e-05
6.44	7.414817810058594e-05
6.45	7.295608520507812e-05
6.46	7.176399230957031e-05
6.47	7.081031799316406e-05
6.48	6.985664367675781e-05
6.49	6.866455078125e-05
6.5	6.747245788574219e-05
6.51	6.699562072753906e-05
6.52	6.437301635742188e-05
6.53	6.389617919921875e-05
6.54	6.222724914550781e-05
6.55	6.175041198730469e-05
6.56	5.91278076171875e-05
6.57	5.841255187988281e-05
6.58	5.7220458984375e-05
6.59	5.6743621826171875e-05
6.6	5.4836273193359375e-05
6.61	5.435943603515625e-05
6.62	5.435943603515625e-05
6.63	5.435943603515625e-05
6.64	5.3882598876953125e-05
6.65	5.173683166503906e-05
6.66	5.1021575927734375e-05
6.67	5.0067901611328125e-05
6.68	5.0067901611328125e-05
6.69	4.744529724121094e-05
6.7	4.601478576660156e-05
6.71	4.553794860839844e-05
6.72	4.506111145019531e-05
6.73	4.410743713378906e-05
6.74	4.363059997558594e-05
6.75	4.291534423828125e-05
6.76	4.220008850097656e-05
6.77	4.220008850097656e-05
6.78	4.076957702636719e-05
6.79	4.029273986816406e-05
6.8	4.00543212890625e-05
6.81	3.933906555175781e-05
6.82	3.814697265625e-05
6.83	3.814697265625e-05
6.84	3.743171691894531e-05
6.85	3.719329833984375e-05
6.86	3.600120544433594e-05
6.87	3.5762786865234375e-05
6.88	3.528594970703125e-05
6.89	3.457069396972656e-05
6.9	3.4332275390625e-05
6.91	3.24249267578125e-05
6.92	3.218650817871094e-05
6.93	3.0994415283203125e-05
6.94	3.0994415283203125e-05
6.95	2.86102294921875e-05
6.96	2.86102294921875e-05
6.97	2.8133392333984375e-05
6.98	2.8133392333984375e-05
6.99	2.7894973754882812e-05
7.0	2.765655517578125e-05
7.01	2.7179718017578125e-05
7.02	2.6941299438476562e-05
7.03	2.6941299438476562e-05
7.04	2.6226043701171875e-05
7.05	2.5987625122070312e-05
7.06	2.5510787963867188e-05
7.07	2.47955322265625e-05
7.08	2.4318695068359375e-05
7.09	2.4080276489257812e-05
7.1	2.3365020751953125e-05
7.11	2.288818359375e-05
7.12	2.2649765014648438e-05
7.13	2.2649765014648438e-05
7.14	2.2172927856445312e-05
7.15	2.1696090698242188e-05
7.16	2.1457672119140625e-05
7.17	2.0265579223632812e-05
7.18	2.0265579223632812e-05
7.19	2.0265579223632812e-05
7.2	1.9788742065429688e-05
7.21	1.8835067749023438e-05
7.22	1.8835067749023438e-05
7.23	1.811981201171875e-05
7.24	1.811981201171875e-05
7.25	1.7881393432617188e-05
7.26	1.7881393432617188e-05
7.27	1.7881393432617188e-05
7.28	1.7404556274414062e-05
7.29	1.71661376953125e-05
7.3	1.6927719116210938e-05
7.31	1.6927719116210938e-05
7.32	1.5497207641601562e-05
7.33	1.5497207641601562e-05
7.34	1.4781951904296875e-05
7.35	1.4781951904296875e-05
7.36	1.4543533325195312e-05
7.37	1.430511474609375e-05
7.38	1.3828277587890625e-05
7.39	1.3828277587890625e-05
7.4	1.33514404296875e-05
7.41	1.33514404296875e-05
7.42	1.2874603271484375e-05
7.43	1.2636184692382812e-05
7.44	1.2636184692382812e-05
7.45	1.239776611328125e-05
7.46	1.1920928955078125e-05
7.47	1.1682510375976562e-05
7.48	1.1444091796875e-05
7.49	1.1444091796875e-05
7.5	1.0967254638671875e-05
7.51	1.0728836059570312e-05
7.52	1.0728836059570312e-05
7.53	1.0728836059570312e-05
7.54	1.0013580322265625e-05
7.55	9.5367431640625e-06
7.56	9.059906005859375e-06
7.57	9.059906005859375e-06
7.58	7.867813110351562e-06
7.59	7.62939453125e-06
7.6	7.62939453125e-06
7.61	7.62939453125e-06
7.62	7.3909759521484375e-06
7.63	7.3909759521484375e-06
7.64	7.3909759521484375e-06
7.65	7.3909759521484375e-06
7.66	7.3909759521484375e-06
7.67	7.152557373046875e-06
7.68	7.152557373046875e-06
7.69	7.152557373046875e-06
7.7	7.152557373046875e-06
7.71	6.67572021484375e-06
7.72	6.4373016357421875e-06
7.73	6.4373016357421875e-06
7.74	6.4373016357421875e-06
7.75	6.198883056640625e-06
7.76	6.198883056640625e-06
7.77	5.9604644775390625e-06
7.78	5.9604644775390625e-06
7.79	5.9604644775390625e-06
7.8	5.9604644775390625e-06
7.81	5.4836273193359375e-06
7.82	5.4836273193359375e-06
7.83	5.4836273193359375e-06
7.84	5.0067901611328125e-06
7.85	5.0067901611328125e-06
7.86	5.0067901611328125e-06
7.87	4.76837158203125e-06
7.88	4.5299530029296875e-06
7.89	4.5299530029296875e-06
7.9	4.5299530029296875e-06
7.91	4.5299530029296875e-06
7.92	4.5299530029296875e-06
7.93	4.291534423828125e-06
7.94	4.291534423828125e-06
7.95	4.0531158447265625e-06
7.96	3.814697265625e-06
7.97	3.5762786865234375e-06
7.98	3.5762786865234375e-06
7.99	3.5762786865234375e-06
8.0	3.5762786865234375e-06
8.01	3.337860107421875e-06
8.02	3.337860107421875e-06
8.03	3.337860107421875e-06
8.04	3.337860107421875e-06
8.05	3.337860107421875e-06
8.06	3.337860107421875e-06
8.07	3.0994415283203125e-06
8.08	3.0994415283203125e-06
8.09	3.0994415283203125e-06
8.1	3.0994415283203125e-06
8.11	3.0994415283203125e-06
8.12	3.0994415283203125e-06
8.13	3.0994415283203125e-06
8.14	3.0994415283203125e-06
8.15	3.0994415283203125e-06
8.16	3.0994415283203125e-06
8.17	3.0994415283203125e-06
8.18	2.86102294921875e-06
8.19	2.6226043701171875e-06
8.2	2.6226043701171875e-06
8.21	2.1457672119140625e-06
8.22	2.1457672119140625e-06
8.23	1.9073486328125e-06
8.24	1.9073486328125e-06
8.25	1.9073486328125e-06
8.26	1.6689300537109375e-06
8.27	1.6689300537109375e-06
8.28	1.6689300537109375e-06
8.29	1.6689300537109375e-06
8.3	1.6689300537109375e-06
8.31	1.6689300537109375e-06
8.32	1.6689300537109375e-06
8.33	1.6689300537109375e-06
8.34	1.430511474609375e-06
8.35	1.430511474609375e-06
8.36	1.430511474609375e-06
8.37	1.430511474609375e-06
8.38	1.1920928955078125e-06
8.39	1.1920928955078125e-06
8.4	1.1920928955078125e-06
8.41	1.1920928955078125e-06
8.42	1.1920928955078125e-06
8.43	1.1920928955078125e-06
8.44	9.5367431640625e-07
8.45	9.5367431640625e-07
8.46	9.5367431640625e-07
8.47	9.5367431640625e-07
8.48	9.5367431640625e-07
8.49	9.5367431640625e-07
8.5	9.5367431640625e-07
8.51	9.5367431640625e-07
8.52	9.5367431640625e-07
8.53	9.5367431640625e-07
8.54	9.5367431640625e-07
8.55	9.5367431640625e-07
8.56	9.5367431640625e-07
8.57	7.152557373046875e-07
8.58	7.152557373046875e-07
8.59	7.152557373046875e-07
8.6	4.76837158203125e-07
8.61	4.76837158203125e-07
8.62	4.76837158203125e-07
8.63	4.76837158203125e-07
8.64	4.76837158203125e-07
8.65	4.76837158203125e-07
8.66	4.76837158203125e-07
8.67	4.76837158203125e-07
8.68	4.76837158203125e-07
8.69	4.76837158203125e-07
8.7	4.76837158203125e-07
8.71	4.76837158203125e-07
8.72	4.76837158203125e-07
8.73	4.76837158203125e-07
8.74	4.76837158203125e-07
8.75	4.76837158203125e-07
8.76	4.76837158203125e-07
8.77	4.76837158203125e-07
8.78	4.76837158203125e-07
8.79	4.76837158203125e-07
8.8	4.76837158203125e-07
8.81	4.76837158203125e-07
8.82	4.76837158203125e-07
8.83	4.76837158203125e-07
8.84	4.76837158203125e-07
8.85	4.76837158203125e-07
8.86	4.76837158203125e-07
8.87	2.384185791015625e-07
8.88	2.384185791015625e-07
8.89	2.384185791015625e-07
8.9	2.384185791015625e-07
8.91	2.384185791015625e-07
8.92	2.384185791015625e-07
8.93	2.384185791015625e-07
8.94	2.384185791015625e-07
8.95	2.384185791015625e-07
8.96	2.384185791015625e-07
8.97	2.384185791015625e-07
8.98	2.384185791015625e-07
8.99	2.384185791015625e-07
9.0	2.384185791015625e-07
9.01	2.384185791015625e-07
9.02	2.384185791015625e-07
9.03	2.384185791015625e-07
9.04	2.384185791015625e-07
9.05	2.384185791015625e-07
9.06	2.384185791015625e-07
9.07	2.384185791015625e-07
9.08	2.384185791015625e-07
9.09	2.384185791015625e-07
9.1	2.384185791015625e-07
9.11	2.384185791015625e-07
9.12	2.384185791015625e-07
9.13	2.384185791015625e-07
9.14	2.384185791015625e-07
9.15	2.384185791015625e-07
9.16	2.384185791015625e-07
9.17	2.384185791015625e-07
9.18	2.384185791015625e-07
9.19	2.384185791015625e-07
9.2	2.384185791015625e-07
9.21	2.384185791015625e-07
9.22	2.384185791015625e-07
9.23	2.384185791015625e-07
9.24	0.0
