4.94	0.0005005889688618481
4.95	0.0004968374269083142
4.96	0.000493073312100023
4.97	0.0004893149016425014
4.98	0.0004855549777857959
4.99	0.0004818816087208688
5.0	0.00047819758765399456
5.01	0.00047457049367949367
5.02	0.0004709559725597501
5.03	0.00046738883247599006
5.04	0.000463814998511225
5.05	0.0004602796398103237
5.06	0.0004567437572404742
5.07	0.0004532512975856662
5.08	0.0004497811896726489
5.09	0.00044635136146098375
5.1	0.00044292869279161096
5.11	0.0004395227297209203
5.12	0.0004361495957709849
5.13	0.0004327758215367794
5.14	0.0004294460522942245
5.15	0.0004261470749042928
5.16	0.0004228751640766859
5.17	0.00041961995884776115
5.18	0.00041640305425971746
5.19	0.00041315541602671146
5.2	0.0004099904908798635
5.21	0.000406842736992985
5.22	0.00040369131602346897
5.23	0.0004005733644589782
5.24	0.0003975061699748039
5.25	0.00039444747380912304
5.26	0.0003913859254680574
5.27	0.00038834725273773074
5.28	0.00038534856867045164
5.29	0.0003823682782240212
5.3	0.00037943647475913167
5.31	0.0003765032743103802
5.32	0.00037359510315582156
5.33	0.0003706796560436487
5.34	0.0003678153152577579
5.35	0.0003649440477602184
5.36	0.00036212929990142584
5.37	0.0003593326546251774
5.38	0.000356535951141268
5.39	0.0003537674783729017
5.4	0.00035098771331831813
5.41	0.0003482414176687598
5.42	0.00034551258431747556
5.43	0.0003428139607422054
5.44	0.0003401080030016601
5.45	0.0003374948864802718
5.46	0.00033483770675957203
5.47	0.00033220986369997263
5.48	0.0003295554197393358
5.49	0.0003269729786552489
5.5	0.00032439257483929396
5.51	0.0003218254423700273
5.52	0.0003193034208379686
5.53	0.00031677447259426117
5.54	0.00031425803899765015
5.55	0.0003117506857961416
5.56	0.0003092705737799406
5.57	0.00030679680639877915
5.58	0.00030436983797699213
5.59	0.00030194310238584876
5.6	0.0002995540853589773
5.61	0.0002971634385176003
5.62	0.0002947862958535552
5.63	0.000292439479380846
5.64	0.00029009353602305055
5.65	0.00028779933927580714
5.66	0.0002855050261132419
5.67	0.0002832432510331273
5.68	0.0002809753059409559
5.69	0.00027870992198586464
5.7	0.0002764751552604139
5.71	0.00027425121515989304
5.72	0.00027205771766602993
5.73	0.0002698447206057608
5.74	0.0002677073352970183
5.75	0.00026555260410532355
5.76	0.00026341440388932824
5.77	0.0002612791722640395
5.78	0.00025918183382600546
5.79	0.00025708548491820693
5.8	0.0002550288918428123
5.81	0.00025295320665463805
5.82	0.0002509141340851784
5.83	0.0002488750615157187
5.84	0.0002468570019118488
5.85	0.0002448577433824539
5.86	0.00024286971893161535
5.87	0.0002409184817224741
5.88	0.00023896299535408616
5.89	0.00023703696206212044
5.9	0.0002351233852095902
5.91	0.00023321079788729548
5.92	0.0002313242293894291
5.93	0.00022944266675040126
5.94	0.00022757897386327386
5.95	0.00022576103219762444
5.96	0.00022392685059458017
5.97	0.00022210588213056326
5.98	0.00022027140948921442
5.99	0.00021848775213584304
6.0	0.0002167120110243559
6.01	0.0002149473875761032
6.02	0.00021320354426279664
6.03	0.00021147372899577022
6.04	0.00020974024664610624
6.05	0.0002080340636894107
6.06	0.00020633061649277806
6.07	0.0002046438748948276
6.08	0.0002029677270911634
6.09	0.00020131160272285342
6.1	0.00019965111277997494
6.11	0.00019800447626039386
6.12	0.0001963570830412209
6.13	0.00019473896827548742
6.14	0.00019313051598146558
6.15	0.00019152252934873104
6.16	0.00018995051505044103
6.17	0.00018837349489331245
6.18	0.00018680986249819398
6.19	0.00018523394828662276
6.2	0.00018371210899204016
6.21	0.0001821736223064363
6.22	0.00018067064229398966
6.23	0.00017914269119501114
6.24	0.00017766456585377455
6.25	0.00017617223784327507
6.26	0.00017468008445575833
6.27	0.00017321802442893386
6.28	0.00017176056280732155
6.29	0.0001703340094536543
6.3	0.0001689099008217454
6.31	0.00016750168288126588
6.32	0.0001660893321968615
6.33	0.0001647023600526154
6.34	0.0001633006613701582
6.35	0.00016193377086892724
6.36	0.00016057438915595412
6.37	0.00015922629972919822
6.38	0.00015790510224178433
6.39	0.00015656667528674006
6.4	0.00015525519847869873
6.41	0.00015391805209219456
6.42	0.00015262648230418563
6.43	0.00015133421402424574
6.44	0.00015005574095994234
6.45	0.00014879845548421144
6.46	0.0001475504832342267
6.47	0.00014629418728873134
6.48	0.00014502386329695582
6.49	0.00014381238725036383
6.5	0.00014257541624829173
6.51	0.0001413811114616692
6.52	0.0001401799963787198
6.53	0.0001389913377352059
6.54	0.00013780139852315187
6.55	0.00013661861885339022
6.56	0.00013544864486902952
6.57	0.00013428402598947287
6.58	0.00013314199168235064
6.59	0.00013200665125623345
6.6	0.00013089150888845325
6.61	0.0001297727576456964
6.62	0.00012865749886259437
6.63	0.0001275538234040141
6.64	0.00012646405957639217
6.65	0.00012538005830720067
6.66	0.0001243121805600822
6.67	0.00012324628187343478
6.68	0.00012218952178955078
6.69	0.00012113910634070635
6.7	0.00012009491911157966
6.71	0.00011906673898920417
6.72	0.00011804647510871291
6.73	0.00011702784104272723
6.74	0.0001160141546279192
6.75	0.00011501292465254664
6.76	0.00011401239316910505
6.77	0.00011302664643153548
6.78	0.00011205277405679226
6.79	0.0001110757002606988
6.8	0.00011012214235961437
6.81	0.00010915595339611173
6.82	0.00010820216266438365
6.83	0.0001072536688297987
6.84	0.00010630639735609293
6.85	0.00010537263005971909
6.86	0.00010445667430758476
6.87	0.00010353908874094486
6.88	0.00010263646254315972
6.89	0.00010172557085752487
6.9	0.00010082765948027372
6.91	9.99415060505271e-05
6.92	9.905471233651042e-05
6.93	9.819248225539923e-05
6.94	9.733228944242e-05
6.95	9.648414561524987e-05
6.96	9.562703780829906e-05
6.97	9.47779044508934e-05
6.98	9.393325308337808e-05
6.99	9.31047834455967e-05
7.0	9.228818817064166e-05
7.01	9.146908996626735e-05
7.02	9.068090002983809e-05
7.03	8.986599277704954e-05
7.04	8.907850133255124e-05
7.05	8.827378042042255e-05
7.06	8.749996777623892e-05
7.07	8.673168485984206e-05
7.08	8.597149280831218e-05
7.09	8.521811105310917e-05
7.1	8.446519495919347e-05
7.11	8.371169678866863e-05
7.12	8.295493898913264e-05
7.13	8.222059113904834e-05
7.14	8.14861268736422e-05
7.15	8.077028905972838e-05
7.16	8.004991104826331e-05
7.17	7.934129098430276e-05
7.18	7.862644270062447e-05
7.19	7.791933603584766e-05
7.2	7.722136797383428e-05
7.21	7.652910426259041e-05
7.22	7.584120612591505e-05
7.23	7.516244659200311e-05
7.24	7.44847347959876e-05
7.25	7.380684837698936e-05
7.26	7.31392065063119e-05
7.27	7.246027234941721e-05
7.28	7.181265391409397e-05
7.29	7.11644534021616e-05
7.3	7.052422733977437e-05
7.31	6.988784298300743e-05
7.32	6.926711648702621e-05
7.33	6.863457383587956e-05
7.34	6.800994742661715e-05
7.35	6.739690434187651e-05
7.36	6.678805220872164e-05
7.37	6.619124906137586e-05
7.38	6.558618042618036e-05
7.39	6.499193841591477e-05
7.4	6.439205026254058e-05
7.41	6.380182458087802e-05
7.42	6.321677938103676e-05
7.43	6.263831164687872e-05
7.44	6.206933176144958e-05
7.45	6.150029366835952e-05
7.46	6.09323033131659e-05
7.47	6.037269486114383e-05
7.48	5.981524009257555e-05
7.49	5.9264188166707754e-05
7.5	5.871598841622472e-05
7.51	5.817250348627567e-05
7.52	5.7640718296170235e-05
7.53	5.709542892873287e-05
7.54	5.6567369028925896e-05
7.55	5.604448961094022e-05
7.56	5.552172660827637e-05
7.57	5.5014912504702806e-05
7.58	5.4506235755980015e-05
7.59	5.4004951380193233e-05
7.6	5.350448191165924e-05
7.61	5.300191696733236e-05
7.62	5.2512448746711016e-05
7.63	5.202624015510082e-05
7.64	5.154561949893832e-05
7.65	5.106860771775246e-05
7.66	5.0600559916347265e-05
7.67	5.0119939260184765e-05
7.68	4.965788684785366e-05
7.69	4.918588092550635e-05
7.7	4.873058060184121e-05
7.71	4.8280751798301935e-05
7.72	4.7836219891905785e-05
7.73	4.739308496937156e-05
7.74	4.6952744014561176e-05
7.75	4.651444032788277e-05
7.76	4.607386654242873e-05
7.77	4.5645167119801044e-05
7.78	4.521734081208706e-05
7.79	4.480587085708976e-05
7.8	4.438840551301837e-05
7.81	4.397862358018756e-05
7.82	4.356028512120247e-05
7.83	4.3147767428308725e-05
7.84	4.2738509364426136e-05
7.85	4.2335595935583115e-05
7.86	4.194153007119894e-05
7.87	4.154973430559039e-05
7.88	4.115892807021737e-05
7.89	4.0763639844954014e-05
7.9	4.037684993818402e-05
7.91	3.998453030362725e-05
7.92	3.960408503189683e-05
7.93	3.92270740121603e-05
7.94	3.8857338950037956e-05
7.95	3.8482772652059793e-05
7.96	3.811513306573033e-05
7.97	3.774446668103337e-05
7.98	3.737898077815771e-05
7.99	3.7017278373241425e-05
8.0	3.6664772778749466e-05
8.01	3.631412982940674e-05
8.02	3.596383612602949e-05
8.03	3.562273923307657e-05
8.04	3.5273784305900335e-05
8.05	3.493699477985501e-05
8.06	3.459921572357416e-05
8.07	3.4263706766068935e-05
8.08	3.393559018149972e-05
8.09	3.361108247190714e-05
8.1	3.328442107886076e-05
8.11	3.296008799225092e-05
8.12	3.264215774834156e-05
8.13	3.2319105230271816e-05
8.14	3.2010022550821304e-05
8.15	3.169587580487132e-05
8.16	3.138871397823095e-05
8.17	3.1080213375389576e-05
8.18	3.077439032495022e-05
8.19	3.0474329832941294e-05
8.2	3.0174036510288715e-05
8.21	2.9881601221859455e-05
8.22	2.95969657599926e-05
8.23	2.9311340767890215e-05
8.24	2.9024493414908648e-05
8.25	2.873846096917987e-05
8.26	2.845580456778407e-05
8.27	2.8174021281301975e-05
8.28	2.7899921406060457e-05
8.29	2.763001248240471e-05
8.3	2.736208261922002e-05
8.31	2.708850661292672e-05
8.32	2.6826863177120686e-05
8.33	2.65606795437634e-05
8.34	2.6304798666387796e-05
8.35	2.604816108942032e-05
8.36	2.5794783141463995e-05
8.37	2.5547866243869066e-05
8.38	2.5289307814091444e-05
8.39	2.5044078938663006e-05
8.4	2.479419345036149e-05
8.41	2.4549488443881273e-05
8.42	2.4308101274073124e-05
8.43	2.4073640815913677e-05
8.44	2.3836211767047644e-05
8.45	2.3607979528605938e-05
8.46	2.33739847317338e-05
8.47	2.3142783902585506e-05
8.48	2.2918276954442263e-05
8.49	2.2687658201903105e-05
8.5	2.246833173558116e-05
8.51	2.224557101726532e-05
8.52	2.2025196813046932e-05
8.53	2.180156297981739e-05
8.54	2.157880226150155e-05
8.55	2.1356157958507538e-05
8.56	2.11433507502079e-05
8.57	2.09311256185174e-05
8.58	2.0720181055366993e-05
8.59	2.0510691683739424e-05
8.6	2.0301085896790028e-05
8.61	2.0093051716685295e-05
8.62	1.9884377252310514e-05
8.63	1.9681581761687994e-05
8.64	1.9483559299260378e-05
8.65	1.928536221385002e-05
8.66	1.9085651729255915e-05
8.67	1.889234408736229e-05
8.68	1.8693797755986452e-05
8.69	1.849938416853547e-05
8.7	1.831183908507228e-05
8.71	1.8126389477401972e-05
8.72	1.7942453268915415e-05
8.73	1.776072895154357e-05
8.74	1.7579819541424513e-05
8.75	1.7394719179719687e-05
8.76	1.721736043691635e-05
8.77	1.703668385744095e-05
8.78	1.6864854842424393e-05
8.79	1.669122138991952e-05
8.8	1.652166247367859e-05
8.81	1.6351405065506697e-05
8.82	1.618108944967389e-05
8.83	1.6011821571737528e-05
8.84	1.5842728316783905e-05
8.85	1.568079460412264e-05
8.86	1.5521422028541565e-05
8.87	1.536455238237977e-05
8.88	1.5203608199954033e-05
8.89	1.504877582192421e-05
8.9	1.4893070328980684e-05
8.91	1.4736608136445284e-05
8.92	1.4584220480173826e-05
8.93	1.4437246136367321e-05
8.94	1.428916584700346e-05
8.95	1.4140910934656858e-05
8.96	1.3994809705764055e-05
8.97	1.3849698007106781e-05
8.98	1.3707554899156094e-05
8.99	1.3569486327469349e-05
9.0	1.3429147657006979e-05
9.01	1.3292534276843071e-05
9.02	1.3154931366443634e-05
9.03	1.3018841855227947e-05
9.04	1.2885837350040674e-05
9.05	1.2751668691635132e-05
9.06	1.2623495422303677e-05
9.07	1.2490898370742798e-05
9.08	1.2360629625618458e-05
9.09	1.2236123438924551e-05
9.1	1.2107077054679394e-05
9.11	1.1979718692600727e-05
9.12	1.1856318451464176e-05
9.13	1.1728494428098202e-05
9.14	1.1612486559897661e-05
9.15	1.1487922165542841e-05
9.16	1.1369294952601194e-05
9.17	1.124583650380373e-05
9.18	1.1123775038868189e-05
9.19	1.1004682164639235e-05
9.2	1.0889430996030569e-05
9.21	1.0772724635899067e-05
9.22	1.0661431588232517e-05
9.23	1.054716994985938e-05
9.24	1.0431627742946148e-05
9.25	1.0318064596503973e-05
9.26	1.0201416444033384e-05
9.27	1.0092451702803373e-05
9.28	9.984185453504324e-06
9.29	9.876152034848928e-06
9.3	9.766372386366129e-06
9.31	9.660783689469099e-06
9.32	9.551586117595434e-06
9.33	9.445124305784702e-06
9.34	9.344134014099836e-06
9.35	9.242503438144922e-06
9.36	9.144889190793037e-06
9.37	9.043957106769085e-06
9.38	8.947448804974556e-06
9.39	8.844304829835892e-06
9.4	8.746515959501266e-06
9.41	8.6485524661839e-06
9.42	8.55571124702692e-06
9.43	8.462055120617151e-06
9.44	8.371484000235796e-06
9.45	8.27939948067069e-06
9.46	8.184637408703566e-06
9.47	8.096802048385143e-06
9.48	8.005881682038307e-06
9.49	7.918686605989933e-06
9.5	7.833295967429876e-06
9.51	7.74807995185256e-06
9.52	7.663504220545292e-06
9.53	7.580674719065428e-06
9.54	7.494702003896236e-06
9.55	7.4105337262153625e-06
9.56	7.329974323511124e-06
9.57	7.251277565956116e-06
9.58	7.172580808401108e-06
9.59	7.096270564943552e-06
9.6	7.017049938440323e-06
9.61	6.940739694982767e-06
9.62	6.86390558257699e-06
9.63	6.788934115320444e-06
9.64	6.718561053276062e-06
9.65	6.646616384387016e-06
9.66	6.572285201400518e-06
9.67	6.50214496999979e-06
9.68	6.427813787013292e-06
9.69	6.35575270280242e-06
9.7	6.2854960560798645e-06
9.71	6.217975169420242e-06
9.72	6.1515020206570625e-06
9.73	6.086309440433979e-06
9.74	6.019079592078924e-06
9.75	5.952722858637571e-06
9.76	5.889451131224632e-06
9.77	5.822163075208664e-06
9.78	5.759065970778465e-06
9.79	5.695270374417305e-06
9.8	5.631300155073404e-06
9.81	5.568726919591427e-06
9.82	5.504232831299305e-06
9.83	5.442590918391943e-06
9.84	5.380366928875446e-06
9.85	5.31814293935895e-06
9.86	5.261972546577454e-06
9.87	5.200330633670092e-06
9.88	5.140725988894701e-06
9.89	5.0827511586248875e-06
9.9	5.022913683205843e-06
9.91	4.96645225211978e-06
9.92	4.908302798867226e-06
9.93	4.851899575442076e-06
9.94	4.79439040645957e-06
9.95	4.737870767712593e-06
9.96	4.680710844695568e-06
9.97	4.626577720046043e-06
9.98	4.573026672005653e-06
9.99	4.51959203928709e-06
10.0	4.46889316663146e-06
10.01	4.414701834321022e-06
10.02	4.364410415291786e-06
10.03	4.308996722102165e-06
10.04	4.258239641785622e-06
10.05	4.209461621940136e-06
10.06	4.159985110163689e-06
10.07	4.112487658858299e-06
10.08	4.065455868840218e-06
10.09	4.018598701804876e-06
10.1	3.968481905758381e-06
10.11	3.92313813790679e-06
10.12	3.8763973861932755e-06
10.13	3.833207301795483e-06
10.14	3.788794856518507e-06
10.15	3.74804949387908e-06
10.16	3.7035206332802773e-06
10.17	3.6585843190550804e-06
10.18	3.614346496760845e-06
10.19	3.5704579204320908e-06
10.2	3.530003596097231e-06
10.21	3.4878612495958805e-06
10.22	3.4493859857320786e-06
10.23	3.4070690162479877e-06
10.24	3.367138560861349e-06
10.25	3.325636498630047e-06
10.26	3.2848911359906197e-06
10.27	3.2455427572131157e-06
10.28	3.2087555155158043e-06
10.29	3.171735443174839e-06
10.3	3.1355884857475758e-06
10.31	3.09839379042387e-06
10.32	3.060908056795597e-06
10.33	3.0252267606556416e-06
10.34	2.988672349601984e-06
10.35	2.9556103982031345e-06
10.36	2.922024577856064e-06
10.37	2.887798473238945e-06
10.38	2.8550857678055763e-06
10.39	2.8216163627803326e-06
10.4	2.788437996059656e-06
10.41	2.755783498287201e-06
10.42	2.7229543775320053e-06
10.43	2.6907073333859444e-06
10.44	2.659508027136326e-06
10.45	2.627028152346611e-06
10.46	2.5944318622350693e-06
10.47	2.563989255577326e-06
10.48	2.5326735340058804e-06
10.49	2.5011831894516945e-06
10.5	2.4726614356040955e-06
10.51	2.441462129354477e-06
10.52	2.412067260593176e-06
10.53	2.3831380531191826e-06
10.54	2.3529864847660065e-06
10.55	2.3239990696310997e-06
10.56	2.2953609004616737e-06
10.57	2.266489900648594e-06
10.58	2.2393069230020046e-06
10.59	2.2100284695625305e-06
10.6	2.183194737881422e-06
10.61	2.1553714759647846e-06
10.62	2.1295854821801186e-06
10.63	2.103217411786318e-06
10.64	2.0777806639671326e-06
10.65	2.0512379705905914e-06
10.66	2.0270817913115025e-06
10.67	1.999258529394865e-06
10.68	1.973588950932026e-06
10.69	1.9498984329402447e-06
10.7	1.9244616851210594e-06
10.71	1.9004801288247108e-06
10.72	1.8767896108329296e-06
10.73	1.8534483388066292e-06
10.74	1.8299906514585018e-06
10.75	1.8075224943459034e-06
10.76	1.7854035831987858e-06
10.77	1.7649144865572453e-06
10.78	1.7425627447664738e-06
10.79	1.723412424325943e-06
10.8	1.701002474874258e-06
10.81	1.6790581867098808e-06
10.82	1.6583944670856e-06
10.83	1.6369740478694439e-06
10.84	1.617067027837038e-06
10.85	1.5970435924828053e-06
10.86	1.5782425180077553e-06
10.87	1.5582190826535225e-06
10.88	1.5385448932647705e-06
10.89	1.5191617421805859e-06
10.9	1.4991965144872665e-06
10.91	1.479696948081255e-06
10.92	1.4618271961808205e-06
10.93	1.4421530067920685e-06
10.94	1.4237593859434128e-06
10.95	1.4051911421120167e-06
10.96	1.3845856301486492e-06
10.97	1.367006916552782e-06
10.98	1.349311787635088e-06
10.99	1.3333046808838844e-06
11.0	1.3156677596271038e-06
11.01	1.3005919754505157e-06
11.02	1.2838281691074371e-06
11.03	1.267006155103445e-06
11.04	1.2501259334385395e-06
11.05	1.2350501492619514e-06
11.06	1.2198579497635365e-06
11.07	1.2050732038915157e-06
11.08	1.1896481737494469e-06
11.09	1.1746305972337723e-06
11.1	1.1592055670917034e-06
11.11	1.142849214375019e-06
11.12	1.127773430198431e-06
11.13	1.1132215149700642e-06
11.14	1.0990770533680916e-06
11.15	1.0848743841052055e-06
11.16	1.0706717148423195e-06
11.17	1.0564690455794334e-06
11.18	1.0413932614028454e-06
11.19	1.0270741768181324e-06
11.2	1.0128132998943329e-06
11.21	1.00000761449337e-06
11.22	9.86561644822359e-07
11.23	9.729410521686077e-07
11.24	9.607174433767796e-07
11.25	9.476789273321629e-07
11.26	9.352806955575943e-07
11.27	9.232317097485065e-07
11.28	9.115319699048996e-07
11.29	8.995993994176388e-07
11.3	8.878414519131184e-07
11.31	8.75093974173069e-07
11.32	8.631614036858082e-07
11.33	8.51927325129509e-07
11.34	8.399365469813347e-07
11.35	8.289935067296028e-07
11.36	8.172937668859959e-07
11.37	8.066999725997448e-07
11.38	7.949420250952244e-07
11.39	7.845228537917137e-07
11.4	7.738126441836357e-07
11.41	7.638591341674328e-07
11.42	7.528578862547874e-07
11.43	7.442431524395943e-07
11.44	7.342896424233913e-07
11.45	7.236958481371403e-07
11.46	7.147318683564663e-07
11.47	7.05360434949398e-07
11.48	6.962218321859837e-07
11.49	6.880145519971848e-07
11.5	6.799818947911263e-07
11.51	6.711925379931927e-07
11.52	6.621703505516052e-07
11.53	6.531481631100178e-07
11.54	6.444170139729977e-07
11.55	6.355112418532372e-07
11.56	6.278860382735729e-07
11.57	6.192130967974663e-07
11.58	6.104819476604462e-07
11.59	6.012851372361183e-07
11.6	5.922629497945309e-07
11.61	5.831243470311165e-07
11.62	5.74975274503231e-07
11.63	5.673500709235668e-07
11.64	5.585607141256332e-07
11.65	5.507608875632286e-07
11.66	5.42961061000824e-07
11.67	5.344045348465443e-07
11.68	5.260808393359184e-07
11.69	5.190377123653889e-07
11.7	5.112378858029842e-07
11.71	5.040783435106277e-07
11.72	4.976755008101463e-07
11.73	4.898174665868282e-07
11.74	4.832400009036064e-07
11.75	4.7619687393307686e-07
11.76	4.693283699452877e-07
11.77	4.6263448894023895e-07
11.78	4.5693013817071915e-07
11.79	4.5087654143571854e-07
11.8	4.4441549107432365e-07
11.81	4.384201020002365e-07
11.82	4.3190084397792816e-07
11.83	4.2514875531196594e-07
11.84	4.1868770495057106e-07
11.85	4.1333260014653206e-07
11.86	4.0675513446331024e-07
11.87	4.007597453892231e-07
11.88	3.9458973333239555e-07
11.89	3.885943442583084e-07
11.9	3.8277357816696167e-07
11.91	3.7747668102383614e-07
11.92	3.728782758116722e-07
11.93	3.671739250421524e-07
11.94	3.6210985854268074e-07
11.95	3.561144694685936e-07
11.96	3.505847416818142e-07
11.97	3.454042598605156e-07
11.98	3.4034019336104393e-07
11.99	3.3527612686157227e-07
12.0	3.3067772164940834e-07
12.01	3.2602110877633095e-07
12.02	3.213062882423401e-07
12.03	3.1676609069108963e-07
12.04	3.121676854789257e-07
12.05	3.0780211091041565e-07
12.06	3.029126673936844e-07
12.07	2.9924558475613594e-07
12.08	2.9511284083127975e-07
12.09	2.9010698199272156e-07
12.1	2.864981070160866e-07
12.11	2.817832864820957e-07
12.12	2.7794158086180687e-07
12.13	2.737506292760372e-07
12.14	2.707820385694504e-07
12.15	2.6746420189738274e-07
12.16	2.6338966563344e-07
12.17	2.5978079065680504e-07
12.18	2.559390850365162e-07
12.19	2.5186454877257347e-07
12.2	2.487795427441597e-07
12.21	2.4528708308935165e-07
12.22	2.414453774690628e-07
12.23	2.3783650249242783e-07
12.24	2.3405300453305244e-07
12.25	2.3026950657367706e-07
12.26	2.2666063159704208e-07
12.27	2.2299354895949364e-07
12.28	2.193264663219452e-07
12.29	2.1595042198896408e-07
12.3	2.1228333935141563e-07
12.31	2.0849984139204025e-07
12.32	2.048327587544918e-07
12.33	2.0168954506516457e-07
12.34	1.9790604710578918e-07
12.35	1.942971721291542e-07
12.36	1.914449967443943e-07
12.37	1.8783612176775932e-07
12.38	1.8457649275660515e-07
12.39	1.8172431737184525e-07
12.4	1.7846468836069107e-07
12.41	1.7561251297593117e-07
12.42	1.730513758957386e-07
12.43	1.7049023881554604e-07
12.44	1.6740523278713226e-07
12.45	1.646694727241993e-07
12.46	1.618172973394394e-07
12.47	1.587904989719391e-07
12.48	1.5657860785722733e-07
12.49	1.550070010125637e-07
12.5	1.5186378732323647e-07
12.51	1.4959368854761124e-07
12.52	1.47323589771986e-07
12.53	1.444714143872261e-07
12.54	1.4167744666337967e-07
12.55	1.4010583981871605e-07
12.56	1.3801036402583122e-07
12.57	1.3579847291111946e-07
12.58	1.3364478945732117e-07
12.59	1.3154931366443634e-07
12.6	1.291045919060707e-07
12.61	1.266016624867916e-07
12.62	1.2491364032030106e-07
12.63	1.2281816452741623e-07
12.64	1.210719347000122e-07
12.65	1.1915108188986778e-07
12.66	1.175212673842907e-07
12.67	1.1525116860866547e-07
12.68	1.1356314644217491e-07
12.69	1.1170050129294395e-07
12.7	1.0989606380462646e-07
12.71	1.0838266462087631e-07
12.72	1.0704388841986656e-07
12.73	1.0529765859246254e-07
12.74	1.0360963642597198e-07
12.75	1.018051989376545e-07
12.76	1.0011717677116394e-07
12.77	9.837094694375992e-08
12.78	9.71485860645771e-08
12.79	9.592622518539429e-08
12.8	9.441282600164413e-08
12.81	9.289942681789398e-08
12.82	9.167706593871117e-08
12.83	8.969800546765327e-08
12.84	8.841743692755699e-08
12.85	8.672941476106644e-08
12.86	8.527422323822975e-08
12.87	8.393544703722e-08
12.88	8.242204785346985e-08
12.89	8.12578946352005e-08
12.9	7.974449545145035e-08
12.91	7.852213457226753e-08
12.92	7.718335837125778e-08
12.93	7.584458217024803e-08
12.94	7.450580596923828e-08
12.95	7.281778380274773e-08
12.96	7.147900760173798e-08
12.97	7.008202373981476e-08
12.98	6.885966286063194e-08
12.99	6.711343303322792e-08
13.0	6.58910721540451e-08
13.01	6.449408829212189e-08
13.02	6.280606612563133e-08
13.03	6.146728992462158e-08
13.04	6.01867213845253e-08
13.05	5.884794518351555e-08
13.06	5.762558430433273e-08
13.07	5.640322342514992e-08
13.08	5.4889824241399765e-08
13.09	5.372567102313042e-08
13.1	5.25033101439476e-08
13.11	5.145557224750519e-08
13.12	5.046604201197624e-08
13.13	4.9709342420101166e-08
13.14	4.842877388000488e-08
13.15	4.7672074288129807e-08
13.16	4.685716703534126e-08
13.17	4.580942913889885e-08
13.18	4.4819898903369904e-08
13.19	4.441244527697563e-08
13.2	4.371395334601402e-08
13.21	4.2782630771398544e-08
13.22	4.21423465013504e-08
13.23	4.150206223130226e-08
13.24	4.022149369120598e-08
13.25	3.952300176024437e-08
13.26	3.899913281202316e-08
13.27	3.8242433220148087e-08
13.28	3.7602148950099945e-08
13.29	3.707828000187874e-08
13.3	3.637978807091713e-08
13.31	3.550667315721512e-08
13.32	3.486638888716698e-08
13.33	3.42843122780323e-08
13.34	3.3818650990724564e-08
13.35	3.3352989703416824e-08
13.36	3.2887328416109085e-08
13.37	3.2188836485147476e-08
13.38	3.1548552215099335e-08
13.39	3.0850060284137726e-08
13.4	3.026798367500305e-08
13.41	2.9744114726781845e-08
13.42	2.9453076422214508e-08
13.43	2.9103830456733704e-08
13.44	2.8579961508512497e-08
13.45	2.828892320394516e-08
13.46	2.7881469577550888e-08
13.47	2.7124769985675812e-08
13.48	2.6659108698368073e-08
13.49	2.6135239750146866e-08
13.5	2.5902409106492996e-08
13.51	2.5262124836444855e-08
13.52	2.491287887096405e-08
13.53	2.4389009922742844e-08
13.54	2.3690517991781235e-08
13.55	2.3399479687213898e-08
13.56	2.2992026060819626e-08
13.57	2.2526364773511887e-08
13.58	2.2118911147117615e-08
13.59	2.1711457520723343e-08
13.6	2.10711732506752e-08
13.61	2.0605511963367462e-08
13.62	2.0023435354232788e-08
13.63	1.949956640601158e-08
13.64	1.9150320440530777e-08
13.65	1.8684659153223038e-08
13.66	1.816079020500183e-08
13.67	1.775333657860756e-08
13.68	1.7229467630386353e-08
13.69	1.6763806343078613e-08
13.7	1.6298145055770874e-08
13.71	1.57160684466362e-08
13.72	1.5192199498414993e-08
13.73	1.4668330550193787e-08
13.74	1.4202669262886047e-08
13.75	1.3795215636491776e-08
13.76	1.3213139027357101e-08
13.77	1.2980308383703232e-08
13.78	1.2689270079135895e-08
13.79	1.2281816452741623e-08
13.8	1.1932570487260818e-08
13.81	1.146690919995308e-08
13.82	1.1292286217212677e-08
13.83	1.1059455573558807e-08
13.84	1.0884832590818405e-08
13.85	1.0419171303510666e-08
13.86	1.0360963642597198e-08
13.87	1.0128132998943329e-08
13.88	9.720679372549057e-09
13.89	9.487848728895187e-09
13.9	9.42964106798172e-09
13.91	9.138602763414383e-09
13.92	8.96397978067398e-09
13.93	8.847564458847046e-09
13.94	8.556526154279709e-09
13.95	8.265487849712372e-09
13.96	7.974449545145035e-09
13.97	7.916241884231567e-09
13.98	7.566995918750763e-09
13.99	7.508788257837296e-09
14.0	7.450580596923828e-09
14.01	7.275957614183426e-09
14.02	7.101334631443024e-09
14.03	6.9267116487026215e-09
14.04	6.752088665962219e-09
14.05	6.6356733441352844e-09
14.06	6.6356733441352844e-09
14.07	6.51925802230835e-09
14.08	6.461050361394882e-09
14.09	6.402842700481415e-09
14.1	6.2282197177410126e-09
14.11	5.995389074087143e-09
14.12	5.9371814131736755e-09
14.13	5.878973752260208e-09
14.14	5.820766091346741e-09
14.15	5.587935447692871e-09
14.16	5.529727786779404e-09
14.17	5.296897143125534e-09
14.18	5.0640664994716644e-09
14.19	5.005858838558197e-09
14.2	5.005858838558197e-09
14.21	4.889443516731262e-09
14.22	4.831235855817795e-09
14.23	4.71482053399086e-09
14.24	4.598405212163925e-09
14.25	4.423782229423523e-09
14.26	4.307366907596588e-09
14.27	4.249159246683121e-09
14.28	4.132743924856186e-09
14.29	4.0745362639427185e-09
14.3	3.958120942115784e-09
14.31	3.899913281202316e-09
14.32	3.7834979593753815e-09
14.33	3.725290298461914e-09
14.34	3.550667315721512e-09
14.35	3.4924596548080444e-09
14.36	3.3760443329811096e-09
14.37	3.2014213502407074e-09
14.38	3.026798367500305e-09
14.39	2.852175384759903e-09
14.4	2.5029294192790985e-09
14.41	2.444721758365631e-09
14.42	2.444721758365631e-09
14.43	2.270098775625229e-09
14.44	2.270098775625229e-09
14.45	2.0954757928848267e-09
14.46	1.979060471057892e-09
14.47	1.8044374883174896e-09
14.48	1.7462298274040222e-09
14.49	1.6880221664905548e-09
14.5	1.6880221664905548e-09
14.51	1.6298145055770874e-09
14.52	1.5133991837501526e-09
14.53	1.4551915228366852e-09
14.54	1.4551915228366852e-09
14.55	1.3969838619232178e-09
14.56	1.3969838619232178e-09
14.57	1.3387762010097504e-09
14.58	1.280568540096283e-09
14.59	1.280568540096283e-09
14.6	1.2223608791828156e-09
14.61	1.2223608791828156e-09
14.62	9.89530235528946e-10
14.63	9.89530235528946e-10
14.64	9.89530235528946e-10
14.65	9.89530235528946e-10
14.66	9.313225746154785e-10
14.67	9.313225746154785e-10
14.68	8.731149137020111e-10
14.69	8.149072527885437e-10
14.7	7.566995918750763e-10
14.71	7.566995918750763e-10
14.72	7.566995918750763e-10
14.73	7.566995918750763e-10
14.74	7.566995918750763e-10
14.75	6.984919309616089e-10
14.76	6.984919309616089e-10
14.77	6.984919309616089e-10
14.78	6.984919309616089e-10
14.79	6.402842700481415e-10
14.8	6.402842700481415e-10
14.81	5.820766091346741e-10
14.82	5.820766091346741e-10
14.83	5.820766091346741e-10
14.84	5.820766091346741e-10
14.85	5.820766091346741e-10
14.86	5.238689482212067e-10
14.87	5.238689482212067e-10
14.88	4.656612873077393e-10
14.89	4.656612873077393e-10
14.9	4.656612873077393e-10
14.91	4.656612873077393e-10
14.92	4.656612873077393e-10
14.93	4.656612873077393e-10
14.94	4.656612873077393e-10
14.95	4.656612873077393e-10
14.96	4.656612873077393e-10
14.97	4.656612873077393e-10
14.98	4.656612873077393e-10
14.99	4.656612873077393e-10
15.0	4.656612873077393e-10
15.01	4.656612873077393e-10
15.02	4.0745362639427185e-10
15.03	3.4924596548080444e-10
15.04	2.9103830456733704e-10
15.05	2.9103830456733704e-10
15.06	2.9103830456733704e-10
15.07	2.9103830456733704e-10
15.08	2.9103830456733704e-10
15.09	2.3283064365386963e-10
15.1	2.3283064365386963e-10
15.11	1.1641532182693481e-10
15.12	1.1641532182693481e-10
15.13	1.1641532182693481e-10
15.14	1.1641532182693481e-10
15.15	1.1641532182693481e-10
15.16	1.1641532182693481e-10
15.17	1.1641532182693481e-10
15.18	1.1641532182693481e-10
15.19	1.1641532182693481e-10
15.2	1.1641532182693481e-10
15.21	1.1641532182693481e-10
15.22	1.1641532182693481e-10
15.23	1.1641532182693481e-10
15.24	1.1641532182693481e-10
15.25	1.1641532182693481e-10
15.26	5.820766091346741e-11
15.27	5.820766091346741e-11
15.28	5.820766091346741e-11
15.29	5.820766091346741e-11
15.3	5.820766091346741e-11
15.31	5.820766091346741e-11
15.32	5.820766091346741e-11
15.33	5.820766091346741e-11
15.34	0.0
