5.3	0.0005054473876953125
5.31	0.0004949569702148438
5.32	0.00048828125
5.33	0.00048828125
5.34	0.00048351287841796875
5.35	0.00048160552978515625
5.36	0.00047779083251953125
5.37	0.0004730224609375
5.38	0.00047206878662109375
5.39	0.000469207763671875
5.4	0.0004634857177734375
5.41	0.0004596710205078125
5.42	0.00045680999755859375
5.43	0.00045299530029296875
5.44	0.0004520416259765625
5.45	0.00044536590576171875
5.46	0.0004425048828125
5.47	0.00043487548828125
5.48	0.0004291534423828125
5.49	0.00042724609375
5.5	0.0004253387451171875
5.51	0.0004215240478515625
5.52	0.0004177093505859375
5.53	0.000415802001953125
5.54	0.00041103363037109375
5.55	0.00040435791015625
5.56	0.0004024505615234375
5.57	0.000396728515625
5.58	0.00039386749267578125
5.59	0.00038433074951171875
5.6	0.0003833770751953125
5.61	0.0003814697265625
5.62	0.00037479400634765625
5.63	0.0003719329833984375
5.64	0.0003604888916015625
5.65	0.0003604888916015625
5.66	0.0003566741943359375
5.67	0.0003528594970703125
5.68	0.00035190582275390625
5.69	0.00034618377685546875
5.7	0.0003452301025390625
5.71	0.000339508056640625
5.72	0.0003337860107421875
5.73	0.00033092498779296875
5.74	0.00032806396484375
5.75	0.0003261566162109375
5.76	0.000324249267578125
5.77	0.000316619873046875
5.78	0.00031185150146484375
5.79	0.000308990478515625
5.8	0.0003032684326171875
5.81	0.0002994537353515625
5.82	0.00029850006103515625
5.83	0.00029659271240234375
5.84	0.00029468536376953125
5.85	0.0002918243408203125
5.86	0.00028896331787109375
5.87	0.00028514862060546875
5.88	0.00028228759765625
5.89	0.00027751922607421875
5.9	0.000274658203125
5.91	0.000270843505859375
5.92	0.00026607513427734375
5.93	0.00026226043701171875
5.94	0.0002613067626953125
5.95	0.0002593994140625
5.96	0.000255584716796875
5.97	0.00025177001953125
5.98	0.00024890899658203125
5.99	0.00024890899658203125
6.0	0.00024318695068359375
6.01	0.0002422332763671875
6.02	0.00024127960205078125
6.03	0.0002384185791015625
6.04	0.00023555755615234375
6.05	0.00022792816162109375
6.06	0.00022792816162109375
6.07	0.0002193450927734375
6.08	0.000217437744140625
6.09	0.0002155303955078125
6.1	0.000213623046875
6.11	0.00021266937255859375
6.12	0.0002079010009765625
6.13	0.0002079010009765625
6.14	0.00020503997802734375
6.15	0.0002040863037109375
6.16	0.000202178955078125
6.17	0.00019931793212890625
6.18	0.0001983642578125
6.19	0.00019359588623046875
6.2	0.00019168853759765625
6.21	0.00018787384033203125
6.22	0.000186920166015625
6.23	0.00018310546875
6.24	0.00018215179443359375
6.25	0.00018024444580078125
6.26	0.000179290771484375
6.27	0.00017833709716796875
6.28	0.00017452239990234375
6.29	0.0001735687255859375
6.3	0.00017261505126953125
6.31	0.00017070770263671875
6.32	0.00016689300537109375
6.33	0.0001659393310546875
6.34	0.00016498565673828125
6.35	0.00016498565673828125
6.36	0.00016117095947265625
6.37	0.00015735626220703125
6.38	0.00015544891357421875
6.39	0.00015163421630859375
6.4	0.00015163421630859375
6.41	0.00014972686767578125
6.42	0.00014781951904296875
6.43	0.00014781951904296875
6.44	0.00014495849609375
6.45	0.0001430511474609375
6.46	0.000141143798828125
6.47	0.00014019012451171875
6.48	0.00013828277587890625
6.49	0.0001373291015625
6.5	0.00013637542724609375
6.51	0.0001354217529296875
6.52	0.0001354217529296875
6.53	0.00012969970703125
6.54	0.00012969970703125
6.55	0.00012683868408203125
6.56	0.00012683868408203125
6.57	0.00012683868408203125
6.58	0.00012493133544921875
6.59	0.00012493133544921875
6.6	0.00012111663818359375
6.61	0.00012111663818359375
6.62	0.00011920928955078125
6.63	0.00011920928955078125
6.64	0.000118255615234375
6.65	0.00011730194091796875
6.66	0.00011730194091796875
6.67	0.00011730194091796875
6.68	0.00011157989501953125
6.69	0.00010967254638671875
6.7	0.00010967254638671875
6.71	0.00010967254638671875
6.72	0.00010967254638671875
6.73	0.0001087188720703125
6.74	0.0001068115234375
6.75	0.0001068115234375
6.76	0.00010585784912109375
6.77	0.00010585784912109375
6.78	0.0001049041748046875
6.79	0.0001049041748046875
6.8	0.00010204315185546875
6.81	0.00010204315185546875
6.82	0.0001010894775390625
6.83	0.0001010894775390625
6.84	9.918212890625e-05
6.85	9.5367431640625e-05
6.86	9.5367431640625e-05
6.87	9.250640869140625e-05
6.88	9.250640869140625e-05
6.89	9.1552734375e-05
6.9	9.059906005859375e-05
6.91	9.059906005859375e-05
6.92	8.869171142578125e-05
6.93	8.7738037109375e-05
6.94	8.7738037109375e-05
6.95	8.7738037109375e-05
6.96	8.296966552734375e-05
6.97	8.296966552734375e-05
6.98	8.20159912109375e-05
6.99	8.0108642578125e-05
7.0	7.62939453125e-05
7.01	7.534027099609375e-05
7.02	7.534027099609375e-05
7.03	7.43865966796875e-05
7.04	7.43865966796875e-05
7.05	7.43865966796875e-05
7.06	7.2479248046875e-05
7.07	7.152557373046875e-05
7.08	6.961822509765625e-05
7.09	6.866455078125e-05
7.1	6.771087646484375e-05
7.11	6.67572021484375e-05
7.12	6.4849853515625e-05
7.13	6.389617919921875e-05
7.14	6.29425048828125e-05
7.15	6.103515625e-05
7.16	6.103515625e-05
7.17	5.91278076171875e-05
7.18	5.91278076171875e-05
7.19	5.817413330078125e-05
7.2	5.817413330078125e-05
7.21	5.7220458984375e-05
7.22	5.7220458984375e-05
7.23	5.626678466796875e-05
7.24	5.53131103515625e-05
7.25	5.53131103515625e-05
7.26	5.435943603515625e-05
7.27	5.245208740234375e-05
7.28	4.9591064453125e-05
7.29	4.9591064453125e-05
7.3	4.9591064453125e-05
7.31	4.863739013671875e-05
7.32	4.863739013671875e-05
7.33	4.673004150390625e-05
7.34	4.673004150390625e-05
7.35	4.38690185546875e-05
7.36	4.291534423828125e-05
7.37	4.291534423828125e-05
7.38	4.291534423828125e-05
7.39	4.291534423828125e-05
7.4	4.291534423828125e-05
7.41	4.291534423828125e-05
7.42	4.100799560546875e-05
7.43	4.100799560546875e-05
7.44	4.00543212890625e-05
7.45	4.00543212890625e-05
7.46	3.910064697265625e-05
7.47	3.910064697265625e-05
7.48	3.910064697265625e-05
7.49	3.814697265625e-05
7.5	3.814697265625e-05
7.51	3.719329833984375e-05
7.52	3.719329833984375e-05
7.53	3.719329833984375e-05
7.54	3.62396240234375e-05
7.55	3.62396240234375e-05
7.56	3.62396240234375e-05
7.57	3.62396240234375e-05
7.58	3.528594970703125e-05
7.59	3.528594970703125e-05
7.6	3.4332275390625e-05
7.61	3.4332275390625e-05
7.62	3.4332275390625e-05
7.63	3.4332275390625e-05
7.64	3.337860107421875e-05
7.65	3.24249267578125e-05
7.66	3.24249267578125e-05
7.67	3.24249267578125e-05
7.68	3.24249267578125e-05
7.69	3.147125244140625e-05
7.7	3.147125244140625e-05
7.71	3.147125244140625e-05
7.72	3.147125244140625e-05
7.73	3.147125244140625e-05
7.74	3.0517578125e-05
7.75	3.0517578125e-05
7.76	2.86102294921875e-05
7.77	2.86102294921875e-05
7.78	2.765655517578125e-05
7.79	2.765655517578125e-05
7.8	2.765655517578125e-05
7.81	2.47955322265625e-05
7.82	2.47955322265625e-05
7.83	2.47955322265625e-05
7.84	2.47955322265625e-05
7.85	2.47955322265625e-05
7.86	2.47955322265625e-05
7.87	2.47955322265625e-05
7.88	2.47955322265625e-05
7.89	2.47955322265625e-05
7.9	2.384185791015625e-05
7.91	2.384185791015625e-05
7.92	2.288818359375e-05
7.93	2.288818359375e-05
7.94	2.288818359375e-05
7.95	2.288818359375e-05
7.96	2.193450927734375e-05
7.97	2.002716064453125e-05
7.98	2.002716064453125e-05
7.99	2.002716064453125e-05
8.0	2.002716064453125e-05
8.01	2.002716064453125e-05
8.02	2.002716064453125e-05
8.03	2.002716064453125e-05
8.04	2.002716064453125e-05
8.05	1.9073486328125e-05
8.06	1.811981201171875e-05
8.07	1.811981201171875e-05
8.08	1.71661376953125e-05
8.09	1.71661376953125e-05
8.1	1.71661376953125e-05
8.11	1.71661376953125e-05
8.12	1.71661376953125e-05
8.13	1.71661376953125e-05
8.14	1.71661376953125e-05
8.15	1.71661376953125e-05
8.16	1.71661376953125e-05
8.17	1.621246337890625e-05
8.18	1.621246337890625e-05
8.19	1.621246337890625e-05
8.2	1.621246337890625e-05
8.21	1.621246337890625e-05
8.22	1.52587890625e-05
8.23	1.52587890625e-05
8.24	1.33514404296875e-05
8.25	1.33514404296875e-05
8.26	1.33514404296875e-05
8.27	1.239776611328125e-05
8.28	1.239776611328125e-05
8.29	1.239776611328125e-05
8.3	1.239776611328125e-05
8.31	1.239776611328125e-05
8.32	1.1444091796875e-05
8.33	1.1444091796875e-05
8.34	1.1444091796875e-05
8.35	1.1444091796875e-05
8.36	1.1444091796875e-05
8.37	1.049041748046875e-05
8.38	1.049041748046875e-05
8.39	1.049041748046875e-05
8.4	1.049041748046875e-05
8.41	1.049041748046875e-05
8.42	9.5367431640625e-06
8.43	9.5367431640625e-06
8.44	9.5367431640625e-06
8.45	9.5367431640625e-06
8.46	9.5367431640625e-06
8.47	9.5367431640625e-06
8.48	9.5367431640625e-06
8.49	8.58306884765625e-06
8.5	8.58306884765625e-06
8.51	8.58306884765625e-06
8.52	8.58306884765625e-06
8.53	8.58306884765625e-06
8.54	7.62939453125e-06
8.55	7.62939453125e-06
8.56	6.67572021484375e-06
8.57	6.67572021484375e-06
8.58	6.67572021484375e-06
8.59	6.67572021484375e-06
8.6	6.67572021484375e-06
8.61	6.67572021484375e-06
8.62	6.67572021484375e-06
8.63	6.67572021484375e-06
8.64	6.67572021484375e-06
8.65	5.7220458984375e-06
8.66	5.7220458984375e-06
8.67	5.7220458984375e-06
8.68	5.7220458984375e-06
8.69	5.7220458984375e-06
8.7	4.76837158203125e-06
8.71	4.76837158203125e-06
8.72	3.814697265625e-06
8.73	3.814697265625e-06
8.74	3.814697265625e-06
8.75	3.814697265625e-06
8.76	3.814697265625e-06
8.77	3.814697265625e-06
8.78	3.814697265625e-06
8.79	3.814697265625e-06
8.8	3.814697265625e-06
8.81	3.814697265625e-06
8.82	3.814697265625e-06
8.83	3.814697265625e-06
8.84	3.814697265625e-06
8.85	3.814697265625e-06
8.86	3.814697265625e-06
8.87	3.814697265625e-06
8.88	3.814697265625e-06
8.89	3.814697265625e-06
8.9	3.814697265625e-06
8.91	3.814697265625e-06
8.92	3.814697265625e-06
8.93	3.814697265625e-06
8.94	3.814697265625e-06
8.95	3.814697265625e-06
8.96	3.814697265625e-06
8.97	3.814697265625e-06
8.98	3.814697265625e-06
8.99	3.814697265625e-06
9.0	3.814697265625e-06
9.01	3.814697265625e-06
9.02	3.814697265625e-06
9.03	3.814697265625e-06
9.04	3.814697265625e-06
9.05	3.814697265625e-06
9.06	3.814697265625e-06
9.07	3.814697265625e-06
9.08	3.814697265625e-06
9.09	3.814697265625e-06
9.1	3.814697265625e-06
9.11	3.814697265625e-06
9.12	3.814697265625e-06
9.13	3.814697265625e-06
9.14	3.814697265625e-06
9.15	3.814697265625e-06
9.16	3.814697265625e-06
9.17	3.814697265625e-06
9.18	2.86102294921875e-06
9.19	2.86102294921875e-06
9.2	2.86102294921875e-06
9.21	2.86102294921875e-06
9.22	2.86102294921875e-06
9.23	2.86102294921875e-06
9.24	2.86102294921875e-06
9.25	2.86102294921875e-06
9.26	2.86102294921875e-06
9.27	2.86102294921875e-06
9.28	2.86102294921875e-06
9.29	2.86102294921875e-06
9.3	2.86102294921875e-06
9.31	2.86102294921875e-06
9.32	2.86102294921875e-06
9.33	1.9073486328125e-06
9.34	1.9073486328125e-06
9.35	1.9073486328125e-06
9.36	1.9073486328125e-06
9.37	1.9073486328125e-06
9.38	1.9073486328125e-06
9.39	1.9073486328125e-06
9.4	1.9073486328125e-06
9.41	1.9073486328125e-06
9.42	1.9073486328125e-06
9.43	1.9073486328125e-06
9.44	1.9073486328125e-06
9.45	9.5367431640625e-07
9.46	9.5367431640625e-07
9.47	9.5367431640625e-07
9.48	9.5367431640625e-07
9.49	9.5367431640625e-07
9.5	9.5367431640625e-07
9.51	9.5367431640625e-07
9.52	9.5367431640625e-07
9.53	9.5367431640625e-07
9.54	9.5367431640625e-07
9.55	9.5367431640625e-07
9.56	9.5367431640625e-07
9.57	9.5367431640625e-07
9.58	9.5367431640625e-07
9.59	9.5367431640625e-07
9.6	9.5367431640625e-07
9.61	0.0
