5.59	0.0005092620849609375
5.6	0.0004987716674804688
5.61	0.0004978179931640625
5.62	0.000492095947265625
5.63	0.00048351287841796875
5.64	0.0004825592041015625
5.65	0.00047588348388671875
5.66	0.00047206878662109375
5.67	0.00046825408935546875
5.68	0.0004673004150390625
5.69	0.00046253204345703125
5.7	0.0004520416259765625
5.71	0.00044727325439453125
5.72	0.0004444122314453125
5.73	0.00043964385986328125
5.74	0.0004367828369140625
5.75	0.00043392181396484375
5.76	0.0004253387451171875
5.77	0.00042247772216796875
5.78	0.00041866302490234375
5.79	0.00041484832763671875
5.8	0.0004138946533203125
5.81	0.0004100799560546875
5.82	0.00040435791015625
5.83	0.00040340423583984375
5.84	0.00039958953857421875
5.85	0.000396728515625
5.86	0.00039005279541015625
5.87	0.00038623809814453125
5.88	0.0003833770751953125
5.89	0.00038051605224609375
5.9	0.00037860870361328125
5.91	0.00037384033203125
5.92	0.00036716461181640625
5.93	0.00036144256591796875
5.94	0.0003604888916015625
5.95	0.00035858154296875
5.96	0.000354766845703125
5.97	0.00034809112548828125
5.98	0.0003414154052734375
5.99	0.00033664703369140625
6.0	0.000335693359375
6.01	0.000331878662109375
6.02	0.00032806396484375
6.03	0.00032329559326171875
6.04	0.00031757354736328125
6.05	0.00031375885009765625
6.06	0.00031375885009765625
6.07	0.00031280517578125
6.08	0.00030803680419921875
6.09	0.0003070831298828125
6.1	0.000301361083984375
6.11	0.0002994537353515625
6.12	0.00029659271240234375
6.13	0.000293731689453125
6.14	0.0002899169921875
6.15	0.000286102294921875
6.16	0.00028324127197265625
6.17	0.00028228759765625
6.18	0.00028133392333984375
6.19	0.000274658203125
6.2	0.00027370452880859375
6.21	0.00027370452880859375
6.22	0.000270843505859375
6.23	0.000270843505859375
6.24	0.00026988983154296875
6.25	0.00026226043701171875
6.26	0.00025653839111328125
6.27	0.000255584716796875
6.28	0.00025272369384765625
6.29	0.00025081634521484375
6.3	0.00024890899658203125
6.31	0.00024700164794921875
6.32	0.00024127960205078125
6.33	0.00024127960205078125
6.34	0.00024127960205078125
6.35	0.000240325927734375
6.36	0.00023746490478515625
6.37	0.0002346038818359375
6.38	0.00023174285888671875
6.39	0.0002307891845703125
6.4	0.00022983551025390625
6.41	0.0002269744873046875
6.42	0.000225067138671875
6.43	0.0002231597900390625
6.44	0.00022029876708984375
6.45	0.00021839141845703125
6.46	0.00021839141845703125
6.47	0.0002155303955078125
6.48	0.00021457672119140625
6.49	0.000213623046875
6.5	0.00021076202392578125
6.51	0.000209808349609375
6.52	0.00020599365234375
6.53	0.0002040863037109375
6.54	0.00020122528076171875
6.55	0.0002002716064453125
6.56	0.0002002716064453125
6.57	0.0001983642578125
6.58	0.00019359588623046875
6.59	0.0001926422119140625
6.6	0.0001888275146484375
6.61	0.00018787384033203125
6.62	0.00018787384033203125
6.63	0.000186920166015625
6.64	0.0001850128173828125
6.65	0.00018215179443359375
6.66	0.000179290771484375
6.67	0.0001773834228515625
6.68	0.00017642974853515625
6.69	0.00017547607421875
6.7	0.00017261505126953125
6.71	0.0001697540283203125
6.72	0.00016880035400390625
6.73	0.0001678466796875
6.74	0.0001659393310546875
6.75	0.00016498565673828125
6.76	0.00016117095947265625
6.77	0.00016117095947265625
6.78	0.00016021728515625
6.79	0.000156402587890625
6.8	0.00015354156494140625
6.81	0.0001506805419921875
6.82	0.0001468658447265625
6.83	0.0001468658447265625
6.84	0.00014591217041015625
6.85	0.00014400482177734375
6.86	0.0001430511474609375
6.87	0.0001392364501953125
6.88	0.0001392364501953125
6.89	0.0001392364501953125
6.9	0.0001392364501953125
6.91	0.0001392364501953125
6.92	0.00013637542724609375
6.93	0.000133514404296875
6.94	0.00013256072998046875
6.95	0.0001316070556640625
6.96	0.00013065338134765625
6.97	0.00013065338134765625
6.98	0.00012874603271484375
6.99	0.0001277923583984375
7.0	0.00012493133544921875
7.01	0.0001239776611328125
7.02	0.0001220703125
7.03	0.0001220703125
7.04	0.00012111663818359375
7.05	0.0001201629638671875
7.06	0.00011920928955078125
7.07	0.00011730194091796875
7.08	0.00011539459228515625
7.09	0.00011348724365234375
7.1	0.0001125335693359375
7.11	0.00011157989501953125
7.12	0.000110626220703125
7.13	0.0001087188720703125
7.14	0.0001068115234375
7.15	0.00010585784912109375
7.16	0.0001049041748046875
7.17	0.00010395050048828125
7.18	0.00010204315185546875
7.19	0.00010204315185546875
7.2	0.00010013580322265625
7.21	9.822845458984375e-05
7.22	9.632110595703125e-05
7.23	9.5367431640625e-05
7.24	9.250640869140625e-05
7.25	9.250640869140625e-05
7.26	9.1552734375e-05
7.27	9.059906005859375e-05
7.28	8.96453857421875e-05
7.29	8.869171142578125e-05
7.3	8.7738037109375e-05
7.31	8.678436279296875e-05
7.32	8.678436279296875e-05
7.33	8.58306884765625e-05
7.34	8.296966552734375e-05
7.35	8.0108642578125e-05
7.36	7.915496826171875e-05
7.37	7.82012939453125e-05
7.38	7.82012939453125e-05
7.39	7.724761962890625e-05
7.4	7.724761962890625e-05
7.41	7.534027099609375e-05
7.42	7.343292236328125e-05
7.43	7.343292236328125e-05
7.44	7.343292236328125e-05
7.45	7.343292236328125e-05
7.46	7.2479248046875e-05
7.47	6.961822509765625e-05
7.48	6.771087646484375e-05
7.49	6.771087646484375e-05
7.5	6.67572021484375e-05
7.51	6.580352783203125e-05
7.52	6.4849853515625e-05
7.53	6.389617919921875e-05
7.54	6.389617919921875e-05
7.55	6.389617919921875e-05
7.56	6.389617919921875e-05
7.57	6.389617919921875e-05
7.58	6.29425048828125e-05
7.59	6.198883056640625e-05
7.6	6.103515625e-05
7.61	6.103515625e-05
7.62	6.103515625e-05
7.63	6.008148193359375e-05
7.64	6.008148193359375e-05
7.65	6.008148193359375e-05
7.66	5.817413330078125e-05
7.67	5.817413330078125e-05
7.68	5.7220458984375e-05
7.69	5.7220458984375e-05
7.7	5.7220458984375e-05
7.71	5.7220458984375e-05
7.72	5.7220458984375e-05
7.73	5.53131103515625e-05
7.74	5.435943603515625e-05
7.75	5.435943603515625e-05
7.76	5.340576171875e-05
7.77	5.340576171875e-05
7.78	5.340576171875e-05
7.79	5.245208740234375e-05
7.8	5.054473876953125e-05
7.81	5.054473876953125e-05
7.82	4.9591064453125e-05
7.83	4.9591064453125e-05
7.84	4.9591064453125e-05
7.85	4.9591064453125e-05
7.86	4.9591064453125e-05
7.87	4.9591064453125e-05
7.88	4.863739013671875e-05
7.89	4.76837158203125e-05
7.9	4.673004150390625e-05
7.91	4.57763671875e-05
7.92	4.57763671875e-05
7.93	4.57763671875e-05
7.94	4.57763671875e-05
7.95	4.482269287109375e-05
7.96	4.482269287109375e-05
7.97	4.38690185546875e-05
7.98	4.38690185546875e-05
7.99	4.38690185546875e-05
8.0	4.38690185546875e-05
8.01	4.291534423828125e-05
8.02	4.1961669921875e-05
8.03	4.100799560546875e-05
8.04	4.100799560546875e-05
8.05	4.100799560546875e-05
8.06	4.00543212890625e-05
8.07	4.00543212890625e-05
8.08	4.00543212890625e-05
8.09	4.00543212890625e-05
8.1	4.00543212890625e-05
8.11	4.00543212890625e-05
8.12	3.910064697265625e-05
8.13	3.719329833984375e-05
8.14	3.719329833984375e-05
8.15	3.719329833984375e-05
8.16	3.719329833984375e-05
8.17	3.719329833984375e-05
8.18	3.62396240234375e-05
8.19	3.62396240234375e-05
8.2	3.62396240234375e-05
8.21	3.62396240234375e-05
8.22	3.62396240234375e-05
8.23	3.62396240234375e-05
8.24	3.62396240234375e-05
8.25	3.62396240234375e-05
8.26	3.62396240234375e-05
8.27	3.528594970703125e-05
8.28	3.528594970703125e-05
8.29	3.528594970703125e-05
8.3	3.528594970703125e-05
8.31	3.528594970703125e-05
8.32	3.528594970703125e-05
8.33	3.528594970703125e-05
8.34	3.4332275390625e-05
8.35	3.4332275390625e-05
8.36	3.4332275390625e-05
8.37	3.4332275390625e-05
8.38	3.4332275390625e-05
8.39	3.4332275390625e-05
8.4	3.337860107421875e-05
8.41	3.337860107421875e-05
8.42	3.337860107421875e-05
8.43	3.337860107421875e-05
8.44	3.337860107421875e-05
8.45	3.337860107421875e-05
8.46	3.24249267578125e-05
8.47	3.24249267578125e-05
8.48	3.24249267578125e-05
8.49	3.24249267578125e-05
8.5	3.24249267578125e-05
8.51	3.24249267578125e-05
8.52	3.24249267578125e-05
8.53	3.24249267578125e-05
8.54	3.24249267578125e-05
8.55	3.24249267578125e-05
8.56	3.24249267578125e-05
8.57	3.147125244140625e-05
8.58	3.147125244140625e-05
8.59	3.147125244140625e-05
8.6	3.0517578125e-05
8.61	3.0517578125e-05
8.62	3.0517578125e-05
8.63	2.956390380859375e-05
8.64	2.956390380859375e-05
8.65	2.956390380859375e-05
8.66	2.86102294921875e-05
8.67	2.86102294921875e-05
8.68	2.6702880859375e-05
8.69	2.574920654296875e-05
8.7	2.574920654296875e-05
8.71	2.574920654296875e-05
8.72	2.47955322265625e-05
8.73	2.47955322265625e-05
8.74	2.47955322265625e-05
8.75	2.384185791015625e-05
8.76	2.384185791015625e-05
8.77	2.384185791015625e-05
8.78	2.384185791015625e-05
8.79	2.384185791015625e-05
8.8	2.384185791015625e-05
8.81	2.288818359375e-05
8.82	2.193450927734375e-05
8.83	2.193450927734375e-05
8.84	2.193450927734375e-05
8.85	2.193450927734375e-05
8.86	2.193450927734375e-05
8.87	2.193450927734375e-05
8.88	2.193450927734375e-05
8.89	2.002716064453125e-05
8.9	2.002716064453125e-05
8.91	2.002716064453125e-05
8.92	2.002716064453125e-05
8.93	2.002716064453125e-05
8.94	2.002716064453125e-05
8.95	1.9073486328125e-05
8.96	1.811981201171875e-05
8.97	1.811981201171875e-05
8.98	1.811981201171875e-05
8.99	1.811981201171875e-05
9.0	1.71661376953125e-05
9.01	1.71661376953125e-05
9.02	1.621246337890625e-05
9.03	1.621246337890625e-05
9.04	1.621246337890625e-05
9.05	1.621246337890625e-05
9.06	1.621246337890625e-05
9.07	1.52587890625e-05
9.08	1.52587890625e-05
9.09	1.52587890625e-05
9.1	1.52587890625e-05
9.11	1.430511474609375e-05
9.12	1.430511474609375e-05
9.13	1.33514404296875e-05
9.14	1.33514404296875e-05
9.15	1.33514404296875e-05
9.16	1.33514404296875e-05
9.17	1.33514404296875e-05
9.18	1.239776611328125e-05
9.19	1.239776611328125e-05
9.2	1.239776611328125e-05
9.21	1.239776611328125e-05
9.22	1.239776611328125e-05
9.23	1.049041748046875e-05
9.24	9.5367431640625e-06
9.25	9.5367431640625e-06
9.26	9.5367431640625e-06
9.27	9.5367431640625e-06
9.28	9.5367431640625e-06
9.29	7.62939453125e-06
9.3	7.62939453125e-06
9.31	7.62939453125e-06
9.32	7.62939453125e-06
9.33	7.62939453125e-06
9.34	7.62939453125e-06
9.35	5.7220458984375e-06
9.36	5.7220458984375e-06
9.37	5.7220458984375e-06
9.38	5.7220458984375e-06
9.39	5.7220458984375e-06
9.4	5.7220458984375e-06
9.41	5.7220458984375e-06
9.42	5.7220458984375e-06
9.43	5.7220458984375e-06
9.44	5.7220458984375e-06
9.45	5.7220458984375e-06
9.46	5.7220458984375e-06
9.47	5.7220458984375e-06
9.48	5.7220458984375e-06
9.49	5.7220458984375e-06
9.5	5.7220458984375e-06
9.51	5.7220458984375e-06
9.52	5.7220458984375e-06
9.53	5.7220458984375e-06
9.54	5.7220458984375e-06
9.55	4.76837158203125e-06
9.56	4.76837158203125e-06
9.57	4.76837158203125e-06
9.58	4.76837158203125e-06
9.59	4.76837158203125e-06
9.6	4.76837158203125e-06
9.61	4.76837158203125e-06
9.62	3.814697265625e-06
9.63	3.814697265625e-06
9.64	3.814697265625e-06
9.65	3.814697265625e-06
9.66	3.814697265625e-06
9.67	3.814697265625e-06
9.68	2.86102294921875e-06
9.69	2.86102294921875e-06
9.7	2.86102294921875e-06
9.71	2.86102294921875e-06
9.72	2.86102294921875e-06
9.73	2.86102294921875e-06
9.74	2.86102294921875e-06
9.75	2.86102294921875e-06
9.76	2.86102294921875e-06
9.77	1.9073486328125e-06
9.78	1.9073486328125e-06
9.79	1.9073486328125e-06
9.8	1.9073486328125e-06
9.81	1.9073486328125e-06
9.82	1.9073486328125e-06
9.83	1.9073486328125e-06
9.84	9.5367431640625e-07
9.85	9.5367431640625e-07
9.86	9.5367431640625e-07
9.87	9.5367431640625e-07
9.88	9.5367431640625e-07
9.89	9.5367431640625e-07
9.9	0.0
