5.6	0.0005028843879699707
5.61	0.0004999637603759766
5.62	0.0004975199699401855
5.63	0.0004951357841491699
5.64	0.0004926919937133789
5.65	0.0004901289939880371
5.66	0.00048732757568359375
5.67	0.0004850625991821289
5.68	0.00048166513442993164
5.69	0.0004786849021911621
5.7	0.0004762411117553711
5.71	0.0004736185073852539
5.72	0.0004711747169494629
5.73	0.00046825408935546875
5.74	0.00046521425247192383
5.75	0.00046253204345703125
5.76	0.0004597306251525879
5.77	0.00045734643936157227
5.78	0.000455319881439209
5.79	0.0004527568817138672
5.8	0.0004507899284362793
5.81	0.0004481673240661621
5.82	0.0004455447196960449
5.83	0.0004438161849975586
5.84	0.00044095516204833984
5.85	0.0004386305809020996
5.86	0.000436246395111084
5.87	0.00043386220932006836
5.88	0.0004315972328186035
5.89	0.00042885541915893555
5.9	0.00042569637298583984
5.91	0.00042313337326049805
5.92	0.00042062997817993164
5.93	0.0004184246063232422
5.94	0.00041669607162475586
5.95	0.0004140138626098633
5.96	0.0004121065139770508
5.97	0.00040966272354125977
5.98	0.00040727853775024414
5.99	0.00040543079376220703
6.0	0.0004032254219055176
6.01	0.0004010796546936035
6.02	0.00039881467819213867
6.03	0.00039631128311157227
6.04	0.00039392709732055664
6.05	0.00039136409759521484
6.06	0.0003884434700012207
6.07	0.00038623809814453125
6.08	0.0003839731216430664
6.09	0.00038164854049682617
6.1	0.00037974119186401367
6.11	0.0003775954246520996
6.12	0.00037556886672973633
6.13	0.0003732442855834961
6.14	0.00037086009979248047
6.15	0.00036895275115966797
6.16	0.0003668069839477539
6.17	0.00036472082138061523
6.18	0.0003624558448791504
6.19	0.0003598928451538086
6.2	0.00035762786865234375
6.21	0.00035500526428222656
6.22	0.00035250186920166016
6.23	0.0003503561019897461
6.24	0.0003484487533569336
6.25	0.0003464818000793457
6.26	0.0003445744514465332
6.27	0.00034242868423461914
6.28	0.000340878963470459
6.29	0.00033867359161376953
6.3	0.00033664703369140625
6.31	0.00033479928970336914
6.32	0.00033277273178100586
6.33	0.0003306865692138672
6.34	0.0003287792205810547
6.35	0.0003268122673034668
6.36	0.00032448768615722656
6.37	0.00032210350036621094
6.38	0.00032013654708862305
6.39	0.00031822919845581055
6.4	0.0003166794776916504
6.41	0.00031489133834838867
6.42	0.00031316280364990234
6.43	0.00031119585037231445
6.44	0.00030934810638427734
6.45	0.00030744075775146484
6.46	0.00030601024627685547
6.47	0.0003040432929992676
6.48	0.0003026723861694336
6.49	0.0003007054328918457
6.5	0.0002987980842590332
6.51	0.0002970099449157715
6.52	0.0002949237823486328
6.53	0.0002930164337158203
6.54	0.00029164552688598633
6.55	0.0002898573875427246
6.56	0.0002886056900024414
6.57	0.00028693675994873047
6.58	0.0002853274345397949
6.59	0.0002834200859069824
6.6	0.00028198957443237305
6.61	0.0002803802490234375
6.62	0.00027883052825927734
6.63	0.000277101993560791
6.64	0.0002754330635070801
6.65	0.0002735257148742676
6.66	0.00027167797088623047
6.67	0.00027000904083251953
6.68	0.0002682209014892578
6.69	0.00026661157608032227
6.7	0.0002651214599609375
6.71	0.00026357173919677734
6.72	0.00026220083236694336
6.73	0.000260770320892334
6.74	0.00025922060012817383
6.75	0.0002576112747192383
6.76	0.0002562403678894043
6.77	0.0002548694610595703
6.78	0.0002536177635192871
6.79	0.00025159120559692383
6.8	0.0002498626708984375
6.81	0.00024813413619995117
6.82	0.0002465248107910156
6.83	0.00024503469467163086
6.84	0.0002434253692626953
6.85	0.00024181604385375977
6.86	0.00024014711380004883
6.87	0.00023871660232543945
6.88	0.00023734569549560547
6.89	0.00023603439331054688
6.9	0.00023448467254638672
6.91	0.00023311376571655273
6.92	0.00023174285888671875
6.93	0.00023025274276733398
6.94	0.00022935867309570312
6.95	0.00022739171981811523
6.96	0.00022602081298828125
6.97	0.0002244710922241211
6.98	0.00022327899932861328
6.99	0.00022155046463012695
7.0	0.0002200007438659668
7.01	0.00021839141845703125
7.02	0.00021696090698242188
7.03	0.00021564960479736328
7.04	0.0002142190933227539
7.05	0.00021272897720336914
7.06	0.00021141767501831055
7.07	0.00020968914031982422
7.08	0.0002085566520690918
7.09	0.00020700693130493164
7.1	0.0002060532569885254
7.11	0.00020450353622436523
7.12	0.0002028346061706543
7.13	0.00020122528076171875
7.14	0.0002002120018005371
7.15	0.0001984238624572754
7.16	0.00019723176956176758
7.17	0.0001958012580871582
7.18	0.000194549560546875
7.19	0.0001932382583618164
7.2	0.00019156932830810547
7.21	0.00019031763076782227
7.22	0.00018918514251708984
7.23	0.00018769502639770508
7.24	0.00018680095672607422
7.25	0.00018537044525146484
7.26	0.0001842975616455078
7.27	0.00018286705017089844
7.28	0.00018143653869628906
7.29	0.00018024444580078125
7.3	0.00017899274826049805
7.31	0.00017756223678588867
7.32	0.00017642974853515625
7.33	0.0001747608184814453
7.34	0.00017368793487548828
7.35	0.00017255544662475586
7.36	0.00017088651657104492
7.37	0.0001697540283203125
7.38	0.00016862154006958008
7.39	0.00016731023788452148
7.4	0.0001666545867919922
7.41	0.0001652836799621582
7.42	0.0001640915870666504
7.43	0.00016289949417114258
7.44	0.00016200542449951172
7.45	0.00016111135482788086
7.46	0.00016021728515625
7.47	0.00015860795974731445
7.48	0.00015747547149658203
7.49	0.00015622377395629883
7.5	0.00015497207641601562
7.51	0.00015395879745483398
7.52	0.000152587890625
7.53	0.0001513957977294922
7.54	0.00015020370483398438
7.55	0.00014889240264892578
7.56	0.00014829635620117188
7.57	0.00014716386795043945
7.58	0.00014603137969970703
7.59	0.00014525651931762695
7.6	0.0001442432403564453
7.61	0.00014346837997436523
7.62	0.00014257431030273438
7.63	0.0001412034034729004
7.64	0.00014024972915649414
7.65	0.0001392960548400879
7.66	0.0001380443572998047
7.67	0.00013697147369384766
7.68	0.00013560056686401367
7.69	0.0001347661018371582
7.7	0.00013381242752075195
7.71	0.00013273954391479492
7.72	0.00013202428817749023
7.73	0.0001308917999267578
7.74	0.00013005733489990234
7.75	0.00012916326522827148
7.76	0.00012803077697753906
7.77	0.00012749433517456055
7.78	0.0001264810562133789
7.79	0.00012546777725219727
7.8	0.00012439489364624023
7.81	0.0001233816146850586
7.82	0.00012224912643432617
7.83	0.00012099742889404297
7.84	0.00011992454528808594
7.85	0.00011920928955078125
7.86	0.00011837482452392578
7.87	0.00011754035949707031
7.88	0.00011664628982543945
7.89	0.0001157522201538086
7.9	0.00011485815048217773
7.91	0.00011408329010009766
7.92	0.00011336803436279297
7.93	0.00011271238327026367
7.94	0.00011199712753295898
7.95	0.00011104345321655273
7.96	0.0001099705696105957
7.97	0.00010883808135986328
7.98	0.00010788440704345703
7.99	0.0001068115234375
8.0	0.00010591745376586914
8.01	0.00010532140731811523
8.02	0.00010418891906738281
8.03	0.00010341405868530273
8.04	0.00010246038436889648
8.05	0.00010162591934204102
8.06	0.00010097026824951172
8.07	0.00010025501251220703
8.08	9.971857070922852e-05
8.09	9.918212890625e-05
8.1	9.828805923461914e-05
8.11	9.757280349731445e-05
8.12	9.673833847045898e-05
8.13	9.560585021972656e-05
8.14	9.489059448242188e-05
8.15	9.40561294555664e-05
8.16	9.340047836303711e-05
8.17	9.256601333618164e-05
8.18	9.131431579589844e-05
8.19	9.053945541381836e-05
8.2	8.970499038696289e-05
8.21	8.893013000488281e-05
8.22	8.83340835571289e-05
8.23	8.738040924072266e-05
8.24	8.672475814819336e-05
8.25	8.618831634521484e-05
8.26	8.52346420288086e-05
8.27	8.469820022583008e-05
8.28	8.374452590942383e-05
8.29	8.291006088256836e-05
8.3	8.207559585571289e-05
8.31	8.124113082885742e-05
8.32	8.07642936706543e-05
8.33	8.004903793334961e-05
8.34	7.891654968261719e-05
8.35	7.849931716918945e-05
8.36	7.75456428527832e-05
8.37	7.69495964050293e-05
8.38	7.641315460205078e-05
8.39	7.557868957519531e-05
8.4	7.49826431274414e-05
8.41	7.420778274536133e-05
8.42	7.37309455871582e-05
8.43	7.301568984985352e-05
8.44	7.224082946777344e-05
8.45	7.146596908569336e-05
8.46	7.086992263793945e-05
8.47	7.009506225585938e-05
8.48	6.967782974243164e-05
8.49	6.908178329467773e-05
8.5	6.80088996887207e-05
8.51	6.759166717529297e-05
8.52	6.681680679321289e-05
8.53	6.622076034545898e-05
8.54	6.568431854248047e-05
8.55	6.520748138427734e-05
8.56	6.4849853515625e-05
8.57	6.41942024230957e-05
8.58	6.365776062011719e-05
8.59	6.288290023803711e-05
8.6	6.23464584350586e-05
8.61	6.157159805297852e-05
8.62	6.133317947387695e-05
8.63	6.073713302612305e-05
8.64	6.026029586791992e-05
8.65	5.942583084106445e-05
8.66	5.84721565246582e-05
8.67	5.817413330078125e-05
8.68	5.7578086853027344e-05
8.69	5.704164505004883e-05
8.7	5.6624412536621094e-05
8.71	5.59687614440918e-05
8.72	5.5670738220214844e-05
8.73	5.501508712768555e-05
8.74	5.441904067993164e-05
8.75	5.3822994232177734e-05
8.76	5.328655242919922e-05
8.77	5.269050598144531e-05
8.78	5.239248275756836e-05
8.79	5.1915645599365234e-05
8.8	5.137920379638672e-05
8.81	5.054473876953125e-05
8.82	4.982948303222656e-05
8.83	4.953145980834961e-05
8.84	4.9173831939697266e-05
8.85	4.869699478149414e-05
8.86	4.8220157623291016e-05
8.87	4.762411117553711e-05
8.88	4.7266483306884766e-05
8.89	4.655122756958008e-05
8.9	4.6133995056152344e-05
8.91	4.5239925384521484e-05
8.92	4.488229751586914e-05
8.93	4.4226646423339844e-05
8.94	4.38690185546875e-05
8.95	4.3272972106933594e-05
8.96	4.279613494873047e-05
8.97	4.202127456665039e-05
8.98	4.1544437408447266e-05
8.99	4.112720489501953e-05
9.0	4.076957702636719e-05
9.01	4.035234451293945e-05
9.02	3.987550735473633e-05
9.03	3.9517879486083984e-05
9.04	3.916025161743164e-05
9.05	3.8743019104003906e-05
9.06	3.826618194580078e-05
9.07	3.743171691894531e-05
9.08	3.719329833984375e-05
9.09	3.6656856536865234e-05
9.1	3.635883331298828e-05
9.11	3.5822391510009766e-05
9.12	3.522634506225586e-05
9.13	3.457069396972656e-05
9.14	3.409385681152344e-05
9.15	3.3795833587646484e-05
9.16	3.349781036376953e-05
9.17	3.325939178466797e-05
9.18	3.2901763916015625e-05
9.19	3.254413604736328e-05
9.2	3.218650817871094e-05
9.21	3.17692756652832e-05
9.22	3.159046173095703e-05
9.23	3.1054019927978516e-05
9.24	3.081560134887695e-05
9.25	3.045797348022461e-05
9.26	3.0219554901123047e-05
9.27	2.9861927032470703e-05
9.28	2.9146671295166016e-05
9.29	2.866983413696289e-05
9.3	2.855062484741211e-05
9.31	2.849102020263672e-05
9.32	2.8133392333984375e-05
9.33	2.7954578399658203e-05
9.34	2.753734588623047e-05
9.35	2.7358531951904297e-05
9.36	2.6941299438476562e-05
9.37	2.664327621459961e-05
9.38	2.658367156982422e-05
9.39	2.5987625122070312e-05
9.4	2.580881118774414e-05
9.41	2.5331974029541016e-05
9.42	2.5093555450439453e-05
9.43	2.47955322265625e-05
9.44	2.4318695068359375e-05
9.45	2.390146255493164e-05
9.46	2.378225326538086e-05
9.47	2.3663043975830078e-05
9.48	2.3305416107177734e-05
9.49	2.3126602172851562e-05
9.5	2.2649765014648438e-05
9.51	2.2530555725097656e-05
9.52	2.2232532501220703e-05
9.53	2.199411392211914e-05
9.54	2.193450927734375e-05
9.55	2.1517276763916016e-05
9.56	2.1278858184814453e-05
9.57	2.0802021026611328e-05
9.58	2.0444393157958984e-05
9.59	2.0265579223632812e-05
9.6	2.002716064453125e-05
9.61	1.9609928131103516e-05
9.62	1.9371509552001953e-05
9.63	1.913309097290039e-05
9.64	1.8715858459472656e-05
9.65	1.8656253814697266e-05
9.66	1.8298625946044922e-05
9.67	1.806020736694336e-05
9.68	1.7940998077392578e-05
9.69	1.7702579498291016e-05
9.7	1.7642974853515625e-05
9.71	1.728534698486328e-05
9.72	1.71661376953125e-05
9.73	1.6927719116210938e-05
9.74	1.6629695892333984e-05
9.75	1.6450881958007812e-05
9.76	1.633167266845703e-05
9.77	1.5974044799804688e-05
9.78	1.5735626220703125e-05
9.79	1.5556812286376953e-05
9.8	1.519918441772461e-05
9.81	1.5020370483398438e-05
9.82	1.4662742614746094e-05
9.83	1.436471939086914e-05
9.84	1.430511474609375e-05
9.85	1.4066696166992188e-05
9.86	1.4007091522216797e-05
9.87	1.3709068298339844e-05
9.88	1.3530254364013672e-05
9.89	1.33514404296875e-05
9.9	1.329183578491211e-05
9.91	1.2993812561035156e-05
9.92	1.2874603271484375e-05
9.93	1.2636184692382812e-05
9.94	1.245737075805664e-05
9.95	1.2278556823730469e-05
9.96	1.1920928955078125e-05
9.97	1.1682510375976562e-05
9.98	1.150369644165039e-05
9.99	1.1146068572998047e-05
10.0	1.1086463928222656e-05
10.01	1.0907649993896484e-05
10.02	1.0669231414794922e-05
10.03	1.055002212524414e-05
10.04	1.0251998901367188e-05
10.05	1.0132789611816406e-05
10.06	1.0132789611816406e-05
10.07	9.894371032714844e-06
10.08	9.715557098388672e-06
10.09	9.5367431640625e-06
10.1	9.298324584960938e-06
10.11	9.179115295410156e-06
10.12	8.761882781982422e-06
10.13	8.64267349243164e-06
10.14	8.52346420288086e-06
10.15	8.285045623779297e-06
10.16	8.225440979003906e-06
10.17	8.165836334228516e-06
10.18	7.808208465576172e-06
10.19	7.748603820800781e-06
10.2	7.569789886474609e-06
10.21	7.510185241699219e-06
10.22	7.510185241699219e-06
10.23	7.3909759521484375e-06
10.24	7.152557373046875e-06
10.25	7.092952728271484e-06
10.26	6.854534149169922e-06
10.27	6.794929504394531e-06
10.28	6.616115570068359e-06
10.29	6.496906280517578e-06
10.3	6.318092346191406e-06
10.31	6.258487701416016e-06
10.32	6.139278411865234e-06
10.33	6.139278411865234e-06
10.34	5.841255187988281e-06
10.35	5.781650543212891e-06
10.36	5.7220458984375e-06
10.37	5.7220458984375e-06
10.38	5.7220458984375e-06
10.39	5.602836608886719e-06
10.4	5.424022674560547e-06
10.41	5.424022674560547e-06
10.42	5.304813385009766e-06
10.43	5.245208740234375e-06
10.44	5.185604095458984e-06
10.45	5.125999450683594e-06
10.46	5.0067901611328125e-06
10.47	5.0067901611328125e-06
10.48	4.887580871582031e-06
10.49	4.887580871582031e-06
10.5	4.649162292480469e-06
10.51	4.589557647705078e-06
10.52	4.5299530029296875e-06
10.53	4.5299530029296875e-06
10.54	4.470348358154297e-06
10.55	4.410743713378906e-06
10.56	4.172325134277344e-06
10.57	4.112720489501953e-06
10.58	4.0531158447265625e-06
10.59	3.993511199951172e-06
10.6	3.933906555175781e-06
10.61	3.933906555175781e-06
10.62	3.7550926208496094e-06
10.63	3.7550926208496094e-06
10.64	3.5762786865234375e-06
10.65	3.516674041748047e-06
10.66	3.4570693969726562e-06
10.67	3.337860107421875e-06
10.68	3.2782554626464844e-06
10.69	3.2782554626464844e-06
10.7	3.159046173095703e-06
10.71	3.159046173095703e-06
10.72	2.86102294921875e-06
10.73	2.7418136596679688e-06
10.74	2.7418136596679688e-06
10.75	2.6226043701171875e-06
10.76	2.6226043701171875e-06
10.77	2.6226043701171875e-06
10.78	2.4437904357910156e-06
10.79	2.4437904357910156e-06
10.8	2.2649765014648438e-06
10.81	2.2649765014648438e-06
10.82	2.205371856689453e-06
10.83	2.1457672119140625e-06
10.84	2.1457672119140625e-06
10.85	2.1457672119140625e-06
10.86	2.0265579223632812e-06
10.87	2.0265579223632812e-06
10.88	1.9073486328125e-06
10.89	1.7881393432617188e-06
10.9	1.7881393432617188e-06
10.91	1.7285346984863281e-06
10.92	1.7285346984863281e-06
10.93	1.7285346984863281e-06
10.94	1.6093254089355469e-06
10.95	1.6093254089355469e-06
10.96	1.5497207641601562e-06
10.97	1.4901161193847656e-06
10.98	1.4901161193847656e-06
10.99	1.4901161193847656e-06
11.0	1.4901161193847656e-06
11.01	1.4901161193847656e-06
11.02	1.3709068298339844e-06
11.03	1.3709068298339844e-06
11.04	1.3709068298339844e-06
11.05	1.2516975402832031e-06
11.06	1.2516975402832031e-06
11.07	1.2516975402832031e-06
11.08	1.2516975402832031e-06
11.09	1.2516975402832031e-06
11.1	1.1324882507324219e-06
11.11	1.1324882507324219e-06
11.12	1.1324882507324219e-06
11.13	1.1324882507324219e-06
11.14	1.1324882507324219e-06
11.15	1.1324882507324219e-06
11.16	1.1324882507324219e-06
11.17	1.1324882507324219e-06
11.18	1.0728836059570312e-06
11.19	1.0132789611816406e-06
11.2	1.0132789611816406e-06
11.21	9.5367431640625e-07
11.22	9.5367431640625e-07
11.23	9.5367431640625e-07
11.24	9.5367431640625e-07
11.25	8.940696716308594e-07
11.26	8.344650268554688e-07
11.27	7.748603820800781e-07
11.28	7.748603820800781e-07
11.29	7.748603820800781e-07
11.3	7.748603820800781e-07
11.31	7.748603820800781e-07
11.32	7.748603820800781e-07
11.33	7.748603820800781e-07
11.34	7.748603820800781e-07
11.35	6.556510925292969e-07
11.36	6.556510925292969e-07
11.37	6.556510925292969e-07
11.38	6.556510925292969e-07
11.39	6.556510925292969e-07
11.4	6.556510925292969e-07
11.41	5.364418029785156e-07
11.42	5.364418029785156e-07
11.43	4.172325134277344e-07
11.44	4.172325134277344e-07
11.45	4.172325134277344e-07
11.46	4.172325134277344e-07
11.47	4.172325134277344e-07
11.48	4.172325134277344e-07
11.49	4.172325134277344e-07
11.5	4.172325134277344e-07
11.51	3.5762786865234375e-07
11.52	3.5762786865234375e-07
11.53	3.5762786865234375e-07
11.54	3.5762786865234375e-07
11.55	3.5762786865234375e-07
11.56	3.5762786865234375e-07
11.57	2.384185791015625e-07
11.58	2.384185791015625e-07
11.59	1.7881393432617188e-07
11.6	1.7881393432617188e-07
11.61	1.7881393432617188e-07
11.62	1.7881393432617188e-07
11.63	1.7881393432617188e-07
11.64	1.7881393432617188e-07
11.65	1.7881393432617188e-07
11.66	1.7881393432617188e-07
11.67	1.7881393432617188e-07
11.68	1.7881393432617188e-07
11.69	1.7881393432617188e-07
11.7	1.7881393432617188e-07
11.71	1.7881393432617188e-07
11.72	1.7881393432617188e-07
11.73	5.960464477539063e-08
11.74	5.960464477539063e-08
11.75	5.960464477539063e-08
11.76	5.960464477539063e-08
11.77	5.960464477539063e-08
11.78	5.960464477539063e-08
11.79	5.960464477539063e-08
11.8	5.960464477539063e-08
11.81	5.960464477539063e-08
11.82	5.960464477539063e-08
11.83	5.960464477539063e-08
11.84	5.960464477539063e-08
11.85	5.960464477539063e-08
11.86	5.960464477539063e-08
11.87	5.960464477539063e-08
11.88	5.960464477539063e-08
11.89	0.0
