3.69	0.0005021989345550537
3.7	0.0004984289407730103
3.71	0.0004949569702148438
3.72	0.000491216778755188
3.73	0.0004873126745223999
3.74	0.00048394501209259033
3.75	0.00048092007637023926
3.76	0.0004778951406478882
3.77	0.0004747360944747925
3.78	0.000471457839012146
3.79	0.00046813488006591797
3.8	0.00046472251415252686
3.81	0.00046125054359436035
3.82	0.00045840442180633545
3.83	0.00045533478260040283
3.84	0.00045225024223327637
3.85	0.0004496276378631592
3.86	0.00044676661491394043
3.87	0.0004433542490005493
3.88	0.0004402250051498413
3.89	0.00043727457523345947
3.9	0.0004340708255767822
3.91	0.00043073296546936035
3.92	0.00042760372161865234
3.93	0.0004248321056365967
3.94	0.00042165815830230713
3.95	0.00041866302490234375
3.96	0.00041598081588745117
3.97	0.0004130154848098755
3.98	0.00040990114212036133
3.99	0.000406801700592041
4.0	0.0004039257764816284
4.01	0.0004014521837234497
4.02	0.0003989189863204956
4.03	0.0003964155912399292
4.04	0.0003938227891921997
4.05	0.00039105117321014404
4.06	0.0003885328769683838
4.07	0.0003864467144012451
4.08	0.0003841668367385864
4.09	0.00038157403469085693
4.1	0.00037854909896850586
4.11	0.00037570297718048096
4.12	0.00037300586700439453
4.13	0.0003702491521835327
4.14	0.0003678053617477417
4.15	0.0003658086061477661
4.16	0.00036334991455078125
4.17	0.0003606081008911133
4.18	0.00035753846168518066
4.19	0.0003542900085449219
4.2	0.00035178661346435547
4.21	0.00034925341606140137
4.22	0.00034746527671813965
4.23	0.0003449171781539917
4.24	0.0003424137830734253
4.25	0.00033937394618988037
4.26	0.00033673644065856934
4.27	0.00033427774906158447
4.28	0.00033232569694519043
4.29	0.0003307610750198364
4.3	0.00032879412174224854
4.31	0.000326499342918396
4.32	0.0003234446048736572
4.33	0.0003209710121154785
4.34	0.00031894445419311523
4.35	0.0003169625997543335
4.36	0.00031509995460510254
4.37	0.0003133118152618408
4.38	0.000311434268951416
4.39	0.0003084838390350342
4.4	0.00030544400215148926
4.41	0.00030328333377838135
4.42	0.00030125677585601807
4.43	0.0002993345260620117
4.44	0.0002971440553665161
4.45	0.00029471516609191895
4.46	0.0002918541431427002
4.47	0.0002892911434173584
4.48	0.0002875477075576782
4.49	0.0002859383821487427
4.5	0.000284045934677124
4.51	0.00028187036514282227
4.52	0.00027899444103240967
4.53	0.00027635693550109863
4.54	0.0002743750810623169
4.55	0.0002729147672653198
4.56	0.00027173757553100586
4.57	0.000269964337348938
4.58	0.0002679973840713501
4.59	0.000265464186668396
4.6	0.0002634674310684204
4.61	0.00026172399520874023
4.62	0.0002597421407699585
4.63	0.00025750696659088135
4.64	0.00025554001331329346
4.65	0.00025366246700286865
4.66	0.00025118887424468994
4.67	0.00024890899658203125
4.68	0.00024703145027160645
4.69	0.00024509429931640625
4.7	0.00024333596229553223
4.71	0.00024177134037017822
4.72	0.00023989379405975342
4.73	0.00023797154426574707
4.74	0.00023604929447174072
4.75	0.000234261155128479
4.76	0.00023257732391357422
4.77	0.00023074448108673096
4.78	0.00022912025451660156
4.79	0.00022752583026885986
4.8	0.0002260655164718628
4.81	0.00022487342357635498
4.82	0.00022342801094055176
4.83	0.00022207200527191162
4.84	0.0002203136682510376
4.85	0.00021849572658538818
4.86	0.00021696090698242188
4.87	0.00021575391292572021
4.88	0.00021429359912872314
4.89	0.000212937593460083
4.9	0.00021159648895263672
4.91	0.00021000206470489502
4.92	0.00020851194858551025
4.93	0.00020681321620941162
4.94	0.0002052783966064453
4.95	0.00020389258861541748
4.96	0.00020253658294677734
4.97	0.0002011805772781372
4.98	0.00019945204257965088
4.99	0.00019763410091400146
5.0	0.00019600987434387207
5.01	0.00019468367099761963
5.02	0.00019340217113494873
5.03	0.00019219517707824707
5.04	0.00019061565399169922
5.05	0.00018899142742156982
5.06	0.0001875162124633789
5.07	0.00018586218357086182
5.08	0.0001846104860305786
5.09	0.0001834183931350708
5.1	0.00018204748630523682
5.11	0.00018033385276794434
5.12	0.00017827749252319336
5.13	0.0001765042543411255
5.14	0.0001747608184814453
5.15	0.00017312169075012207
5.16	0.00017209351062774658
5.17	0.00017113983631134033
5.18	0.0001698136329650879
5.19	0.00016795098781585693
5.2	0.00016607344150543213
5.21	0.00016464293003082275
5.22	0.00016342103481292725
5.23	0.00016245245933532715
5.24	0.0001614391803741455
5.25	0.00016000866889953613
5.26	0.00015810132026672363
5.27	0.0001564621925354004
5.28	0.0001554340124130249
5.29	0.00015422701835632324
5.3	0.0001532435417175293
5.31	0.00015231966972351074
5.32	0.0001509338617324829
5.33	0.00014956295490264893
5.34	0.000148087739944458
5.35	0.00014671683311462402
5.36	0.00014546513557434082
5.37	0.0001443922519683838
5.38	0.00014318525791168213
5.39	0.00014203786849975586
5.4	0.0001410841941833496
5.41	0.0001399517059326172
5.42	0.00013846158981323242
5.43	0.00013723969459533691
5.44	0.00013625621795654297
5.45	0.00013519823551177979
5.46	0.00013387203216552734
5.47	0.00013273954391479492
5.48	0.0001315772533416748
5.49	0.00013045966625213623
5.5	0.00012965500354766846
5.51	0.00012885034084320068
5.52	0.0001278519630432129
5.53	0.0001268833875656128
5.54	0.00012595951557159424
5.55	0.00012493133544921875
5.56	0.000123634934425354
5.57	0.0001223534345626831
5.58	0.00012134015560150146
5.59	0.0001204758882522583
5.6	0.00011946260929107666
5.61	0.00011843442916870117
5.62	0.00011734664440155029
5.63	0.00011619925498962402
5.64	0.00011539459228515625
5.65	0.00011453032493591309
5.66	0.00011371076107025146
5.67	0.00011271238327026367
5.68	0.00011180341243743896
5.69	0.00011086463928222656
5.7	0.0001100301742553711
5.71	0.00010904669761657715
5.72	0.00010819733142852783
5.73	0.00010734796524047852
5.74	0.0001065284013748169
5.75	0.00010573863983154297
5.76	0.00010505318641662598
5.77	0.00010451674461364746
5.78	0.00010375678539276123
5.79	0.00010274350643157959
5.8	0.00010187923908233643
5.81	0.00010100007057189941
5.82	0.0001001507043838501
5.83	9.94950532913208e-05
5.84	9.873509407043457e-05
5.85	9.784102439880371e-05
5.86	9.694695472717285e-05
5.87	9.587407112121582e-05
5.88	9.506940841674805e-05
5.89	9.416043758392334e-05
5.9	9.328126907348633e-05
5.91	9.244680404663086e-05
5.92	9.18656587600708e-05
5.93	9.094178676605225e-05
5.94	8.994340896606445e-05
5.95	8.89897346496582e-05
5.96	8.830428123474121e-05
5.97	8.748471736907959e-05
5.98	8.656084537506104e-05
5.99	8.58604907989502e-05
6.0	8.504092693328857e-05
6.01	8.398294448852539e-05
6.02	8.313357830047607e-05
6.03	8.23289155960083e-05
6.04	8.165836334228516e-05
6.05	8.086860179901123e-05
6.06	8.012354373931885e-05
6.07	7.927417755126953e-05
6.08	7.852911949157715e-05
6.09	7.76052474975586e-05
6.1	7.711350917816162e-05
6.11	7.651746273040771e-05
6.12	7.584691047668457e-05
6.13	7.514655590057373e-05
6.14	7.420778274536133e-05
6.15	7.337331771850586e-05
6.16	7.258355617523193e-05
6.17	7.18533992767334e-05
6.18	7.130205631256104e-05
6.19	7.064640522003174e-05
6.2	6.990134716033936e-05
6.21	6.911158561706543e-05
6.22	6.830692291259766e-05
6.23	6.777048110961914e-05
6.24	6.718933582305908e-05
6.25	6.677210330963135e-05
6.26	6.638467311859131e-05
6.27	6.583333015441895e-05
6.28	6.483495235443115e-05
6.29	6.389617919921875e-05
6.3	6.32256269454956e-05
6.31	6.274878978729248e-05
6.32	6.225705146789551e-05
6.33	6.183981895446777e-05
6.34	6.142258644104004e-05
6.35	6.0945749282836914e-05
6.36	6.029009819030762e-05
6.37	5.963444709777832e-05
6.38	5.9157609939575195e-05
6.39	5.874037742614746e-05
6.4	5.842745304107666e-05
6.41	5.8025121688842773e-05
6.42	5.75333833694458e-05
6.43	5.684792995452881e-05
6.44	5.626678466796875e-05
6.45	5.5924057960510254e-05
6.46	5.556643009185791e-05
6.47	5.5208802223205566e-05
6.48	5.486607551574707e-05
6.49	5.43445348739624e-05
6.5	5.3763389587402344e-05
6.51	5.30928373336792e-05
6.52	5.269050598144531e-05
6.53	5.2422285079956055e-05
6.54	5.2109360694885254e-05
6.55	5.1602721214294434e-05
6.56	5.105137825012207e-05
6.57	5.054473876953125e-05
6.58	5.014240741729736e-05
6.59	4.9680471420288086e-05
6.6	4.926323890686035e-05
6.61	4.86522912979126e-05
6.62	4.8026442527770996e-05
6.63	4.7579407691955566e-05
6.64	4.713237285614014e-05
6.65	4.677474498748779e-05
6.66	4.634261131286621e-05
6.67	4.610419273376465e-05
6.68	4.57763671875e-05
6.69	4.534423351287842e-05
6.7	4.4912099838256836e-05
6.71	4.4599175453186035e-05
6.72	4.4286251068115234e-05
6.73	4.374980926513672e-05
6.74	4.3198466300964355e-05
6.75	4.2632222175598145e-05
6.76	4.2125582695007324e-05
6.77	4.1738152503967285e-05
6.78	4.138052463531494e-05
6.79	4.108250141143799e-05
6.8	4.069507122039795e-05
6.81	4.0084123611450195e-05
6.82	3.954768180847168e-05
6.83	3.8996338844299316e-05
6.84	3.853440284729004e-05
6.85	3.820657730102539e-05
6.86	3.7923455238342285e-05
6.87	3.750622272491455e-05
6.88	3.713369369506836e-05
6.89	3.676116466522217e-05
6.9	3.647804260253906e-05
6.91	3.606081008911133e-05
6.92	3.574788570404053e-05
6.93	3.552436828613281e-05
6.94	3.533065319061279e-05
6.95	3.497302532196045e-05
6.96	3.458559513092041e-05
6.97	3.421306610107422e-05
6.98	3.395974636077881e-05
6.99	3.378093242645264e-05
7.0	3.3527612686157227e-05
7.01	3.3229589462280273e-05
7.02	3.282725811004639e-05
7.03	3.2454729080200195e-05
7.04	3.209710121154785e-05
7.05	3.1813979148864746e-05
7.06	3.160536289215088e-05
7.07	3.135204315185547e-05
7.08	3.08305025100708e-05
7.09	3.0413269996643066e-05
7.1	3.0085444450378418e-05
7.11	2.975761890411377e-05
7.12	2.9549002647399902e-05
7.13	2.9325485229492188e-05
7.14	2.8952956199645996e-05
7.15	2.855062484741211e-05
7.16	2.816319465637207e-05
7.17	2.796947956085205e-05
7.18	2.7686357498168945e-05
7.19	2.746284008026123e-05
7.2	2.7358531951904297e-05
7.21	2.7135014533996582e-05
7.22	2.683699131011963e-05
7.23	2.644956111907959e-05
7.24	2.6151537895202637e-05
7.25	2.5972723960876465e-05
7.26	2.586841583251953e-05
7.27	2.5734305381774902e-05
7.28	2.561509609222412e-05
7.29	2.5331974029541016e-05
7.3	2.5033950805664062e-05
7.31	2.4750828742980957e-05
7.32	2.4557113647460938e-05
7.33	2.4393200874328613e-05
7.34	2.41696834564209e-05
7.35	2.390146255493164e-05
7.36	2.364814281463623e-05
7.37	2.3320317268371582e-05
7.38	2.3126602172851562e-05
7.39	2.300739288330078e-05
7.4	2.2858381271362305e-05
7.41	2.2724270820617676e-05
7.42	2.256035804748535e-05
7.43	2.238154411315918e-05
7.44	2.2083520889282227e-05
7.45	2.187490463256836e-05
7.46	2.1651387214660645e-05
7.47	2.154707908630371e-05
7.48	2.1383166313171387e-05
7.49	2.123415470123291e-05
7.5	2.1085143089294434e-05
7.51	2.092123031616211e-05
7.52	2.078711986541748e-05
7.53	2.0578503608703613e-05
7.54	2.0310282707214355e-05
7.55	2.0071864128112793e-05
7.56	1.9848346710205078e-05
7.57	1.9669532775878906e-05
7.58	1.9505620002746582e-05
7.59	1.926720142364502e-05
7.6	1.9103288650512695e-05
7.61	1.8924474716186523e-05
7.62	1.8835067749023438e-05
7.63	1.862645149230957e-05
7.64	1.8402934074401855e-05
7.65	1.8224120140075684e-05
7.66	1.8015503883361816e-05
7.67	1.7717480659484863e-05
7.68	1.74790620803833e-05
7.69	1.735985279083252e-05
7.7	1.7195940017700195e-05
7.71	1.7002224922180176e-05
7.72	1.683831214904785e-05
7.73	1.6674399375915527e-05
7.74	1.658499240875244e-05
7.75	1.6421079635620117e-05
7.76	1.627206802368164e-05
7.77	1.6063451766967773e-05
7.78	1.5944242477416992e-05
7.79	1.576542854309082e-05
7.8	1.558661460876465e-05
7.81	1.5407800674438477e-05
7.82	1.5288591384887695e-05
7.83	1.5139579772949219e-05
7.84	1.5079975128173828e-05
7.85	1.4975666999816895e-05
7.86	1.4781951904296875e-05
7.87	1.4632940292358398e-05
7.88	1.4439225196838379e-05
7.89	1.436471939086914e-05
7.9	1.4215707778930664e-05
7.91	1.4081597328186035e-05
7.92	1.4007091522216797e-05
7.93	1.3917684555053711e-05
7.94	1.3753771781921387e-05
7.95	1.3619661331176758e-05
7.96	1.3500452041625977e-05
7.97	1.3425946235656738e-05
7.98	1.3232231140136719e-05
7.99	1.3083219528198242e-05
8.0	1.3008713722229004e-05
8.01	1.2874603271484375e-05
8.02	1.2755393981933594e-05
8.03	1.265108585357666e-05
8.04	1.2487173080444336e-05
8.05	1.233816146850586e-05
8.06	1.220405101776123e-05
8.07	1.2114644050598145e-05
8.08	1.2040138244628906e-05
8.09	1.1965632438659668e-05
8.1	1.1861324310302734e-05
8.11	1.1786818504333496e-05
8.12	1.1667609214782715e-05
8.13	1.1578202247619629e-05
8.14	1.1533498764038086e-05
8.15	1.1473894119262695e-05
8.16	1.1369585990905762e-05
8.17	1.1220574378967285e-05
8.18	1.1071562767028809e-05
8.19	1.0967254638671875e-05
8.2	1.0848045349121094e-05
8.21	1.0788440704345703e-05
8.22	1.0728836059570312e-05
8.23	1.0654330253601074e-05
8.24	1.0535120964050293e-05
8.25	1.0341405868530273e-05
8.26	1.023709774017334e-05
8.27	1.0132789611816406e-05
8.28	1.0058283805847168e-05
8.29	1.0028481483459473e-05
8.3	9.924173355102539e-06
8.31	9.819865226745605e-06
8.32	9.655952453613281e-06
8.33	9.521842002868652e-06
8.34	9.417533874511719e-06
8.35	9.387731552124023e-06
8.36	9.34302806854248e-06
8.37	9.313225746154785e-06
8.38	9.2238187789917e-06
8.39	9.119510650634766e-06
8.4	8.985400199890137e-06
8.41	8.910894393920898e-06
8.42	8.866190910339355e-06
8.43	8.821487426757812e-06
8.44	8.77678394317627e-06
8.45	8.687376976013184e-06
8.46	8.553266525268555e-06
8.47	8.374452590942383e-06
8.48	8.299946784973145e-06
8.49	8.240342140197754e-06
8.5	8.210539817810059e-06
8.51	8.13603401184082e-06
8.52	8.001923561096191e-06
8.53	7.867813110351562e-06
8.54	7.778406143188477e-06
8.55	7.68899917602539e-06
8.56	7.674098014831543e-06
8.57	7.614493370056152e-06
8.58	7.510185241699219e-06
8.59	7.37607479095459e-06
8.6	7.256865501403809e-06
8.61	7.18235969543457e-06
8.62	7.152557373046875e-06
8.63	7.137656211853027e-06
8.64	7.137656211853027e-06
8.65	7.048249244689941e-06
8.66	6.92903995513916e-06
8.67	6.8247318267822266e-06
8.68	6.780028343200684e-06
8.69	6.735324859619141e-06
8.7	6.616115570068359e-06
8.71	6.541609764099121e-06
8.72	6.452202796936035e-06
8.73	6.332993507385254e-06
8.74	6.22868537902832e-06
8.75	6.183981895446777e-06
8.76	6.109476089477539e-06
8.77	6.034970283508301e-06
8.78	5.97536563873291e-06
8.79	5.930662155151367e-06
8.8	5.856156349182129e-06
8.81	5.781650543212891e-06
8.82	5.736947059631348e-06
8.83	5.677342414855957e-06
8.84	5.617737770080566e-06
8.85	5.543231964111328e-06
8.86	5.5283308029174805e-06
8.87	5.498528480529785e-06
8.88	5.4836273193359375e-06
8.89	5.453824996948242e-06
8.9	5.424022674560547e-06
8.91	5.379319190979004e-06
8.92	5.289912223815918e-06
8.93	5.245208740234375e-06
8.94	5.21540641784668e-06
8.95	5.200505256652832e-06
8.96	5.170702934265137e-06
8.97	5.125999450683594e-06
8.98	5.0961971282958984e-06
8.99	5.036592483520508e-06
9.0	4.932284355163574e-06
9.01	4.902482032775879e-06
9.02	4.857778549194336e-06
9.03	4.857778549194336e-06
9.04	4.798173904418945e-06
9.05	4.708766937255859e-06
9.06	4.634261131286621e-06
9.07	4.559755325317383e-06
9.08	4.5299530029296875e-06
9.09	4.5299530029296875e-06
9.1	4.51505184173584e-06
9.11	4.455447196960449e-06
9.12	4.410743713378906e-06
9.13	4.32133674621582e-06
9.14	4.276633262634277e-06
9.15	4.246830940246582e-06
9.16	4.202127456665039e-06
9.17	4.187226295471191e-06
9.18	4.112720489501953e-06
9.19	3.993511199951172e-06
9.2	3.889203071594238e-06
9.21	3.829598426818848e-06
9.22	3.7997961044311523e-06
9.23	3.769993782043457e-06
9.24	3.7550926208496094e-06
9.25	3.7103891372680664e-06
9.26	3.6209821701049805e-06
9.27	3.5315752029418945e-06
9.28	3.471970558166504e-06
9.29	3.4421682357788086e-06
9.3	3.427267074584961e-06
9.31	3.3974647521972656e-06
9.32	3.3527612686157227e-06
9.33	3.2633543014526367e-06
9.34	3.2335519790649414e-06
9.35	3.1888484954833984e-06
9.36	3.159046173095703e-06
9.37	3.159046173095703e-06
9.38	3.129243850708008e-06
9.39	3.084540367126465e-06
9.4	3.039836883544922e-06
9.41	2.950429916381836e-06
9.42	2.9206275939941406e-06
9.43	2.86102294921875e-06
9.44	2.86102294921875e-06
9.45	2.8312206268310547e-06
9.46	2.7865171432495117e-06
9.47	2.7567148208618164e-06
9.48	2.6971101760864258e-06
9.49	2.652406692504883e-06
9.5	2.60770320892334e-06
9.51	2.592802047729492e-06
9.52	2.562999725341797e-06
9.53	2.5033950805664062e-06
9.54	2.4586915969848633e-06
9.55	2.428889274597168e-06
9.56	2.4139881134033203e-06
9.57	2.384185791015625e-06
9.58	2.384185791015625e-06
9.59	2.3543834686279297e-06
9.6	2.3245811462402344e-06
9.61	2.294778823852539e-06
9.62	2.294778823852539e-06
9.63	2.2351741790771484e-06
9.64	2.175569534301758e-06
9.65	2.1457672119140625e-06
9.66	2.130866050720215e-06
9.67	2.1010637283325195e-06
9.68	2.0712614059448242e-06
9.69	2.0563602447509766e-06
9.7	2.0265579223632812e-06
9.71	2.0265579223632812e-06
9.72	1.9818544387817383e-06
9.73	1.9669532775878906e-06
9.74	1.952052116394043e-06
9.75	1.9371509552001953e-06
9.76	1.9222497940063477e-06
9.77	1.9073486328125e-06
9.78	1.8775463104248047e-06
9.79	1.862645149230957e-06
9.8	1.8328428268432617e-06
9.81	1.8328428268432617e-06
9.82	1.8328428268432617e-06
9.83	1.8328428268432617e-06
9.84	1.8328428268432617e-06
9.85	1.817941665649414e-06
9.86	1.773238182067871e-06
9.87	1.7434358596801758e-06
9.88	1.7136335372924805e-06
9.89	1.7136335372924805e-06
9.9	1.6987323760986328e-06
9.91	1.6689300537109375e-06
9.92	1.6540288925170898e-06
9.93	1.6391277313232422e-06
9.94	1.5795230865478516e-06
9.95	1.5348196029663086e-06
9.96	1.4901161193847656e-06
9.97	1.4901161193847656e-06
9.98	1.4901161193847656e-06
9.99	1.4603137969970703e-06
10.0	1.430511474609375e-06
10.01	1.385807991027832e-06
10.02	1.341104507446289e-06
10.03	1.3262033462524414e-06
10.04	1.3262033462524414e-06
10.05	1.296401023864746e-06
10.06	1.2814998626708984e-06
10.07	1.2367963790893555e-06
10.08	1.1920928955078125e-06
10.09	1.1622905731201172e-06
10.1	1.1324882507324219e-06
10.11	1.1324882507324219e-06
10.12	1.1175870895385742e-06
10.13	1.087784767150879e-06
10.14	1.0728836059570312e-06
10.15	1.0281801223754883e-06
10.16	9.98377799987793e-07
10.17	9.98377799987793e-07
10.18	9.834766387939453e-07
10.19	9.685754776000977e-07
10.2	9.387731552124023e-07
10.21	9.08970832824707e-07
10.22	8.642673492431641e-07
10.23	8.344650268554688e-07
10.24	8.344650268554688e-07
10.25	8.344650268554688e-07
10.26	8.195638656616211e-07
10.27	7.897615432739258e-07
10.28	7.599592208862305e-07
10.29	7.301568984985352e-07
10.3	7.301568984985352e-07
10.31	7.301568984985352e-07
10.32	7.301568984985352e-07
10.33	7.301568984985352e-07
10.34	7.152557373046875e-07
10.35	6.705522537231445e-07
10.36	6.556510925292969e-07
10.37	6.109476089477539e-07
10.38	6.109476089477539e-07
10.39	5.960464477539062e-07
10.4	5.960464477539062e-07
10.41	5.960464477539062e-07
10.42	5.960464477539062e-07
10.43	5.811452865600586e-07
10.44	5.513429641723633e-07
10.45	5.513429641723633e-07
10.46	5.513429641723633e-07
10.47	5.513429641723633e-07
10.48	5.513429641723633e-07
10.49	5.364418029785156e-07
10.5	5.21540641784668e-07
10.51	5.21540641784668e-07
10.52	5.21540641784668e-07
10.53	5.21540641784668e-07
10.54	5.21540641784668e-07
10.55	5.21540641784668e-07
10.56	5.21540641784668e-07
10.57	5.21540641784668e-07
10.58	5.066394805908203e-07
10.59	5.066394805908203e-07
10.6	5.066394805908203e-07
10.61	5.066394805908203e-07
10.62	4.917383193969727e-07
10.63	4.76837158203125e-07
10.64	4.76837158203125e-07
10.65	4.76837158203125e-07
10.66	4.6193599700927734e-07
10.67	4.470348358154297e-07
10.68	4.172325134277344e-07
10.69	4.172325134277344e-07
10.7	4.172325134277344e-07
10.71	4.172325134277344e-07
10.72	4.172325134277344e-07
10.73	4.172325134277344e-07
10.74	4.023313522338867e-07
10.75	3.8743019104003906e-07
10.76	3.8743019104003906e-07
10.77	3.8743019104003906e-07
10.78	3.8743019104003906e-07
10.79	3.8743019104003906e-07
10.8	3.725290298461914e-07
10.81	3.2782554626464844e-07
10.82	2.980232238769531e-07
10.83	2.980232238769531e-07
10.84	2.980232238769531e-07
10.85	2.980232238769531e-07
10.86	2.980232238769531e-07
10.87	2.8312206268310547e-07
10.88	2.5331974029541016e-07
10.89	2.384185791015625e-07
10.9	2.086162567138672e-07
10.91	2.086162567138672e-07
10.92	2.086162567138672e-07
10.93	2.086162567138672e-07
10.94	1.9371509552001953e-07
10.95	1.9371509552001953e-07
10.96	1.7881393432617188e-07
10.97	1.7881393432617188e-07
10.98	1.7881393432617188e-07
10.99	1.7881393432617188e-07
11.0	1.7881393432617188e-07
11.01	1.7881393432617188e-07
11.02	1.6391277313232422e-07
11.03	1.4901161193847656e-07
11.04	1.4901161193847656e-07
11.05	1.4901161193847656e-07
11.06	1.4901161193847656e-07
11.07	1.4901161193847656e-07
11.08	1.341104507446289e-07
11.09	1.1920928955078125e-07
11.1	1.1920928955078125e-07
11.11	1.1920928955078125e-07
11.12	1.1920928955078125e-07
11.13	1.1920928955078125e-07
11.14	1.1920928955078125e-07
11.15	1.043081283569336e-07
11.16	1.043081283569336e-07
11.17	8.940696716308594e-08
11.18	8.940696716308594e-08
11.19	8.940696716308594e-08
11.2	8.940696716308594e-08
11.21	7.450580596923828e-08
11.22	7.450580596923828e-08
11.23	5.960464477539063e-08
11.24	5.960464477539063e-08
11.25	5.960464477539063e-08
11.26	5.960464477539063e-08
11.27	5.960464477539063e-08
11.28	5.960464477539063e-08
11.29	5.960464477539063e-08
11.3	5.960464477539063e-08
11.31	5.960464477539063e-08
11.32	5.960464477539063e-08
11.33	5.960464477539063e-08
11.34	5.960464477539063e-08
11.35	5.960464477539063e-08
11.36	5.960464477539063e-08
11.37	5.960464477539063e-08
11.38	5.960464477539063e-08
11.39	5.960464477539063e-08
11.4	5.960464477539063e-08
11.41	5.960464477539063e-08
11.42	5.960464477539063e-08
11.43	5.960464477539063e-08
11.44	5.960464477539063e-08
11.45	5.960464477539063e-08
11.46	5.960464477539063e-08
11.47	5.960464477539063e-08
11.48	5.960464477539063e-08
11.49	5.960464477539063e-08
11.5	5.960464477539063e-08
11.51	5.960464477539063e-08
11.52	5.960464477539063e-08
11.53	5.960464477539063e-08
11.54	5.960464477539063e-08
11.55	5.960464477539063e-08
11.56	5.960464477539063e-08
11.57	5.960464477539063e-08
11.58	5.960464477539063e-08
11.59	5.960464477539063e-08
11.6	5.960464477539063e-08
11.61	4.470348358154297e-08
11.62	2.9802322387695312e-08
11.63	2.9802322387695312e-08
11.64	2.9802322387695312e-08
11.65	2.9802322387695312e-08
11.66	2.9802322387695312e-08
11.67	2.9802322387695312e-08
11.68	2.9802322387695312e-08
11.69	2.9802322387695312e-08
11.7	2.9802322387695312e-08
11.71	2.9802322387695312e-08
11.72	2.9802322387695312e-08
11.73	2.9802322387695312e-08
11.74	1.4901161193847656e-08
11.75	1.4901161193847656e-08
11.76	0.0
