6.17	0.000501909268905365
6.18	0.0004975997926521813
6.19	0.0004932802917210211
6.2	0.0004890796258223418
6.21	0.000484869725369208
6.22	0.00048069290414787247
6.23	0.00047650656506448286
6.24	0.00047243508311112237
6.25	0.0004683549632318318
6.26	0.00046430649331341556
6.27	0.0004602892390721536
6.28	0.00045630380054717534
6.29	0.00045234905542201886
6.3	0.00044842598708783044
6.31	0.0004445333897820092
6.32	0.00044067113435630745
6.33	0.0004368403676835442
6.34	0.00043303901679792034
6.35	0.0004292679673199018
6.36	0.00042552689819785883
6.37	0.00042181460344181687
6.38	0.00041813220491349057
6.39	0.0004144786760207353
6.4	0.0004108540774723224
6.41	0.0004072583985816891
6.42	0.00040369040038967796
6.43	0.00040015253489400493
6.44	0.0003966066419707204
6.45	0.0003931595931589982
6.46	0.0003897035626323486
6.47	0.0003862761072923604
6.48	0.0003828416543001367
6.49	0.0003795019965764368
6.5	0.0003761553791719052
6.51	0.0003728360081822757
6.52	0.00036954224606233765
6.53	0.0003662758686004963
6.54	0.0003630349442573788
6.55	0.00035982087911179406
6.56	0.00035663209473568713
6.57	0.0003534695840698987
6.58	0.00035033168796871905
6.59	0.0003472194109690463
6.6	0.00034413179537295946
6.61	0.00034106964039892773
6.62	0.00033803117366915103
6.63	0.00033501875350339105
6.64	0.0003320293781143846
6.65	0.000329065430605624
6.66	0.0003261245387875533
6.67	0.0003232079079680261
6.68	0.0003203143444352463
6.69	0.0003174448686422693
6.7	0.0003145978180327802
6.71	0.00031177469259091595
6.72	0.00030897425062903494
6.73	0.00030619739163739723
6.74	0.0003034426258636813
6.75	0.0003007107411576726
6.76	0.00029800062770846125
6.77	0.0002953138621251128
6.78	0.00029264756540214876
6.79	0.00029000434847148426
6.8	0.0002873823334539338
6.81	0.000284781863229
6.82	0.00028220265244272014
6.83	0.0002796445069179754
6.84	0.00027710688118531834
6.85	0.0002745916124240466
6.86	0.0002720963848332758
6.87	0.0002696217088669073
6.88	0.0002671677193575306
6.89	0.0002647332960350468
6.9	0.00026231955257571826
6.91	0.0002599254369215487
6.92	0.000257551473850981
6.93	0.00025519723021716345
6.94	0.0002528625882405322
6.95	0.0002505475263205881
6.96	0.00024825164746289374
6.97	0.0002459749339323025
6.98	0.00024371731115024886
6.99	0.00024147862109202833
7.0	0.00023925860227791418
7.01	0.00023705665944362408
7.02	0.00023487405451305676
7.03	0.0002327085505839932
7.04	0.0002305618847913138
7.05	0.00022843289821139479
7.06	0.00022632242894360388
7.07	0.0002242295156520413
7.08	0.00022215436683836742
7.09	0.00022009624422025809
7.1	0.00021805613050673855
7.11	0.00021603218829113757
7.12	0.0002140262836292095
7.13	0.0002120366068538715
7.14	0.000210064474003957
7.15	0.00020810894807254954
7.16	0.00020617048335225263
7.17	0.0002042479629835725
7.18	0.0002023415172516252
7.19	0.00020045138558089093
7.2	0.0001985777041682013
7.21	0.000196719575114912
7.22	0.00019487788267724682
7.23	0.00019305064915897674
7.24	0.0001912399752654892
7.25	0.00018944376574836497
7.26	0.00018766375387713197
7.27	0.0001858982432167977
7.28	0.00018414887381368317
7.29	0.0001824140192638879
7.3	0.00018069400312015205
7.31	0.0001789882571756607
7.32	0.00017729784303810447
7.33	0.00017562128641657182
7.34	0.000173959751464281
7.35	0.00017231242782145273
7.36	0.0001706797054339404
7.37	0.00016906076893974387
7.38	0.0001674560176070372
7.39	0.0001658650508034043
7.4	0.0001642881104544358
7.41	0.00016272438369924203
7.42	0.0001611747079550696
7.43	0.00015963811279107176
7.44	0.0001581150231686479
7.45	0.00015660499911973602
7.46	0.00015510833941334567
7.47	0.0001536242768906959
7.48	0.0001521536673863011
7.49	0.00015069580626914103
7.5	0.0001492506639806379
7.51	0.00014781864751967078
7.52	0.00014639827645623882
7.53	0.00014499068652185088
7.54	0.0001435955382476095
7.55	0.00014221242963685654
7.56	0.00014084172494222003
7.57	0.000139483502607618
7.58	0.0001381369436330715
7.59	0.00013680253277925658
7.6	0.00013547932940127794
7.61	0.00013416804495136603
7.62	0.0001328684363670618
7.63	0.00013158016599845723
7.64	0.00013030337731834152
7.65	0.00012903813080811233
7.66	0.0001277837104680657
7.67	0.00012654030456360488
7.68	0.00012530818639788777
7.69	0.0001240873684764665
7.7	0.00012287680056033423
7.71	0.00012167805630269868
7.72	0.00012048900089212111
7.73	0.00011931110361729225
7.74	0.00011814335562121414
7.75	0.00011698616367539216
7.76	0.00011583948912630149
7.77	0.00011470300592009153
7.78	0.00011357677271917055
7.79	0.00011246103713347111
7.8	0.00011135498561998247
7.81	0.00011025899493688485
7.82	0.0001091724218440504
7.83	0.0001080959325463482
7.84	0.00010702889926506032
7.85	0.0001059718495071138
7.86	0.00010492385217730771
7.87	0.0001038856362356455
7.88	0.00010285669645782036
7.89	0.0001018369584926404
7.9	0.00010082646372211457
7.91	9.982530809793388e-05
7.92	9.883293682833028e-05
7.93	9.785025940800551e-05
7.94	9.687577835393313e-05
7.95	9.59105309448205e-05
7.96	9.495391009295417e-05
7.97	9.400608769283281e-05
7.98	9.30673506900348e-05
7.99	9.213680709763139e-05
8.0	9.121520270127803e-05
8.01	9.030197156789654e-05
8.02	8.939686722442275e-05
8.03	8.850010362948524e-05
8.04	8.761146727920277e-05
8.05	8.673110073686985e-05
8.06	8.585882437728287e-05
8.07	8.499421119267936e-05
8.08	8.413788236794062e-05
8.09	8.328950457325845e-05
8.1	8.244875471064006e-05
8.11	8.161598975675588e-05
8.12	8.07909718787414e-05
8.13	7.996535669008153e-05
8.14	7.916378581285244e-05
8.15	7.83611801580264e-05
8.16	7.756636614431045e-05
8.17	7.677875100853271e-05
8.18	7.599867649332737e-05
8.19	7.522589908148802e-05
8.2	7.446037920999515e-05
8.21	7.36941647119238e-05
8.22	7.295042496480164e-05
8.23	7.220604584290413e-05
8.24	7.146842085603566e-05
8.25	7.073750816743996e-05
8.26	7.00135967690585e-05
8.27	6.929627465979138e-05
8.28	6.858594315417577e-05
8.29	6.788224300180445e-05
8.3	6.718505574099254e-05
8.31	6.649478950748744e-05
8.32	6.581089314749988e-05
8.33	6.513337871183467e-05
8.34	6.446270617743721e-05
8.35	6.379779529197549e-05
8.36	6.313952121672628e-05
8.37	6.248741647141287e-05
8.38	6.183520849845081e-05
8.39	6.12018618539878e-05
8.4	6.056836241441488e-05
8.41	5.994057482894277e-05
8.42	5.931911664447398e-05
8.43	5.870346876690746e-05
8.44	5.809355002384109e-05
8.45	5.748952071371605e-05
8.46	5.6884920013544615e-05
8.47	5.6298117442565854e-05
8.48	5.571102269641415e-05
8.49	5.512959796760697e-05
8.5	5.455368705042929e-05
8.51	5.398339067141933e-05
8.52	5.341856513041421e-05
8.53	5.285913630359573e-05
8.54	5.2305057124613086e-05
8.55	5.1756137054326246e-05
8.56	5.1212511607445776e-05
8.57	5.067431879979267e-05
8.58	5.0141095016442705e-05
8.59	4.9613228384259855e-05
8.6	4.90902052661113e-05
8.61	4.857258318224922e-05
8.62	4.805983417099924e-05
8.63	4.754704332299298e-05
8.64	4.704934553956264e-05
8.65	4.6551325567634194e-05
8.66	4.605803542290232e-05
8.67	4.556967110147525e-05
8.68	4.50858037766011e-05
8.69	4.460693321561848e-05
8.7	4.413257374835666e-05
8.71	4.3658510094246594e-05
8.72	4.3198155026402674e-05
8.73	4.27377217420144e-05
8.74	4.228194097777305e-05
8.75	4.183051260042703e-05
8.76	4.138368308304052e-05
8.77	4.094103655916115e-05
8.78	4.050276834277611e-05
8.79	4.0069083297566976e-05
8.8	3.9639211991016055e-05
8.81	3.921405414075707e-05
8.82	3.879285213770345e-05
8.83	3.8375914982680115e-05
8.84	3.796304599745781e-05
8.85	3.755413922590378e-05
8.86	3.7149435229366645e-05
8.87	3.6748627962879254e-05
8.88	3.634761446846824e-05
8.89	3.595860130189976e-05
8.9	3.5569317788031185e-05
8.91	3.518431140037137e-05
8.92	3.4803075322997756e-05
8.93	3.442553929744463e-05
8.94	3.405196684980183e-05
8.95	3.368206080267555e-05
8.96	3.331214588797593e-05
8.97	3.2953404797808616e-05
8.98	3.259425966462004e-05
8.99	3.2238932590189506e-05
9.0	3.188733967363078e-05
9.01	3.1539171914118924e-05
9.02	3.1194440452964045e-05
9.03	3.0853178941470105e-05
9.04	3.0515457865476492e-05
9.05	3.0181014835761744e-05
9.06	2.985004698530247e-05
9.07	2.9522291242756182e-05
9.08	2.9197786943768733e-05
9.09	2.8876516125819762e-05
9.1	2.8558413305290742e-05
9.11	2.824379635057994e-05
9.12	2.7932251441598055e-05
9.13	2.762092594821297e-05
9.14	2.731884592321876e-05
9.15	2.7016764079235145e-05
9.16	2.6717808623288875e-05
9.17	2.642188974277815e-05
9.18	2.6128877379960613e-05
9.19	2.5838996407401282e-05
9.2	2.5551879616614315e-05
9.21	2.5265009298891528e-05
9.22	2.4986753260236583e-05
9.23	2.4708505407033954e-05
9.24	2.443303355903481e-05
9.25	2.4160443899745587e-05
9.26	2.389073802078201e-05
9.27	2.3623543484063703e-05
9.28	2.3359258875643718e-05
9.29	2.3097581788533716e-05
9.3	2.283855246787425e-05
9.31	2.2582283918382018e-05
9.32	2.2328484647005098e-05
9.33	2.2077671019360423e-05
9.34	2.1829200250067515e-05
9.35	2.1583597117569298e-05
9.36	2.134041756107763e-05
9.37	2.1099791638334864e-05
9.38	2.0859350115642883e-05
9.39	2.062594035123766e-05
9.4	2.039275932474993e-05
9.41	2.0162094187980983e-05
9.42	1.9933647081415984e-05
9.43	1.970773155335337e-05
9.44	1.948418889696768e-05
9.45	1.9262862906543887e-05
9.46	1.9041633322558482e-05
9.47	1.882711330836173e-05
9.48	1.8612661506267614e-05
9.49	1.8400315411781776e-05
9.5	1.8190326500189258e-05
9.51	1.798250968931825e-05
9.52	1.7776857703211135e-05
9.53	1.7573447394170216e-05
9.54	1.7372276033711387e-05
9.55	1.717326017569576e-05
9.56	1.697632910691027e-05
9.57	1.678150738371187e-05
9.58	1.6588768630754203e-05
9.59	1.6398054867750034e-05
9.6	1.6209404975597863e-05
9.61	1.602261545485817e-05
9.62	1.583792436576914e-05
9.63	1.5653279888283578e-05
9.64	1.5474350675503956e-05
9.65	1.5295346429411438e-05
9.66	1.5118414694370585e-05
9.67	1.494326443207683e-05
9.68	1.4770096186111914e-05
9.69	1.4598639154428383e-05
9.7	1.442911479898612e-05
9.71	1.4259594081522664e-05
9.72	1.4095422102400335e-05
9.73	1.3931166677139117e-05
9.74	1.3768863937002607e-05
9.75	1.3608241715701297e-05
9.76	1.3449400057652383e-05
9.77	1.329224892288039e-05
9.78	1.313686402681924e-05
9.79	1.2982869975530775e-05
9.8	1.2830864534407738e-05
9.81	1.2680161262323963e-05
9.82	1.2531257652881322e-05
9.83	1.2383912007862818e-05
9.84	1.223813342221547e-05
9.85	1.2093956001990591e-05
9.86	1.195135155285243e-05
9.87	1.181025095320365e-05
9.88	1.1669459127006121e-05
9.89	1.15327236471785e-05
9.9	1.1396289210097166e-05
9.91	1.1261179452048964e-05
9.92	1.1127670177302207e-05
9.93	1.099548421734653e-05
9.94	1.0864981277336483e-05
9.95	1.0735776186265866e-05
9.96	1.0606767091303482e-05
9.97	1.048184253704676e-05
9.98	1.0356938901168178e-05
9.99	1.0233428156425362e-05
10.0	1.0111267556567327e-05
10.01	9.99029816739494e-06
10.02	9.870968369796174e-06
10.03	9.752732921697316e-06
10.04	9.635948117647786e-06
10.05	9.520385447103763e-06
10.06	9.406111530552153e-06
10.07	9.293187304137973e-06
10.08	9.181376071865088e-06
10.09	9.070892929230467e-06
10.1	8.961617822933476e-06
10.11	8.853451618051622e-06
10.12	8.746577350393636e-06
10.13	8.639844963909127e-06
10.14	8.536345603715745e-06
10.15	8.433028142462717e-06
10.16	8.330895525432425e-06
10.17	8.229992090491578e-06
10.18	8.130126161631779e-06
10.19	8.031479865167057e-06
10.2	7.93380786490161e-06
10.21	7.836410986783449e-06
10.22	7.74182672103052e-06
10.23	7.647533038834808e-06
10.24	7.554202511528274e-06
10.25	7.462007260983228e-06
10.26	7.370675120910164e-06
10.27	7.280515774255036e-06
10.28	7.191265922301682e-06
10.29	7.103176812961465e-06
10.3	7.015900791884633e-06
10.31	6.929716846570955e-06
10.32	6.844497647762182e-06
10.33	6.7603043589770095e-06
10.34	6.676896873614169e-06
10.35	6.594689693883993e-06
10.36	6.513280141007272e-06
10.37	6.432959253288573e-06
10.38	6.352616992444382e-06
10.39	6.274924771787482e-06
10.4	6.197263928697794e-06
10.41	6.120490070316009e-06
10.42	6.044475185262854e-06
10.43	5.969511903458624e-06
10.44	5.895193453397951e-06
10.45	5.821791319249314e-06
10.46	5.7484446642774856e-06
10.47	5.677550007021637e-06
10.48	5.606555760095944e-06
10.49	5.536592880162061e-06
10.5	5.467197524922085e-06
10.51	5.398801704359357e-06
10.52	5.331051852408564e-06
10.53	5.264157607598463e-06
10.54	5.1981160140712745e-06
10.55	5.132749492986477e-06
10.56	5.068112386652501e-06
10.57	5.004396825825097e-06
10.58	4.941315410178504e-06
10.59	4.879065045315656e-06
10.6	4.817446324523189e-06
10.61	4.756605676448089e-06
10.62	4.696416681326809e-06
10.63	4.636306357497233e-06
10.64	4.578107109409757e-06
10.65	4.5199840315035544e-06
10.66	4.462618335310253e-06
10.67	4.4058344883524114e-06
10.68	4.34981006947055e-06
10.69	4.294426162232412e-06
10.7	4.239660938765155e-06
10.71	4.18501190324605e-06
10.72	4.132159574510297e-06
10.73	4.0793204334477196e-06
10.74	4.027169097753358e-06
10.75	3.9755691432219464e-06
10.76	3.924713155356585e-06
10.77	3.874325329888961e-06
10.78	3.824701934718178e-06
10.79	3.7755323774035787e-06
10.8	3.7271265682647936e-06
10.81	3.6791054753848584e-06
10.82	3.6317912872618763e-06
10.83	3.5849514006258687e-06
10.84	3.538690179993864e-06
10.85	3.492926680337405e-06
10.86	3.447710241744062e-06
10.87	3.402998117962852e-06
10.88	3.3584944958420238e-06
10.89	3.3152512060041772e-06
10.9	3.2722816740715643e-06
10.91	3.229657068004599e-06
10.92	3.1876393222773913e-06
10.93	3.1461343041883083e-06
10.94	3.105183168372605e-06
10.95	3.0646608593087876e-06
10.96	3.0242908906075172e-06
10.97	2.9851687486370793e-06
10.98	2.9461791655194247e-06
10.99	2.907588168454822e-06
11.0	2.869580157494056e-06
11.01	2.8319407192611834e-06
11.02	2.7948301521973917e-06
11.03	2.7580297228269046e-06
11.04	2.7217474780627526e-06
11.05	2.685812660274678e-06
11.06	2.6503603294258937e-06
11.07	2.6153013550356263e-06
11.08	2.580683030828368e-06
11.09	2.5465233193244785e-06
11.1	2.5127453682216583e-06
11.11	2.4793714601401007e-06
11.12	2.4464534362778068e-06
11.13	2.4136315914802253e-06
11.14	2.3817560759198386e-06
11.15	2.3501249870605534e-06
11.16	2.318700126124895e-06
11.17	2.2877495666762115e-06
11.18	2.257211008327431e-06
11.19	2.2270535282586934e-06
11.2	2.197245976276463e-06
11.21	2.1675311927538132e-06
11.22	2.1387229480751557e-06
11.23	2.1100975118315546e-06
11.24	2.0817112726945197e-06
11.25	2.0537454474833794e-06
11.26	2.026088395723491e-06
11.27	1.9987633095297497e-06
11.28	1.9717754184966907e-06
11.29	1.9451968000794295e-06
11.3	1.9189105842087884e-06
11.31	1.8930068108602427e-06
11.32	1.8674002149055013e-06
11.33	1.8421662844048114e-06
11.34	1.8171353985962924e-06
11.35	1.7925826796272304e-06
11.36	1.7681443296169164e-06
11.37	1.7442257558286656e-06
11.38	1.720242153169238e-06
11.39	1.6971061995718628e-06
11.4	1.6739916190999793e-06
11.41	1.6511548892594874e-06
11.42	1.6286423942801775e-06
11.43	1.6064277588156983e-06
11.44	1.5844548215682153e-06
11.45	1.5628086202923441e-06
11.46	1.541108076708042e-06
11.47	1.520196519777528e-06
11.48	1.499240397606627e-06
11.49	1.4786105566599872e-06
11.5	1.4582060430257116e-06
11.51	1.4380952961801086e-06
11.52	1.4182205632096156e-06
11.53	1.3986521025799448e-06
11.54	1.3792762274533743e-06
11.55	1.3601788850792218e-06
11.56	1.3413055057753809e-06
11.57	1.3227161161921686e-06
11.58	1.3043259059486445e-06
11.59	1.286242195419618e-06
11.6	1.2683576642302796e-06
11.61	1.2507559858931927e-06
11.62	1.233359625985031e-06
11.63	1.2159848665760364e-06
11.64	1.199208327307133e-06
11.65	1.1824427019746508e-06
11.66	1.16590604193334e-06
11.67	1.149584704762674e-06
11.68	1.133454816226731e-06
11.69	1.1174738574482035e-06
11.7	1.1017459655704442e-06
11.71	1.0860808288271073e-06
11.72	1.0709550224419218e-06
11.73	1.0558492249401752e-06
11.74	1.040996039591846e-06
11.75	1.0262631349178264e-06
11.76	1.0117789770447416e-06
11.77	9.97426695903414e-07
11.78	9.833690910454607e-07
11.79	9.693803804111667e-07
11.8	9.55642690314562e-07
11.81	9.420564310858026e-07
11.82	9.286895874538459e-07
11.83	9.15423697733786e-07
11.84	9.02376314115827e-07
11.85	8.89428974915063e-07
11.86	8.767233339312952e-07
11.87	8.641541171527933e-07
11.88	8.516110483469674e-07
11.89	8.394863471039571e-07
11.9	8.274701031041332e-07
11.91	8.154925126291346e-07
11.92	8.038186933845282e-07
11.93	7.9221581472666e-07
11.94	7.808555437804898e-07
11.95	7.69575990489102e-07
11.96	7.584242212033132e-07
11.97	7.475591701222584e-07
11.98	7.368014394160127e-07
11.99	7.261010068759788e-07
12.0	7.155954335757997e-07
12.01	7.052512955851853e-07
12.02	6.950333499844419e-07
12.03	6.849418241472449e-07
12.04	6.75024239171762e-07
12.05	6.65165089230868e-07
12.06	6.55502390145557e-07
12.07	6.459476935560815e-07
12.08	6.365353328874335e-07
12.09	6.272291557252174e-07
12.1	6.180391665111529e-07
12.11	6.089840098866262e-07
12.12	6.000634584779618e-07
12.13	5.911754215048859e-07
12.14	5.82589564146474e-07
12.15	5.74042132939212e-07
12.16	5.656236226059264e-07
12.17	5.57267867407063e-07
12.18	5.490696821652818e-07
12.19	5.409729055827484e-07
12.2	5.329584382707253e-07
12.21	5.250178674032213e-07
12.22	5.172985311219236e-07
12.23	5.096769655210664e-07
12.24	5.020829121349379e-07
12.25	4.946566605212865e-07
12.26	4.872943009104347e-07
12.27	4.800047008757247e-07
12.28	4.7284288484661374e-07
12.29	4.6576951717725024e-07
12.3	4.587916464515729e-07
12.31	4.519217782217311e-07
12.32	4.4512603381008375e-07
12.33	4.3846284825121984e-07
12.34	4.318615083320765e-07
12.35	4.253720362612512e-07
12.36	4.189892024442088e-07
12.37	4.126995918340981e-07
12.38	4.0638656173541676e-07
12.39	4.0033864934230223e-07
12.4	3.942438979720464e-07
12.41	3.882887540385127e-07
12.42	3.823793122137431e-07
12.43	3.765671863220632e-07
12.44	3.7085146686877124e-07
12.45	3.6520918911264744e-07
12.46	3.5955758903583046e-07
12.47	3.541417754604481e-07
12.48	3.4870163290179335e-07
12.49	3.433556230447721e-07
12.5	3.3809237720561214e-07
12.51	3.3291189538431354e-07
12.52	3.2779098546598107e-07
12.53	3.227762590540806e-07
12.54	3.178295173711376e-07
12.55	3.129771357635036e-07
12.56	3.081779595959233e-07
12.57	3.03446995530976e-07
12.58	2.987942480103811e-07
12.59	2.942199444078142e-07
12.6	2.896658770623617e-07
12.61	2.8521685635496397e-07
12.62	2.807992132147774e-07
12.63	2.7640953703667037e-07
12.64	2.7216515263717156e-07
12.65	2.6795123631018214e-07
12.66	2.6381212592241354e-07
12.67	2.5971826289605815e-07
12.68	2.556707840994932e-07
12.69	2.5166445993818343e-07
12.7	2.4773748918960337e-07
12.71	2.4381756702496205e-07
12.72	2.400390712864464e-07
12.73	2.3630127543583512e-07
12.74	2.3258667170011904e-07
12.75	2.2895414986123797e-07
12.76	2.2536664801009465e-07
12.77	2.2184599401953164e-07
12.78	2.183719516324345e-07
12.79	2.1494088286999613e-07
12.8	2.115584720741026e-07
12.81	2.0822108126594685e-07
12.82	2.0492939256655518e-07
12.83	2.016749931499362e-07
12.84	1.9847652765747625e-07
12.85	1.9533831618900876e-07
12.86	1.922417141031474e-07
12.87	1.89189222510322e-07
12.88	1.8615014596434776e-07
12.89	1.831972440413665e-07
12.9	1.8025684767053463e-07
12.91	1.7735737856128253e-07
12.92	1.7450997802370694e-07
12.93	1.7169372767966706e-07
12.94	1.6895251064852346e-07
12.95	1.6623607734800316e-07
12.96	1.635607986827381e-07
12.97	1.6097487787192222e-07
12.98	1.5838600120332558e-07
12.99	1.5584100765408948e-07
13.0	1.5333671399275772e-07
13.01	1.5085288396221586e-07
13.02	1.4842316886642948e-07
13.03	1.4602255760109983e-07
13.04	1.436503680452006e-07
13.05	1.412879555573454e-07
13.06	1.3898761608288623e-07
13.07	1.3670523912878707e-07
13.08	1.3447584024106618e-07
13.09	1.3226303963165265e-07
13.1	1.3007024790567812e-07
13.11	1.279306616197573e-07
13.12	1.2579562280734535e-07
13.13	1.2372925084491726e-07
13.14	1.216872078657616e-07
13.15	1.1968745639023837e-07
13.16	1.1772090147132985e-07
13.17	1.1579345482459757e-07
13.18	1.1389624887669925e-07
13.19	1.1203519534319639e-07
13.2	1.1019915291399229e-07
13.21	1.08377889773692e-07
13.22	1.0660005500540137e-07
13.23	1.048219928634353e-07
13.24	1.0308440323569812e-07
13.25	1.0138046491192654e-07
13.26	9.968812264560256e-08
13.27	9.802943168324418e-08
13.28	9.641576070862357e-08
13.29	9.479958862357307e-08
13.3	9.323616723122541e-08
13.31	9.16825229069218e-08
13.32	9.01488874660572e-08
13.33	8.864685696607921e-08
13.34	8.715164767636452e-08
13.35	8.570373211114202e-08
13.36	8.426536624028813e-08
13.37	8.287543096230365e-08
13.38	8.148708730004728e-08
13.39	8.013807928364258e-08
13.4	7.878679753048345e-08
13.41	7.745256880298257e-08
13.42	7.614926289534196e-08
13.43	7.485937203455251e-08
13.44	7.358926268352661e-08
13.45	7.233120413729921e-08
13.46	7.110224942152854e-08
13.47	6.988511813688092e-08
13.48	6.869004209875129e-08
13.49	6.752543413313106e-08
13.5	6.637742444581818e-08
13.51	6.524055606860202e-08
13.52	6.411573849618435e-08
13.53	6.300547283899505e-08
13.54	6.191589818627108e-08
13.55	6.084314918552991e-08
13.56	5.978768058412243e-08
13.57	5.8763362176250666e-08
13.58	5.774973033112474e-08
13.59	5.673950909113046e-08
13.6	5.5767714002286084e-08
13.61	5.4805468607810326e-08
13.62	5.385254553402774e-08
13.63	5.291326488077175e-08
13.64	5.198194230615627e-08
13.65	5.107108336233068e-08
13.66	5.018296178604942e-08
13.67	4.9294840209768154e-08
13.68	4.8435140342917293e-08
13.69	4.7578396333847195e-08
13.7	4.6737795855733566e-08
13.71	4.591493052430451e-08
13.72	4.510457074502483e-08
13.73	4.4300122681306675e-08
13.74	4.351113602751866e-08
13.75	4.274102138879243e-08
13.76	4.198182068648748e-08
13.77	4.12403551308671e-08
13.78	4.051503310620319e-08
13.79	3.979585017077625e-08
13.8	3.911077328666579e-08
13.81	3.841273610305507e-08
13.82	3.773675416596234e-08
13.83	3.706873030751012e-08
13.84	3.641548573796172e-08
13.85	3.576019480533432e-08
13.86	3.5121729524689727e-08
13.87	3.450440999586135e-08
13.88	3.387822289369069e-08
13.89	3.327591002744157e-08
13.9	3.268655746069271e-08
13.91	3.2111984182847664e-08
13.92	3.154491423629224e-08
13.93	3.0984438126324676e-08
13.94	3.043055585294496e-08
13.95	2.9883494789828546e-08
13.96	2.9350985641940497e-08
13.97	2.88250703306403e-08
13.98	2.8304611987550743e-08
13.99	2.7799842428066768e-08
14.0	2.7293253879179247e-08
14.01	2.6798488761414774e-08
14.02	2.6318048185203224e-08
14.03	2.5834651751210913e-08
14.04	2.536035026423633e-08
14.05	2.4892187866498716e-08
14.06	2.442538971081376e-08
14.07	2.3973143470357172e-08
14.08	2.3535676518804394e-08
14.09	2.310139279870782e-08
14.1	2.2671883925795555e-08
14.11	2.225510797870811e-08
14.12	2.184151526307687e-08
14.13	2.1439518604893237e-08
14.14	2.1043888409622014e-08
14.15	2.0654397303587757e-08
14.16	2.027263690251857e-08
14.17	1.9895196601282805e-08
14.18	1.9522303773555905e-08
14.19	1.9159188013873063e-08
14.2	1.8803575585479848e-08
14.21	1.8453192751621827e-08
14.22	1.8108494259649888e-08
14.23	1.777016223059036e-08
14.24	1.7435013432987034e-08
14.25	1.7105321603594348e-08
14.26	1.6779495126684196e-08
14.27	1.6463673091493547e-08
14.28	1.6145349945873022e-08
14.29	1.5840214473428205e-08
14.3	1.5539171727141365e-08
14.31	1.5237446859828196e-08
14.32	1.495641299698036e-08
14.33	1.4666738934465684e-08
14.34	1.4390479918802157e-08
14.35	1.4117631508270279e-08
14.36	1.3841827239957638e-08
14.37	1.3578301150118932e-08
14.38	1.332068677584175e-08
14.39	1.3061708159511909e-08
14.4	1.2810232874471694e-08
14.41	1.2561486073536798e-08
14.42	1.231251189892646e-08
14.43	1.2074906408088282e-08
14.44	1.1840029401355423e-08
14.45	1.1604925020947121e-08
14.46	1.1377323971828446e-08
14.47	1.1146994438604452e-08
14.48	1.0926441973424517e-08
14.49	1.0712938092183322e-08
14.5	1.0501707947696559e-08
14.51	1.0298663255525753e-08
14.52	1.010357664199546e-08
14.53	9.907807907438837e-09
14.54	9.719542504171841e-09
14.55	9.537643563817255e-09
14.56	9.363247954752296e-09
14.57	9.184532245853916e-09
14.58	9.014229362946935e-09
14.59	8.845290722092614e-09
14.6	8.677943696966395e-09
14.61	8.513325155945495e-09
14.62	8.348706614924595e-09
14.63	8.184542821254581e-09
14.64	8.024926501093432e-09
14.65	7.868038665037602e-09
14.66	7.70751285017468e-09
14.67	7.553580871899612e-09
14.68	7.403741619782522e-09
14.69	7.248218025779352e-09
14.7	7.106336852302775e-09
14.71	6.9619545683963224e-09
14.72	6.822801879025064e-09
14.73	6.68251232127659e-09
14.74	6.550862963194959e-09
14.75	6.417621989385225e-09
14.76	6.290065357461572e-09
14.77	6.160007615108043e-09
14.78	6.033587851561606e-09
14.79	5.910351319471374e-09
14.8	5.788479029433802e-09
14.81	5.66524249734357e-09
14.82	5.550418791244738e-09
14.83	5.431047611637041e-09
14.84	5.317815521266311e-09
14.85	5.205720299272798e-09
14.86	5.094761945656501e-09
14.87	4.989487933926284e-09
14.88	4.87943907501176e-09
14.89	4.777348294737749e-09
14.9	4.674348019761965e-09
14.91	4.577259460347705e-09
14.92	4.480625648284331e-09
14.93	4.3880845623789355e-09
14.94	4.2939518607454374e-09
14.95	4.20550350099802e-09
14.96	4.120465746382251e-09
14.97	4.035655365441926e-09
14.98	3.952891347580589e-09
14.99	3.8696725823683664e-09
15.0	3.7903191696386784e-09
15.01	3.716422725119628e-09
15.02	3.6386609281180426e-09
15.03	3.5661287256516516e-09
15.04	3.493823896860704e-09
15.05	3.420609573367983e-09
15.06	3.3492142392788082e-09
15.07	3.2796378945931792e-09
15.08	3.208015186828561e-09
15.09	3.1377567211166024e-09
15.1	3.069771992159076e-09
15.11	3.0033788789296523e-09
15.12	2.9369857657002285e-09
15.13	2.8769591153832152e-09
15.14	2.812157617881894e-09
15.15	2.7575879357755184e-09
15.16	2.6968791644321755e-09
15.17	2.6409452402731404e-09
15.18	2.5893314159475267e-09
15.19	2.53680809692014e-09
15.2	2.4851942725945264e-09
15.21	2.435854185023345e-09
15.22	2.3860593501012772e-09
15.23	2.3385382519336417e-09
15.24	2.2885160433361307e-09
15.25	2.242813934572041e-09
15.26	2.1925643522990867e-09
15.27	2.1473169908858836e-09
15.28	2.098659024341032e-09
15.29	2.051592673524283e-09
15.3	2.00566319108475e-09
15.31	1.959506334969774e-09
15.32	1.914486347232014e-09
15.33	1.8726495909504592e-09
15.34	1.8301307136425748e-09
15.35	1.7903403204400092e-09
15.36	1.7494130588602275e-09
15.37	1.7114416550612077e-09
15.38	1.673470251262188e-09
15.39	1.636180968489498e-09
15.4	1.6004833014449105e-09
15.41	1.5631940186722204e-09
15.42	1.5293153410311788e-09
15.43	1.4963461580919102e-09
15.44	1.4622401067754254e-09
15.45	1.431544660590589e-09
15.46	1.400167093379423e-09
15.47	1.3665157894138247e-09
15.48	1.3380940799834207e-09
15.49	1.3046701496932656e-09
15.5	1.275793692911975e-09
15.51	1.2448708730516955e-09
15.52	1.2137206795159727e-09
15.53	1.1839347280329093e-09
15.54	1.1555130186025053e-09
15.55	1.1309566616546363e-09
15.56	1.1057181836804375e-09
15.57	1.079797584679909e-09
15.58	1.0536496120039374e-09
15.59	1.0293206287315115e-09
15.6	1.0054463928099722e-09
15.61	9.829363989410922e-10
15.62	9.615632734494284e-10
15.63	9.383711585542187e-10
15.64	9.172254067379981e-10
15.65	8.96534402272664e-10
15.66	8.756160241318867e-10
15.67	8.574261300964281e-10
15.68	8.376446203328669e-10
15.69	8.160441211657599e-10
15.7	7.989910955075175e-10
15.71	7.771632226649672e-10
15.72	7.587459549540654e-10
15.73	7.398739398922771e-10
15.74	7.219114195322618e-10
15.75	7.046310201985762e-10
15.76	6.891696102684364e-10
15.77	6.714344635838643e-10
15.78	6.568825483554974e-10
15.79	6.411937647499144e-10
15.8	6.259597284952179e-10
15.81	6.127720553195104e-10
15.82	5.991296347929165e-10
15.83	5.841229722136632e-10
15.84	5.725269147660583e-10
15.85	5.602487362921238e-10
15.86	5.488800525199622e-10
15.87	5.381934897741303e-10
15.88	5.265974323265254e-10
15.89	5.154561222298071e-10
15.9	5.03632691106759e-10
15.91	4.931735020363703e-10
15.92	4.806679498869926e-10
15.93	4.677076503867283e-10
15.94	4.5565684558823705e-10
15.95	4.43833414465189e-10
15.96	4.3360159907024354e-10
15.97	4.2359715735074133e-10
15.98	4.133653419557959e-10
15.99	4.0245140553452075e-10
16.0	3.9199221646413207e-10
16.01	3.8062353269197047e-10
16.02	3.6970959627069533e-10
16.03	3.597051545511931e-10
16.04	3.483364707790315e-10
16.05	3.3787728170864284e-10
16.06	3.2855496101547033e-10
16.07	3.1877789297141135e-10
16.08	3.108198143308982e-10
16.09	3.0263436201494187e-10
16.1	2.94903657049872e-10
16.11	2.8762769943568856e-10
16.12	2.7898749976884574e-10
16.13	2.7193891583010554e-10
16.14	2.6489033189136535e-10
16.15	2.573870006017387e-10
16.16	2.510205376893282e-10
16.17	2.4510882212780416e-10
16.18	2.382876118645072e-10
16.19	2.319211489520967e-10
16.2	2.2464519133791327e-10
16.21	2.18506102100946e-10
16.22	2.1191226551309228e-10
16.23	2.0554580260068178e-10
16.24	1.984972186619416e-10
16.25	1.9349499780219048e-10
16.26	1.8781065591610968e-10
16.27	1.830358087318018e-10
16.28	1.7848833522293717e-10
16.29	1.74395609064959e-10
16.3	1.6962076188065112e-10
16.31	1.6552803572267294e-10
16.32	1.6143530956469476e-10
16.33	1.5756995708215982e-10
16.34	1.5302248357329518e-10
16.35	1.4802026271354407e-10
16.36	1.446096575818956e-10
16.37	1.4074430509936064e-10
16.38	1.375610736431554e-10
16.39	1.36196831590496e-10
16.4	1.3278622645884752e-10
16.41	1.305124897044152e-10
16.42	1.2755663192365319e-10
16.43	1.241460267920047e-10
16.44	1.211901690112427e-10
16.45	1.177795638795942e-10
16.46	1.1391421139705926e-10
16.47	1.1050360626541078e-10
16.48	1.0754774848464876e-10
16.49	1.0390976967755705e-10
16.5	1.0186340659856796e-10
16.51	9.913492249324918e-11
16.52	9.686118573881686e-11
16.53	9.458744898438454e-11
16.54	9.254108590539545e-11
16.55	9.00399754755199e-11
16.56	8.776623872108757e-11
16.57	8.594724931754172e-11
16.58	8.390088623855263e-11
16.59	8.230927051045e-11
16.6	7.980816008057445e-11
16.61	7.753442332614213e-11
16.62	7.503331289626658e-11
16.63	7.23048287909478e-11
16.64	6.889422365929931e-11
16.65	6.59383658785373e-11
16.66	6.298250809777528e-11
16.67	5.979927664157003e-11
16.68	5.729816621169448e-11
16.69	5.547917680814862e-11
16.7	5.32054400537163e-11
16.71	5.1386450650170445e-11
16.72	5.002220859751105e-11
16.73	4.774847184307873e-11
16.74	4.6838977141305804e-11
16.75	4.547473508864641e-11
16.76	4.411049303598702e-11
16.77	4.320099833421409e-11
16.78	4.18367562815547e-11
16.79	4.1154635255225e-11
16.8	4.0472514228895307e-11
16.81	4.001776687800884e-11
16.82	3.9335645851679146e-11
16.83	3.842615114990622e-11
16.84	3.728928277269006e-11
16.85	3.5925040720030665e-11
16.86	3.433342499192804e-11
16.87	3.2741809263825417e-11
16.88	3.1377567211166024e-11
16.89	2.97859514830634e-11
16.9	2.8194335754960775e-11
16.91	2.751221472863108e-11
16.92	2.6147972675971687e-11
16.93	2.5920599000528455e-11
16.94	2.523847797419876e-11
16.95	2.5011104298755527e-11
16.96	2.4783730623312294e-11
16.97	2.432898327242583e-11
16.98	2.4101609596982598e-11
16.99	2.3646862246096134e-11
17.0	2.319211489520967e-11
17.01	2.2737367544323206e-11
17.02	2.2509993868879974e-11
17.03	2.1827872842550278e-11
17.04	2.114575181622058e-11
17.05	2.0463630789890885e-11
17.06	1.978150976356119e-11
17.07	1.887201506178826e-11
17.08	1.8417267710901797e-11
17.09	1.77351466845721e-11
17.1	1.7280399333685637e-11
17.11	1.7053025658242404e-11
17.12	1.659827830735594e-11
17.13	1.659827830735594e-11
17.14	1.6143530956469476e-11
17.15	1.6143530956469476e-11
17.16	1.5916157281026244e-11
17.17	1.5688783605583012e-11
17.18	1.546140993013978e-11
17.19	1.5234036254696548e-11
17.2	1.5234036254696548e-11
17.21	1.4779288903810084e-11
17.22	1.4779288903810084e-11
17.23	1.432454155292362e-11
17.24	1.3869794202037156e-11
17.25	1.318767317570746e-11
17.26	1.2278178473934531e-11
17.27	1.1368683772161603e-11
17.28	1.000444171950221e-11
17.29	8.86757334228605e-12
17.3	7.73070496506989e-12
17.31	6.59383658785373e-12
17.32	5.6843418860808015e-12
17.33	4.774847184307873e-12
17.34	4.092726157978177e-12
17.35	3.865352482534945e-12
17.36	3.637978807091713e-12
17.37	3.637978807091713e-12
17.38	3.637978807091713e-12
17.39	3.637978807091713e-12
17.4	3.637978807091713e-12
17.41	3.637978807091713e-12
17.42	3.637978807091713e-12
17.43	3.637978807091713e-12
17.44	3.637978807091713e-12
17.45	3.637978807091713e-12
17.46	3.637978807091713e-12
17.47	3.637978807091713e-12
17.48	3.637978807091713e-12
17.49	3.637978807091713e-12
17.5	3.637978807091713e-12
17.51	3.637978807091713e-12
17.52	3.637978807091713e-12
17.53	3.637978807091713e-12
17.54	3.637978807091713e-12
17.55	3.637978807091713e-12
17.56	3.637978807091713e-12
17.57	3.637978807091713e-12
17.58	3.637978807091713e-12
17.59	3.637978807091713e-12
17.6	3.637978807091713e-12
17.61	3.637978807091713e-12
17.62	3.637978807091713e-12
17.63	3.637978807091713e-12
17.64	3.637978807091713e-12
17.65	3.637978807091713e-12
17.66	3.410605131648481e-12
17.67	3.183231456205249e-12
17.68	2.9558577807620168e-12
17.69	2.5011104298755527e-12
17.7	2.0463630789890885e-12
17.71	1.8189894035458565e-12
17.72	1.3642420526593924e-12
17.73	9.094947017729282e-13
17.74	6.821210263296962e-13
17.75	4.547473508864641e-13
17.76	2.2737367544323206e-13
17.77	0.0
