5.92	0.000507354736328125
5.93	0.000499725341796875
5.94	0.000499725341796875
5.95	0.00048828125
5.96	0.00048828125
5.97	0.000484466552734375
5.98	0.00048065185546875
5.99	0.000476837158203125
6.0	0.000469207763671875
6.01	0.00046539306640625
6.02	0.000461578369140625
6.03	0.000461578369140625
6.04	0.000446319580078125
6.05	0.000446319580078125
6.06	0.000431060791015625
6.07	0.000431060791015625
6.08	0.00042724609375
6.09	0.000423431396484375
6.1	0.000423431396484375
6.11	0.000415802001953125
6.12	0.000415802001953125
6.13	0.000415802001953125
6.14	0.0004119873046875
6.15	0.00040435791015625
6.16	0.000400543212890625
6.17	0.000392913818359375
6.18	0.00038909912109375
6.19	0.000385284423828125
6.2	0.000370025634765625
6.21	0.0003662109375
6.22	0.00035858154296875
6.23	0.00035858154296875
6.24	0.00035858154296875
6.25	0.0003509521484375
6.26	0.000347137451171875
6.27	0.00034332275390625
6.28	0.000339508056640625
6.29	0.000335693359375
6.3	0.000331878662109375
6.31	0.00032806396484375
6.32	0.00032806396484375
6.33	0.000324249267578125
6.34	0.0003204345703125
6.35	0.000316619873046875
6.36	0.000316619873046875
6.37	0.000316619873046875
6.38	0.00031280517578125
6.39	0.00030517578125
6.4	0.000301361083984375
6.41	0.000301361083984375
6.42	0.000301361083984375
6.43	0.0002899169921875
6.44	0.000286102294921875
6.45	0.000286102294921875
6.46	0.000286102294921875
6.47	0.00028228759765625
6.48	0.00028228759765625
6.49	0.000274658203125
6.5	0.000274658203125
6.51	0.00026702880859375
6.52	0.00026702880859375
6.53	0.00026702880859375
6.54	0.0002593994140625
6.55	0.0002593994140625
6.56	0.000255584716796875
6.57	0.00025177001953125
6.58	0.000240325927734375
6.59	0.00023651123046875
6.6	0.000225067138671875
6.61	0.00022125244140625
6.62	0.00022125244140625
6.63	0.000213623046875
6.64	0.000213623046875
6.65	0.00020599365234375
6.66	0.000202178955078125
6.67	0.000202178955078125
6.68	0.000202178955078125
6.69	0.0001983642578125
6.7	0.0001983642578125
6.71	0.000194549560546875
6.72	0.00019073486328125
6.73	0.00019073486328125
6.74	0.000186920166015625
6.75	0.000186920166015625
6.76	0.000186920166015625
6.77	0.00018310546875
6.78	0.00017547607421875
6.79	0.00017547607421875
6.8	0.00017547607421875
6.81	0.000171661376953125
6.82	0.000164031982421875
6.83	0.000164031982421875
6.84	0.00016021728515625
6.85	0.00016021728515625
6.86	0.00016021728515625
6.87	0.00016021728515625
6.88	0.00016021728515625
6.89	0.000152587890625
6.9	0.000152587890625
6.91	0.000152587890625
6.92	0.00014495849609375
6.93	0.000141143798828125
6.94	0.000141143798828125
6.95	0.000141143798828125
6.96	0.000141143798828125
6.97	0.0001373291015625
6.98	0.000133514404296875
6.99	0.000133514404296875
7.0	0.000133514404296875
7.01	0.000125885009765625
7.02	0.0001220703125
7.03	0.0001220703125
7.04	0.0001220703125
7.05	0.0001220703125
7.06	0.0001220703125
7.07	0.0001220703125
7.08	0.0001220703125
7.09	0.000118255615234375
7.1	0.000118255615234375
7.11	0.00011444091796875
7.12	0.00011444091796875
7.13	0.00011444091796875
7.14	0.00011444091796875
7.15	0.000110626220703125
7.16	0.000110626220703125
7.17	0.000110626220703125
7.18	0.0001068115234375
7.19	0.0001068115234375
7.2	9.918212890625e-05
7.21	9.918212890625e-05
7.22	9.5367431640625e-05
7.23	9.5367431640625e-05
7.24	9.5367431640625e-05
7.25	9.5367431640625e-05
7.26	9.5367431640625e-05
7.27	9.1552734375e-05
7.28	9.1552734375e-05
7.29	9.1552734375e-05
7.3	8.7738037109375e-05
7.31	8.392333984375e-05
7.32	7.62939453125e-05
7.33	7.62939453125e-05
7.34	7.62939453125e-05
7.35	7.2479248046875e-05
7.36	6.866455078125e-05
7.37	6.866455078125e-05
7.38	6.866455078125e-05
7.39	6.866455078125e-05
7.4	6.866455078125e-05
7.41	6.866455078125e-05
7.42	6.866455078125e-05
7.43	6.866455078125e-05
7.44	6.866455078125e-05
7.45	6.866455078125e-05
7.46	6.866455078125e-05
7.47	6.866455078125e-05
7.48	6.866455078125e-05
7.49	6.866455078125e-05
7.5	6.866455078125e-05
7.51	6.866455078125e-05
7.52	6.4849853515625e-05
7.53	6.4849853515625e-05
7.54	6.103515625e-05
7.55	6.103515625e-05
7.56	6.103515625e-05
7.57	6.103515625e-05
7.58	6.103515625e-05
7.59	6.103515625e-05
7.6	6.103515625e-05
7.61	6.103515625e-05
7.62	6.103515625e-05
7.63	6.103515625e-05
7.64	6.103515625e-05
7.65	5.340576171875e-05
7.66	5.340576171875e-05
7.67	5.340576171875e-05
7.68	5.340576171875e-05
7.69	5.340576171875e-05
7.7	4.9591064453125e-05
7.71	4.9591064453125e-05
7.72	4.9591064453125e-05
7.73	4.9591064453125e-05
7.74	4.57763671875e-05
7.75	4.57763671875e-05
7.76	4.57763671875e-05
7.77	4.1961669921875e-05
7.78	4.1961669921875e-05
7.79	4.1961669921875e-05
7.8	4.1961669921875e-05
7.81	4.1961669921875e-05
7.82	4.1961669921875e-05
7.83	4.1961669921875e-05
7.84	4.1961669921875e-05
7.85	4.1961669921875e-05
7.86	4.1961669921875e-05
7.87	4.1961669921875e-05
7.88	4.1961669921875e-05
7.89	4.1961669921875e-05
7.9	4.1961669921875e-05
7.91	4.1961669921875e-05
7.92	3.814697265625e-05
7.93	3.814697265625e-05
7.94	3.0517578125e-05
7.95	3.0517578125e-05
7.96	3.0517578125e-05
7.97	3.0517578125e-05
7.98	3.0517578125e-05
7.99	3.0517578125e-05
8.0	3.0517578125e-05
8.01	3.0517578125e-05
8.02	3.0517578125e-05
8.03	2.6702880859375e-05
8.04	2.6702880859375e-05
8.05	2.6702880859375e-05
8.06	2.6702880859375e-05
8.07	2.6702880859375e-05
8.08	2.288818359375e-05
8.09	2.288818359375e-05
8.1	2.288818359375e-05
8.11	2.288818359375e-05
8.12	2.288818359375e-05
8.13	2.288818359375e-05
8.14	2.288818359375e-05
8.15	2.288818359375e-05
8.16	2.288818359375e-05
8.17	2.288818359375e-05
8.18	2.288818359375e-05
8.19	2.288818359375e-05
8.2	2.288818359375e-05
8.21	2.288818359375e-05
8.22	2.288818359375e-05
8.23	2.288818359375e-05
8.24	2.288818359375e-05
8.25	2.288818359375e-05
8.26	2.288818359375e-05
8.27	2.288818359375e-05
8.28	1.9073486328125e-05
8.29	1.9073486328125e-05
8.3	1.9073486328125e-05
8.31	1.9073486328125e-05
8.32	1.52587890625e-05
8.33	1.52587890625e-05
8.34	1.52587890625e-05
8.35	1.52587890625e-05
8.36	1.52587890625e-05
8.37	1.52587890625e-05
8.38	1.52587890625e-05
8.39	1.52587890625e-05
8.4	1.52587890625e-05
8.41	1.52587890625e-05
8.42	1.52587890625e-05
8.43	1.52587890625e-05
8.44	1.52587890625e-05
8.45	1.52587890625e-05
8.46	1.1444091796875e-05
8.47	1.1444091796875e-05
8.48	1.1444091796875e-05
8.49	1.1444091796875e-05
8.5	1.1444091796875e-05
8.51	1.1444091796875e-05
8.52	1.1444091796875e-05
8.53	1.1444091796875e-05
8.54	1.1444091796875e-05
8.55	1.1444091796875e-05
8.56	1.1444091796875e-05
8.57	1.1444091796875e-05
8.58	1.1444091796875e-05
8.59	1.1444091796875e-05
8.6	1.1444091796875e-05
8.61	1.1444091796875e-05
8.62	1.1444091796875e-05
8.63	1.1444091796875e-05
8.64	1.1444091796875e-05
8.65	7.62939453125e-06
8.66	7.62939453125e-06
8.67	7.62939453125e-06
8.68	7.62939453125e-06
8.69	7.62939453125e-06
8.7	3.814697265625e-06
8.71	3.814697265625e-06
8.72	3.814697265625e-06
8.73	3.814697265625e-06
8.74	3.814697265625e-06
8.75	3.814697265625e-06
8.76	3.814697265625e-06
8.77	3.814697265625e-06
8.78	3.814697265625e-06
8.79	3.814697265625e-06
8.8	3.814697265625e-06
8.81	3.814697265625e-06
8.82	3.814697265625e-06
8.83	3.814697265625e-06
8.84	3.814697265625e-06
8.85	3.814697265625e-06
8.86	3.814697265625e-06
8.87	3.814697265625e-06
8.88	3.814697265625e-06
8.89	3.814697265625e-06
8.9	3.814697265625e-06
8.91	3.814697265625e-06
8.92	3.814697265625e-06
8.93	3.814697265625e-06
8.94	3.814697265625e-06
8.95	3.814697265625e-06
8.96	3.814697265625e-06
8.97	3.814697265625e-06
8.98	3.814697265625e-06
8.99	3.814697265625e-06
9.0	3.814697265625e-06
9.01	3.814697265625e-06
9.02	3.814697265625e-06
9.03	3.814697265625e-06
9.04	3.814697265625e-06
9.05	3.814697265625e-06
9.06	3.814697265625e-06
9.07	3.814697265625e-06
9.08	0.0
