5.52	0.0005102157592773438
5.53	0.0004863739013671875
5.54	0.00048065185546875
5.55	0.00047969818115234375
5.56	0.00047969818115234375
5.57	0.00047969818115234375
5.58	0.00047969818115234375
5.59	0.0004711151123046875
5.6	0.00047016143798828125
5.61	0.00047016143798828125
5.62	0.00046634674072265625
5.63	0.00046539306640625
5.64	0.0004482269287109375
5.65	0.00044727325439453125
5.66	0.00043392181396484375
5.67	0.00043201446533203125
5.68	0.00043010711669921875
5.69	0.00043010711669921875
5.7	0.00042438507080078125
5.71	0.00042438507080078125
5.72	0.00042247772216796875
5.73	0.0004119873046875
5.74	0.000408172607421875
5.75	0.000408172607421875
5.76	0.000408172607421875
5.77	0.00039386749267578125
5.78	0.00039005279541015625
5.79	0.0003833770751953125
5.8	0.00037479400634765625
5.81	0.00037479400634765625
5.82	0.00037479400634765625
5.83	0.0003662109375
5.84	0.0003662109375
5.85	0.00036144256591796875
5.86	0.00034999847412109375
5.87	0.000347137451171875
5.88	0.00034618377685546875
5.89	0.00034618377685546875
5.9	0.00034618377685546875
5.91	0.0003452301025390625
5.92	0.0003452301025390625
5.93	0.0003452301025390625
5.94	0.00034236907958984375
5.95	0.00034236907958984375
5.96	0.0003299713134765625
5.97	0.00032901763916015625
5.98	0.0003185272216796875
5.99	0.0003185272216796875
6.0	0.0003185272216796875
6.01	0.0003185272216796875
6.02	0.0003185272216796875
6.03	0.00030994415283203125
6.04	0.00030422210693359375
6.05	0.00030422210693359375
6.06	0.00029754638671875
6.07	0.00029754638671875
6.08	0.00029754638671875
6.09	0.00029754638671875
6.1	0.00029754638671875
6.11	0.00029754638671875
6.12	0.00029087066650390625
6.13	0.00029087066650390625
6.14	0.00028228759765625
6.15	0.00027561187744140625
6.16	0.00027561187744140625
6.17	0.000274658203125
6.18	0.000274658203125
6.19	0.0002727508544921875
6.2	0.000270843505859375
6.21	0.00026988983154296875
6.22	0.00026988983154296875
6.23	0.00025844573974609375
6.24	0.00025653839111328125
6.25	0.00025463104248046875
6.26	0.00025463104248046875
6.27	0.00025463104248046875
6.28	0.0002536773681640625
6.29	0.0002536773681640625
6.3	0.00024700164794921875
6.31	0.00024509429931640625
6.32	0.000244140625
6.33	0.000244140625
6.34	0.0002422332763671875
6.35	0.0002422332763671875
6.36	0.00023651123046875
6.37	0.00023651123046875
6.38	0.0002346038818359375
6.39	0.0002346038818359375
6.4	0.0002346038818359375
6.41	0.0002346038818359375
6.42	0.0002346038818359375
6.43	0.00022602081298828125
6.44	0.00022220611572265625
6.45	0.00022220611572265625
6.46	0.00021648406982421875
6.47	0.00021648406982421875
6.48	0.0002155303955078125
6.49	0.000213623046875
6.5	0.00020503997802734375
6.51	0.00020503997802734375
6.52	0.00020503997802734375
6.53	0.00020503997802734375
6.54	0.00020313262939453125
6.55	0.000202178955078125
6.56	0.0001964569091796875
6.57	0.00019550323486328125
6.58	0.00019550323486328125
6.59	0.000194549560546875
6.6	0.000194549560546875
6.61	0.000194549560546875
6.62	0.000194549560546875
6.63	0.000194549560546875
6.64	0.00019168853759765625
6.65	0.00019073486328125
6.66	0.00018215179443359375
6.67	0.00018215179443359375
6.68	0.0001811981201171875
6.69	0.0001811981201171875
6.7	0.0001811981201171875
6.71	0.000179290771484375
6.72	0.000179290771484375
6.73	0.000179290771484375
6.74	0.000179290771484375
6.75	0.00017070770263671875
6.76	0.00017070770263671875
6.77	0.00017070770263671875
6.78	0.00017070770263671875
6.79	0.00017070770263671875
6.8	0.0001697540283203125
6.81	0.0001697540283203125
6.82	0.000164031982421875
6.83	0.0001621246337890625
6.84	0.00016021728515625
6.85	0.00016021728515625
6.86	0.00016021728515625
6.87	0.0001583099365234375
6.88	0.0001583099365234375
6.89	0.00015735626220703125
6.9	0.000156402587890625
6.91	0.000156402587890625
6.92	0.000156402587890625
6.93	0.000156402587890625
6.94	0.00015354156494140625
6.95	0.00015354156494140625
6.96	0.00015354156494140625
6.97	0.00015354156494140625
6.98	0.00015354156494140625
6.99	0.0001468658447265625
7.0	0.0001468658447265625
7.01	0.00014495849609375
7.02	0.00014495849609375
7.03	0.00014495849609375
7.04	0.00014495849609375
7.05	0.00014495849609375
7.06	0.00014495849609375
7.07	0.0001430511474609375
7.08	0.0001430511474609375
7.09	0.00013446807861328125
7.1	0.00013446807861328125
7.11	0.00013446807861328125
7.12	0.00013446807861328125
7.13	0.00013446807861328125
7.14	0.000133514404296875
7.15	0.000133514404296875
7.16	0.000133514404296875
7.17	0.00013256072998046875
7.18	0.00013256072998046875
7.19	0.0001239776611328125
7.2	0.00012302398681640625
7.21	0.00012302398681640625
7.22	0.00012302398681640625
7.23	0.0001220703125
7.24	0.0001220703125
7.25	0.00012111663818359375
7.26	0.00012111663818359375
7.27	0.00012111663818359375
7.28	0.0001201629638671875
7.29	0.0001201629638671875
7.3	0.000118255615234375
7.31	0.000118255615234375
7.32	0.000118255615234375
7.33	0.00011730194091796875
7.34	0.00011730194091796875
7.35	0.0001163482666015625
7.36	0.0001163482666015625
7.37	0.0001163482666015625
7.38	0.0001163482666015625
7.39	0.0001163482666015625
7.4	0.0001163482666015625
7.41	0.00010967254638671875
7.42	0.00010967254638671875
7.43	0.0001010894775390625
7.44	0.0001010894775390625
7.45	0.0001010894775390625
7.46	0.0001010894775390625
7.47	0.0001010894775390625
7.48	0.0001010894775390625
7.49	9.918212890625e-05
7.5	9.918212890625e-05
7.51	9.822845458984375e-05
7.52	9.1552734375e-05
7.53	9.059906005859375e-05
7.54	9.059906005859375e-05
7.55	9.059906005859375e-05
7.56	9.059906005859375e-05
7.57	8.96453857421875e-05
7.58	8.96453857421875e-05
7.59	8.96453857421875e-05
7.6	8.58306884765625e-05
7.61	8.487701416015625e-05
7.62	8.487701416015625e-05
7.63	8.487701416015625e-05
7.64	8.296966552734375e-05
7.65	8.296966552734375e-05
7.66	8.296966552734375e-05
7.67	8.296966552734375e-05
7.68	8.296966552734375e-05
7.69	8.296966552734375e-05
7.7	8.106231689453125e-05
7.71	8.106231689453125e-05
7.72	7.2479248046875e-05
7.73	7.2479248046875e-05
7.74	7.2479248046875e-05
7.75	6.67572021484375e-05
7.76	6.67572021484375e-05
7.77	6.580352783203125e-05
7.78	6.580352783203125e-05
7.79	6.580352783203125e-05
7.8	6.4849853515625e-05
7.81	6.4849853515625e-05
7.82	6.4849853515625e-05
7.83	6.29425048828125e-05
7.84	6.29425048828125e-05
7.85	6.29425048828125e-05
7.86	6.198883056640625e-05
7.87	6.198883056640625e-05
7.88	6.198883056640625e-05
7.89	6.103515625e-05
7.9	6.103515625e-05
7.91	6.103515625e-05
7.92	6.103515625e-05
7.93	5.91278076171875e-05
7.94	5.817413330078125e-05
7.95	5.817413330078125e-05
7.96	5.817413330078125e-05
7.97	5.817413330078125e-05
7.98	5.817413330078125e-05
7.99	5.817413330078125e-05
8.0	5.817413330078125e-05
8.01	5.817413330078125e-05
8.02	5.817413330078125e-05
8.03	5.817413330078125e-05
8.04	5.054473876953125e-05
8.05	5.054473876953125e-05
8.06	5.054473876953125e-05
8.07	5.054473876953125e-05
8.08	5.054473876953125e-05
8.09	5.054473876953125e-05
8.1	4.9591064453125e-05
8.11	4.9591064453125e-05
8.12	4.76837158203125e-05
8.13	4.673004150390625e-05
8.14	4.673004150390625e-05
8.15	4.673004150390625e-05
8.16	4.673004150390625e-05
8.17	4.673004150390625e-05
8.18	4.673004150390625e-05
8.19	4.57763671875e-05
8.2	4.57763671875e-05
8.21	4.57763671875e-05
8.22	4.57763671875e-05
8.23	4.38690185546875e-05
8.24	4.38690185546875e-05
8.25	4.38690185546875e-05
8.26	4.38690185546875e-05
8.27	4.38690185546875e-05
8.28	4.291534423828125e-05
8.29	4.291534423828125e-05
8.3	4.1961669921875e-05
8.31	4.1961669921875e-05
8.32	4.1961669921875e-05
8.33	4.1961669921875e-05
8.34	4.1961669921875e-05
8.35	4.1961669921875e-05
8.36	4.1961669921875e-05
8.37	4.1961669921875e-05
8.38	4.1961669921875e-05
8.39	4.1961669921875e-05
8.4	4.1961669921875e-05
8.41	4.1961669921875e-05
8.42	4.1961669921875e-05
8.43	4.1961669921875e-05
8.44	4.1961669921875e-05
8.45	4.1961669921875e-05
8.46	4.100799560546875e-05
8.47	4.100799560546875e-05
8.48	3.24249267578125e-05
8.49	3.24249267578125e-05
8.5	3.24249267578125e-05
8.51	3.24249267578125e-05
8.52	3.24249267578125e-05
8.53	3.24249267578125e-05
8.54	3.147125244140625e-05
8.55	3.147125244140625e-05
8.56	3.0517578125e-05
8.57	2.956390380859375e-05
8.58	2.956390380859375e-05
8.59	2.956390380859375e-05
8.6	2.956390380859375e-05
8.61	2.956390380859375e-05
8.62	2.86102294921875e-05
8.63	2.86102294921875e-05
8.64	2.86102294921875e-05
8.65	2.86102294921875e-05
8.66	2.86102294921875e-05
8.67	2.86102294921875e-05
8.68	2.86102294921875e-05
8.69	2.6702880859375e-05
8.7	2.6702880859375e-05
8.71	2.6702880859375e-05
8.72	2.6702880859375e-05
8.73	2.574920654296875e-05
8.74	2.574920654296875e-05
8.75	2.574920654296875e-05
8.76	2.574920654296875e-05
8.77	2.574920654296875e-05
8.78	2.574920654296875e-05
8.79	2.574920654296875e-05
8.8	1.9073486328125e-05
8.81	1.9073486328125e-05
8.82	1.811981201171875e-05
8.83	1.811981201171875e-05
8.84	1.811981201171875e-05
8.85	1.811981201171875e-05
8.86	1.811981201171875e-05
8.87	1.811981201171875e-05
8.88	1.811981201171875e-05
8.89	1.621246337890625e-05
8.9	1.621246337890625e-05
8.91	1.621246337890625e-05
8.92	1.621246337890625e-05
8.93	1.621246337890625e-05
8.94	1.621246337890625e-05
8.95	1.621246337890625e-05
8.96	1.621246337890625e-05
8.97	1.621246337890625e-05
8.98	1.621246337890625e-05
8.99	1.430511474609375e-05
9.0	1.430511474609375e-05
9.01	1.430511474609375e-05
9.02	1.430511474609375e-05
9.03	1.430511474609375e-05
9.04	1.430511474609375e-05
9.05	1.430511474609375e-05
9.06	1.430511474609375e-05
9.07	1.430511474609375e-05
9.08	1.430511474609375e-05
9.09	1.33514404296875e-05
9.1	1.33514404296875e-05
9.11	1.33514404296875e-05
9.12	1.33514404296875e-05
9.13	1.33514404296875e-05
9.14	1.33514404296875e-05
9.15	1.239776611328125e-05
9.16	1.239776611328125e-05
9.17	1.239776611328125e-05
9.18	1.1444091796875e-05
9.19	1.1444091796875e-05
9.2	1.1444091796875e-05
9.21	1.1444091796875e-05
9.22	1.1444091796875e-05
9.23	1.1444091796875e-05
9.24	1.1444091796875e-05
9.25	1.1444091796875e-05
9.26	1.1444091796875e-05
9.27	1.1444091796875e-05
9.28	1.1444091796875e-05
9.29	1.1444091796875e-05
9.3	1.1444091796875e-05
9.31	1.1444091796875e-05
9.32	1.1444091796875e-05
9.33	1.049041748046875e-05
9.34	1.049041748046875e-05
9.35	1.049041748046875e-05
9.36	1.049041748046875e-05
9.37	1.049041748046875e-05
9.38	1.049041748046875e-05
9.39	9.5367431640625e-06
9.4	9.5367431640625e-06
9.41	9.5367431640625e-06
9.42	9.5367431640625e-06
9.43	9.5367431640625e-06
9.44	9.5367431640625e-06
9.45	9.5367431640625e-06
9.46	9.5367431640625e-06
9.47	9.5367431640625e-06
9.48	9.5367431640625e-06
9.49	8.58306884765625e-06
9.5	8.58306884765625e-06
9.51	8.58306884765625e-06
9.52	8.58306884765625e-06
9.53	8.58306884765625e-06
9.54	8.58306884765625e-06
9.55	8.58306884765625e-06
9.56	8.58306884765625e-06
9.57	8.58306884765625e-06
9.58	8.58306884765625e-06
9.59	7.62939453125e-06
9.6	7.62939453125e-06
9.61	7.62939453125e-06
9.62	7.62939453125e-06
9.63	7.62939453125e-06
9.64	7.62939453125e-06
9.65	7.62939453125e-06
9.66	7.62939453125e-06
9.67	7.62939453125e-06
9.68	7.62939453125e-06
9.69	7.62939453125e-06
9.7	7.62939453125e-06
9.71	7.62939453125e-06
9.72	7.62939453125e-06
9.73	7.62939453125e-06
9.74	7.62939453125e-06
9.75	7.62939453125e-06
9.76	7.62939453125e-06
9.77	7.62939453125e-06
9.78	6.67572021484375e-06
9.79	6.67572021484375e-06
9.8	6.67572021484375e-06
9.81	6.67572021484375e-06
9.82	6.67572021484375e-06
9.83	6.67572021484375e-06
9.84	6.67572021484375e-06
9.85	5.7220458984375e-06
9.86	5.7220458984375e-06
9.87	5.7220458984375e-06
9.88	5.7220458984375e-06
9.89	5.7220458984375e-06
9.9	5.7220458984375e-06
9.91	5.7220458984375e-06
9.92	5.7220458984375e-06
9.93	5.7220458984375e-06
9.94	5.7220458984375e-06
9.95	5.7220458984375e-06
9.96	5.7220458984375e-06
9.97	5.7220458984375e-06
9.98	5.7220458984375e-06
9.99	5.7220458984375e-06
10.0	5.7220458984375e-06
10.01	5.7220458984375e-06
10.02	4.76837158203125e-06
10.03	4.76837158203125e-06
10.04	4.76837158203125e-06
10.05	4.76837158203125e-06
10.06	4.76837158203125e-06
10.07	4.76837158203125e-06
10.08	4.76837158203125e-06
10.09	4.76837158203125e-06
10.1	4.76837158203125e-06
10.11	4.76837158203125e-06
10.12	4.76837158203125e-06
10.13	4.76837158203125e-06
10.14	4.76837158203125e-06
10.15	4.76837158203125e-06
10.16	4.76837158203125e-06
10.17	4.76837158203125e-06
10.18	4.76837158203125e-06
10.19	4.76837158203125e-06
10.2	4.76837158203125e-06
10.21	4.76837158203125e-06
10.22	4.76837158203125e-06
10.23	4.76837158203125e-06
10.24	4.76837158203125e-06
10.25	4.76837158203125e-06
10.26	4.76837158203125e-06
10.27	4.76837158203125e-06
10.28	4.76837158203125e-06
10.29	4.76837158203125e-06
10.3	4.76837158203125e-06
10.31	4.76837158203125e-06
10.32	4.76837158203125e-06
10.33	4.76837158203125e-06
10.34	4.76837158203125e-06
10.35	4.76837158203125e-06
10.36	4.76837158203125e-06
10.37	4.76837158203125e-06
10.38	4.76837158203125e-06
10.39	4.76837158203125e-06
10.4	4.76837158203125e-06
10.41	4.76837158203125e-06
10.42	4.76837158203125e-06
10.43	4.76837158203125e-06
10.44	3.814697265625e-06
10.45	3.814697265625e-06
10.46	3.814697265625e-06
10.47	3.814697265625e-06
10.48	3.814697265625e-06
10.49	3.814697265625e-06
10.5	3.814697265625e-06
10.51	3.814697265625e-06
10.52	3.814697265625e-06
10.53	3.814697265625e-06
10.54	3.814697265625e-06
10.55	2.86102294921875e-06
10.56	2.86102294921875e-06
10.57	2.86102294921875e-06
10.58	2.86102294921875e-06
10.59	2.86102294921875e-06
10.6	2.86102294921875e-06
10.61	2.86102294921875e-06
10.62	2.86102294921875e-06
10.63	2.86102294921875e-06
10.64	2.86102294921875e-06
10.65	2.86102294921875e-06
10.66	2.86102294921875e-06
10.67	2.86102294921875e-06
10.68	2.86102294921875e-06
10.69	2.86102294921875e-06
10.7	2.86102294921875e-06
10.71	2.86102294921875e-06
10.72	2.86102294921875e-06
10.73	2.86102294921875e-06
10.74	2.86102294921875e-06
10.75	2.86102294921875e-06
10.76	2.86102294921875e-06
10.77	2.86102294921875e-06
10.78	1.9073486328125e-06
10.79	1.9073486328125e-06
10.8	1.9073486328125e-06
10.81	1.9073486328125e-06
10.82	1.9073486328125e-06
10.83	1.9073486328125e-06
10.84	1.9073486328125e-06
10.85	1.9073486328125e-06
10.86	1.9073486328125e-06
10.87	1.9073486328125e-06
10.88	1.9073486328125e-06
10.89	1.9073486328125e-06
10.9	1.9073486328125e-06
10.91	1.9073486328125e-06
10.92	1.9073486328125e-06
10.93	1.9073486328125e-06
10.94	1.9073486328125e-06
10.95	1.9073486328125e-06
10.96	1.9073486328125e-06
10.97	1.9073486328125e-06
10.98	1.9073486328125e-06
10.99	1.9073486328125e-06
11.0	1.9073486328125e-06
11.01	1.9073486328125e-06
11.02	1.9073486328125e-06
11.03	1.9073486328125e-06
11.04	1.9073486328125e-06
11.05	1.9073486328125e-06
11.06	1.9073486328125e-06
11.07	9.5367431640625e-07
11.08	9.5367431640625e-07
11.09	9.5367431640625e-07
11.1	9.5367431640625e-07
11.11	9.5367431640625e-07
11.12	9.5367431640625e-07
11.13	9.5367431640625e-07
11.14	9.5367431640625e-07
11.15	9.5367431640625e-07
11.16	9.5367431640625e-07
11.17	9.5367431640625e-07
11.18	9.5367431640625e-07
11.19	9.5367431640625e-07
11.2	9.5367431640625e-07
11.21	9.5367431640625e-07
11.22	9.5367431640625e-07
11.23	9.5367431640625e-07
11.24	9.5367431640625e-07
11.25	9.5367431640625e-07
11.26	9.5367431640625e-07
11.27	9.5367431640625e-07
11.28	9.5367431640625e-07
11.29	9.5367431640625e-07
11.3	9.5367431640625e-07
11.31	9.5367431640625e-07
11.32	9.5367431640625e-07
11.33	9.5367431640625e-07
11.34	9.5367431640625e-07
11.35	9.5367431640625e-07
11.36	9.5367431640625e-07
11.37	9.5367431640625e-07
11.38	9.5367431640625e-07
11.39	9.5367431640625e-07
11.4	9.5367431640625e-07
11.41	9.5367431640625e-07
11.42	9.5367431640625e-07
11.43	9.5367431640625e-07
11.44	9.5367431640625e-07
11.45	9.5367431640625e-07
11.46	9.5367431640625e-07
11.47	9.5367431640625e-07
11.48	9.5367431640625e-07
11.49	9.5367431640625e-07
11.5	9.5367431640625e-07
11.51	9.5367431640625e-07
11.52	9.5367431640625e-07
11.53	9.5367431640625e-07
11.54	9.5367431640625e-07
11.55	9.5367431640625e-07
11.56	9.5367431640625e-07
11.57	9.5367431640625e-07
11.58	9.5367431640625e-07
11.59	9.5367431640625e-07
11.6	9.5367431640625e-07
11.61	9.5367431640625e-07
11.62	9.5367431640625e-07
11.63	9.5367431640625e-07
11.64	9.5367431640625e-07
11.65	9.5367431640625e-07
11.66	9.5367431640625e-07
11.67	9.5367431640625e-07
11.68	9.5367431640625e-07
11.69	9.5367431640625e-07
11.7	9.5367431640625e-07
11.71	9.5367431640625e-07
11.72	9.5367431640625e-07
11.73	9.5367431640625e-07
11.74	9.5367431640625e-07
11.75	9.5367431640625e-07
11.76	9.5367431640625e-07
11.77	9.5367431640625e-07
11.78	9.5367431640625e-07
11.79	9.5367431640625e-07
11.8	9.5367431640625e-07
11.81	9.5367431640625e-07
11.82	9.5367431640625e-07
11.83	9.5367431640625e-07
