6.54	0.0005008677835576236
6.55	0.0004970651934854686
6.56	0.0004932688898406923
6.57	0.0004895213642157614
6.58	0.0004857969470322132
6.59	0.0004820885951630771
6.6	0.0004783944459632039
6.61	0.00047474942402914166
6.62	0.0004711323417723179
6.63	0.0004675531527027488
6.64	0.00046396919060498476
6.65	0.00046040158485993743
6.66	0.0004568833392113447
6.67	0.00045338767813518643
6.68	0.00044990406604483724
6.69	0.00044644909212365746
6.7	0.0004430214175954461
6.71	0.0004396038129925728
6.72	0.00043621723307296634
6.73	0.0004328497452661395
6.74	0.0004295281833037734
6.75	0.0004262270522303879
6.76	0.0004229290643706918
6.77	0.00041966512799263
6.78	0.0004164424608461559
6.79	0.00041322805918753147
6.8	0.0004100255318917334
6.81	0.00040685065323486924
6.82	0.00040369475027546287
6.83	0.0004005695809610188
6.84	0.00039745570393279195
6.85	0.00039435899816453457
6.86	0.0003913035034202039
6.87	0.00038826133823022246
6.88	0.0003852242953144014
6.89	0.0003822299768216908
6.9	0.0003792663337662816
6.91	0.00037630979204550385
6.92	0.00037336692912504077
6.93	0.00037043861811980605
6.94	0.0003675560583360493
6.95	0.0003646872937679291
6.96	0.0003618377377279103
6.97	0.00035899400245398283
6.98	0.00035617558751255274
6.99	0.0003533806884661317
7.0	0.0003506129723973572
7.01	0.0003478644648566842
7.02	0.000345140986610204
7.03	0.00034241739194840193
7.04	0.0003397093969397247
7.05	0.000337038014549762
7.06	0.00033439655089750886
7.07	0.0003317572991363704
7.08	0.0003291285247541964
7.09	0.0003265330451540649
7.1	0.0003239475190639496
7.11	0.0003213909803889692
7.12	0.00031884131021797657
7.13	0.0003163187066093087
7.14	0.00031382031738758087
7.15	0.0003113334532827139
7.16	0.000308849208522588
7.17	0.00030640431214123964
7.18	0.0003039616858586669
7.19	0.00030154059641063213
7.2	0.00029913749312981963
7.21	0.0002967484761029482
7.22	0.000294388213660568
7.23	0.0002920292899943888
7.24	0.0002896867226809263
7.25	0.00028737582033500075
7.26	0.00028508459217846394
7.27	0.0002827892894856632
7.28	0.0002805193653330207
7.29	0.00027827994199469686
7.3	0.0002760503557510674
7.31	0.0002738391631282866
7.32	0.00027163035701960325
7.33	0.00026945292484015226
7.34	0.00026728876400738955
7.35	0.00026513030752539635
7.36	0.00026297755539417267
7.37	0.0002608599606901407
7.38	0.00025875837309286
7.39	0.0002566647017374635
7.4	0.0002545815077610314
7.41	0.0002525271847844124
7.42	0.0002504842123016715
7.43	0.000248455791734159
7.44	0.00024644238874316216
7.45	0.00024444982409477234
7.46	0.00024246441898867488
7.47	0.0002404815750196576
7.48	0.0002385322004556656
7.49	0.00023659621365368366
7.5	0.00023467378923669457
7.51	0.00023275258718058467
7.52	0.00023085047723725438
7.53	0.0002289735130034387
7.54	0.00022710923803970218
7.55	0.00022523454390466213
7.56	0.00022339686984196305
7.57	0.0002215696731582284
7.58	0.00021975260460749269
7.59	0.00021794636268168688
7.6	0.0002161584561690688
7.61	0.0002143880701623857
7.62	0.00021262344671413302
7.63	0.00021087360801175237
7.64	0.00020913983462378383
7.65	0.00020743004279211164
7.66	0.00020570913329720497
7.67	0.0002040085382759571
7.68	0.00020232651149854064
7.69	0.0002006670692935586
7.7	0.00019900337792932987
7.71	0.0001973519683815539
7.72	0.00019572029123082757
7.73	0.0001940983347594738
7.74	0.00019247736781835556
7.75	0.00019087566761299968
7.76	0.00018929532961919904
7.77	0.00018773437477648258
7.78	0.00018616172019392252
7.79	0.00018460449064150453
7.8	0.00018306815763935447
7.81	0.00018155545694753528
7.82	0.00018004979938268661
7.83	0.00017854198813438416
7.84	0.00017704087076708674
7.85	0.00017556495731696486
7.86	0.00017409445717930794
7.87	0.00017264130292460322
7.88	0.00017120258416980505
7.89	0.0001697674160823226
7.9	0.00016833009431138635
7.91	0.00016691343626007438
7.92	0.0001655149389989674
7.93	0.0001641369890421629
7.94	0.00016274943482130766
7.95	0.00016137916827574372
7.96	0.00016001518815755844
7.97	0.0001586730359122157
7.98	0.00015733233885839581
7.99	0.00015600718325003982
8.0	0.00015469070058315992
8.01	0.00015338539378717542
8.02	0.00015208299737423658
8.03	0.0001507895067334175
8.04	0.0001495156902819872
8.05	0.00014824618119746447
8.06	0.00014698866289108992
8.07	0.00014573812950402498
8.08	0.0001445055240765214
8.09	0.00014327006647363305
8.1	0.0001420445623807609
8.11	0.00014083378482609987
8.12	0.00013963901437819004
8.13	0.00013843621127307415
8.14	0.00013725960161536932
8.15	0.00013608421431854367
8.16	0.00013493129517883062
8.17	0.0001337724388577044
8.18	0.00013262551510706544
8.19	0.00013149442384019494
8.2	0.0001303717726841569
8.21	0.0001292462693527341
8.22	0.0001281385193578899
8.23	0.000127032573800534
8.24	0.00012594973668456078
8.25	0.0001248705666512251
8.26	0.00012378930114209652
8.27	0.00012272060848772526
8.28	0.0001216666423715651
8.29	0.00012062006862834096
8.3	0.00011957390233874321
8.31	0.00011854059994220734
8.32	0.00011752115096896887
8.33	0.00011651200475171208
8.34	0.00011550128692761064
8.35	0.00011449895100668073
8.36	0.00011351617285981774
8.37	0.0001125266426242888
8.38	0.00011153117520734668
8.39	0.00011057528899982572
8.4	0.00010961567750200629
8.41	0.00010866258526220918
8.42	0.00010770582593977451
8.43	0.0001067665871232748
8.44	0.00010584172559902072
8.45	0.00010492349974811077
8.46	0.00010399159509688616
8.47	0.00010309700155630708
8.48	0.00010219501564279199
8.49	0.00010130146984010935
8.5	0.00010041234781965613
8.51	9.953719563782215e-05
8.52	9.866181062534451e-05
8.53	9.779026731848717e-05
8.54	9.692442836239934e-05
8.55	9.607902029529214e-05
8.56	9.523285552859306e-05
8.57	9.438878623768687e-05
8.58	9.355292422696948e-05
8.59	9.273382602259517e-05
8.6	9.191763820126653e-05
8.61	9.110040264204144e-05
8.62	9.029480861499906e-05
8.63	8.949270704761147e-05
8.64	8.871487807482481e-05
8.65	8.791807340458035e-05
8.66	8.713064016774297e-05
8.67	8.635851554572582e-05
8.68	8.559750858694315e-05
8.69	8.483510464429855e-05
8.7	8.407537825405598e-05
8.71	8.331809658557177e-05
8.72	8.258799789473414e-05
8.73	8.184928447008133e-05
8.74	8.111551869660616e-05
8.75	8.039543172344565e-05
8.76	7.967505371198058e-05
8.77	7.895397720858455e-05
8.78	7.824820932000875e-05
8.79	7.755006663501263e-05
8.8	7.685803575441241e-05
8.81	7.616006769239902e-05
8.82	7.547088898718357e-05
8.83	7.479393389075994e-05
8.84	7.413042476400733e-05
8.85	7.346057100221515e-05
8.86	7.279653800651431e-05
8.87	7.213797653093934e-05
8.88	7.148098666220903e-05
8.89	7.083540549501777e-05
8.9	7.01950048096478e-05
8.91	6.955908611416817e-05
8.92	6.892700912430882e-05
8.93	6.829272024333477e-05
8.94	6.766302976757288e-05
8.95	6.70558656565845e-05
8.96	6.64429971948266e-05
8.97	6.584246875718236e-05
8.98	6.524083437398076e-05
8.99	6.464810576289892e-05
9.0	6.405945168808103e-05
9.01	6.347487214952707e-05
9.02	6.289692828431726e-05
9.03	6.232375744730234e-05
9.04	6.17478508502245e-05
9.05	6.117834709584713e-05
9.06	6.061565363779664e-05
9.07	6.0065300203859806e-05
9.08	5.9511978179216385e-05
9.09	5.896115908399224e-05
9.1	5.841703386977315e-05
9.11	5.7884142734110355e-05
9.12	5.735061131417751e-05
9.13	5.681457696482539e-05
9.14	5.629868246614933e-05
9.15	5.578831769526005e-05
9.16	5.527265602722764e-05
9.17	5.476042861118913e-05
9.18	5.425396375358105e-05
9.19	5.3753668908029795e-05
9.2	5.325517849996686e-05
9.21	5.275412695482373e-05
9.22	5.22729242220521e-05
9.23	5.179352592676878e-05
9.24	5.130638601258397e-05
9.25	5.0828850362449884e-05
9.26	5.03573683090508e-05
9.27	4.9899332225322723e-05
9.28	4.9430003855377436e-05
9.29	4.8964633606374264e-05
9.3	4.850595723837614e-05
9.31	4.806130891665816e-05
9.32	4.7612120397388935e-05
9.33	4.716403782367706e-05
9.34	4.672567592933774e-05
9.35	4.629389150068164e-05
9.36	4.585878923535347e-05
9.37	4.543073009699583e-05
9.38	4.500261275097728e-05
9.39	4.458613693714142e-05
9.4	4.4167914893478155e-05
9.41	4.375213757157326e-05
9.42	4.334590630605817e-05
9.43	4.293973324820399e-05
9.44	4.253140650689602e-05
9.45	4.212732892483473e-05
9.46	4.1731283999979496e-05
9.47	4.134204937145114e-05
9.48	4.094955511391163e-05
9.49	4.056392936035991e-05
9.5	4.0183134842664e-05
9.51	3.9807287976145744e-05
9.52	3.942794864997268e-05
9.53	3.905914491042495e-05
9.54	3.8695347029715776e-05
9.55	3.8329046219587326e-05
9.56	3.7962570786476135e-05
9.57	3.759941319003701e-05
9.58	3.724871203303337e-05
9.59	3.689364530146122e-05
9.6	3.6540208384394646e-05
9.61	3.6190031096339226e-05
9.62	3.584596561267972e-05
9.63	3.55009688064456e-05
9.64	3.5163480788469315e-05
9.65	3.483169712126255e-05
9.66	3.450264921411872e-05
9.67	3.4168828278779984e-05
9.68	3.383844159543514e-05
9.69	3.351486520841718e-05
9.7	3.320199903100729e-05
9.71	3.287818981334567e-05
9.72	3.256060881540179e-05
9.73	3.224366810172796e-05
9.74	3.1934992875903845e-05
9.75	3.162689972668886e-05
9.76	3.1322124414145947e-05
9.77	3.101682523265481e-05
9.78	3.072089748457074e-05
9.79	3.0421593692153692e-05
9.8	3.0121125746518373e-05
9.81	2.9829039704054594e-05
9.82	2.9545743018388748e-05
9.83	2.9260292649269104e-05
9.84	2.8970767743885517e-05
9.85	2.8685375582426786e-05
9.86	2.8404465410858393e-05
9.87	2.812879392877221e-05
9.88	2.7854170184582472e-05
9.89	2.758571645244956e-05
9.9	2.7315982151776552e-05
9.91	2.7046713512390852e-05
9.92	2.6777212042361498e-05
9.93	2.651772229000926e-05
9.94	2.6262190658599138e-05
9.95	2.600153675302863e-05
9.96	2.5739544071257114e-05
9.97	2.5487737730145454e-05
9.98	2.5238317903131247e-05
9.99	2.498843241482973e-05
10.0	2.4741515517234802e-05
10.01	2.4495413526892662e-05
10.02	2.4253677111119032e-05
10.03	2.4013628717511892e-05
10.04	2.3774977307766676e-05
10.05	2.354156458750367e-05
10.06	2.3307977244257927e-05
10.07	2.307520480826497e-05
10.08	2.284522633999586e-05
10.09	2.2618041839450598e-05
10.1	2.2393069230020046e-05
10.11	2.2165535483509302e-05
10.12	2.194271655753255e-05
10.13	2.1722866222262383e-05
10.14	2.151099033653736e-05
10.15	2.1292013116180897e-05
10.16	2.107705222442746e-05
10.17	2.0868959836661816e-05
10.18	2.0660459995269775e-05
10.19	2.0449922885745764e-05
10.2	2.024573041126132e-05
10.21	2.0041712559759617e-05
10.22	1.9842293113470078e-05
10.23	1.963973045349121e-05
10.24	1.944077666848898e-05
10.25	1.9246479496359825e-05
10.26	1.905485987663269e-05
10.27	1.8860038835555315e-05
10.28	1.866742968559265e-05
10.29	1.8480641301721334e-05
10.3	1.8296879716217518e-05
10.31	1.8107355572283268e-05
10.32	1.7924816347658634e-05
10.33	1.7747748643159866e-05
10.34	1.7569982446730137e-05
10.35	1.7390178982168436e-05
10.36	1.7213867977261543e-05
10.37	1.70390703715384e-05
10.38	1.6865553334355354e-05
10.39	1.669657649472356e-05
10.4	1.6527250409126282e-05
10.41	1.6360892914235592e-05
10.42	1.6193953342735767e-05
10.43	1.602730480954051e-05
10.44	1.5863566659390926e-05
10.45	1.570599852129817e-05
10.46	1.554517075419426e-05
10.47	1.5386904124170542e-05
10.48	1.5229044947773218e-05
10.49	1.5074678231030703e-05
10.5	1.4918623492121696e-05
10.51	1.4767749235033989e-05
10.52	1.4618737623095512e-05
10.53	1.4470366295427084e-05
10.54	1.4319492038339376e-05
10.55	1.4171586371958256e-05
10.56	1.4028861187398434e-05
10.57	1.3887591194361448e-05
10.58	1.3742654118686914e-05
10.59	1.3598066288977861e-05
10.6	1.3457611203193665e-05
10.61	1.3321638107299805e-05
10.62	1.318223075941205e-05
10.63	1.3043521903455257e-05
10.64	1.290877116844058e-05
10.65	1.2776406947523355e-05
10.66	1.2643751688301563e-05
10.67	1.25120859593153e-05
10.68	1.2383097782731056e-05
10.69	1.2260337825864553e-05
10.7	1.2132106348872185e-05
10.71	1.2002070434391499e-05
10.72	1.1878728400915861e-05
10.73	1.1758529581129551e-05
10.74	1.1635595001280308e-05
10.75	1.1512718629091978e-05
10.76	1.1391181033104658e-05
10.77	1.1272612027823925e-05
10.78	1.1152529623359442e-05
10.79	1.1036288924515247e-05
10.8	1.0923657100647688e-05
10.81	1.0810093954205513e-05
10.82	1.0695192031562328e-05
10.83	1.057988265529275e-05
10.84	1.047196565195918e-05
10.85	1.0362477041780949e-05
10.86	1.025473466143012e-05
10.87	1.0144372936338186e-05
10.88	1.0034185834228992e-05
10.89	9.931332897394896e-06
10.9	9.826268069446087e-06
10.91	9.720504749566317e-06
10.92	9.619572665542364e-06
10.93	9.515206329524517e-06
10.94	9.412702638655901e-06
10.95	9.309500455856323e-06
10.96	9.211944416165352e-06
10.97	9.114912245422602e-06
10.98	9.017239790409803e-06
10.99	8.92032403498888e-06
11.0	8.823990356177092e-06
11.01	8.729170076549053e-06
11.02	8.634699042886496e-06
11.03	8.540984708815813e-06
11.04	8.452159818261862e-06
11.05	8.360249921679497e-06
11.06	8.269038517028093e-06
11.07	8.17899126559496e-06
11.08	8.094299118965864e-06
11.09	8.00727866590023e-06
11.1	7.918337360024452e-06
11.11	7.832481060177088e-06
11.12	7.749302312731743e-06
11.13	7.664959412068129e-06
11.14	7.579859811812639e-06
11.15	7.495051249861717e-06
11.16	7.4168783612549305e-06
11.17	7.336842827498913e-06
11.18	7.2544789873063564e-06
11.19	7.1749091148376465e-06
11.2	7.0989481173455715e-06
11.21	7.02153192833066e-06
11.22	6.943708285689354e-06
11.23	6.868795026093721e-06
11.24	6.796675734221935e-06
11.25	6.7222281359136105e-06
11.26	6.647722329944372e-06
11.27	6.573740392923355e-06
11.28	6.503367330878973e-06
11.29	6.432004738599062e-06
11.3	6.358372047543526e-06
11.31	6.289337761700153e-06
11.32	6.220710929483175e-06
11.33	6.152025889605284e-06
11.34	6.083282642066479e-06
11.35	6.0167512856423855e-06
11.36	5.951849743723869e-06
11.37	5.8863661251962185e-06
11.38	5.819834768772125e-06
11.39	5.756213795393705e-06
11.4	5.693291313946247e-06
11.41	5.627807695418596e-06
11.42	5.566049367189407e-06
11.43	5.5051641538739204e-06
11.44	5.443696863949299e-06
11.45	5.382287781685591e-06
11.46	5.320529453456402e-06
11.47	5.262671038508415e-06
11.48	5.205103661864996e-06
11.49	5.146663170307875e-06
11.5	5.087873432785273e-06
11.51	5.030015017837286e-06
11.52	4.975881893187761e-06
11.53	4.919129423797131e-06
11.54	4.864414222538471e-06
11.55	4.810630343854427e-06
11.56	4.756439011543989e-06
11.57	4.701490979641676e-06
11.58	4.647998139262199e-06
11.59	4.5979395508766174e-06
11.6	4.5486376620829105e-06
11.61	4.495552275329828e-06
11.62	4.444329533725977e-06
11.63	4.393281415104866e-06
11.64	4.346366040408611e-06
11.65	4.297122359275818e-06
11.66	4.248053301125765e-06
11.67	4.201720003038645e-06
11.68	4.153931513428688e-06
11.69	4.103581886738539e-06
11.7	4.056491889059544e-06
11.71	4.011963028460741e-06
11.72	3.969005774706602e-06
11.73	3.921682946383953e-06
11.74	3.875757101923227e-06
11.75	3.832275979220867e-06
11.76	3.7907157093286514e-06
11.77	3.7470017559826374e-06
11.78	3.703753463923931e-06
11.79	3.6610872484743595e-06
11.8	3.619410563260317e-06
11.81	3.576104063540697e-06
11.82	3.5341945476830006e-06
11.83	3.4950789995491505e-06
11.84	3.4552067518234253e-06
11.85	3.4150434657931328e-06
11.86	3.3733085729181767e-06
11.87	3.335473593324423e-06
11.88	3.2981624826788902e-06
11.89	3.2610842026770115e-06
11.9	3.2234820537269115e-06
11.91	3.186170943081379e-06
11.92	3.1495001167058945e-06
11.93	3.1113740988075733e-06
11.94	3.0765077099204063e-06
11.95	3.0417577363550663e-06
11.96	3.0060764402151108e-06
11.97	2.9700458981096745e-06
11.98	2.934597432613373e-06
11.99	2.902001142501831e-06
12.0	2.869637683033943e-06
12.01	2.835993655025959e-06
12.02	2.8025824576616287e-06
12.03	2.7711503207683563e-06
12.04	2.7394271455705166e-06
12.05	2.706481609493494e-06
12.06	2.6757479645311832e-06
12.07	2.644839696586132e-06
12.08	2.6141060516238213e-06
12.09	2.582441084086895e-06
12.1	2.55281338468194e-06
12.11	2.5230110622942448e-06
12.12	2.492801286280155e-06
12.13	2.4627079255878925e-06
12.14	2.4338369257748127e-06
12.15	2.4067703634500504e-06
12.16	2.3781321942806244e-06
12.17	2.3489701561629772e-06
12.18	2.322427462786436e-06
12.19	2.2943131625652313e-06
12.2	2.267246600240469e-06
12.21	2.239481545984745e-06
12.22	2.214452251791954e-06
12.23	2.1878513507544994e-06
12.24	2.1621817722916603e-06
12.25	2.135639078915119e-06
12.26	2.1100277081131935e-06
12.27	2.08528945222497e-06
12.28	2.0604347810149193e-06
12.29	2.0345323719084263e-06
12.3	2.011482138186693e-06
12.31	1.986569259315729e-06
12.32	1.9622384570538998e-06
12.33	1.938606146723032e-06
12.34	1.915963366627693e-06
12.35	1.8927385099232197e-06
12.36	1.870619598776102e-06
12.37	1.8468708731234074e-06
12.38	1.824169885367155e-06
12.39	1.802749466150999e-06
12.4	1.7810380086302757e-06
12.41	1.7598504200577736e-06
12.42	1.7387792468070984e-06
12.43	1.7175916582345963e-06
12.44	1.6952981241047382e-06
12.45	1.6747508198022842e-06
12.46	1.6553676687180996e-06
12.47	1.6352278180420399e-06
12.48	1.6149133443832397e-06
12.49	1.5927362255752087e-06
12.5	1.5738187357783318e-06
12.51	1.555425114929676e-06
12.52	1.5359255485236645e-06
12.53	1.517182681709528e-06
12.54	1.4986726455390453e-06
12.55	1.4799879863858223e-06
12.56	1.460779458284378e-06
12.57	1.442967914044857e-06
12.58	1.4262623153626919e-06
12.59	1.4077522791922092e-06
12.6	1.3887765817344189e-06
12.61	1.3713142834603786e-06
12.62	1.3544922694563866e-06
12.63	1.338368747383356e-06
12.64	1.3206154108047485e-06
12.65	1.3032695278525352e-06
12.66	1.2869713827967644e-06
12.67	1.2702657841145992e-06
12.68	1.253793016076088e-06
12.69	1.2379023246467113e-06
12.7	1.2232339940965176e-06
12.71	1.2065866030752659e-06
12.72	1.1902302503585815e-06
12.73	1.1757365427911282e-06
12.74	1.1614756658673286e-06
12.75	1.147331204265356e-06
12.76	1.1323136277496815e-06
12.77	1.1163647286593914e-06
12.78	1.1032680049538612e-06
12.79	1.0890653356909752e-06
12.8	1.0755611583590508e-06
12.81	1.0626972652971745e-06
12.82	1.049309503287077e-06
12.83	1.0358053259551525e-06
12.84	1.0220683179795742e-06
12.85	1.0087969712913036e-06
12.86	9.965733624994755e-07
12.87	9.840005077421665e-07
12.88	9.710784070193768e-07
12.89	9.575160220265388e-07
12.9	9.463983587920666e-07
12.91	9.348732419312e-07
12.92	9.236973710358143e-07
12.93	9.12579707801342e-07
12.94	9.005889296531677e-07
12.95	8.890638127923012e-07
12.96	8.780043572187424e-07
12.97	8.673523552715778e-07
12.98	8.565257303416729e-07
12.99	8.452916517853737e-07
13.0	8.349306881427765e-07
13.01	8.237548172473907e-07
13.02	8.135102689266205e-07
13.03	8.028000593185425e-07
13.04	7.929629646241665e-07
13.05	7.826602086424828e-07
13.06	7.73346982896328e-07
13.07	7.627531886100769e-07
13.08	7.538474164903164e-07
13.09	7.445923984050751e-07
13.1	7.355120033025742e-07
13.11	7.26024154573679e-07
13.12	7.164780981838703e-07
13.13	7.074559107422829e-07
13.14	6.993068382143974e-07
13.15	6.900518201291561e-07
13.16	6.812042556703091e-07
13.17	6.72473106533289e-07
13.18	6.642076186835766e-07
13.19	6.558257155120373e-07
13.2	6.47443812340498e-07
13.21	6.389454938471317e-07
13.22	6.307382136583328e-07
13.23	6.226473487913609e-07
13.24	6.147311069071293e-07
13.25	6.068148650228977e-07
13.26	5.997717380523682e-07
13.27	5.917972885072231e-07
13.28	5.84055669605732e-07
13.29	5.766632966697216e-07
13.3	5.695037543773651e-07
13.31	5.622277967631817e-07
13.32	5.553010851144791e-07
13.33	5.480833351612091e-07
13.34	5.4121483117342e-07
13.35	5.334150046110153e-07
13.36	5.26022631675005e-07
13.37	5.197362042963505e-07
13.38	5.132751539349556e-07
13.39	5.060574039816856e-07
13.4	4.988396540284157e-07
13.41	4.9202935770154e-07
13.42	4.853354766964912e-07
13.43	4.792818799614906e-07
13.44	4.7375215217471123e-07
13.45	4.6653440222144127e-07
13.46	4.601897671818733e-07
13.47	4.5332126319408417e-07
13.48	4.4691842049360275e-07
13.49	4.4173793867230415e-07
13.5	4.3533509597182274e-07
13.51	4.28641214966774e-07
13.52	4.225876182317734e-07
13.53	4.164758138358593e-07
13.54	4.1065504774451256e-07
13.55	4.0495069697499275e-07
13.56	3.997120074927807e-07
13.57	3.936584107577801e-07
13.58	3.8766302168369293e-07
13.59	3.820168785750866e-07
13.6	3.773602657020092e-07
13.61	3.72354406863451e-07
13.62	3.671739250421524e-07
13.63	3.607128746807575e-07
13.64	3.557652235031128e-07
13.65	3.505847416818142e-07
13.66	3.4569529816508293e-07
13.67	3.4051481634378433e-07
13.68	3.3533433452248573e-07
13.69	3.30386683344841e-07
13.7	3.255554474890232e-07
13.71	3.208988346159458e-07
13.72	3.169989213347435e-07
13.73	3.127497620880604e-07
13.74	3.083841875195503e-07
13.75	3.0297087505459785e-07
13.76	2.986053004860878e-07
13.77	2.9476359486579895e-07
13.78	2.9051443561911583e-07
13.79	2.8620706871151924e-07
13.8	2.816668711602688e-07
13.81	2.7741771191358566e-07
13.82	2.7334317564964294e-07
13.83	2.6944326236844063e-07
13.84	2.6565976440906525e-07
13.85	2.619926817715168e-07
13.86	2.579181455075741e-07
13.87	2.539600245654583e-07
13.88	2.5064218789339066e-07
13.89	2.471497282385826e-07
13.9	2.4348264560103416e-07
13.91	2.4010660126805305e-07
13.92	2.3667234927415848e-07
13.93	2.3335451260209084e-07
13.94	2.300366759300232e-07
13.95	2.2671883925795555e-07
13.96	2.234010025858879e-07
13.97	2.2025778889656067e-07
13.98	2.1693995222449303e-07
13.99	2.1385494619607925e-07
14.0	2.1117739379405975e-07
14.01	2.0826701074838638e-07
14.02	2.050073817372322e-07
14.03	2.0221341401338577e-07
14.04	1.994776539504528e-07
14.05	1.966254785656929e-07
14.06	1.93773303180933e-07
14.07	1.9138678908348083e-07
14.08	1.8870923668146133e-07
14.09	1.864391379058361e-07
14.1	1.8370337784290314e-07
14.11	1.8120044842362404e-07
14.12	1.7898855730891228e-07
14.13	1.7648562788963318e-07
14.14	1.7380807548761368e-07
14.15	1.7136335372924805e-07
14.16	1.693260855972767e-07
14.17	1.6693957149982452e-07
14.18	1.646694727241993e-07
14.19	1.621665433049202e-07
14.2	1.598382368683815e-07
14.21	1.5745172277092934e-07
14.22	1.5529803931713104e-07
14.23	1.5320256352424622e-07
14.24	1.516309566795826e-07
14.25	1.4959368854761124e-07
14.26	1.471489667892456e-07
14.27	1.448206603527069e-07
14.28	1.4313263818621635e-07
14.29	1.41095370054245e-07
14.3	1.3940734788775444e-07
14.31	1.3737007975578308e-07
14.32	1.3515818864107132e-07
14.33	1.3265525922179222e-07
14.34	1.3096723705530167e-07
14.35	1.2933742254972458e-07
14.36	1.2794043868780136e-07
14.37	1.2578675523400307e-07
14.38	1.235748641192913e-07
14.39	1.2159580364823341e-07
14.4	1.201988197863102e-07
14.41	1.1816155165433884e-07
14.42	1.1682277545332909e-07
14.43	1.148437149822712e-07
14.44	1.130392774939537e-07
14.45	1.1106021702289581e-07
14.46	1.0948861017823219e-07
14.47	1.0832445695996284e-07
14.48	1.0686926543712616e-07
14.49	1.050066202878952e-07
14.5	1.0320218279957771e-07
14.51	1.0168878361582756e-07
14.52	1.0058283805847168e-07
14.53	9.901123121380806e-08
14.54	9.761424735188484e-08
14.55	9.569339454174042e-08
14.56	9.423820301890373e-08
14.57	9.289942681789398e-08
14.58	9.14442352950573e-08
14.59	9.022187441587448e-08
14.6	8.888309821486473e-08
14.61	8.707866072654724e-08
14.62	8.556526154279709e-08
14.63	8.451752364635468e-08
14.64	8.34115780889988e-08
14.65	8.224742487072945e-08
14.66	8.044298738241196e-08
14.67	7.922062650322914e-08
14.68	7.794005796313286e-08
14.69	7.677590474486351e-08
14.7	7.543712854385376e-08
14.71	7.398193702101707e-08
14.72	7.299240678548813e-08
14.73	7.142079994082451e-08
14.74	7.002381607890129e-08
14.75	6.903428584337234e-08
14.76	6.798654794692993e-08
14.77	6.688060238957405e-08
14.78	6.548361852765083e-08
14.79	6.461050361394882e-08
14.8	6.362097337841988e-08
14.81	6.280606612563133e-08
14.82	6.175832822918892e-08
14.83	6.082700565457344e-08
14.84	5.960464477539063e-08
14.85	5.861511453986168e-08
14.86	5.745096132159233e-08
14.87	5.675246939063072e-08
14.88	5.564652383327484e-08
14.89	5.471520125865936e-08
14.9	5.390029400587082e-08
14.91	5.3085386753082275e-08
14.92	5.23286871612072e-08
14.93	5.157198756933212e-08
14.94	5.0873495638370514e-08
14.95	5.00003807246685e-08
14.96	4.9243681132793427e-08
14.97	4.831235855817795e-08
14.98	4.7672074288129807e-08
14.99	4.69735823571682e-08
15.0	4.604225978255272e-08
15.01	4.5460183173418045e-08
15.02	4.4587068259716034e-08
15.03	4.394678398966789e-08
15.04	4.313187673687935e-08
15.05	4.243338480591774e-08
15.06	4.1676685214042664e-08
15.07	4.109460860490799e-08
15.08	4.0512531995773315e-08
15.09	3.969762474298477e-08
15.1	3.91155481338501e-08
15.11	3.8475263863801956e-08
15.12	3.7834979593753815e-08
15.13	3.707828000187874e-08
15.14	3.64379957318306e-08
15.15	3.585591912269592e-08
15.16	3.5390257835388184e-08
15.17	3.4691765904426575e-08
15.18	3.39350663125515e-08
15.19	3.341119736433029e-08
15.2	3.277091309428215e-08
15.21	3.213062882423401e-08
15.22	3.16067598760128e-08
15.23	3.114109858870506e-08
15.24	3.0384398996829987e-08
15.25	2.9802322387695312e-08
15.26	2.9336661100387573e-08
15.27	2.898741513490677e-08
15.28	2.8696376830339432e-08
15.29	2.7939677238464355e-08
15.3	2.7241185307502747e-08
15.31	2.6891939342021942e-08
15.32	2.6542693376541138e-08
15.33	2.6193447411060333e-08
15.34	2.5669578462839127e-08
15.35	2.5087501853704453e-08
15.36	2.450542524456978e-08
15.37	2.4097971618175507e-08
15.38	2.380693331360817e-08
15.39	2.3457687348127365e-08
15.4	2.310844138264656e-08
15.41	2.2584572434425354e-08
15.42	2.1944288164377213e-08
15.43	2.1827872842550278e-08
15.44	2.1653249859809875e-08
15.45	2.130400389432907e-08
15.46	2.08965502679348e-08
15.47	2.0314473658800125e-08
15.48	2.0023435354232788e-08
15.49	1.9615981727838516e-08
15.5	1.955777406692505e-08
15.51	1.9208528101444244e-08
15.52	1.8684659153223038e-08
15.53	1.82189978659153e-08
15.54	1.792795956134796e-08
15.55	1.7811544239521027e-08
15.56	1.7636921256780624e-08
15.57	1.705484464764595e-08
15.58	1.6996636986732483e-08
15.59	1.658918336033821e-08
15.6	1.6239937394857407e-08
15.61	1.594889909029007e-08
15.62	1.5832483768463135e-08
15.63	1.5599653124809265e-08
15.64	1.5192199498414993e-08
15.65	1.4842953532934189e-08
15.66	1.4784745872020721e-08
15.67	1.4551915228366852e-08
15.68	1.437729224562645e-08
15.69	1.391163095831871e-08
15.7	1.391163095831871e-08
15.71	1.3620592653751373e-08
15.72	1.3387762010097504e-08
15.73	1.3271346688270569e-08
15.74	1.3154931366443634e-08
15.75	1.2747477740049362e-08
15.76	1.257285475730896e-08
15.77	1.2398231774568558e-08
15.78	1.234002411365509e-08
15.79	1.2223608791828156e-08
15.8	1.1990778148174286e-08
15.81	1.1757947504520416e-08
15.82	1.1699739843606949e-08
15.83	1.146690919995308e-08
15.84	1.1292286217212677e-08
15.85	1.1175870895385742e-08
15.86	1.1059455573558807e-08
15.87	1.076841726899147e-08
15.88	1.0652001947164536e-08
15.89	1.0477378964424133e-08
15.9	1.0302755981683731e-08
15.91	1.0244548320770264e-08
15.92	1.0069925338029861e-08
15.93	9.837094694375992e-09
15.94	9.720679372549057e-09
15.95	9.546056389808655e-09
15.96	9.255018085241318e-09
15.97	9.138602763414383e-09
15.98	8.905772119760513e-09
15.99	8.905772119760513e-09
16.0	8.614733815193176e-09
16.01	8.440110832452774e-09
16.02	8.265487849712372e-09
16.03	8.207280188798904e-09
16.04	7.974449545145035e-09
16.05	7.683411240577698e-09
16.06	7.566995918750763e-09
16.07	7.450580596923828e-09
16.08	7.275957614183426e-09
16.09	7.159542292356491e-09
16.1	6.984919309616089e-09
16.11	6.810296326875687e-09
16.12	6.6356733441352844e-09
16.13	6.51925802230835e-09
16.14	6.402842700481415e-09
16.15	6.28642737865448e-09
16.16	5.9371814131736755e-09
16.17	5.820766091346741e-09
16.18	5.704350769519806e-09
16.19	5.6461431086063385e-09
16.2	5.529727786779404e-09
16.21	5.3551048040390015e-09
16.22	5.180481821298599e-09
16.23	5.005858838558197e-09
16.24	5.005858838558197e-09
16.25	4.889443516731262e-09
16.26	4.71482053399086e-09
16.27	4.540197551250458e-09
16.28	4.307366907596588e-09
16.29	4.190951585769653e-09
16.3	4.132743924856186e-09
16.31	4.0745362639427185e-09
16.32	3.899913281202316e-09
16.33	3.6670826375484467e-09
16.34	3.550667315721512e-09
16.35	3.550667315721512e-09
16.36	3.4924596548080444e-09
16.37	3.434251993894577e-09
16.38	3.3178366720676422e-09
16.39	3.0850060284137726e-09
16.4	2.9685907065868378e-09
16.41	2.9103830456733704e-09
16.42	2.9103830456733704e-09
16.43	2.735760062932968e-09
16.44	2.6193447411060333e-09
16.45	2.444721758365631e-09
16.46	2.444721758365631e-09
16.47	2.444721758365631e-09
16.48	2.3865140974521637e-09
16.49	2.3865140974521637e-09
16.5	2.3865140974521637e-09
16.51	2.270098775625229e-09
16.52	2.2118911147117615e-09
16.53	2.2118911147117615e-09
16.54	2.2118911147117615e-09
16.55	2.0372681319713593e-09
16.56	2.0372681319713593e-09
16.57	1.979060471057892e-09
16.58	1.979060471057892e-09
16.59	1.979060471057892e-09
16.6	1.9208528101444244e-09
16.61	1.9208528101444244e-09
16.62	1.9208528101444244e-09
16.63	1.9208528101444244e-09
16.64	1.9208528101444244e-09
16.65	1.9208528101444244e-09
16.66	1.9208528101444244e-09
16.67	1.862645149230957e-09
16.68	1.8044374883174896e-09
16.69	1.8044374883174896e-09
16.7	1.8044374883174896e-09
16.71	1.8044374883174896e-09
16.72	1.7462298274040222e-09
16.73	1.7462298274040222e-09
16.74	1.7462298274040222e-09
16.75	1.7462298274040222e-09
16.76	1.6880221664905548e-09
16.77	1.6880221664905548e-09
16.78	1.6880221664905548e-09
16.79	1.6880221664905548e-09
16.8	1.6298145055770874e-09
16.81	1.6298145055770874e-09
16.82	1.6298145055770874e-09
16.83	1.6298145055770874e-09
16.84	1.57160684466362e-09
16.85	1.57160684466362e-09
16.86	1.57160684466362e-09
16.87	1.57160684466362e-09
16.88	1.5133991837501526e-09
16.89	1.5133991837501526e-09
16.9	1.5133991837501526e-09
16.91	1.4551915228366852e-09
16.92	1.3969838619232178e-09
16.93	1.3969838619232178e-09
16.94	1.3387762010097504e-09
16.95	1.3387762010097504e-09
16.96	1.280568540096283e-09
16.97	1.280568540096283e-09
16.98	1.280568540096283e-09
16.99	1.280568540096283e-09
17.0	1.280568540096283e-09
17.01	1.280568540096283e-09
17.02	1.2223608791828156e-09
17.03	1.1641532182693481e-09
17.04	1.1641532182693481e-09
17.05	1.1641532182693481e-09
17.06	1.1059455573558807e-09
17.07	1.1059455573558807e-09
17.08	1.1059455573558807e-09
17.09	1.0477378964424133e-09
17.1	1.0477378964424133e-09
17.11	1.0477378964424133e-09
17.12	9.89530235528946e-10
17.13	9.89530235528946e-10
17.14	8.731149137020111e-10
17.15	8.731149137020111e-10
17.16	8.731149137020111e-10
17.17	8.731149137020111e-10
17.18	8.149072527885437e-10
17.19	7.566995918750763e-10
17.2	7.566995918750763e-10
17.21	6.984919309616089e-10
17.22	6.984919309616089e-10
17.23	6.402842700481415e-10
17.24	5.238689482212067e-10
17.25	5.238689482212067e-10
17.26	4.656612873077393e-10
17.27	4.656612873077393e-10
17.28	4.656612873077393e-10
17.29	4.656612873077393e-10
17.3	3.4924596548080444e-10
17.31	2.9103830456733704e-10
17.32	2.9103830456733704e-10
17.33	2.9103830456733704e-10
17.34	2.9103830456733704e-10
17.35	2.3283064365386963e-10
17.36	1.7462298274040222e-10
17.37	1.7462298274040222e-10
17.38	1.7462298274040222e-10
17.39	1.7462298274040222e-10
17.4	1.7462298274040222e-10
17.41	1.7462298274040222e-10
17.42	1.1641532182693481e-10
17.43	1.1641532182693481e-10
17.44	1.1641532182693481e-10
17.45	1.1641532182693481e-10
17.46	1.1641532182693481e-10
17.47	1.1641532182693481e-10
17.48	1.1641532182693481e-10
17.49	1.1641532182693481e-10
17.5	1.1641532182693481e-10
17.51	1.1641532182693481e-10
17.52	1.1641532182693481e-10
17.53	1.1641532182693481e-10
17.54	1.1641532182693481e-10
17.55	1.1641532182693481e-10
17.56	1.1641532182693481e-10
17.57	1.1641532182693481e-10
17.58	1.1641532182693481e-10
17.59	1.1641532182693481e-10
17.6	1.1641532182693481e-10
17.61	1.1641532182693481e-10
17.62	1.1641532182693481e-10
17.63	1.1641532182693481e-10
17.64	1.1641532182693481e-10
17.65	1.1641532182693481e-10
17.66	1.1641532182693481e-10
17.67	1.1641532182693481e-10
17.68	1.1641532182693481e-10
17.69	1.1641532182693481e-10
17.7	1.1641532182693481e-10
17.71	1.1641532182693481e-10
17.72	1.1641532182693481e-10
17.73	1.1641532182693481e-10
17.74	1.1641532182693481e-10
17.75	1.1641532182693481e-10
17.76	1.1641532182693481e-10
17.77	1.1641532182693481e-10
17.78	1.1641532182693481e-10
17.79	1.1641532182693481e-10
17.8	1.1641532182693481e-10
17.81	1.1641532182693481e-10
17.82	1.1641532182693481e-10
17.83	1.1641532182693481e-10
17.84	1.1641532182693481e-10
17.85	1.1641532182693481e-10
17.86	1.1641532182693481e-10
17.87	1.1641532182693481e-10
17.88	1.1641532182693481e-10
17.89	1.1641532182693481e-10
17.9	1.1641532182693481e-10
17.91	1.1641532182693481e-10
17.92	1.1641532182693481e-10
17.93	1.1641532182693481e-10
17.94	1.1641532182693481e-10
17.95	1.1641532182693481e-10
17.96	1.1641532182693481e-10
17.97	1.1641532182693481e-10
17.98	1.1641532182693481e-10
17.99	1.1641532182693481e-10
18.0	1.1641532182693481e-10
18.01	1.1641532182693481e-10
18.02	1.1641532182693481e-10
18.03	1.1641532182693481e-10
18.04	1.1641532182693481e-10
18.05	1.1641532182693481e-10
18.06	1.1641532182693481e-10
18.07	1.1641532182693481e-10
18.08	1.1641532182693481e-10
18.09	1.1641532182693481e-10
18.1	5.820766091346741e-11
18.11	5.820766091346741e-11
18.12	5.820766091346741e-11
18.13	5.820766091346741e-11
18.14	5.820766091346741e-11
18.15	5.820766091346741e-11
18.16	5.820766091346741e-11
18.17	5.820766091346741e-11
18.18	5.820766091346741e-11
18.19	5.820766091346741e-11
18.2	5.820766091346741e-11
18.21	5.820766091346741e-11
18.22	0.0
