5.69	0.0006103515625
5.7	0.00048828125
5.71	0.00048828125
5.72	0.00048828125
5.73	0.00048828125
5.74	0.00048828125
5.75	0.00048828125
5.76	0.00048828125
5.77	0.00048828125
5.78	0.00048828125
5.79	0.00048828125
5.8	0.00048828125
5.81	0.00048828125
5.82	0.00048828125
5.83	0.00048828125
5.84	0.00048828125
5.85	0.00048828125
5.86	0.00048828125
5.87	0.00048828125
5.88	0.00048828125
5.89	0.00048828125
5.9	0.00048828125
5.91	0.00048828125
5.92	0.00048828125
5.93	0.00048828125
5.94	0.00048828125
5.95	0.00048828125
5.96	0.00048828125
5.97	0.00048828125
5.98	0.00048828125
5.99	0.00048828125
6.0	0.00048828125
6.01	0.00048828125
6.02	0.00048828125
6.03	0.00048828125
6.04	0.00048828125
6.05	0.00048828125
6.06	0.00048828125
6.07	0.00048828125
6.08	0.00048828125
6.09	0.00048828125
6.1	0.00048828125
6.11	0.00048828125
6.12	0.00048828125
6.13	0.00048828125
6.14	0.00048828125
6.15	0.00048828125
6.16	0.00048828125
6.17	0.00048828125
6.18	0.00048828125
6.19	0.00048828125
6.2	0.00048828125
6.21	0.00048828125
6.22	0.00048828125
6.23	0.00048828125
6.24	0.00048828125
6.25	0.00048828125
6.26	0.00048828125
6.27	0.00048828125
6.28	0.00048828125
6.29	0.00048828125
6.3	0.00048828125
6.31	0.00048828125
6.32	0.00048828125
6.33	0.00048828125
6.34	0.00048828125
6.35	0.00048828125
6.36	0.00048828125
6.37	0.00048828125
6.38	0.00048828125
6.39	0.00048828125
6.4	0.00048828125
6.41	0.00048828125
6.42	0.00048828125
6.43	0.00048828125
6.44	0.00048828125
6.45	0.00048828125
6.46	0.00048828125
6.47	0.00048828125
6.48	0.00048828125
6.49	0.00048828125
6.5	0.00048828125
6.51	0.00048828125
6.52	0.00048828125
6.53	0.00048828125
6.54	0.00048828125
6.55	0.00048828125
6.56	0.00048828125
6.57	0.00048828125
6.58	0.00048828125
6.59	0.00048828125
6.6	0.00048828125
6.61	0.00048828125
6.62	0.00048828125
6.63	0.00048828125
6.64	0.00048828125
6.65	0.00048828125
6.66	0.00048828125
6.67	0.00048828125
6.68	0.00048828125
6.69	0.00048828125
6.7	0.00048828125
6.71	0.00048828125
6.72	0.00048828125
6.73	0.00048828125
6.74	0.00048828125
6.75	0.00048828125
6.76	0.00048828125
6.77	0.00048828125
6.78	0.00048828125
6.79	0.00048828125
6.8	0.00048828125
6.81	0.00048828125
6.82	0.00048828125
6.83	0.00048828125
6.84	0.00048828125
6.85	0.00048828125
6.86	0.00048828125
6.87	0.00048828125
6.88	0.00048828125
6.89	0.00048828125
6.9	0.00048828125
6.91	0.00048828125
6.92	0.00048828125
6.93	0.00048828125
6.94	0.00048828125
6.95	0.00048828125
6.96	0.00048828125
6.97	0.00048828125
6.98	0.00048828125
6.99	0.00048828125
7.0	0.00048828125
7.01	0.00048828125
7.02	0.00048828125
7.03	0.00048828125
7.04	0.00048828125
7.05	0.00048828125
7.06	0.00048828125
7.07	0.00048828125
7.08	0.00048828125
7.09	0.00048828125
7.1	0.00048828125
7.11	0.00048828125
7.12	0.00048828125
7.13	0.00048828125
7.14	0.00048828125
7.15	0.00048828125
7.16	0.00048828125
7.17	0.00048828125
7.18	0.00048828125
7.19	0.00048828125
7.2	0.00048828125
7.21	0.00048828125
7.22	0.00048828125
7.23	0.00048828125
7.24	0.00048828125
7.25	0.00048828125
7.26	0.00048828125
7.27	0.00048828125
7.28	0.00048828125
7.29	0.00048828125
7.3	0.00048828125
7.31	0.00048828125
7.32	0.00048828125
7.33	0.00048828125
7.34	0.00048828125
7.35	0.00048828125
7.36	0.00048828125
7.37	0.00048828125
7.38	0.00048828125
7.39	0.00048828125
7.4	0.00048828125
7.41	0.00048828125
7.42	0.00048828125
7.43	0.00048828125
7.44	0.00048828125
7.45	0.00048828125
7.46	0.00048828125
7.47	0.00048828125
7.48	0.00048828125
7.49	0.00048828125
7.5	0.00048828125
7.51	0.00048828125
7.52	0.00048828125
7.53	0.00048828125
7.54	0.00048828125
7.55	0.00048828125
7.56	0.00048828125
7.57	0.00048828125
7.58	0.00048828125
7.59	0.00048828125
7.6	0.00048828125
7.61	0.00048828125
7.62	0.00048828125
7.63	0.00048828125
7.64	0.00048828125
7.65	0.00048828125
7.66	0.00048828125
7.67	0.00048828125
7.68	0.00048828125
7.69	0.00048828125
7.7	0.00048828125
7.71	0.00048828125
7.72	0.00048828125
7.73	0.00048828125
7.74	0.00048828125
7.75	0.00042724609375
7.76	0.00042724609375
7.77	0.00042724609375
7.78	0.0003662109375
7.79	0.0003662109375
7.8	0.0003662109375
7.81	0.0003662109375
7.82	0.0003662109375
7.83	0.0003662109375
7.84	0.0003662109375
7.85	0.0003662109375
7.86	0.0003662109375
7.87	0.0003662109375
7.88	0.0003662109375
7.89	0.0003662109375
7.9	0.0003662109375
7.91	0.0003662109375
7.92	0.0003662109375
7.93	0.0003662109375
7.94	0.0003662109375
7.95	0.0003662109375
7.96	0.0003662109375
7.97	0.0003662109375
7.98	0.0003662109375
7.99	0.0003662109375
8.0	0.0003662109375
8.01	0.0003662109375
8.02	0.0003662109375
8.03	0.0003662109375
8.04	0.0003662109375
8.05	0.0003662109375
8.06	0.0003662109375
8.07	0.0003662109375
8.08	0.0003662109375
8.09	0.0003662109375
8.1	0.0003662109375
8.11	0.0003662109375
8.12	0.0003662109375
8.13	0.0003662109375
8.14	0.0003662109375
8.15	0.0003662109375
8.16	0.0003662109375
8.17	0.0003662109375
8.18	0.0003662109375
8.19	0.0003662109375
8.2	0.0003662109375
8.21	0.0003662109375
8.22	0.0003662109375
8.23	0.0003662109375
8.24	0.00030517578125
8.25	0.00030517578125
8.26	0.00030517578125
8.27	0.000244140625
8.28	0.000244140625
8.29	0.000244140625
8.3	0.000244140625
8.31	0.00018310546875
8.32	0.00018310546875
8.33	0.00018310546875
8.34	0.0001220703125
8.35	0.0001220703125
8.36	0.0001220703125
8.37	0.0001220703125
8.38	0.0001220703125
8.39	0.0001220703125
8.4	0.0001220703125
8.41	0.0001220703125
8.42	0.0001220703125
8.43	0.0001220703125
8.44	0.0001220703125
8.45	0.0001220703125
8.46	0.0001220703125
8.47	0.0001220703125
8.48	0.0001220703125
8.49	0.0001220703125
8.5	0.0001220703125
8.51	0.0001220703125
8.52	0.0001220703125
8.53	0.0001220703125
8.54	0.0001220703125
8.55	0.0001220703125
8.56	0.0001220703125
8.57	0.0001220703125
8.58	0.0001220703125
8.59	0.0001220703125
8.6	0.0001220703125
8.61	0.0001220703125
8.62	0.0001220703125
8.63	0.0001220703125
8.64	0.0001220703125
8.65	0.0001220703125
8.66	0.0001220703125
8.67	0.0001220703125
8.68	0.0001220703125
8.69	0.0001220703125
8.7	0.0001220703125
8.71	0.0001220703125
8.72	0.0001220703125
8.73	0.0001220703125
8.74	0.0001220703125
8.75	0.0001220703125
8.76	0.0001220703125
8.77	0.0001220703125
8.78	0.0001220703125
8.79	0.0001220703125
8.8	6.103515625e-05
8.81	6.103515625e-05
8.82	6.103515625e-05
8.83	0.0
