4.94	0.0004997849464416504
4.95	0.0004963278770446777
4.96	0.0004895925521850586
4.97	0.00048607587814331055
4.98	0.00048083066940307617
4.99	0.0004780888557434082
5.0	0.0004731416702270508
5.01	0.00046879053115844727
5.02	0.00046449899673461914
5.03	0.00046050548553466797
5.04	0.0004571080207824707
5.05	0.0004551410675048828
5.06	0.00044858455657958984
5.07	0.00044476985931396484
5.08	0.00043976306915283203
5.09	0.00043582916259765625
5.1	0.0004322528839111328
5.11	0.0004279613494873047
5.12	0.00042045116424560547
5.13	0.00041747093200683594
5.14	0.0004125237464904785
5.15	0.0004082918167114258
5.16	0.00040400028228759766
5.17	0.000399172306060791
5.18	0.00039392709732055664
5.19	0.0003911256790161133
5.2	0.0003883838653564453
5.21	0.00038307905197143555
5.22	0.00037735700607299805
5.23	0.0003743171691894531
5.24	0.00037026405334472656
5.25	0.00036591291427612305
5.26	0.00036281347274780273
5.27	0.000361025333404541
5.28	0.00035625696182250977
5.29	0.00035381317138671875
5.3	0.0003509521484375
5.31	0.00034672021865844727
5.32	0.0003428459167480469
5.33	0.00034040212631225586
5.34	0.0003370046615600586
5.35	0.0003313422203063965
5.36	0.0003292560577392578
5.37	0.0003262758255004883
5.38	0.00032401084899902344
5.39	0.00031810998916625977
5.4	0.00031501054763793945
5.41	0.00031054019927978516
5.42	0.0003096461296081543
5.43	0.00030624866485595703
5.44	0.00030350685119628906
5.45	0.00029778480529785156
5.46	0.00029587745666503906
5.47	0.00029271841049194336
5.48	0.0002893209457397461
5.49	0.00028455257415771484
5.5	0.00028067827224731445
5.51	0.00027626752853393555
5.52	0.0002734065055847168
5.53	0.0002715587615966797
5.54	0.0002684593200683594
5.55	0.0002657771110534668
5.56	0.00026112794876098633
5.57	0.0002588033676147461
5.58	0.00025582313537597656
5.59	0.0002518892288208008
5.6	0.00024890899658203125
5.61	0.00024634599685668945
5.62	0.00024521350860595703
5.63	0.00024193525314331055
5.64	0.00024169683456420898
5.65	0.0002390742301940918
5.66	0.00023788213729858398
5.67	0.00023484230041503906
5.68	0.00023299455642700195
5.69	0.00022923946380615234
5.7	0.00022810697555541992
5.71	0.0002262592315673828
5.72	0.0002257823944091797
5.73	0.00022405385971069336
5.74	0.0002231597900390625
5.75	0.00022113323211669922
5.76	0.00021952390670776367
5.77	0.0002180337905883789
5.78	0.0002161860466003418
5.79	0.00021326541900634766
5.8	0.00021207332611083984
5.81	0.0002085566520690918
5.82	0.00020766258239746094
5.83	0.00020366907119750977
5.84	0.00020241737365722656
5.85	0.0001990199089050293
5.86	0.00019735097885131836
5.87	0.00019508600234985352
5.88	0.0001938939094543457
5.89	0.0001919269561767578
5.9	0.0001894831657409668
5.91	0.0001863241195678711
5.92	0.00018078088760375977
5.93	0.00017756223678588867
5.94	0.00017565488815307617
5.95	0.00017452239990234375
5.96	0.00017333030700683594
5.97	0.00017178058624267578
5.98	0.00016874074935913086
5.99	0.00016802549362182617
6.0	0.00016510486602783203
6.01	0.0001639723777770996
6.02	0.0001609325408935547
6.03	0.00015884637832641602
6.04	0.00015628337860107422
6.05	0.00015616416931152344
6.06	0.00015461444854736328
6.07	0.0001538991928100586
6.08	0.00015276670455932617
6.09	0.00015157461166381836
6.1	0.00014960765838623047
6.11	0.0001493692398071289
6.12	0.00014835596084594727
6.13	0.00014728307723999023
6.14	0.00014507770538330078
6.15	0.00014460086822509766
6.16	0.00014382600784301758
6.17	0.00014281272888183594
6.18	0.0001424551010131836
6.19	0.00014144182205200195
6.2	0.00013905763626098633
6.21	0.00013822317123413086
6.22	0.0001373291015625
6.23	0.00013691186904907227
6.24	0.00013506412506103516
6.25	0.00013387203216552734
6.26	0.00013148784637451172
6.27	0.0001296401023864746
6.28	0.00012809038162231445
6.29	0.00012731552124023438
6.3	0.00012451410293579102
6.31	0.00012367963790893555
6.32	0.0001227855682373047
6.33	0.0001214146614074707
6.34	0.00011914968490600586
6.35	0.00011754035949707031
6.36	0.00011402368545532227
6.37	0.00011289119720458984
6.38	0.00011175870895385742
6.39	0.00011110305786132812
6.4	0.0001087188720703125
6.41	0.0001074671745300293
6.42	0.00010597705841064453
6.43	0.00010585784912109375
6.44	0.00010436773300170898
6.45	0.00010228157043457031
6.46	0.00010102987289428711
6.47	0.00010001659393310547
6.48	9.900331497192383e-05
6.49	9.834766387939453e-05
6.5	9.709596633911133e-05
6.51	9.685754776000977e-05
6.52	9.548664093017578e-05
6.53	9.524822235107422e-05
6.54	9.399652481079102e-05
6.55	9.262561798095703e-05
6.56	9.196996688842773e-05
6.57	9.012222290039062e-05
6.58	8.958578109741211e-05
6.59	8.851289749145508e-05
6.6	8.779764175415039e-05
6.61	8.618831634521484e-05
6.62	8.547306060791016e-05
6.63	8.344650268554688e-05
6.64	8.291006088256836e-05
6.65	8.153915405273438e-05
6.66	8.100271224975586e-05
6.67	8.052587509155273e-05
6.68	7.808208465576172e-05
6.69	7.778406143188477e-05
6.7	7.700920104980469e-05
6.71	7.605552673339844e-05
6.72	7.480382919311523e-05
6.73	7.432699203491211e-05
6.74	7.18832015991211e-05
6.75	7.164478302001953e-05
6.76	7.086992263793945e-05
6.77	6.967782974243164e-05
6.78	6.878376007080078e-05
6.79	6.824731826782227e-05
6.8	6.765127182006836e-05
6.81	6.657838821411133e-05
6.82	6.586313247680664e-05
6.83	6.413459777832031e-05
6.84	6.35981559753418e-05
6.85	6.300210952758789e-05
6.86	6.29425048828125e-05
6.87	6.222724914550781e-05
6.88	6.204843521118164e-05
6.89	6.115436553955078e-05
6.9	6.097555160522461e-05
6.91	6.0439109802246094e-05
6.92	5.97834587097168e-05
6.93	5.888938903808594e-05
6.94	5.817413330078125e-05
6.95	5.739927291870117e-05
6.96	5.7220458984375e-05
6.97	5.620718002319336e-05
6.98	5.555152893066406e-05
6.99	5.3822994232177734e-05
7.0	5.358457565307617e-05
7.01	5.340576171875e-05
7.02	5.328655242919922e-05
7.03	5.2094459533691406e-05
7.04	5.167722702026367e-05
7.05	4.9173831939697266e-05
7.06	4.863739013671875e-05
7.07	4.780292510986328e-05
7.08	4.76837158203125e-05
7.09	4.6312808990478516e-05
7.1	4.607439041137695e-05
7.11	4.5418739318847656e-05
7.12	4.45246696472168e-05
7.13	4.416704177856445e-05
7.14	4.398822784423828e-05
7.15	4.2498111724853516e-05
7.16	4.172325134277344e-05
7.17	4.106760025024414e-05
7.18	4.00543212890625e-05
7.19	3.9696693420410156e-05
7.2	3.9696693420410156e-05
7.21	3.910064697265625e-05
7.22	3.892183303833008e-05
7.23	3.8683414459228516e-05
7.24	3.844499588012695e-05
7.25	3.808736801147461e-05
7.26	3.7670135498046875e-05
7.27	3.713369369506836e-05
7.28	3.6835670471191406e-05
7.29	3.6716461181640625e-05
7.3	3.6656856536865234e-05
7.31	3.62396240234375e-05
7.32	3.606081008911133e-05
7.33	3.5822391510009766e-05
7.34	3.55839729309082e-05
7.35	3.552436828613281e-05
7.36	3.534555435180664e-05
7.37	3.504753112792969e-05
7.38	3.4868717193603516e-05
7.39	3.4332275390625e-05
7.4	3.361701965332031e-05
7.41	3.314018249511719e-05
7.42	3.2901763916015625e-05
7.43	3.254413604736328e-05
7.44	3.224611282348633e-05
7.45	3.224611282348633e-05
7.46	3.165006637573242e-05
7.47	3.123283386230469e-05
7.48	3.081560134887695e-05
7.49	3.0279159545898438e-05
7.5	2.8967857360839844e-05
7.51	2.8789043426513672e-05
7.52	2.8014183044433594e-05
7.53	2.7835369110107422e-05
7.54	2.771615982055664e-05
7.55	2.7358531951904297e-05
7.56	2.7239322662353516e-05
7.57	2.6941299438476562e-05
7.58	2.658367156982422e-05
7.59	2.574920654296875e-05
7.6	2.5510787963867188e-05
7.61	2.5331974029541016e-05
7.62	2.5033950805664062e-05
7.63	2.47955322265625e-05
7.64	2.4616718292236328e-05
7.65	2.4437904357910156e-05
7.66	2.4199485778808594e-05
7.67	2.4199485778808594e-05
7.68	2.3663043975830078e-05
7.69	2.3484230041503906e-05
7.7	2.300739288330078e-05
7.71	2.294778823852539e-05
7.72	2.2649765014648438e-05
7.73	2.199411392211914e-05
7.74	2.1696090698242188e-05
7.75	2.1576881408691406e-05
7.76	2.1398067474365234e-05
7.77	2.1398067474365234e-05
7.78	2.110004425048828e-05
7.79	2.0384788513183594e-05
7.8	2.0325183868408203e-05
7.81	1.996755599975586e-05
7.82	1.9788742065429688e-05
7.83	1.9788742065429688e-05
7.84	1.919269561767578e-05
7.85	1.901388168334961e-05
7.86	1.895427703857422e-05
7.87	1.8596649169921875e-05
7.88	1.8298625946044922e-05
7.89	1.8298625946044922e-05
7.9	1.7583370208740234e-05
7.91	1.7583370208740234e-05
7.92	1.7404556274414062e-05
7.93	1.7344951629638672e-05
7.94	1.6748905181884766e-05
7.95	1.6748905181884766e-05
7.96	1.633167266845703e-05
7.97	1.621246337890625e-05
7.98	1.5974044799804688e-05
7.99	1.5914440155029297e-05
8.0	1.5735626220703125e-05
8.01	1.5616416931152344e-05
8.02	1.5616416931152344e-05
8.03	1.5437602996826172e-05
8.04	1.52587890625e-05
8.05	1.519918441772461e-05
8.06	1.5020370483398438e-05
8.07	1.4722347259521484e-05
8.08	1.4483928680419922e-05
8.09	1.436471939086914e-05
8.1	1.4185905456542969e-05
8.11	1.3828277587890625e-05
8.12	1.3649463653564453e-05
8.13	1.3530254364013672e-05
8.14	1.329183578491211e-05
8.15	1.329183578491211e-05
8.16	1.3053417205810547e-05
8.17	1.233816146850586e-05
8.18	1.2159347534179688e-05
8.19	1.1980533599853516e-05
8.2	1.1920928955078125e-05
8.21	1.1265277862548828e-05
8.22	1.0907649993896484e-05
8.23	1.0251998901367188e-05
8.24	1.0192394256591797e-05
8.25	9.953975677490234e-06
8.26	9.834766387939453e-06
8.27	9.655952453613281e-06
8.28	9.298324584960938e-06
8.29	9.238719940185547e-06
8.3	9.238719940185547e-06
8.31	8.940696716308594e-06
8.32	8.761882781982422e-06
8.33	8.58306884765625e-06
8.34	8.58306884765625e-06
8.35	8.463859558105469e-06
8.36	8.463859558105469e-06
8.37	8.463859558105469e-06
8.38	8.463859558105469e-06
8.39	8.344650268554688e-06
8.4	8.344650268554688e-06
8.41	8.225440979003906e-06
8.42	8.106231689453125e-06
8.43	8.106231689453125e-06
8.44	8.106231689453125e-06
8.45	8.046627044677734e-06
8.46	8.046627044677734e-06
8.47	7.987022399902344e-06
8.48	7.927417755126953e-06
8.49	7.927417755126953e-06
8.5	7.927417755126953e-06
8.51	7.748603820800781e-06
8.52	7.62939453125e-06
8.53	7.450580596923828e-06
8.54	7.450580596923828e-06
8.55	7.212162017822266e-06
8.56	7.212162017822266e-06
8.57	7.092952728271484e-06
8.58	6.9141387939453125e-06
8.59	6.854534149169922e-06
8.6	6.794929504394531e-06
8.61	6.794929504394531e-06
8.62	6.735324859619141e-06
8.63	6.556510925292969e-06
8.64	5.781650543212891e-06
8.65	5.543231964111328e-06
8.66	5.424022674560547e-06
8.67	5.424022674560547e-06
8.68	5.364418029785156e-06
8.69	5.364418029785156e-06
8.7	5.245208740234375e-06
8.71	5.125999450683594e-06
8.72	4.947185516357422e-06
8.73	4.947185516357422e-06
8.74	4.827976226806641e-06
8.75	4.708766937255859e-06
8.76	4.589557647705078e-06
8.77	4.589557647705078e-06
8.78	4.589557647705078e-06
8.79	4.589557647705078e-06
8.8	4.589557647705078e-06
8.81	4.589557647705078e-06
8.82	4.589557647705078e-06
8.83	4.5299530029296875e-06
8.84	4.5299530029296875e-06
8.85	4.5299530029296875e-06
8.86	4.351139068603516e-06
8.87	4.351139068603516e-06
8.88	4.351139068603516e-06
8.89	4.351139068603516e-06
8.9	4.351139068603516e-06
8.91	4.351139068603516e-06
8.92	4.172325134277344e-06
8.93	4.172325134277344e-06
8.94	4.172325134277344e-06
8.95	4.172325134277344e-06
8.96	4.172325134277344e-06
8.97	4.112720489501953e-06
8.98	4.112720489501953e-06
8.99	3.933906555175781e-06
9.0	3.933906555175781e-06
9.01	3.933906555175781e-06
9.02	3.814697265625e-06
9.03	3.7550926208496094e-06
9.04	3.7550926208496094e-06
9.05	3.7550926208496094e-06
9.06	3.5762786865234375e-06
9.07	3.5762786865234375e-06
9.08	3.2782554626464844e-06
9.09	3.2782554626464844e-06
9.1	3.2186508178710938e-06
9.11	3.2186508178710938e-06
9.12	3.039836883544922e-06
9.13	3.039836883544922e-06
9.14	2.9206275939941406e-06
9.15	2.9206275939941406e-06
9.16	2.9206275939941406e-06
9.17	2.9206275939941406e-06
9.18	2.8014183044433594e-06
9.19	2.8014183044433594e-06
9.2	2.8014183044433594e-06
9.21	2.8014183044433594e-06
9.22	2.7418136596679688e-06
9.23	2.7418136596679688e-06
9.24	2.7418136596679688e-06
9.25	2.7418136596679688e-06
9.26	2.7418136596679688e-06
9.27	2.682209014892578e-06
9.28	2.6226043701171875e-06
9.29	2.6226043701171875e-06
9.3	2.4437904357910156e-06
9.31	2.4437904357910156e-06
9.32	2.384185791015625e-06
9.33	2.205371856689453e-06
9.34	2.205371856689453e-06
9.35	2.205371856689453e-06
9.36	2.0265579223632812e-06
9.37	2.0265579223632812e-06
9.38	1.9669532775878906e-06
9.39	1.9669532775878906e-06
9.4	1.9073486328125e-06
9.41	1.8477439880371094e-06
9.42	1.8477439880371094e-06
9.43	1.8477439880371094e-06
9.44	1.7881393432617188e-06
9.45	1.7881393432617188e-06
9.46	1.7285346984863281e-06
9.47	1.6689300537109375e-06
9.48	1.6689300537109375e-06
9.49	1.6093254089355469e-06
9.5	1.5497207641601562e-06
9.51	1.5497207641601562e-06
9.52	1.5497207641601562e-06
9.53	1.4901161193847656e-06
9.54	1.4901161193847656e-06
9.55	1.4901161193847656e-06
9.56	1.3709068298339844e-06
9.57	1.3709068298339844e-06
9.58	1.3709068298339844e-06
9.59	1.3709068298339844e-06
9.6	1.3709068298339844e-06
9.61	1.3709068298339844e-06
9.62	1.3709068298339844e-06
9.63	1.3709068298339844e-06
9.64	1.3709068298339844e-06
9.65	1.3113021850585938e-06
9.66	1.3113021850585938e-06
9.67	1.3113021850585938e-06
9.68	1.3113021850585938e-06
9.69	1.2516975402832031e-06
9.7	1.2516975402832031e-06
9.71	1.1324882507324219e-06
9.72	1.1324882507324219e-06
9.73	1.1324882507324219e-06
9.74	1.1324882507324219e-06
9.75	1.0728836059570312e-06
9.76	1.0728836059570312e-06
9.77	8.940696716308594e-07
9.78	8.940696716308594e-07
9.79	8.344650268554688e-07
9.8	8.344650268554688e-07
9.81	7.748603820800781e-07
9.82	7.748603820800781e-07
9.83	7.748603820800781e-07
9.84	7.152557373046875e-07
9.85	7.152557373046875e-07
9.86	7.152557373046875e-07
9.87	7.152557373046875e-07
9.88	5.960464477539062e-07
9.89	5.960464477539062e-07
9.9	5.364418029785156e-07
9.91	5.364418029785156e-07
9.92	5.364418029785156e-07
9.93	5.364418029785156e-07
9.94	5.364418029785156e-07
9.95	5.364418029785156e-07
9.96	5.364418029785156e-07
9.97	5.364418029785156e-07
9.98	5.364418029785156e-07
9.99	5.364418029785156e-07
10.0	5.364418029785156e-07
10.01	5.364418029785156e-07
10.02	5.364418029785156e-07
10.03	5.364418029785156e-07
10.04	5.364418029785156e-07
10.05	5.364418029785156e-07
10.06	5.364418029785156e-07
10.07	5.364418029785156e-07
10.08	5.364418029785156e-07
10.09	5.364418029785156e-07
10.1	5.364418029785156e-07
10.11	5.364418029785156e-07
10.12	5.364418029785156e-07
10.13	4.76837158203125e-07
10.14	4.76837158203125e-07
10.15	4.76837158203125e-07
10.16	4.76837158203125e-07
10.17	4.76837158203125e-07
10.18	4.76837158203125e-07
10.19	4.76837158203125e-07
10.2	4.76837158203125e-07
10.21	4.76837158203125e-07
10.22	4.76837158203125e-07
10.23	4.172325134277344e-07
10.24	4.172325134277344e-07
10.25	4.172325134277344e-07
10.26	4.172325134277344e-07
10.27	4.172325134277344e-07
10.28	4.172325134277344e-07
10.29	4.172325134277344e-07
10.3	4.172325134277344e-07
10.31	4.172325134277344e-07
10.32	3.5762786865234375e-07
10.33	3.5762786865234375e-07
10.34	3.5762786865234375e-07
10.35	3.5762786865234375e-07
10.36	3.5762786865234375e-07
10.37	3.5762786865234375e-07
10.38	3.5762786865234375e-07
10.39	3.5762786865234375e-07
10.4	3.5762786865234375e-07
10.41	3.5762786865234375e-07
10.42	3.5762786865234375e-07
10.43	3.5762786865234375e-07
10.44	3.5762786865234375e-07
10.45	3.5762786865234375e-07
10.46	2.980232238769531e-07
10.47	2.980232238769531e-07
10.48	2.980232238769531e-07
10.49	2.980232238769531e-07
10.5	2.980232238769531e-07
10.51	2.980232238769531e-07
10.52	2.384185791015625e-07
10.53	2.384185791015625e-07
10.54	2.384185791015625e-07
10.55	2.384185791015625e-07
10.56	2.384185791015625e-07
10.57	2.384185791015625e-07
10.58	2.384185791015625e-07
10.59	2.384185791015625e-07
10.6	2.384185791015625e-07
10.61	2.384185791015625e-07
10.62	2.384185791015625e-07
10.63	2.384185791015625e-07
10.64	2.384185791015625e-07
10.65	2.384185791015625e-07
10.66	2.384185791015625e-07
10.67	2.384185791015625e-07
10.68	2.384185791015625e-07
10.69	2.384185791015625e-07
10.7	2.384185791015625e-07
10.71	2.384185791015625e-07
10.72	2.384185791015625e-07
10.73	2.384185791015625e-07
10.74	2.384185791015625e-07
10.75	2.384185791015625e-07
10.76	2.384185791015625e-07
10.77	2.384185791015625e-07
10.78	2.384185791015625e-07
10.79	2.384185791015625e-07
10.8	2.384185791015625e-07
10.81	2.384185791015625e-07
10.82	2.384185791015625e-07
10.83	2.384185791015625e-07
10.84	2.384185791015625e-07
10.85	2.384185791015625e-07
10.86	2.384185791015625e-07
10.87	2.384185791015625e-07
10.88	2.384185791015625e-07
10.89	1.7881393432617188e-07
10.9	1.7881393432617188e-07
10.91	1.7881393432617188e-07
10.92	1.7881393432617188e-07
10.93	1.1920928955078125e-07
10.94	1.1920928955078125e-07
10.95	5.960464477539063e-08
10.96	5.960464477539063e-08
10.97	5.960464477539063e-08
10.98	5.960464477539063e-08
10.99	5.960464477539063e-08
11.0	5.960464477539063e-08
11.01	5.960464477539063e-08
11.02	5.960464477539063e-08
11.03	5.960464477539063e-08
11.04	5.960464477539063e-08
11.05	5.960464477539063e-08
11.06	5.960464477539063e-08
11.07	5.960464477539063e-08
11.08	5.960464477539063e-08
11.09	5.960464477539063e-08
11.1	5.960464477539063e-08
11.11	5.960464477539063e-08
11.12	5.960464477539063e-08
11.13	5.960464477539063e-08
11.14	5.960464477539063e-08
11.15	5.960464477539063e-08
11.16	5.960464477539063e-08
11.17	5.960464477539063e-08
11.18	5.960464477539063e-08
11.19	5.960464477539063e-08
11.2	5.960464477539063e-08
11.21	5.960464477539063e-08
11.22	5.960464477539063e-08
11.23	5.960464477539063e-08
11.24	5.960464477539063e-08
11.25	5.960464477539063e-08
11.26	5.960464477539063e-08
11.27	5.960464477539063e-08
11.28	5.960464477539063e-08
11.29	5.960464477539063e-08
11.3	5.960464477539063e-08
11.31	5.960464477539063e-08
11.32	5.960464477539063e-08
11.33	5.960464477539063e-08
11.34	5.960464477539063e-08
11.35	5.960464477539063e-08
11.36	5.960464477539063e-08
11.37	0.0
