4.94	0.00054931640625
4.95	0.00048828125
4.96	0.00048828125
4.97	0.00048828125
4.98	0.00048828125
4.99	0.00048828125
5.0	0.00048828125
5.01	0.00048828125
5.02	0.00048828125
5.03	0.00048828125
5.04	0.00048828125
5.05	0.00048828125
5.06	0.00048828125
5.07	0.00048828125
5.08	0.00042724609375
5.09	0.00042724609375
5.1	0.0003662109375
5.11	0.0003662109375
5.12	0.0003662109375
5.13	0.0003662109375
5.14	0.0003662109375
5.15	0.0003662109375
5.16	0.00030517578125
5.17	0.00030517578125
5.18	0.00030517578125
5.19	0.00030517578125
5.2	0.00030517578125
5.21	0.00030517578125
5.22	0.00030517578125
5.23	0.00030517578125
5.24	0.00030517578125
5.25	0.00030517578125
5.26	0.00030517578125
5.27	0.00030517578125
5.28	0.00030517578125
5.29	0.000244140625
5.3	0.00018310546875
5.31	0.00018310546875
5.32	0.00018310546875
5.33	0.00018310546875
5.34	0.00018310546875
5.35	0.00018310546875
5.36	0.00018310546875
5.37	0.00018310546875
5.38	0.00018310546875
5.39	0.00018310546875
5.4	0.00018310546875
5.41	0.00018310546875
5.42	0.00018310546875
5.43	0.0001220703125
5.44	0.0001220703125
5.45	0.0001220703125
5.46	0.0001220703125
5.47	0.0001220703125
5.48	0.0001220703125
5.49	0.0001220703125
5.5	0.0001220703125
5.51	0.0001220703125
5.52	0.0001220703125
5.53	0.0001220703125
5.54	0.0001220703125
5.55	0.0001220703125
5.56	0.0001220703125
5.57	0.0001220703125
5.58	0.0001220703125
5.59	0.0001220703125
5.6	0.0001220703125
5.61	0.0001220703125
5.62	0.0001220703125
5.63	0.0001220703125
5.64	0.0001220703125
5.65	0.0001220703125
5.66	0.0001220703125
5.67	0.0001220703125
5.68	0.0001220703125
5.69	0.0001220703125
5.7	0.0001220703125
5.71	0.0001220703125
5.72	0.0001220703125
5.73	0.0001220703125
5.74	0.0001220703125
5.75	0.0001220703125
5.76	0.0001220703125
5.77	6.103515625e-05
5.78	6.103515625e-05
5.79	6.103515625e-05
5.8	6.103515625e-05
5.81	6.103515625e-05
5.82	6.103515625e-05
5.83	6.103515625e-05
5.84	6.103515625e-05
5.85	6.103515625e-05
5.86	6.103515625e-05
5.87	6.103515625e-05
5.88	6.103515625e-05
5.89	6.103515625e-05
5.9	6.103515625e-05
5.91	0.0
