6.36	0.0005035400390625
6.37	0.00048828125
6.38	0.00048828125
6.39	0.00048828125
6.4	0.0004730224609375
6.41	0.0004730224609375
6.42	0.000457763671875
6.43	0.000457763671875
6.44	0.000457763671875
6.45	0.0004425048828125
6.46	0.00042724609375
6.47	0.00042724609375
6.48	0.0004119873046875
6.49	0.0004119873046875
6.5	0.000396728515625
6.51	0.000396728515625
6.52	0.000396728515625
6.53	0.0003814697265625
6.54	0.0003814697265625
6.55	0.0003662109375
6.56	0.0003662109375
6.57	0.0003509521484375
6.58	0.0003509521484375
6.59	0.0003509521484375
6.6	0.0003509521484375
6.61	0.000335693359375
6.62	0.000335693359375
6.63	0.000335693359375
6.64	0.000335693359375
6.65	0.000335693359375
6.66	0.000335693359375
6.67	0.000335693359375
6.68	0.000335693359375
6.69	0.000335693359375
6.7	0.000335693359375
6.71	0.000335693359375
6.72	0.000335693359375
6.73	0.0003204345703125
6.74	0.0003204345703125
6.75	0.0003204345703125
6.76	0.0003204345703125
6.77	0.0003204345703125
6.78	0.0003204345703125
6.79	0.0003204345703125
6.8	0.0003204345703125
6.81	0.0003204345703125
6.82	0.0003204345703125
6.83	0.0003204345703125
6.84	0.0003204345703125
6.85	0.0003204345703125
6.86	0.0003204345703125
6.87	0.0003204345703125
6.88	0.0003204345703125
6.89	0.0003204345703125
6.9	0.0003204345703125
6.91	0.0003204345703125
6.92	0.00030517578125
6.93	0.00030517578125
6.94	0.00030517578125
6.95	0.00030517578125
6.96	0.0002899169921875
6.97	0.0002899169921875
6.98	0.0002899169921875
6.99	0.0002899169921875
7.0	0.0002899169921875
7.01	0.0002899169921875
7.02	0.0002899169921875
7.03	0.0002899169921875
7.04	0.0002899169921875
7.05	0.0002899169921875
7.06	0.0002899169921875
7.07	0.0002899169921875
7.08	0.0002899169921875
7.09	0.0002899169921875
7.1	0.0002899169921875
7.11	0.0002899169921875
7.12	0.0002899169921875
7.13	0.0002899169921875
7.14	0.0002899169921875
7.15	0.0002899169921875
7.16	0.0002899169921875
7.17	0.0002899169921875
7.18	0.0002899169921875
7.19	0.0002899169921875
7.2	0.0002899169921875
7.21	0.0002899169921875
7.22	0.0002899169921875
7.23	0.0002899169921875
7.24	0.0002899169921875
7.25	0.0002899169921875
7.26	0.000274658203125
7.27	0.000274658203125
7.28	0.000274658203125
7.29	0.000274658203125
7.3	0.000274658203125
7.31	0.000274658203125
7.32	0.000274658203125
7.33	0.000274658203125
7.34	0.000274658203125
7.35	0.000274658203125
7.36	0.000274658203125
7.37	0.000274658203125
7.38	0.000274658203125
7.39	0.000274658203125
7.4	0.000274658203125
7.41	0.0002593994140625
7.42	0.0002593994140625
7.43	0.0002593994140625
7.44	0.0002593994140625
7.45	0.0002593994140625
7.46	0.0002593994140625
7.47	0.0002593994140625
7.48	0.0002593994140625
7.49	0.0002593994140625
7.5	0.0002593994140625
7.51	0.0002593994140625
7.52	0.0002593994140625
7.53	0.000244140625
7.54	0.000244140625
7.55	0.000244140625
7.56	0.000244140625
7.57	0.000244140625
7.58	0.000244140625
7.59	0.000244140625
7.6	0.000244140625
7.61	0.000244140625
7.62	0.000244140625
7.63	0.0002288818359375
7.64	0.0002288818359375
7.65	0.0002288818359375
7.66	0.0002288818359375
7.67	0.0002288818359375
7.68	0.000213623046875
7.69	0.000213623046875
7.7	0.000213623046875
7.71	0.000213623046875
7.72	0.000213623046875
7.73	0.000213623046875
7.74	0.000213623046875
7.75	0.000213623046875
7.76	0.0001983642578125
7.77	0.0001983642578125
7.78	0.0001983642578125
7.79	0.0001983642578125
7.8	0.0001983642578125
7.81	0.00018310546875
7.82	0.00018310546875
7.83	0.00018310546875
7.84	0.0001678466796875
7.85	0.0001678466796875
7.86	0.0001678466796875
7.87	0.0001678466796875
7.88	0.0001678466796875
7.89	0.000152587890625
7.9	0.000152587890625
7.91	0.000152587890625
7.92	0.000152587890625
7.93	0.000152587890625
7.94	0.0001373291015625
7.95	0.0001373291015625
7.96	0.0001373291015625
7.97	0.0001373291015625
7.98	0.0001373291015625
7.99	0.0001373291015625
8.0	0.0001373291015625
8.01	0.0001373291015625
8.02	0.0001373291015625
8.03	0.0001373291015625
8.04	0.0001373291015625
8.05	0.0001373291015625
8.06	0.0001373291015625
8.07	0.0001373291015625
8.08	0.0001373291015625
8.09	0.0001373291015625
8.1	0.0001373291015625
8.11	0.0001373291015625
8.12	0.0001373291015625
8.13	0.0001373291015625
8.14	0.0001373291015625
8.15	0.0001373291015625
8.16	0.0001373291015625
8.17	0.0001373291015625
8.18	0.0001373291015625
8.19	0.0001373291015625
8.2	0.0001373291015625
8.21	0.0001373291015625
8.22	0.0001373291015625
8.23	0.0001373291015625
8.24	0.0001373291015625
8.25	0.0001373291015625
8.26	0.0001373291015625
8.27	0.0001373291015625
8.28	0.0001373291015625
8.29	0.0001373291015625
8.3	0.0001373291015625
8.31	0.0001373291015625
8.32	0.0001373291015625
8.33	0.0001373291015625
8.34	0.0001373291015625
8.35	0.0001373291015625
8.36	0.0001373291015625
8.37	0.0001373291015625
8.38	0.0001373291015625
8.39	0.0001373291015625
8.4	0.0001373291015625
8.41	0.0001373291015625
8.42	0.0001373291015625
8.43	0.0001373291015625
8.44	0.0001373291015625
8.45	0.0001373291015625
8.46	0.0001373291015625
8.47	0.0001373291015625
8.48	0.0001373291015625
8.49	0.0001373291015625
8.5	0.0001373291015625
8.51	0.0001373291015625
8.52	0.0001373291015625
8.53	0.0001373291015625
8.54	0.0001373291015625
8.55	0.0001373291015625
8.56	0.0001220703125
8.57	0.0001220703125
8.58	0.0001220703125
8.59	0.0001220703125
8.6	0.0001220703125
8.61	0.0001068115234375
8.62	0.0001068115234375
8.63	0.0001068115234375
8.64	9.1552734375e-05
8.65	9.1552734375e-05
8.66	9.1552734375e-05
8.67	9.1552734375e-05
8.68	9.1552734375e-05
8.69	7.62939453125e-05
8.7	7.62939453125e-05
8.71	7.62939453125e-05
8.72	7.62939453125e-05
8.73	6.103515625e-05
8.74	6.103515625e-05
8.75	6.103515625e-05
8.76	6.103515625e-05
8.77	6.103515625e-05
8.78	6.103515625e-05
8.79	6.103515625e-05
8.8	6.103515625e-05
8.81	6.103515625e-05
8.82	6.103515625e-05
8.83	6.103515625e-05
8.84	6.103515625e-05
8.85	6.103515625e-05
8.86	6.103515625e-05
8.87	6.103515625e-05
8.88	6.103515625e-05
8.89	6.103515625e-05
8.9	6.103515625e-05
8.91	6.103515625e-05
8.92	6.103515625e-05
8.93	6.103515625e-05
8.94	6.103515625e-05
8.95	6.103515625e-05
8.96	6.103515625e-05
8.97	6.103515625e-05
8.98	6.103515625e-05
8.99	4.57763671875e-05
9.0	4.57763671875e-05
9.01	4.57763671875e-05
9.02	4.57763671875e-05
9.03	4.57763671875e-05
9.04	3.0517578125e-05
9.05	3.0517578125e-05
9.06	3.0517578125e-05
9.07	3.0517578125e-05
9.08	3.0517578125e-05
9.09	3.0517578125e-05
9.1	3.0517578125e-05
9.11	3.0517578125e-05
9.12	3.0517578125e-05
9.13	3.0517578125e-05
9.14	3.0517578125e-05
9.15	3.0517578125e-05
9.16	3.0517578125e-05
9.17	3.0517578125e-05
9.18	3.0517578125e-05
9.19	3.0517578125e-05
9.2	3.0517578125e-05
9.21	3.0517578125e-05
9.22	3.0517578125e-05
9.23	3.0517578125e-05
9.24	3.0517578125e-05
9.25	3.0517578125e-05
9.26	3.0517578125e-05
9.27	3.0517578125e-05
9.28	3.0517578125e-05
9.29	3.0517578125e-05
9.3	3.0517578125e-05
9.31	3.0517578125e-05
9.32	3.0517578125e-05
9.33	3.0517578125e-05
9.34	3.0517578125e-05
9.35	3.0517578125e-05
9.36	3.0517578125e-05
9.37	3.0517578125e-05
9.38	3.0517578125e-05
9.39	3.0517578125e-05
9.4	3.0517578125e-05
9.41	3.0517578125e-05
9.42	3.0517578125e-05
9.43	3.0517578125e-05
9.44	3.0517578125e-05
9.45	3.0517578125e-05
9.46	3.0517578125e-05
9.47	3.0517578125e-05
9.48	3.0517578125e-05
9.49	3.0517578125e-05
9.5	3.0517578125e-05
9.51	3.0517578125e-05
9.52	3.0517578125e-05
9.53	3.0517578125e-05
9.54	3.0517578125e-05
9.55	3.0517578125e-05
9.56	3.0517578125e-05
9.57	3.0517578125e-05
9.58	3.0517578125e-05
9.59	3.0517578125e-05
9.6	3.0517578125e-05
9.61	3.0517578125e-05
9.62	3.0517578125e-05
9.63	3.0517578125e-05
9.64	3.0517578125e-05
9.65	3.0517578125e-05
9.66	3.0517578125e-05
9.67	3.0517578125e-05
9.68	3.0517578125e-05
9.69	3.0517578125e-05
9.7	3.0517578125e-05
9.71	3.0517578125e-05
9.72	3.0517578125e-05
9.73	3.0517578125e-05
9.74	3.0517578125e-05
9.75	3.0517578125e-05
9.76	3.0517578125e-05
9.77	3.0517578125e-05
9.78	3.0517578125e-05
9.79	1.52587890625e-05
9.8	1.52587890625e-05
9.81	1.52587890625e-05
9.82	1.52587890625e-05
9.83	1.52587890625e-05
9.84	0.0
