5.53	0.0005035400390625
5.54	0.00049591064453125
5.55	0.000492095947265625
5.56	0.000492095947265625
5.57	0.000492095947265625
5.58	0.00048828125
5.59	0.00048065185546875
5.6	0.00048065185546875
5.61	0.00048065185546875
5.62	0.000476837158203125
5.63	0.00046539306640625
5.64	0.00046539306640625
5.65	0.000457763671875
5.66	0.00045013427734375
5.67	0.00045013427734375
5.68	0.000446319580078125
5.69	0.00043487548828125
5.7	0.00042724609375
5.71	0.00042724609375
5.72	0.00042724609375
5.73	0.00041961669921875
5.74	0.000396728515625
5.75	0.000392913818359375
5.76	0.000385284423828125
5.77	0.000385284423828125
5.78	0.00037384033203125
5.79	0.000370025634765625
5.8	0.000362396240234375
5.81	0.00035858154296875
5.82	0.00035858154296875
5.83	0.00035858154296875
5.84	0.000347137451171875
5.85	0.000339508056640625
5.86	0.000339508056640625
5.87	0.000335693359375
5.88	0.00032806396484375
5.89	0.000308990478515625
5.9	0.000308990478515625
5.91	0.000308990478515625
5.92	0.000308990478515625
5.93	0.000308990478515625
5.94	0.00030517578125
5.95	0.00030517578125
5.96	0.00029754638671875
5.97	0.00029754638671875
5.98	0.00029754638671875
5.99	0.00029754638671875
6.0	0.000293731689453125
6.01	0.000293731689453125
6.02	0.000286102294921875
6.03	0.00028228759765625
6.04	0.00028228759765625
6.05	0.000278472900390625
6.06	0.000278472900390625
6.07	0.000274658203125
6.08	0.000274658203125
6.09	0.000270843505859375
6.1	0.00026702880859375
6.11	0.0002593994140625
6.12	0.0002593994140625
6.13	0.000255584716796875
6.14	0.000255584716796875
6.15	0.000247955322265625
6.16	0.000244140625
6.17	0.000244140625
6.18	0.000244140625
6.19	0.000240325927734375
6.2	0.00023651123046875
6.21	0.00023651123046875
6.22	0.000232696533203125
6.23	0.00022125244140625
6.24	0.00022125244140625
6.25	0.000217437744140625
6.26	0.000217437744140625
6.27	0.000217437744140625
6.28	0.000213623046875
6.29	0.000209808349609375
6.3	0.00020599365234375
6.31	0.00020599365234375
6.32	0.00020599365234375
6.33	0.000202178955078125
6.34	0.000202178955078125
6.35	0.000202178955078125
6.36	0.0001983642578125
6.37	0.000194549560546875
6.38	0.00019073486328125
6.39	0.00019073486328125
6.4	0.00019073486328125
6.41	0.00019073486328125
6.42	0.00019073486328125
6.43	0.000186920166015625
6.44	0.000186920166015625
6.45	0.00018310546875
6.46	0.00018310546875
6.47	0.00018310546875
6.48	0.000179290771484375
6.49	0.00017547607421875
6.5	0.000171661376953125
6.51	0.0001678466796875
6.52	0.000164031982421875
6.53	0.000164031982421875
6.54	0.00016021728515625
6.55	0.00016021728515625
6.56	0.00016021728515625
6.57	0.000156402587890625
6.58	0.000152587890625
6.59	0.000152587890625
6.6	0.000152587890625
6.61	0.000152587890625
6.62	0.000152587890625
6.63	0.000152587890625
6.64	0.000152587890625
6.65	0.000148773193359375
6.66	0.000148773193359375
6.67	0.000148773193359375
6.68	0.000148773193359375
6.69	0.00014495849609375
6.7	0.00014495849609375
6.71	0.00014495849609375
6.72	0.000141143798828125
6.73	0.0001373291015625
6.74	0.0001373291015625
6.75	0.0001373291015625
6.76	0.000133514404296875
6.77	0.000133514404296875
6.78	0.000133514404296875
6.79	0.000133514404296875
6.8	0.000125885009765625
6.81	0.000125885009765625
6.82	0.0001220703125
6.83	0.0001220703125
6.84	0.00011444091796875
6.85	0.00011444091796875
6.86	0.00011444091796875
6.87	0.000110626220703125
6.88	0.0001068115234375
6.89	0.0001068115234375
6.9	0.0001068115234375
6.91	0.000102996826171875
6.92	0.000102996826171875
6.93	0.000102996826171875
6.94	0.000102996826171875
6.95	9.918212890625e-05
6.96	9.918212890625e-05
6.97	9.918212890625e-05
6.98	9.918212890625e-05
6.99	9.5367431640625e-05
7.0	9.1552734375e-05
7.01	9.1552734375e-05
7.02	8.7738037109375e-05
7.03	8.7738037109375e-05
7.04	8.7738037109375e-05
7.05	8.7738037109375e-05
7.06	8.7738037109375e-05
7.07	8.7738037109375e-05
7.08	8.7738037109375e-05
7.09	8.7738037109375e-05
7.1	8.7738037109375e-05
7.11	8.7738037109375e-05
7.12	8.7738037109375e-05
7.13	8.392333984375e-05
7.14	8.392333984375e-05
7.15	8.392333984375e-05
7.16	8.392333984375e-05
7.17	8.0108642578125e-05
7.18	8.0108642578125e-05
7.19	8.0108642578125e-05
7.2	7.62939453125e-05
7.21	7.2479248046875e-05
7.22	7.2479248046875e-05
7.23	7.2479248046875e-05
7.24	7.2479248046875e-05
7.25	7.2479248046875e-05
7.26	7.2479248046875e-05
7.27	7.2479248046875e-05
7.28	6.866455078125e-05
7.29	6.103515625e-05
7.3	6.103515625e-05
7.31	6.103515625e-05
7.32	6.103515625e-05
7.33	6.103515625e-05
7.34	5.7220458984375e-05
7.35	5.340576171875e-05
7.36	4.9591064453125e-05
7.37	4.9591064453125e-05
7.38	4.9591064453125e-05
7.39	4.9591064453125e-05
7.4	4.9591064453125e-05
7.41	4.9591064453125e-05
7.42	4.9591064453125e-05
7.43	4.9591064453125e-05
7.44	4.57763671875e-05
7.45	4.57763671875e-05
7.46	4.57763671875e-05
7.47	4.57763671875e-05
7.48	4.57763671875e-05
7.49	4.1961669921875e-05
7.5	4.1961669921875e-05
7.51	4.1961669921875e-05
7.52	4.1961669921875e-05
7.53	4.1961669921875e-05
7.54	4.1961669921875e-05
7.55	4.1961669921875e-05
7.56	4.1961669921875e-05
7.57	4.1961669921875e-05
7.58	4.1961669921875e-05
7.59	4.1961669921875e-05
7.6	3.814697265625e-05
7.61	3.814697265625e-05
7.62	3.814697265625e-05
7.63	3.814697265625e-05
7.64	3.4332275390625e-05
7.65	3.4332275390625e-05
7.66	3.4332275390625e-05
7.67	3.4332275390625e-05
7.68	3.0517578125e-05
7.69	3.0517578125e-05
7.7	3.0517578125e-05
7.71	3.0517578125e-05
7.72	3.0517578125e-05
7.73	3.0517578125e-05
7.74	3.0517578125e-05
7.75	2.6702880859375e-05
7.76	2.6702880859375e-05
7.77	2.6702880859375e-05
7.78	2.6702880859375e-05
7.79	2.6702880859375e-05
7.8	2.6702880859375e-05
7.81	2.6702880859375e-05
7.82	2.6702880859375e-05
7.83	2.288818359375e-05
7.84	2.288818359375e-05
7.85	2.288818359375e-05
7.86	2.288818359375e-05
7.87	2.288818359375e-05
7.88	2.288818359375e-05
7.89	2.288818359375e-05
7.9	2.288818359375e-05
7.91	1.9073486328125e-05
7.92	1.9073486328125e-05
7.93	1.9073486328125e-05
7.94	1.9073486328125e-05
7.95	1.9073486328125e-05
7.96	1.9073486328125e-05
7.97	1.9073486328125e-05
7.98	1.9073486328125e-05
7.99	1.9073486328125e-05
8.0	1.9073486328125e-05
8.01	1.9073486328125e-05
8.02	1.9073486328125e-05
8.03	1.9073486328125e-05
8.04	1.9073486328125e-05
8.05	1.9073486328125e-05
8.06	1.52587890625e-05
8.07	1.52587890625e-05
8.08	1.52587890625e-05
8.09	1.52587890625e-05
8.1	1.52587890625e-05
8.11	1.52587890625e-05
8.12	1.52587890625e-05
8.13	1.52587890625e-05
8.14	1.52587890625e-05
8.15	1.52587890625e-05
8.16	1.52587890625e-05
8.17	1.52587890625e-05
8.18	1.52587890625e-05
8.19	1.52587890625e-05
8.2	1.52587890625e-05
8.21	1.52587890625e-05
8.22	1.52587890625e-05
8.23	1.52587890625e-05
8.24	1.52587890625e-05
8.25	1.52587890625e-05
8.26	1.52587890625e-05
8.27	1.1444091796875e-05
8.28	1.1444091796875e-05
8.29	1.1444091796875e-05
8.3	1.1444091796875e-05
8.31	1.1444091796875e-05
8.32	1.1444091796875e-05
8.33	1.1444091796875e-05
8.34	1.1444091796875e-05
8.35	1.1444091796875e-05
8.36	1.1444091796875e-05
8.37	1.1444091796875e-05
8.38	1.1444091796875e-05
8.39	1.1444091796875e-05
8.4	1.1444091796875e-05
8.41	1.1444091796875e-05
8.42	1.1444091796875e-05
8.43	7.62939453125e-06
8.44	7.62939453125e-06
8.45	7.62939453125e-06
8.46	7.62939453125e-06
8.47	7.62939453125e-06
8.48	7.62939453125e-06
8.49	7.62939453125e-06
8.5	7.62939453125e-06
8.51	7.62939453125e-06
8.52	7.62939453125e-06
8.53	7.62939453125e-06
8.54	7.62939453125e-06
8.55	7.62939453125e-06
8.56	7.62939453125e-06
8.57	7.62939453125e-06
8.58	7.62939453125e-06
8.59	7.62939453125e-06
8.6	7.62939453125e-06
8.61	7.62939453125e-06
8.62	7.62939453125e-06
8.63	7.62939453125e-06
8.64	7.62939453125e-06
8.65	7.62939453125e-06
8.66	7.62939453125e-06
8.67	7.62939453125e-06
8.68	7.62939453125e-06
8.69	7.62939453125e-06
8.7	7.62939453125e-06
8.71	7.62939453125e-06
8.72	7.62939453125e-06
8.73	7.62939453125e-06
8.74	7.62939453125e-06
8.75	3.814697265625e-06
8.76	3.814697265625e-06
8.77	3.814697265625e-06
8.78	3.814697265625e-06
8.79	3.814697265625e-06
8.8	3.814697265625e-06
8.81	3.814697265625e-06
8.82	3.814697265625e-06
8.83	3.814697265625e-06
8.84	3.814697265625e-06
8.85	3.814697265625e-06
8.86	3.814697265625e-06
8.87	3.814697265625e-06
8.88	3.814697265625e-06
8.89	3.814697265625e-06
8.9	0.0
