5.79	0.0005030632019042969
5.8	0.0004987716674804688
5.81	0.0004932880401611328
5.82	0.0004851818084716797
5.83	0.00047707557678222656
5.84	0.000469207763671875
5.85	0.00046443939208984375
5.86	0.00045943260192871094
5.87	0.0004565715789794922
5.88	0.0004527568817138672
5.89	0.0004475116729736328
5.9	0.0004398822784423828
5.91	0.0004322528839111328
5.92	0.0004248619079589844
5.93	0.00041794776916503906
5.94	0.00041675567626953125
5.95	0.00041365623474121094
5.96	0.0004100799560546875
5.97	0.0004038810729980469
5.98	0.000396728515625
5.99	0.0003876686096191406
6.0	0.0003819465637207031
6.01	0.000377655029296875
6.02	0.0003752708435058594
6.03	0.00037360191345214844
6.04	0.0003695487976074219
6.05	0.0003643035888671875
6.06	0.00035834312438964844
6.07	0.0003535747528076172
6.08	0.0003452301025390625
6.09	0.0003418922424316406
6.1	0.00033974647521972656
6.11	0.00033855438232421875
6.12	0.00033545494079589844
6.13	0.00033020973205566406
6.14	0.0003247261047363281
6.15	0.0003185272216796875
6.16	0.0003142356872558594
6.17	0.00030994415283203125
6.18	0.0003082752227783203
6.19	0.0003066062927246094
6.2	0.00030422210693359375
6.21	0.0002989768981933594
6.22	0.00029587745666503906
6.23	0.0002894401550292969
6.24	0.0002853870391845703
6.25	0.00028228759765625
6.26	0.0002799034118652344
6.27	0.0002777576446533203
6.28	0.00027370452880859375
6.29	0.0002701282501220703
6.3	0.00026345252990722656
6.31	0.00026035308837890625
6.32	0.00025653839111328125
6.33	0.000255584716796875
6.34	0.00025391578674316406
6.35	0.0002503395080566406
6.36	0.0002472400665283203
6.37	0.00024247169494628906
6.38	0.0002391338348388672
6.39	0.0002353191375732422
6.4	0.00023317337036132812
6.41	0.0002315044403076172
6.42	0.00023102760314941406
6.43	0.0002281665802001953
6.44	0.000225067138671875
6.45	0.00022220611572265625
6.46	0.00021839141845703125
6.47	0.00021576881408691406
6.48	0.0002143383026123047
6.49	0.00021314620971679688
6.5	0.0002124309539794922
6.51	0.00021076202392578125
6.52	0.0002067089080810547
6.53	0.0002014636993408203
6.54	0.00019812583923339844
6.55	0.00019598007202148438
6.56	0.00019407272338867188
6.57	0.00019359588623046875
6.58	0.0001926422119140625
6.59	0.00019049644470214844
6.6	0.0001876354217529297
6.61	0.00018405914306640625
6.62	0.0001800060272216797
6.63	0.0001780986785888672
6.64	0.00017690658569335938
6.65	0.00017595291137695312
6.66	0.0001747608184814453
6.67	0.0001728534698486328
6.68	0.0001697540283203125
6.69	0.0001647472381591797
6.7	0.0001621246337890625
6.71	0.00015974044799804688
6.72	0.0001590251922607422
6.73	0.00015854835510253906
6.74	0.00015735626220703125
6.75	0.00015473365783691406
6.76	0.00015115737915039062
6.77	0.00014925003051757812
6.78	0.00014448165893554688
6.79	0.0001430511474609375
6.8	0.00014138221740722656
6.81	0.00014066696166992188
6.82	0.00013947486877441406
6.83	0.00013756752014160156
6.84	0.0001347064971923828
6.85	0.0001323223114013672
6.86	0.00012946128845214844
6.87	0.00012683868408203125
6.88	0.0001266002655029297
6.89	0.00012612342834472656
6.9	0.00012493133544921875
6.91	0.00012230873107910156
6.92	0.00011968612670898438
6.93	0.0001163482666015625
6.94	0.00011563301086425781
6.95	0.00011229515075683594
6.96	0.00011157989501953125
6.97	0.00011157989501953125
6.98	0.00011038780212402344
6.99	0.0001087188720703125
7.0	0.00010585784912109375
7.01	0.000102996826171875
7.02	0.00010180473327636719
7.03	0.00010156631469726562
7.04	9.965896606445312e-05
7.05	9.918212890625e-05
7.06	9.822845458984375e-05
7.07	9.655952453613281e-05
7.08	9.393692016601562e-05
7.09	9.250640869140625e-05
7.1	9.036064147949219e-05
7.11	9.036064147949219e-05
7.12	8.988380432128906e-05
7.13	8.893013000488281e-05
7.14	8.797645568847656e-05
7.15	8.630752563476562e-05
7.16	8.511543273925781e-05
7.17	8.296966552734375e-05
7.18	8.20159912109375e-05
7.19	8.130073547363281e-05
7.2	8.106231689453125e-05
7.21	8.058547973632812e-05
7.22	7.939338684082031e-05
7.23	7.796287536621094e-05
7.24	7.581710815429688e-05
7.25	7.462501525878906e-05
7.26	7.390975952148438e-05
7.27	7.343292236328125e-05
7.28	7.2479248046875e-05
7.29	7.176399230957031e-05
7.3	7.033348083496094e-05
7.31	6.937980651855469e-05
7.32	6.818771362304688e-05
7.33	6.699562072753906e-05
7.34	6.580352783203125e-05
7.35	6.580352783203125e-05
7.36	6.532669067382812e-05
7.37	6.413459777832031e-05
7.38	6.270408630371094e-05
7.39	6.0558319091796875e-05
7.4	5.91278076171875e-05
7.41	5.8650970458984375e-05
7.42	5.8650970458984375e-05
7.43	5.817413330078125e-05
7.44	5.793571472167969e-05
7.45	5.7220458984375e-05
7.46	5.5789947509765625e-05
7.47	5.507469177246094e-05
7.48	5.364418029785156e-05
7.49	5.2928924560546875e-05
7.5	5.2928924560546875e-05
7.51	5.2928924560546875e-05
7.52	5.245208740234375e-05
7.53	5.173683166503906e-05
7.54	5.054473876953125e-05
7.55	4.9114227294921875e-05
7.56	4.76837158203125e-05
7.57	4.7206878662109375e-05
7.58	4.7206878662109375e-05
7.59	4.7206878662109375e-05
7.6	4.673004150390625e-05
7.61	4.553794860839844e-05
7.62	4.410743713378906e-05
7.63	4.267692565917969e-05
7.64	4.124641418457031e-05
7.65	4.029273986816406e-05
7.66	4.029273986816406e-05
7.67	4.029273986816406e-05
7.68	3.981590270996094e-05
7.69	3.910064697265625e-05
7.7	3.790855407714844e-05
7.71	3.695487976074219e-05
7.72	3.647804260253906e-05
7.73	3.600120544433594e-05
7.74	3.5762786865234375e-05
7.75	3.5762786865234375e-05
7.76	3.552436828613281e-05
7.77	3.504753112792969e-05
7.78	3.337860107421875e-05
7.79	3.24249267578125e-05
7.8	3.123283386230469e-05
7.81	3.123283386230469e-05
7.82	3.123283386230469e-05
7.83	3.123283386230469e-05
7.84	3.0517578125e-05
7.85	3.0279159545898438e-05
7.86	3.0279159545898438e-05
7.87	2.8848648071289062e-05
7.88	2.7894973754882812e-05
7.89	2.7179718017578125e-05
7.9	2.7179718017578125e-05
7.91	2.7179718017578125e-05
7.92	2.6941299438476562e-05
7.93	2.574920654296875e-05
7.94	2.5510787963867188e-05
7.95	2.4557113647460938e-05
7.96	2.4318695068359375e-05
7.97	2.384185791015625e-05
7.98	2.384185791015625e-05
7.99	2.3365020751953125e-05
8.0	2.288818359375e-05
8.01	2.2649765014648438e-05
8.02	2.1696090698242188e-05
8.03	2.1457672119140625e-05
8.04	2.0265579223632812e-05
8.05	2.0265579223632812e-05
8.06	2.0265579223632812e-05
8.07	2.002716064453125e-05
8.08	1.9550323486328125e-05
8.09	1.9073486328125e-05
8.1	1.811981201171875e-05
8.11	1.7642974853515625e-05
8.12	1.7642974853515625e-05
8.13	1.71661376953125e-05
8.14	1.71661376953125e-05
8.15	1.71661376953125e-05
8.16	1.6689300537109375e-05
8.17	1.621246337890625e-05
8.18	1.621246337890625e-05
8.19	1.5497207641601562e-05
8.2	1.52587890625e-05
8.21	1.52587890625e-05
8.22	1.52587890625e-05
8.23	1.52587890625e-05
8.24	1.52587890625e-05
8.25	1.4543533325195312e-05
8.26	1.430511474609375e-05
8.27	1.4066696166992188e-05
8.28	1.3828277587890625e-05
8.29	1.3828277587890625e-05
8.3	1.3828277587890625e-05
8.31	1.3589859008789062e-05
8.32	1.3589859008789062e-05
8.33	1.33514404296875e-05
8.34	1.2636184692382812e-05
8.35	1.2636184692382812e-05
8.36	1.2636184692382812e-05
8.37	1.2636184692382812e-05
8.38	1.2159347534179688e-05
8.39	1.2159347534179688e-05
8.4	1.1920928955078125e-05
8.41	1.1920928955078125e-05
8.42	1.1920928955078125e-05
8.43	1.1444091796875e-05
8.44	1.1444091796875e-05
8.45	1.1444091796875e-05
8.46	1.1205673217773438e-05
8.47	1.0728836059570312e-05
8.48	1.049041748046875e-05
8.49	1.0251998901367188e-05
8.5	1.0251998901367188e-05
8.51	1.0251998901367188e-05
8.52	1.0251998901367188e-05
8.53	1.0251998901367188e-05
8.54	1.0251998901367188e-05
8.55	9.5367431640625e-06
8.56	9.5367431640625e-06
8.57	9.298324584960938e-06
8.58	9.298324584960938e-06
8.59	9.298324584960938e-06
8.6	9.298324584960938e-06
8.61	9.298324584960938e-06
8.62	9.298324584960938e-06
8.63	8.821487426757812e-06
8.64	7.867813110351562e-06
8.65	7.3909759521484375e-06
8.66	7.3909759521484375e-06
8.67	7.3909759521484375e-06
8.68	7.3909759521484375e-06
8.69	7.3909759521484375e-06
8.7	7.152557373046875e-06
8.71	7.152557373046875e-06
8.72	6.67572021484375e-06
8.73	5.9604644775390625e-06
8.74	5.7220458984375e-06
8.75	5.7220458984375e-06
8.76	5.7220458984375e-06
8.77	5.7220458984375e-06
8.78	5.7220458984375e-06
8.79	5.4836273193359375e-06
8.8	5.0067901611328125e-06
8.81	5.0067901611328125e-06
8.82	4.76837158203125e-06
8.83	4.76837158203125e-06
8.84	4.76837158203125e-06
8.85	4.76837158203125e-06
8.86	4.76837158203125e-06
8.87	4.5299530029296875e-06
8.88	4.291534423828125e-06
8.89	4.0531158447265625e-06
8.9	3.5762786865234375e-06
8.91	3.5762786865234375e-06
8.92	3.5762786865234375e-06
8.93	3.5762786865234375e-06
8.94	3.5762786865234375e-06
8.95	3.5762786865234375e-06
8.96	3.337860107421875e-06
8.97	3.0994415283203125e-06
8.98	2.86102294921875e-06
8.99	2.86102294921875e-06
9.0	2.86102294921875e-06
9.01	2.86102294921875e-06
9.02	2.86102294921875e-06
9.03	2.6226043701171875e-06
9.04	2.384185791015625e-06
9.05	2.384185791015625e-06
9.06	2.384185791015625e-06
9.07	2.384185791015625e-06
9.08	2.384185791015625e-06
9.09	2.384185791015625e-06
9.1	2.384185791015625e-06
9.11	2.384185791015625e-06
9.12	2.1457672119140625e-06
9.13	1.9073486328125e-06
9.14	1.9073486328125e-06
9.15	1.9073486328125e-06
9.16	1.9073486328125e-06
9.17	1.9073486328125e-06
9.18	1.9073486328125e-06
9.19	1.6689300537109375e-06
9.2	1.6689300537109375e-06
9.21	1.6689300537109375e-06
9.22	1.6689300537109375e-06
9.23	1.6689300537109375e-06
9.24	1.6689300537109375e-06
9.25	1.6689300537109375e-06
9.26	1.6689300537109375e-06
9.27	1.6689300537109375e-06
9.28	1.430511474609375e-06
9.29	1.430511474609375e-06
9.3	1.430511474609375e-06
9.31	1.430511474609375e-06
9.32	1.430511474609375e-06
9.33	1.430511474609375e-06
9.34	1.1920928955078125e-06
9.35	1.1920928955078125e-06
9.36	1.1920928955078125e-06
9.37	1.1920928955078125e-06
9.38	1.1920928955078125e-06
9.39	1.1920928955078125e-06
9.4	1.1920928955078125e-06
9.41	1.1920928955078125e-06
9.42	1.1920928955078125e-06
9.43	9.5367431640625e-07
9.44	9.5367431640625e-07
9.45	9.5367431640625e-07
9.46	9.5367431640625e-07
9.47	9.5367431640625e-07
9.48	9.5367431640625e-07
9.49	9.5367431640625e-07
9.5	9.5367431640625e-07
9.51	9.5367431640625e-07
9.52	9.5367431640625e-07
9.53	9.5367431640625e-07
9.54	9.5367431640625e-07
9.55	9.5367431640625e-07
9.56	9.5367431640625e-07
9.57	9.5367431640625e-07
9.58	9.5367431640625e-07
9.59	9.5367431640625e-07
9.6	9.5367431640625e-07
9.61	9.5367431640625e-07
9.62	9.5367431640625e-07
9.63	9.5367431640625e-07
9.64	9.5367431640625e-07
9.65	9.5367431640625e-07
9.66	9.5367431640625e-07
9.67	9.5367431640625e-07
9.68	9.5367431640625e-07
9.69	9.5367431640625e-07
9.7	9.5367431640625e-07
9.71	9.5367431640625e-07
9.72	9.5367431640625e-07
9.73	7.152557373046875e-07
9.74	7.152557373046875e-07
9.75	7.152557373046875e-07
9.76	7.152557373046875e-07
9.77	7.152557373046875e-07
9.78	7.152557373046875e-07
9.79	7.152557373046875e-07
9.8	7.152557373046875e-07
9.81	7.152557373046875e-07
9.82	4.76837158203125e-07
9.83	4.76837158203125e-07
9.84	4.76837158203125e-07
9.85	4.76837158203125e-07
9.86	4.76837158203125e-07
9.87	4.76837158203125e-07
9.88	4.76837158203125e-07
9.89	4.76837158203125e-07
9.9	2.384185791015625e-07
9.91	2.384185791015625e-07
9.92	2.384185791015625e-07
9.93	2.384185791015625e-07
9.94	2.384185791015625e-07
9.95	2.384185791015625e-07
9.96	2.384185791015625e-07
9.97	2.384185791015625e-07
9.98	2.384185791015625e-07
9.99	0.0
