6.03	0.0005023851990699768
6.04	0.0004978254437446594
6.05	0.0004931017756462097
6.06	0.0004884302616119385
6.07	0.00048407912254333496
6.08	0.00047956034541130066
6.09	0.0004751160740852356
6.1	0.00047042593359947205
6.11	0.00046597421169281006
6.12	0.00046167895197868347
6.13	0.0004573799669742584
6.14	0.00045293569564819336
6.15	0.0004484206438064575
6.16	0.0004439018666744232
6.17	0.00043942779302597046
6.18	0.00043524429202079773
6.19	0.000431060791015625
6.2	0.00042703747749328613
6.21	0.0004229806363582611
6.22	0.00041898712515830994
6.23	0.00041475147008895874
6.24	0.0004106983542442322
6.25	0.00040696561336517334
6.26	0.0004030987620353699
6.27	0.00039913877844810486
6.28	0.00039532408118247986
6.29	0.00039156898856163025
6.3	0.0003879070281982422
6.31	0.00038421526551246643
6.32	0.000380590558052063
6.33	0.0003770403563976288
6.34	0.00037324056029319763
6.35	0.00036960840225219727
6.36	0.00036630779504776
6.37	0.0003629550337791443
6.38	0.0003594309091567993
6.39	0.00035610422492027283
6.4	0.00035226717591285706
6.41	0.0003488287329673767
6.42	0.0003455802798271179
6.43	0.0003423057496547699
6.44	0.00033897534012794495
6.45	0.00033583492040634155
6.46	0.00033258646726608276
6.47	0.00032947957515716553
6.48	0.00032635778188705444
6.49	0.00032317638397216797
6.5	0.00031985342502593994
6.51	0.00031651929020881653
6.52	0.0003132373094558716
6.53	0.0003101229667663574
6.54	0.00030696019530296326
6.55	0.0003038831055164337
6.56	0.00030082836747169495
6.57	0.0002976544201374054
6.58	0.0002945438027381897
6.59	0.0002916678786277771
6.6	0.0002888888120651245
6.61	0.00028602033853530884
6.62	0.00028331950306892395
6.63	0.0002804212272167206
6.64	0.0002774149179458618
6.65	0.0002746880054473877
6.66	0.00027212128043174744
6.67	0.00026933103799819946
6.68	0.0002666562795639038
6.69	0.0002640746533870697
6.7	0.00026153773069381714
6.71	0.0002590492367744446
6.72	0.00025660544633865356
6.73	0.00025412067770957947
6.74	0.00025158002972602844
6.75	0.0002489537000656128
6.76	0.0002465099096298218
6.77	0.0002442114055156708
6.78	0.00024167820811271667
6.79	0.0002392604947090149
6.8	0.00023680180311203003
6.81	0.00023427605628967285
6.82	0.00023192539811134338
6.83	0.00022957473993301392
6.84	0.00022730976343154907
6.85	0.00022500008344650269
6.86	0.00022276118397712708
6.87	0.00022042542695999146
6.88	0.00021821260452270508
6.89	0.00021582841873168945
6.9	0.00021345168352127075
6.91	0.00021116435527801514
6.92	0.000208929181098938
6.93	0.00020674243569374084
6.94	0.00020465999841690063
6.95	0.00020267069339752197
6.96	0.00020067021250724792
6.97	0.00019852817058563232
6.98	0.00019633397459983826
6.99	0.00019423291087150574
7.0	0.000192299485206604
7.01	0.00019039958715438843
7.02	0.0001883767545223236
7.03	0.0001864209771156311
7.04	0.0001844838261604309
7.05	0.00018248707056045532
7.06	0.00018064677715301514
7.07	0.00017881765961647034
7.08	0.00017679482698440552
7.09	0.00017505884170532227
7.1	0.00017337128520011902
7.11	0.00017165765166282654
7.12	0.00016995519399642944
7.13	0.0001683756709098816
7.14	0.00016646459698677063
7.15	0.00016466155648231506
7.16	0.00016297772526741028
7.17	0.00016132742166519165
7.18	0.0001597180962562561
7.19	0.0001580752432346344
7.2	0.00015643984079360962
7.21	0.00015482306480407715
7.22	0.0001530759036540985
7.23	0.0001513250172138214
7.24	0.00014983117580413818
7.25	0.00014818087220191956
7.26	0.00014644116163253784
7.27	0.00014476850628852844
7.28	0.0001431778073310852
7.29	0.00014153867959976196
7.3	0.00013994798064231873
7.31	0.00013838335871696472
7.32	0.00013679638504981995
7.33	0.00013529136776924133
7.34	0.00013396143913269043
7.35	0.0001325644552707672
7.36	0.00013126805424690247
7.37	0.0001298561692237854
7.38	0.0001283586025238037
7.39	0.0001269206404685974
7.4	0.00012561306357383728
7.41	0.0001243799924850464
7.42	0.00012312456965446472
7.43	0.00012178346514701843
7.44	0.00012050196528434753
7.45	0.00011925771832466125
7.46	0.00011793524026870728
7.47	0.000116690993309021
7.48	0.00011537224054336548
7.49	0.00011410191655158997
7.5	0.000112973153591156
7.51	0.00011171028017997742
7.52	0.00011039525270462036
7.53	0.00010932236909866333
7.54	0.00010810792446136475
7.55	0.00010677054524421692
7.56	0.00010558217763900757
7.57	0.00010440126061439514
7.58	0.00010323524475097656
7.59	0.00010225176811218262
7.6	0.00010119006037712097
7.61	0.00010006874799728394
7.62	9.893625974655151e-05
7.63	9.76957380771637e-05
7.64	9.66191291809082e-05
7.65	9.550154209136963e-05
7.66	9.441003203392029e-05
7.67	9.329244494438171e-05
7.68	9.226799011230469e-05
7.69	9.12398099899292e-05
7.7	9.01632010936737e-05
7.71	8.9205801486969e-05
7.72	8.811801671981812e-05
7.73	8.701905608177185e-05
7.74	8.60653817653656e-05
7.75	8.513778448104858e-05
7.76	8.421391248703003e-05
7.77	8.331239223480225e-05
7.78	8.235126733779907e-05
7.79	8.13901424407959e-05
7.8	8.04699957370758e-05
7.81	7.954984903335571e-05
7.82	7.860362529754639e-05
7.83	7.781758904457092e-05
7.84	7.7027827501297e-05
7.85	7.619336247444153e-05
7.86	7.537752389907837e-05
7.87	7.456168532371521e-05
7.88	7.37607479095459e-05
7.89	7.293373346328735e-05
7.9	7.211416959762573e-05
7.91	7.132813334465027e-05
7.92	7.048994302749634e-05
7.93	6.970763206481934e-05
7.94	6.893277168273926e-05
7.95	6.810203194618225e-05
7.96	6.718933582305908e-05
7.97	6.62580132484436e-05
7.98	6.548687815666199e-05
7.99	6.471201777458191e-05
8.0	6.399676203727722e-05
8.01	6.316602230072021e-05
8.02	6.239116191864014e-05
8.03	6.157532334327698e-05
8.04	6.081536412239075e-05
8.05	6.012246012687683e-05
8.06	5.941465497016907e-05
8.07	5.8706849813461304e-05
8.08	5.809590220451355e-05
8.09	5.747377872467041e-05
8.1	5.6821852922439575e-05
8.11	5.6196004152297974e-05
8.12	5.554407835006714e-05
8.13	5.482137203216553e-05
8.14	5.415081977844238e-05
8.15	5.360692739486694e-05
8.16	5.305558443069458e-05
8.17	5.2385032176971436e-05
8.18	5.1777809858322144e-05
8.19	5.120411515235901e-05
8.2	5.049258470535278e-05
8.21	4.986301064491272e-05
8.22	4.9211084842681885e-05
8.23	4.867464303970337e-05
8.24	4.8182904720306396e-05
8.25	4.762783646583557e-05
8.26	4.708021879196167e-05
8.27	4.652142524719238e-05
8.28	4.5999884605407715e-05
8.29	4.542991518974304e-05
8.3	4.4912099838256836e-05
8.31	4.4304877519607544e-05
8.32	4.3760985136032104e-05
8.33	4.324689507484436e-05
8.34	4.276260733604431e-05
8.35	4.2285770177841187e-05
8.36	4.17269766330719e-05
8.37	4.113093018531799e-05
8.38	4.062056541442871e-05
8.39	4.015117883682251e-05
8.4	3.9655715227127075e-05
8.41	3.916025161743164e-05
8.42	3.8683414459228516e-05
8.43	3.816187381744385e-05
8.44	3.7610530853271484e-05
8.45	3.715977072715759e-05
8.46	3.664195537567139e-05
8.47	3.61613929271698e-05
8.48	3.5706907510757446e-05
8.49	3.528594970703125e-05
8.5	3.488361835479736e-05
8.51	3.452971577644348e-05
8.52	3.407895565032959e-05
8.53	3.368780016899109e-05
8.54	3.326311707496643e-05
8.55	3.287196159362793e-05
8.56	3.248453140258789e-05
8.57	3.209710121154785e-05
8.58	3.170594573020935e-05
8.59	3.1400471925735474e-05
8.6	3.098323941230774e-05
8.61	3.0566006898880005e-05
8.62	3.0178576707839966e-05
8.63	2.9850751161575317e-05
8.64	2.9515475034713745e-05
8.65	2.915412187576294e-05
8.66	2.8789043426513672e-05
8.67	2.841278910636902e-05
8.68	2.8070062398910522e-05
8.69	2.7630478143692017e-05
8.7	2.7272850275039673e-05
8.71	2.682209014892578e-05
8.72	2.6419758796691895e-05
8.73	2.6088207960128784e-05
8.74	2.580881118774414e-05
8.75	2.5492161512374878e-05
8.76	2.5149434804916382e-05
8.77	2.477690577507019e-05
8.78	2.4430453777313232e-05
8.79	2.4098902940750122e-05
8.8	2.382323145866394e-05
8.81	2.351030707359314e-05
8.82	2.3245811462402344e-05
8.83	2.298876643180847e-05
8.84	2.2660940885543823e-05
8.85	2.2377818822860718e-05
8.86	2.208724617958069e-05
8.87	2.1789222955703735e-05
8.88	2.1491199731826782e-05
8.89	2.1249055862426758e-05
8.9	2.0984560251235962e-05
8.91	2.0712614059448242e-05
8.92	2.0470470190048218e-05
8.93	2.0172446966171265e-05
8.94	1.9915401935577393e-05
8.95	1.9606202840805054e-05
8.96	1.93081796169281e-05
8.97	1.9080936908721924e-05
8.98	1.8868595361709595e-05
8.99	1.8652528524398804e-05
9.0	1.84476375579834e-05
9.01	1.8209218978881836e-05
9.02	1.7955899238586426e-05
9.03	1.775100827217102e-05
9.04	1.753494143486023e-05
9.05	1.7307698726654053e-05
9.06	1.706928014755249e-05
9.07	1.6789883375167847e-05
9.08	1.6551464796066284e-05
9.09	1.631304621696472e-05
9.1	1.609325408935547e-05
9.11	1.582503318786621e-05
9.12	1.5594065189361572e-05
9.13	1.539662480354309e-05
9.14	1.5221536159515381e-05
9.15	1.5001744031906128e-05
9.16	1.4785677194595337e-05
9.17	1.4562159776687622e-05
9.18	1.4342367649078369e-05
9.19	1.4115124940872192e-05
9.2	1.3921409845352173e-05
9.21	1.3738870620727539e-05
9.22	1.3567507266998291e-05
9.23	1.3381242752075195e-05
9.24	1.321360468864441e-05
9.25	1.3068318367004395e-05
9.26	1.2896955013275146e-05
9.27	1.2725591659545898e-05
9.28	1.2531876564025879e-05
9.29	1.2408941984176636e-05
9.3	1.225993037223816e-05
9.31	1.2073665857315063e-05
9.32	1.1887401342391968e-05
9.33	1.1742115020751953e-05
9.34	1.1578202247619629e-05
9.35	1.1380761861801147e-05
9.36	1.1216849088668823e-05
9.37	1.1060386896133423e-05
9.38	1.095607876777649e-05
9.39	1.0807067155838013e-05
9.4	1.0672956705093384e-05
9.41	1.0531395673751831e-05
9.42	1.0378658771514893e-05
9.43	1.0188668966293335e-05
9.44	1.0039657354354858e-05
9.45	9.853392839431763e-06
9.46	9.685754776000977e-06
9.47	9.533017873764038e-06
9.48	9.402632713317871e-06
9.49	9.28342342376709e-06
9.5	9.160488843917847e-06
9.51	9.015202522277832e-06
9.52	8.866190910339355e-06
9.53	8.743256330490112e-06
9.54	8.627772331237793e-06
9.55	8.519738912582397e-06
9.56	8.396804332733154e-06
9.57	8.27014446258545e-06
9.58	8.132308721542358e-06
9.59	8.009374141693115e-06
9.6	7.860362529754639e-06
9.61	7.752329111099243e-06
9.62	7.64802098274231e-06
9.63	7.569789886474609e-06
9.64	7.465481758117676e-06
9.65	7.379800081253052e-06
9.66	7.27921724319458e-06
9.67	7.160007953643799e-06
9.68	7.074326276779175e-06
9.69	6.966292858123779e-06
9.7	6.865710020065308e-06
9.71	6.768852472305298e-06
9.72	6.645917892456055e-06
9.73	6.571412086486816e-06
9.74	6.504356861114502e-06
9.75	6.400048732757568e-06
9.76	6.280839443206787e-06
9.77	6.183981895446777e-06
9.78	6.113201379776001e-06
9.79	6.031244993209839e-06
9.8	5.956739187240601e-06
9.81	5.826354026794434e-06
9.82	5.718320608139038e-06
9.83	5.599111318588257e-06
9.84	5.502253770828247e-06
9.85	5.405396223068237e-06
9.86	5.319714546203613e-06
9.87	5.260109901428223e-06
9.88	5.193054676055908e-06
9.89	5.111098289489746e-06
9.9	5.017966032028198e-06
9.91	4.958361387252808e-06
9.92	4.880130290985107e-06
9.93	4.794448614120483e-06
9.94	4.7050416469573975e-06
9.95	4.645437002182007e-06
9.96	4.582107067108154e-06
9.97	4.511326551437378e-06
9.98	4.43682074546814e-06
9.99	4.380941390991211e-06
10.0	4.3101608753204346e-06
10.01	4.235655069351196e-06
10.02	4.149973392486572e-06
10.03	4.108995199203491e-06
10.04	4.064291715621948e-06
10.05	3.997236490249634e-06
10.06	3.926455974578857e-06
10.07	3.844499588012695e-06
10.08	3.7997961044311523e-06
10.09	3.7476420402526855e-06
10.1	3.680586814880371e-06
10.11	3.6209821701049805e-06
10.12	3.591179847717285e-06
10.13	3.546476364135742e-06
10.14	3.5017728805541992e-06
10.15	3.4533441066741943e-06
10.16	3.38628888130188e-06
10.17	3.341585397720337e-06
10.18	3.2670795917510986e-06
10.19	3.21120023727417e-06
10.2	3.1515955924987793e-06
10.21	3.0882656574249268e-06
10.22	3.0249357223510742e-06
10.23	2.9765069484710693e-06
10.24	2.9206275939941406e-06
10.25	2.86102294921875e-06
10.26	2.7976930141448975e-06
10.27	2.7567148208618164e-06
10.28	2.7194619178771973e-06
10.29	2.68593430519104e-06
10.3	2.6300549507141113e-06
10.31	2.5816261768341064e-06
10.32	2.5443732738494873e-06
10.33	2.5033950805664062e-06
10.34	2.4475157260894775e-06
10.35	2.3990869522094727e-06
10.36	2.387911081314087e-06
10.37	2.3581087589263916e-06
10.38	2.332031726837158e-06
10.39	2.294778823852539e-06
10.4	2.2724270820617676e-06
10.41	2.2239983081817627e-06
10.42	2.1867454051971436e-06
10.43	2.16066837310791e-06
10.44	2.130866050720215e-06
10.45	2.0936131477355957e-06
10.46	2.0563602447509766e-06
10.47	2.0116567611694336e-06
10.48	1.993030309677124e-06
10.49	1.9408762454986572e-06
10.5	1.911073923110962e-06
10.51	1.8440186977386475e-06
10.52	1.8253922462463379e-06
10.53	1.8030405044555664e-06
10.54	1.7844140529632568e-06
10.55	1.7471611499786377e-06
10.56	1.7024576663970947e-06
10.57	1.6577541828155518e-06
10.58	1.6167759895324707e-06
10.59	1.5869736671447754e-06
10.6	1.55717134475708e-06
10.61	1.5459954738616943e-06
10.62	1.5310943126678467e-06
10.63	1.5124678611755371e-06
10.64	1.4826655387878418e-06
10.65	1.4491379261016846e-06
10.66	1.426786184310913e-06
10.67	1.4044344425201416e-06
10.68	1.3820827007293701e-06
10.69	1.3560056686401367e-06
10.7	1.3262033462524414e-06
10.71	1.300126314163208e-06
10.72	1.2703239917755127e-06
10.73	1.2516975402832031e-06
10.74	1.218169927597046e-06
10.75	1.1771917343139648e-06
10.76	1.1548399925231934e-06
10.77	1.1436641216278076e-06
10.78	1.1324882507324219e-06
10.79	1.1213123798370361e-06
10.8	1.1101365089416504e-06
10.81	1.0766088962554932e-06
10.82	1.0654330253601074e-06
10.83	1.0542571544647217e-06
10.84	1.039355993270874e-06
10.85	1.0281801223754883e-06
10.86	1.0170042514801025e-06
10.87	1.0021030902862549e-06
10.88	9.834766387939453e-07
10.89	9.685754776000977e-07
10.9	9.462237358093262e-07
10.91	9.238719940185547e-07
10.92	9.08970832824707e-07
10.93	8.828938007354736e-07
10.94	8.717179298400879e-07
10.95	8.419156074523926e-07
10.96	8.158385753631592e-07
10.97	7.972121238708496e-07
10.98	7.7858567237854e-07
10.99	7.487833499908447e-07
11.0	7.189810276031494e-07
11.01	7.152557373046875e-07
11.02	7.040798664093018e-07
11.03	6.966292858123779e-07
11.04	6.817281246185303e-07
11.05	6.705522537231445e-07
11.06	6.556510925292969e-07
11.07	6.48200511932373e-07
11.08	6.444752216339111e-07
11.09	6.221234798431396e-07
11.1	6.183981895446777e-07
11.11	6.183981895446777e-07
11.12	6.109476089477539e-07
11.13	5.997717380523682e-07
11.14	5.811452865600586e-07
11.15	5.662441253662109e-07
11.16	5.550682544708252e-07
11.17	5.438923835754395e-07
11.18	5.401670932769775e-07
11.19	5.252659320831299e-07
11.2	5.21540641784668e-07
11.21	5.029141902923584e-07
11.22	4.954636096954346e-07
11.23	4.805624485015869e-07
11.24	4.6193599700927734e-07
11.25	4.4330954551696777e-07
11.26	4.284083843231201e-07
11.27	4.246830940246582e-07
11.28	4.209578037261963e-07
11.29	4.172325134277344e-07
11.3	3.986060619354248e-07
11.31	3.948807716369629e-07
11.32	3.8370490074157715e-07
11.33	3.762543201446533e-07
11.34	3.725290298461914e-07
11.35	3.688037395477295e-07
11.36	3.688037395477295e-07
11.37	3.688037395477295e-07
11.38	3.5762786865234375e-07
11.39	3.427267074584961e-07
11.4	3.2782554626464844e-07
11.41	3.2782554626464844e-07
11.42	3.241002559661865e-07
11.43	3.166496753692627e-07
11.44	3.0547380447387695e-07
11.45	2.980232238769531e-07
11.46	2.868473529815674e-07
11.47	2.8312206268310547e-07
11.48	2.7567148208618164e-07
11.49	2.60770320892334e-07
11.5	2.5331974029541016e-07
11.51	2.5331974029541016e-07
11.52	2.4959444999694824e-07
11.53	2.4959444999694824e-07
11.54	2.4959444999694824e-07
11.55	2.4586915969848633e-07
11.56	2.421438694000244e-07
11.57	2.421438694000244e-07
11.58	2.384185791015625e-07
11.59	2.384185791015625e-07
11.6	2.384185791015625e-07
11.61	2.3469328880310059e-07
11.62	2.3096799850463867e-07
11.63	2.1979212760925293e-07
11.64	2.086162567138672e-07
11.65	1.9744038581848145e-07
11.66	1.9371509552001953e-07
11.67	1.8998980522155762e-07
11.68	1.825392246246338e-07
11.69	1.7508864402770996e-07
11.7	1.6391277313232422e-07
11.71	1.601874828338623e-07
11.72	1.564621925354004e-07
11.73	1.4901161193847656e-07
11.74	1.341104507446289e-07
11.75	1.341104507446289e-07
11.76	1.341104507446289e-07
11.77	1.341104507446289e-07
11.78	1.341104507446289e-07
11.79	1.341104507446289e-07
11.8	1.30385160446167e-07
11.81	1.2665987014770508e-07
11.82	1.2665987014770508e-07
11.83	1.2665987014770508e-07
11.84	1.2293457984924316e-07
11.85	1.2293457984924316e-07
11.86	1.2293457984924316e-07
11.87	1.1920928955078125e-07
11.88	1.1548399925231934e-07
11.89	1.0058283805847168e-07
11.9	1.0058283805847168e-07
11.91	1.0058283805847168e-07
11.92	1.0058283805847168e-07
11.93	9.685754776000977e-08
11.94	9.685754776000977e-08
11.95	9.313225746154785e-08
11.96	9.313225746154785e-08
11.97	8.940696716308594e-08
11.98	7.82310962677002e-08
11.99	7.450580596923828e-08
12.0	7.450580596923828e-08
12.01	7.078051567077637e-08
12.02	7.078051567077637e-08
12.03	7.078051567077637e-08
12.04	6.705522537231445e-08
12.05	6.705522537231445e-08
12.06	6.705522537231445e-08
12.07	6.705522537231445e-08
12.08	6.705522537231445e-08
12.09	6.705522537231445e-08
12.1	6.705522537231445e-08
12.11	6.705522537231445e-08
12.12	6.705522537231445e-08
12.13	5.960464477539063e-08
12.14	5.21540641784668e-08
12.15	5.21540641784668e-08
12.16	5.21540641784668e-08
12.17	5.21540641784668e-08
12.18	4.842877388000488e-08
12.19	4.842877388000488e-08
12.2	4.842877388000488e-08
12.21	4.470348358154297e-08
12.22	4.470348358154297e-08
12.23	4.0978193283081055e-08
12.24	4.0978193283081055e-08
12.25	4.0978193283081055e-08
12.26	4.0978193283081055e-08
12.27	4.0978193283081055e-08
12.28	4.0978193283081055e-08
12.29	4.0978193283081055e-08
12.3	4.0978193283081055e-08
12.31	4.0978193283081055e-08
12.32	4.0978193283081055e-08
12.33	4.0978193283081055e-08
12.34	4.0978193283081055e-08
12.35	4.0978193283081055e-08
12.36	4.0978193283081055e-08
12.37	3.725290298461914e-08
12.38	2.9802322387695312e-08
12.39	2.60770320892334e-08
12.4	2.60770320892334e-08
12.41	2.60770320892334e-08
12.42	2.2351741790771484e-08
12.43	2.2351741790771484e-08
12.44	1.862645149230957e-08
12.45	1.862645149230957e-08
12.46	1.862645149230957e-08
12.47	1.862645149230957e-08
12.48	1.862645149230957e-08
12.49	1.4901161193847656e-08
12.5	1.4901161193847656e-08
12.51	1.4901161193847656e-08
12.52	1.4901161193847656e-08
12.53	1.4901161193847656e-08
12.54	1.4901161193847656e-08
12.55	1.4901161193847656e-08
12.56	1.4901161193847656e-08
12.57	1.4901161193847656e-08
12.58	1.4901161193847656e-08
12.59	1.4901161193847656e-08
12.6	1.4901161193847656e-08
12.61	1.4901161193847656e-08
12.62	1.4901161193847656e-08
12.63	1.1175870895385742e-08
12.64	1.1175870895385742e-08
12.65	1.1175870895385742e-08
12.66	1.1175870895385742e-08
12.67	1.1175870895385742e-08
12.68	1.1175870895385742e-08
12.69	1.1175870895385742e-08
12.7	1.1175870895385742e-08
12.71	1.1175870895385742e-08
12.72	7.450580596923828e-09
12.73	7.450580596923828e-09
12.74	7.450580596923828e-09
12.75	7.450580596923828e-09
12.76	7.450580596923828e-09
12.77	7.450580596923828e-09
12.78	7.450580596923828e-09
12.79	7.450580596923828e-09
12.8	7.450580596923828e-09
12.81	7.450580596923828e-09
12.82	7.450580596923828e-09
12.83	7.450580596923828e-09
12.84	7.450580596923828e-09
12.85	7.450580596923828e-09
12.86	7.450580596923828e-09
12.87	7.450580596923828e-09
12.88	3.725290298461914e-09
12.89	3.725290298461914e-09
12.9	3.725290298461914e-09
12.91	3.725290298461914e-09
12.92	3.725290298461914e-09
12.93	3.725290298461914e-09
12.94	3.725290298461914e-09
12.95	3.725290298461914e-09
12.96	3.725290298461914e-09
12.97	3.725290298461914e-09
12.98	3.725290298461914e-09
12.99	3.725290298461914e-09
13.0	3.725290298461914e-09
13.01	3.725290298461914e-09
13.02	3.725290298461914e-09
13.03	3.725290298461914e-09
13.04	3.725290298461914e-09
13.05	3.725290298461914e-09
13.06	3.725290298461914e-09
13.07	3.725290298461914e-09
13.08	3.725290298461914e-09
13.09	3.725290298461914e-09
13.1	3.725290298461914e-09
13.11	3.725290298461914e-09
13.12	0.0
