5.62	0.0005038566887378693
5.63	0.0004999637603759766
5.64	0.0004960410296916962
5.65	0.0004921630024909973
5.66	0.0004884488880634308
5.67	0.0004847496747970581
5.68	0.0004809945821762085
5.69	0.00047721341252326965
5.7	0.00047345831990242004
5.71	0.000469893217086792
5.72	0.0004663616418838501
5.73	0.0004627592861652374
5.74	0.00045898929238319397
5.75	0.0004555806517601013
5.76	0.0004520714282989502
5.77	0.0004484541714191437
5.78	0.0004450380802154541
5.79	0.00044148415327072144
5.8	0.00043808668851852417
5.81	0.0004347003996372223
5.82	0.0004310905933380127
5.83	0.00042759254574775696
5.84	0.00042430683970451355
5.85	0.0004209578037261963
5.86	0.000417560338973999
5.87	0.00041405484080314636
5.88	0.00041078031063079834
5.89	0.0004075169563293457
5.9	0.00040417909622192383
5.91	0.00040084123611450195
5.92	0.00039764121174812317
5.93	0.0003945380449295044
5.94	0.0003913566470146179
5.95	0.0003883093595504761
5.96	0.0003851205110549927
5.97	0.0003820769488811493
5.98	0.00037890300154685974
5.99	0.00037593021988868713
6.0	0.000372912734746933
6.01	0.0003698505461215973
6.02	0.0003667585551738739
6.03	0.00036383792757987976
6.04	0.00036090239882469177
6.05	0.00035805627703666687
6.06	0.0003550983965396881
6.07	0.00035224854946136475
6.08	0.0003494732081890106
6.09	0.00034686923027038574
6.1	0.00034381821751594543
6.11	0.0003410428762435913
6.12	0.00033840909600257874
6.13	0.0003356523811817169
6.14	0.0003329664468765259
6.15	0.00033015385270118713
6.16	0.0003275088965892792
6.17	0.0003250241279602051
6.18	0.00032232701778411865
6.19	0.0003195516765117645
6.2	0.00031694769859313965
6.21	0.00031443312764167786
6.22	0.0003118552267551422
6.23	0.0003091953694820404
6.24	0.0003066062927246094
6.25	0.0003039911389350891
6.26	0.00030156970024108887
6.27	0.00029896199703216553
6.28	0.00029663369059562683
6.29	0.00029424577951431274
6.3	0.0002918057143688202
6.31	0.000289328396320343
6.32	0.0002868771553039551
6.33	0.000284586101770401
6.34	0.0002822950482368469
6.35	0.0002798736095428467
6.36	0.00027747079730033875
6.37	0.00027533620595932007
6.38	0.00027304142713546753
6.39	0.0002707764506340027
6.4	0.00026855990290641785
6.41	0.00026635080575942993
6.42	0.0002641715109348297
6.43	0.0002620108425617218
6.44	0.00025958195328712463
6.45	0.0002575293183326721
6.46	0.0002552717924118042
6.47	0.0002530142664909363
6.48	0.0002507306635379791
6.49	0.00024857744574546814
6.5	0.00024647265672683716
6.51	0.00024434924125671387
6.52	0.0002421848475933075
6.53	0.0002400912344455719
6.54	0.00023801252245903015
6.55	0.00023588165640830994
6.56	0.00023383274674415588
6.57	0.000231865793466568
6.58	0.00022979453206062317
6.59	0.0002277381718158722
6.6	0.00022585690021514893
6.61	0.0002238824963569641
6.62	0.00022207200527191162
6.63	0.0002200491726398468
6.64	0.00021808594465255737
6.65	0.00021633505821228027
6.66	0.00021444633603096008
6.67	0.00021249428391456604
6.68	0.00021064653992652893
6.69	0.0002087913453578949
6.7	0.00020704790949821472
6.71	0.00020521879196166992
6.72	0.00020339712500572205
6.73	0.00020168721675872803
6.74	0.00020010396838188171
6.75	0.00019840523600578308
6.76	0.000196751207113266
6.77	0.00019510462880134583
6.78	0.00019347667694091797
6.79	0.00019197911024093628
6.8	0.00019022077322006226
6.81	0.00018863007426261902
6.82	0.00018697232007980347
6.83	0.00018531084060668945
6.84	0.00018373876810073853
6.85	0.00018216297030448914
6.86	0.0001805126667022705
6.87	0.00017895177006721497
6.88	0.00017740949988365173
6.89	0.00017578527331352234
6.9	0.00017425790429115295
6.91	0.00017279759049415588
6.92	0.00017112493515014648
6.93	0.0001696161925792694
6.94	0.00016807019710540771
6.95	0.0001664869487285614
6.96	0.00016504526138305664
6.97	0.00016351044178009033
6.98	0.00016214698553085327
6.99	0.0001606866717338562
7.0	0.00015922635793685913
7.01	0.0001578107476234436
7.02	0.0001564323902130127
7.03	0.00015500560402870178
7.04	0.0001536160707473755
7.05	0.0001521967351436615
7.06	0.00015091150999069214
7.07	0.00014962628483772278
7.08	0.0001483634114265442
7.09	0.00014698877930641174
7.1	0.00014574825763702393
7.11	0.0001444891095161438
7.12	0.0001432858407497406
7.13	0.00014207139611244202
7.14	0.00014077872037887573
7.15	0.0001395605504512787
7.16	0.00013833120465278625
7.17	0.0001371540129184723
7.18	0.00013597682118415833
7.19	0.00013480335474014282
7.2	0.00013364478945732117
7.21	0.0001325570046901703
7.22	0.00013146176934242249
7.23	0.00013028457760810852
7.24	0.0001292191445827484
7.25	0.00012804940342903137
7.26	0.00012697279453277588
7.27	0.00012588128447532654
7.28	0.00012464821338653564
7.29	0.00012359395623207092
7.3	0.00012253224849700928
7.31	0.00012142956256866455
7.32	0.0001202896237373352
7.33	0.00011925026774406433
7.34	0.00011819228529930115
7.35	0.0001172088086605072
7.36	0.00011611729860305786
7.37	0.00011507421731948853
7.38	0.00011399760842323303
7.39	0.00011299178004264832
7.4	0.00011194869875907898
7.41	0.0001110173761844635
7.42	0.00011000782251358032
7.43	0.00010904297232627869
7.44	0.00010807439684867859
7.45	0.00010714679956436157
7.46	0.00010628625750541687
7.47	0.00010528787970542908
7.48	0.00010428205132484436
7.49	0.00010338425636291504
7.5	0.00010253861546516418
7.51	0.00010157376527786255
7.52	0.00010069087147712708
7.53	9.981542825698853e-05
7.54	9.900331497192383e-05
7.55	9.815022349357605e-05
7.56	9.729713201522827e-05
7.57	9.638071060180664e-05
7.58	9.566918015480042e-05
7.59	9.47713851928711e-05
7.6	9.390339255332947e-05
7.61	9.300559759140015e-05
7.62	9.21301543712616e-05
7.63	9.132921695709229e-05
7.64	9.045377373695374e-05
7.65	8.954107761383057e-05
7.66	8.873641490936279e-05
7.67	8.789822459220886e-05
7.68	8.70637595653534e-05
7.69	8.623674511909485e-05
7.7	8.539482951164246e-05
7.71	8.461624383926392e-05
7.72	8.378550410270691e-05
7.73	8.299201726913452e-05
7.74	8.214637637138367e-05
7.75	8.147582411766052e-05
7.76	8.066371083259583e-05
7.77	7.994100451469421e-05
7.78	7.922947406768799e-05
7.79	7.851049304008484e-05
7.8	7.7761709690094e-05
7.81	7.707998156547546e-05
7.82	7.637590169906616e-05
7.83	7.572397589683533e-05
7.84	7.496029138565063e-05
7.85	7.429346442222595e-05
7.86	7.357820868492126e-05
7.87	7.295608520507812e-05
7.88	7.226318120956421e-05
7.89	7.160007953643799e-05
7.9	7.094815373420715e-05
7.91	7.031857967376709e-05
7.92	6.967410445213318e-05
7.93	6.892532110214233e-05
7.94	6.836280226707458e-05
7.95	6.762892007827759e-05
7.96	6.70216977596283e-05
7.97	6.634369492530823e-05
7.98	6.570294499397278e-05
7.99	6.511062383651733e-05
8.0	6.445124745368958e-05
8.01	6.378814578056335e-05
8.02	6.32070004940033e-05
8.03	6.261840462684631e-05
8.04	6.204098463058472e-05
8.05	6.134435534477234e-05
8.06	6.0711055994033813e-05
8.07	6.00963830947876e-05
8.08	5.9526413679122925e-05
8.09	5.885213613510132e-05
8.1	5.819648504257202e-05
8.11	5.7641416788101196e-05
8.12	5.701929330825806e-05
8.13	5.6415796279907227e-05
8.14	5.5830925703048706e-05
8.15	5.527585744857788e-05
8.16	5.475431680679321e-05
8.17	5.4176896810531616e-05
8.18	5.359575152397156e-05
8.19	5.3104013204574585e-05
8.2	5.25936484336853e-05
8.21	5.208328366279602e-05
8.22	5.154311656951904e-05
8.23	5.1058828830718994e-05
8.24	5.0552189350128174e-05
8.25	5.011260509490967e-05
8.26	4.961341619491577e-05
8.27	4.911795258522034e-05
8.28	4.859268665313721e-05
8.29	4.8100948333740234e-05
8.3	4.763901233673096e-05
8.31	4.718080163002014e-05
8.32	4.66667115688324e-05
8.33	4.618242383003235e-05
8.34	4.573538899421692e-05
8.35	4.5258551836013794e-05
8.36	4.486367106437683e-05
8.37	4.43384051322937e-05
8.38	4.391372203826904e-05
8.39	4.354119300842285e-05
8.4	4.312396049499512e-05
8.41	4.2613595724105835e-05
8.42	4.215911030769348e-05
8.43	4.176422953605652e-05
8.44	4.1369348764419556e-05
8.45	4.0922313928604126e-05
8.46	4.0475279092788696e-05
8.47	4.009529948234558e-05
8.48	3.976002335548401e-05
8.49	3.931298851966858e-05
8.5	3.8933008909225464e-05
8.51	3.8485974073410034e-05
8.52	3.815069794654846e-05
8.53	3.7807971239089966e-05
8.54	3.734976053237915e-05
8.55	3.6988407373428345e-05
8.56	3.6638230085372925e-05
8.57	3.628060221672058e-05
8.58	3.59266996383667e-05
8.59	3.557652235031128e-05
8.6	3.524497151374817e-05
8.61	3.4905970096588135e-05
8.62	3.460422158241272e-05
8.63	3.423169255256653e-05
8.64	3.390386700630188e-05
8.65	3.358721733093262e-05
8.66	3.3251941204071045e-05
8.67	3.2961368560791016e-05
8.68	3.2592564821243286e-05
8.69	3.226473927497864e-05
8.7	3.19555401802063e-05
8.71	3.167241811752319e-05
8.72	3.137439489364624e-05
8.73	3.104284405708313e-05
8.74	3.067031502723694e-05
8.75	3.0368566513061523e-05
8.76	3.0081719160079956e-05
8.77	2.9742717742919922e-05
8.78	2.940744161605835e-05
8.79	2.909451723098755e-05
8.8	2.8759241104125977e-05
8.81	2.8502196073532104e-05
8.82	2.8189271688461304e-05
8.83	2.7921050786972046e-05
8.84	2.7664005756378174e-05
8.85	2.7369707822799683e-05
8.86	2.7105212211608887e-05
8.87	2.6829540729522705e-05
8.88	2.660229802131653e-05
8.89	2.633035182952881e-05
8.9	2.608075737953186e-05
8.91	2.5823712348937988e-05
8.92	2.559274435043335e-05
8.93	2.5354325771331787e-05
8.94	2.5160610675811768e-05
8.95	2.49519944190979e-05
8.96	2.4724751710891724e-05
8.97	2.4471431970596313e-05
8.98	2.427026629447937e-05
8.99	2.4002045392990112e-05
9.0	2.3793429136276245e-05
9.01	2.3595988750457764e-05
9.02	2.3350119590759277e-05
9.03	2.3126602172851562e-05
9.04	2.292916178703308e-05
9.05	2.2698193788528442e-05
9.06	2.245977520942688e-05
9.07	2.224743366241455e-05
9.08	2.203136682510376e-05
9.09	2.180039882659912e-05
9.1	2.152472734451294e-05
9.11	2.1319836378097534e-05
9.12	2.10590660572052e-05
9.13	2.0802021026611328e-05
9.14	2.0559877157211304e-05
9.15	2.0362436771392822e-05
9.16	2.0138919353485107e-05
9.17	1.9919127225875854e-05
9.18	1.9684433937072754e-05
9.19	1.946091651916504e-05
9.2	1.9293278455734253e-05
9.21	1.9080936908721924e-05
9.22	1.8827617168426514e-05
9.23	1.8630176782608032e-05
9.24	1.8443912267684937e-05
9.25	1.8250197172164917e-05
9.26	1.8049031496047974e-05
9.27	1.784786581993103e-05
9.28	1.7687678337097168e-05
9.29	1.7501413822174072e-05
9.3	1.7330050468444824e-05
9.31	1.7136335372924805e-05
9.32	1.699104905128479e-05
9.33	1.6774982213974e-05
9.34	1.664087176322937e-05
9.35	1.6435980796813965e-05
9.36	1.624971628189087e-05
9.37	1.6104429960250854e-05
9.38	1.5944242477416992e-05
9.39	1.5780329704284668e-05
9.4	1.5638768672943115e-05
9.41	1.5445053577423096e-05
9.42	1.529976725578308e-05
9.43	1.5165656805038452e-05
9.44	1.500546932220459e-05
9.45	1.483038067817688e-05
9.46	1.4647841453552246e-05
9.47	1.4483928680419922e-05
9.48	1.4308840036392212e-05
9.49	1.4141201972961426e-05
9.5	1.3925135135650635e-05
9.51	1.3805925846099854e-05
9.52	1.3627111911773682e-05
9.53	1.3474375009536743e-05
9.54	1.3276934623718262e-05
9.55	1.3090670108795166e-05
9.56	1.2964010238647461e-05
9.57	1.2803822755813599e-05
9.58	1.2617558240890503e-05
9.59	1.2449920177459717e-05
9.6	1.2315809726715088e-05
9.61	1.2192875146865845e-05
9.62	1.2062489986419678e-05
9.63	1.1902302503585815e-05
9.64	1.1768192052841187e-05
9.65	1.1671334505081177e-05
9.66	1.1529773473739624e-05
9.67	1.1358410120010376e-05
9.68	1.126900315284729e-05
9.69	1.1108815670013428e-05
9.7	1.0982155799865723e-05
9.71	1.0833144187927246e-05
9.72	1.0717660188674927e-05
9.73	1.058727502822876e-05
9.74	1.0441988706588745e-05
9.75	1.0307878255844116e-05
9.76	1.0207295417785645e-05
9.77	1.0088086128234863e-05
9.78	9.968876838684082e-06
9.79	9.82731580734253e-06
9.8	9.726732969284058e-06
9.81	9.600073099136353e-06
9.82	9.480863809585571e-06
9.83	9.36165452003479e-06
9.84	9.26479697227478e-06
9.85	9.190291166305542e-06
9.86	9.07108187675476e-06
9.87	8.93324613571167e-06
9.88	8.843839168548584e-06
9.89	8.75815749168396e-06
9.9	8.668750524520874e-06
9.91	8.542090654373169e-06
9.92	8.400529623031616e-06
9.93	8.318573236465454e-06
9.94	8.236616849899292e-06
9.95	8.132308721542358e-06
9.96	8.013099431991577e-06
9.97	7.931143045425415e-06
9.98	7.838010787963867e-06
9.99	7.759779691696167e-06
10.0	7.659196853637695e-06
10.01	7.5660645961761475e-06
10.02	7.4803829193115234e-06
10.03	7.379800081253052e-06
10.04	7.309019565582275e-06
10.05	7.230788469314575e-06
10.06	7.1339309215545654e-06
10.07	7.078051567077637e-06
10.08	7.0035457611083984e-06
10.09	6.940215826034546e-06
10.1	6.861984729766846e-06
10.11	6.780028343200684e-06
10.12	6.6980719566345215e-06
10.13	6.649643182754517e-06
10.14	6.586313247680664e-06
10.15	6.493180990219116e-06
10.16	6.426125764846802e-06
10.17	6.3516199588775635e-06
10.18	6.258487701416016e-06
10.19	6.1802566051483154e-06
10.2	6.087124347686768e-06
10.21	6.027519702911377e-06
10.22	5.9604644775390625e-06
10.23	5.863606929779053e-06
10.24	5.792826414108276e-06
10.25	5.681067705154419e-06
10.26	5.636364221572876e-06
10.27	5.576759576797485e-06
10.28	5.494803190231323e-06
10.29	5.424022674560547e-06
10.3	5.379319190979004e-06
10.31	5.323439836502075e-06
10.32	5.27501106262207e-06
10.33	5.2228569984436035e-06
10.34	5.166977643966675e-06
10.35	5.114823579788208e-06
10.36	5.058944225311279e-06
10.37	5.0067901611328125e-06
10.38	4.947185516357422e-06
10.39	4.909932613372803e-06
10.4	4.854053258895874e-06
10.41	4.813075065612793e-06
10.42	4.757195711135864e-06
10.43	4.731118679046631e-06
10.44	4.682689905166626e-06
10.45	4.645437002182007e-06
10.46	4.61190938949585e-06
10.47	4.578381776809692e-06
10.48	4.503875970840454e-06
10.49	4.474073648452759e-06
10.5	4.4442713260650635e-06
10.51	4.377216100692749e-06
10.52	4.343688488006592e-06
10.53	4.291534423828125e-06
10.54	4.2282044887542725e-06
10.55	4.194676876068115e-06
10.56	4.127621650695801e-06
10.57	4.0978193283081055e-06
10.58	4.034489393234253e-06
10.59	3.978610038757324e-06
10.6	3.937631845474243e-06
10.61	3.874301910400391e-06
10.62	3.8333237171173096e-06
10.63	3.7588179111480713e-06
10.64	3.729015588760376e-06
10.65	3.688037395477295e-06
10.66	3.63960862159729e-06
10.67	3.591179847717285e-06
10.68	3.546476364135742e-06
10.69	3.516674041748047e-06
10.7	3.4831464290618896e-06
10.71	3.416091203689575e-06
10.72	3.38628888130188e-06
10.73	3.330409526824951e-06
10.74	3.3043324947357178e-06
10.75	3.2708048820495605e-06
10.76	3.2298266887664795e-06
10.77	3.1888484954833984e-06
10.78	3.155320882797241e-06
10.79	3.125518560409546e-06
10.8	3.0957162380218506e-06
10.81	3.0659139156341553e-06
10.82	3.028661012649536e-06
10.83	2.998858690261841e-06
10.84	2.954155206680298e-06
10.85	2.9280781745910645e-06
10.86	2.8759241104125977e-06
10.87	2.8274953365325928e-06
10.88	2.7976930141448975e-06
10.89	2.779066562652588e-06
10.9	2.723187208175659e-06
10.91	2.689659595489502e-06
10.92	2.6561319828033447e-06
10.93	2.637505531311035e-06
10.94	2.592802047729492e-06
10.95	2.5480985641479492e-06
10.96	2.4959444999694824e-06
10.97	2.473592758178711e-06
10.98	2.4586915969848633e-06
10.99	2.3990869522094727e-06
11.0	2.3543834686279297e-06
11.01	2.3208558559417725e-06
11.02	2.3096799850463867e-06
11.03	2.2724270820617676e-06
11.04	2.2277235984802246e-06
11.05	2.1941959857940674e-06
11.06	2.1830201148986816e-06
11.07	2.1494925022125244e-06
11.08	2.123415470123291e-06
11.09	2.0712614059448242e-06
11.1	2.045184373855591e-06
11.11	2.0191073417663574e-06
11.12	1.993030309677124e-06
11.13	1.9632279872894287e-06
11.14	1.944601535797119e-06
11.15	1.9185245037078857e-06
11.16	1.8849968910217285e-06
11.17	1.8700957298278809e-06
11.18	1.8402934074401855e-06
11.19	1.8030405044555664e-06
11.2	1.776963472366333e-06
11.21	1.7546117305755615e-06
11.22	1.7397105693817139e-06
11.23	1.7024576663970947e-06
11.24	1.6726553440093994e-06
11.25	1.6652047634124756e-06
11.26	1.646578311920166e-06
11.27	1.6316771507263184e-06
11.28	1.5944242477416992e-06
11.29	1.5757977962493896e-06
11.3	1.5497207641601562e-06
11.31	1.5385448932647705e-06
11.32	1.4938414096832275e-06
11.33	1.4565885066986084e-06
11.34	1.4491379261016846e-06
11.35	1.4230608940124512e-06
11.36	1.3932585716247559e-06
11.37	1.3597309589385986e-06
11.38	1.3336539268493652e-06
11.39	1.3224780559539795e-06
11.4	1.296401023864746e-06
11.41	1.2516975402832031e-06
11.42	1.2367963790893555e-06
11.43	1.218169927597046e-06
11.44	1.1995434761047363e-06
11.45	1.169741153717041e-06
11.46	1.1473894119262695e-06
11.47	1.1436641216278076e-06
11.48	1.1324882507324219e-06
11.49	1.1064112186431885e-06
11.5	1.0952353477478027e-06
11.51	1.0915100574493408e-06
11.52	1.087784767150879e-06
11.53	1.080334186553955e-06
11.54	1.0654330253601074e-06
11.55	1.0505318641662598e-06
11.56	1.039355993270874e-06
11.57	1.0281801223754883e-06
11.58	1.0170042514801025e-06
11.59	1.0170042514801025e-06
11.6	1.0021030902862549e-06
11.61	9.797513484954834e-07
11.62	9.723007678985596e-07
11.63	9.5367431640625e-07
11.64	9.499490261077881e-07
11.65	9.275972843170166e-07
11.66	9.015202522277832e-07
11.67	8.940696716308594e-07
11.68	8.791685104370117e-07
11.69	8.67992639541626e-07
11.7	8.568167686462402e-07
11.71	8.456408977508545e-07
11.72	8.381903171539307e-07
11.73	8.307397365570068e-07
11.74	8.121132850646973e-07
11.75	8.046627044677734e-07
11.76	7.897615432739258e-07
11.77	7.7858567237854e-07
11.78	7.711350917816162e-07
11.79	7.599592208862305e-07
11.8	7.487833499908447e-07
11.81	7.413327693939209e-07
11.82	7.301568984985352e-07
11.83	7.227063179016113e-07
11.84	7.078051567077637e-07
11.85	7.040798664093018e-07
11.86	6.92903995513916e-07
11.87	6.891787052154541e-07
11.88	6.854534149169922e-07
11.89	6.705522537231445e-07
11.9	6.668269634246826e-07
11.91	6.631016731262207e-07
11.92	6.631016731262207e-07
11.93	6.556510925292969e-07
11.94	6.48200511932373e-07
11.95	6.48200511932373e-07
11.96	6.407499313354492e-07
11.97	6.370246410369873e-07
11.98	6.332993507385254e-07
11.99	6.183981895446777e-07
12.0	6.109476089477539e-07
12.01	6.034970283508301e-07
12.02	5.997717380523682e-07
12.03	5.885958671569824e-07
12.04	5.848705768585205e-07
12.05	5.736947059631348e-07
12.06	5.736947059631348e-07
12.07	5.587935447692871e-07
12.08	5.476176738739014e-07
12.09	5.438923835754395e-07
12.1	5.364418029785156e-07
12.11	5.327165126800537e-07
12.12	5.103647708892822e-07
12.13	5.029141902923584e-07
12.14	4.991888999938965e-07
12.15	4.954636096954346e-07
12.16	4.880130290985107e-07
12.17	4.805624485015869e-07
12.18	4.76837158203125e-07
12.19	4.731118679046631e-07
12.2	4.6938657760620117e-07
12.21	4.6938657760620117e-07
12.22	4.544854164123535e-07
12.23	4.507601261138916e-07
12.24	4.470348358154297e-07
12.25	4.4330954551696777e-07
12.26	4.3958425521850586e-07
12.27	4.3585896492004395e-07
12.28	4.284083843231201e-07
12.29	4.246830940246582e-07
12.3	4.209578037261963e-07
12.31	4.172325134277344e-07
12.32	4.0605664253234863e-07
12.33	3.948807716369629e-07
12.34	3.948807716369629e-07
12.35	3.8370490074157715e-07
12.36	3.762543201446533e-07
12.37	3.688037395477295e-07
12.38	3.6135315895080566e-07
12.39	3.6135315895080566e-07
12.4	3.501772880554199e-07
12.41	3.390014171600342e-07
12.42	3.3527612686157227e-07
12.43	3.3155083656311035e-07
12.44	3.3155083656311035e-07
12.45	3.0919909477233887e-07
12.46	3.0547380447387695e-07
12.47	3.0174851417541504e-07
12.48	2.942979335784912e-07
12.49	2.905726432800293e-07
12.5	2.7939677238464355e-07
12.51	2.7567148208618164e-07
12.52	2.7194619178771973e-07
12.53	2.644956111907959e-07
12.54	2.5704503059387207e-07
12.55	2.5704503059387207e-07
12.56	2.4959444999694824e-07
12.57	2.4586915969848633e-07
12.58	2.3469328880310059e-07
12.59	2.3096799850463867e-07
12.6	2.3096799850463867e-07
12.61	2.2351741790771484e-07
12.62	2.2351741790771484e-07
12.63	2.1979212760925293e-07
12.64	2.1606683731079102e-07
12.65	2.1606683731079102e-07
12.66	2.123415470123291e-07
12.67	2.123415470123291e-07
12.68	2.0116567611694336e-07
12.69	1.9744038581848145e-07
12.7	1.9371509552001953e-07
12.71	1.9371509552001953e-07
12.72	1.9371509552001953e-07
12.73	1.825392246246338e-07
12.74	1.7881393432617188e-07
12.75	1.7508864402770996e-07
12.76	1.7508864402770996e-07
12.77	1.7508864402770996e-07
12.78	1.601874828338623e-07
12.79	1.564621925354004e-07
12.8	1.564621925354004e-07
12.81	1.4901161193847656e-07
12.82	1.4528632164001465e-07
12.83	1.341104507446289e-07
12.84	1.30385160446167e-07
12.85	1.2665987014770508e-07
12.86	1.2293457984924316e-07
12.87	1.1175870895385742e-07
12.88	1.1175870895385742e-07
12.89	1.0803341865539551e-07
12.9	1.043081283569336e-07
12.91	1.0058283805847168e-07
12.92	9.685754776000977e-08
12.93	9.685754776000977e-08
12.94	9.313225746154785e-08
12.95	9.313225746154785e-08
12.96	8.940696716308594e-08
12.97	8.940696716308594e-08
12.98	8.940696716308594e-08
12.99	8.940696716308594e-08
13.0	8.940696716308594e-08
13.01	8.940696716308594e-08
13.02	8.940696716308594e-08
13.03	8.940696716308594e-08
13.04	8.940696716308594e-08
13.05	8.940696716308594e-08
13.06	8.568167686462402e-08
13.07	8.568167686462402e-08
13.08	8.568167686462402e-08
13.09	8.568167686462402e-08
13.1	8.568167686462402e-08
13.11	8.195638656616211e-08
13.12	8.195638656616211e-08
13.13	8.195638656616211e-08
13.14	7.82310962677002e-08
13.15	7.450580596923828e-08
13.16	7.450580596923828e-08
13.17	7.450580596923828e-08
13.18	7.450580596923828e-08
13.19	7.078051567077637e-08
13.2	6.705522537231445e-08
13.21	6.705522537231445e-08
13.22	6.705522537231445e-08
13.23	6.705522537231445e-08
13.24	6.332993507385254e-08
13.25	6.332993507385254e-08
13.26	5.960464477539063e-08
13.27	5.960464477539063e-08
13.28	5.960464477539063e-08
13.29	5.587935447692871e-08
13.3	5.587935447692871e-08
13.31	5.21540641784668e-08
13.32	5.21540641784668e-08
13.33	5.21540641784668e-08
13.34	5.21540641784668e-08
13.35	5.21540641784668e-08
13.36	5.21540641784668e-08
13.37	5.21540641784668e-08
13.38	5.21540641784668e-08
13.39	5.21540641784668e-08
13.4	5.21540641784668e-08
13.41	5.21540641784668e-08
13.42	5.21540641784668e-08
13.43	5.21540641784668e-08
13.44	5.21540641784668e-08
13.45	4.842877388000488e-08
13.46	4.842877388000488e-08
13.47	4.842877388000488e-08
13.48	4.470348358154297e-08
13.49	4.470348358154297e-08
13.5	4.0978193283081055e-08
13.51	4.0978193283081055e-08
13.52	4.0978193283081055e-08
13.53	3.725290298461914e-08
13.54	3.725290298461914e-08
13.55	3.725290298461914e-08
13.56	3.725290298461914e-08
13.57	3.725290298461914e-08
13.58	3.725290298461914e-08
13.59	3.725290298461914e-08
13.6	3.725290298461914e-08
13.61	3.725290298461914e-08
13.62	3.725290298461914e-08
13.63	3.725290298461914e-08
13.64	3.725290298461914e-08
13.65	3.725290298461914e-08
13.66	3.725290298461914e-08
13.67	3.725290298461914e-08
13.68	3.725290298461914e-08
13.69	3.725290298461914e-08
13.7	3.725290298461914e-08
13.71	3.3527612686157227e-08
13.72	3.3527612686157227e-08
13.73	3.3527612686157227e-08
13.74	3.3527612686157227e-08
13.75	3.3527612686157227e-08
13.76	3.3527612686157227e-08
13.77	2.9802322387695312e-08
13.78	2.9802322387695312e-08
13.79	2.9802322387695312e-08
13.8	2.9802322387695312e-08
13.81	2.60770320892334e-08
13.82	2.60770320892334e-08
13.83	2.60770320892334e-08
13.84	2.60770320892334e-08
13.85	2.60770320892334e-08
13.86	2.2351741790771484e-08
13.87	2.2351741790771484e-08
13.88	2.2351741790771484e-08
13.89	2.2351741790771484e-08
13.9	2.2351741790771484e-08
13.91	1.862645149230957e-08
13.92	1.862645149230957e-08
13.93	1.862645149230957e-08
13.94	1.4901161193847656e-08
13.95	1.4901161193847656e-08
13.96	1.1175870895385742e-08
13.97	1.1175870895385742e-08
13.98	1.1175870895385742e-08
13.99	7.450580596923828e-09
14.0	7.450580596923828e-09
14.01	7.450580596923828e-09
14.02	7.450580596923828e-09
14.03	7.450580596923828e-09
14.04	7.450580596923828e-09
14.05	7.450580596923828e-09
14.06	7.450580596923828e-09
14.07	7.450580596923828e-09
14.08	7.450580596923828e-09
14.09	7.450580596923828e-09
14.1	7.450580596923828e-09
14.11	7.450580596923828e-09
14.12	7.450580596923828e-09
14.13	7.450580596923828e-09
14.14	7.450580596923828e-09
14.15	7.450580596923828e-09
14.16	7.450580596923828e-09
14.17	7.450580596923828e-09
14.18	7.450580596923828e-09
14.19	7.450580596923828e-09
14.2	7.450580596923828e-09
14.21	7.450580596923828e-09
14.22	7.450580596923828e-09
14.23	7.450580596923828e-09
14.24	7.450580596923828e-09
14.25	7.450580596923828e-09
14.26	7.450580596923828e-09
14.27	3.725290298461914e-09
14.28	3.725290298461914e-09
14.29	3.725290298461914e-09
14.3	3.725290298461914e-09
14.31	3.725290298461914e-09
14.32	0.0
