5.92	0.0005035400390625
5.93	0.00048828125
5.94	0.00048828125
5.95	0.00048828125
5.96	0.0004730224609375
5.97	0.000457763671875
5.98	0.000457763671875
5.99	0.000457763671875
6.0	0.000457763671875
6.01	0.000457763671875
6.02	0.000457763671875
6.03	0.000457763671875
6.04	0.000457763671875
6.05	0.000457763671875
6.06	0.0004425048828125
6.07	0.0004425048828125
6.08	0.0004425048828125
6.09	0.0004425048828125
6.1	0.0004425048828125
6.11	0.0004425048828125
6.12	0.0004425048828125
6.13	0.0004425048828125
6.14	0.0004425048828125
6.15	0.0004119873046875
6.16	0.0004119873046875
6.17	0.0004119873046875
6.18	0.000396728515625
6.19	0.000396728515625
6.2	0.000396728515625
6.21	0.000396728515625
6.22	0.0003814697265625
6.23	0.0003814697265625
6.24	0.0003662109375
6.25	0.0003662109375
6.26	0.0003662109375
6.27	0.0003662109375
6.28	0.0003662109375
6.29	0.0003662109375
6.3	0.0003662109375
6.31	0.0003662109375
6.32	0.0003662109375
6.33	0.0003662109375
6.34	0.0003662109375
6.35	0.0003509521484375
6.36	0.0003509521484375
6.37	0.0003509521484375
6.38	0.0003509521484375
6.39	0.0003509521484375
6.4	0.0003509521484375
6.41	0.0003509521484375
6.42	0.0003509521484375
6.43	0.0003509521484375
6.44	0.0003204345703125
6.45	0.0003204345703125
6.46	0.0003204345703125
6.47	0.0003204345703125
6.48	0.0003204345703125
6.49	0.00030517578125
6.5	0.00030517578125
6.51	0.00030517578125
6.52	0.0002899169921875
6.53	0.0002899169921875
6.54	0.0002899169921875
6.55	0.0002899169921875
6.56	0.0002899169921875
6.57	0.0002899169921875
6.58	0.0002899169921875
6.59	0.0002899169921875
6.6	0.000274658203125
6.61	0.000274658203125
6.62	0.0002593994140625
6.63	0.0002593994140625
6.64	0.0002593994140625
6.65	0.0002593994140625
6.66	0.0002593994140625
6.67	0.0002593994140625
6.68	0.0002593994140625
6.69	0.000244140625
6.7	0.000244140625
6.71	0.0002288818359375
6.72	0.0002288818359375
6.73	0.0001983642578125
6.74	0.0001983642578125
6.75	0.00018310546875
6.76	0.00018310546875
6.77	0.00018310546875
6.78	0.00018310546875
6.79	0.00018310546875
6.8	0.00018310546875
6.81	0.00018310546875
6.82	0.00018310546875
6.83	0.0001678466796875
6.84	0.0001678466796875
6.85	0.000152587890625
6.86	0.000152587890625
6.87	0.000152587890625
6.88	0.000152587890625
6.89	0.000152587890625
6.9	0.000152587890625
6.91	0.000152587890625
6.92	0.000152587890625
6.93	0.000152587890625
6.94	0.000152587890625
6.95	0.000152587890625
6.96	0.000152587890625
6.97	0.000152587890625
6.98	0.0001373291015625
6.99	0.0001373291015625
7.0	0.0001220703125
7.01	0.0001220703125
7.02	0.0001220703125
7.03	0.0001220703125
7.04	0.0001220703125
7.05	0.0001220703125
7.06	0.0001220703125
7.07	0.0001220703125
7.08	0.0001220703125
7.09	0.0001220703125
7.1	0.0001220703125
7.11	0.0001220703125
7.12	0.0001068115234375
7.13	0.0001068115234375
7.14	9.1552734375e-05
7.15	9.1552734375e-05
7.16	9.1552734375e-05
7.17	9.1552734375e-05
7.18	9.1552734375e-05
7.19	9.1552734375e-05
7.2	9.1552734375e-05
7.21	9.1552734375e-05
7.22	9.1552734375e-05
7.23	9.1552734375e-05
7.24	9.1552734375e-05
7.25	9.1552734375e-05
7.26	9.1552734375e-05
7.27	9.1552734375e-05
7.28	9.1552734375e-05
7.29	9.1552734375e-05
7.3	9.1552734375e-05
7.31	9.1552734375e-05
7.32	9.1552734375e-05
7.33	9.1552734375e-05
7.34	9.1552734375e-05
7.35	9.1552734375e-05
7.36	9.1552734375e-05
7.37	9.1552734375e-05
7.38	9.1552734375e-05
7.39	9.1552734375e-05
7.4	9.1552734375e-05
7.41	9.1552734375e-05
7.42	9.1552734375e-05
7.43	9.1552734375e-05
7.44	9.1552734375e-05
7.45	9.1552734375e-05
7.46	9.1552734375e-05
7.47	9.1552734375e-05
7.48	9.1552734375e-05
7.49	7.62939453125e-05
7.5	7.62939453125e-05
7.51	6.103515625e-05
7.52	6.103515625e-05
7.53	6.103515625e-05
7.54	6.103515625e-05
7.55	6.103515625e-05
7.56	6.103515625e-05
7.57	6.103515625e-05
7.58	4.57763671875e-05
7.59	4.57763671875e-05
7.6	4.57763671875e-05
7.61	3.0517578125e-05
7.62	3.0517578125e-05
7.63	3.0517578125e-05
7.64	3.0517578125e-05
7.65	3.0517578125e-05
7.66	3.0517578125e-05
7.67	3.0517578125e-05
7.68	3.0517578125e-05
7.69	3.0517578125e-05
7.7	3.0517578125e-05
7.71	3.0517578125e-05
7.72	3.0517578125e-05
7.73	3.0517578125e-05
7.74	3.0517578125e-05
7.75	3.0517578125e-05
7.76	3.0517578125e-05
7.77	3.0517578125e-05
7.78	3.0517578125e-05
7.79	3.0517578125e-05
7.8	3.0517578125e-05
7.81	3.0517578125e-05
7.82	3.0517578125e-05
7.83	3.0517578125e-05
7.84	3.0517578125e-05
7.85	3.0517578125e-05
7.86	3.0517578125e-05
7.87	1.52587890625e-05
7.88	1.52587890625e-05
7.89	0.0
