5.87	0.0005016326904296875
5.88	0.00049591064453125
5.89	0.000492095947265625
5.9	0.0004863739013671875
5.91	0.00048351287841796875
5.92	0.00047779083251953125
5.93	0.00047397613525390625
5.94	0.00047016143798828125
5.95	0.00046825408935546875
5.96	0.00046443939208984375
5.97	0.000461578369140625
5.98	0.00045680999755859375
5.99	0.00045680999755859375
6.0	0.00045108795166015625
6.01	0.00044727325439453125
6.02	0.00044727325439453125
6.03	0.00044155120849609375
6.04	0.00043773651123046875
6.05	0.00043392181396484375
6.06	0.00043010711669921875
6.07	0.0004291534423828125
6.08	0.000423431396484375
6.09	0.0004215240478515625
6.1	0.0004177093505859375
6.11	0.0004119873046875
6.12	0.0004100799560546875
6.13	0.0004024505615234375
6.14	0.000400543212890625
6.15	0.000396728515625
6.16	0.00039196014404296875
6.17	0.00039196014404296875
6.18	0.00039005279541015625
6.19	0.000385284423828125
6.2	0.00038433074951171875
6.21	0.0003795623779296875
6.22	0.0003757476806640625
6.23	0.00037288665771484375
6.24	0.00036525726318359375
6.25	0.00036334991455078125
6.26	0.00036144256591796875
6.27	0.00035953521728515625
6.28	0.0003566741943359375
6.29	0.00035381317138671875
6.3	0.0003528594970703125
6.31	0.00035190582275390625
6.32	0.00034618377685546875
6.33	0.00034618377685546875
6.34	0.00033855438232421875
6.35	0.0003376007080078125
6.36	0.00033664703369140625
6.37	0.000335693359375
6.38	0.000335693359375
6.39	0.00033092498779296875
6.4	0.0003261566162109375
6.41	0.00032329559326171875
6.42	0.0003223419189453125
6.43	0.0003204345703125
6.44	0.00031757354736328125
6.45	0.000316619873046875
6.46	0.00031566619873046875
6.47	0.00031185150146484375
6.48	0.00030994415283203125
6.49	0.00030517578125
6.5	0.0003032684326171875
6.51	0.00030231475830078125
6.52	0.00030040740966796875
6.53	0.00029754638671875
6.54	0.0002956390380859375
6.55	0.00029277801513671875
6.56	0.00029277801513671875
6.57	0.0002918243408203125
6.58	0.00028514862060546875
6.59	0.0002841949462890625
6.6	0.00028133392333984375
6.61	0.00027942657470703125
6.62	0.00027561187744140625
6.63	0.000274658203125
6.64	0.000274658203125
6.65	0.000274658203125
6.66	0.000270843505859375
6.67	0.0002689361572265625
6.68	0.00026607513427734375
6.69	0.0002651214599609375
6.7	0.0002613067626953125
6.71	0.00025844573974609375
6.72	0.00025653839111328125
6.73	0.000255584716796875
6.74	0.00025463104248046875
6.75	0.0002536773681640625
6.76	0.00025177001953125
6.77	0.000247955322265625
6.78	0.00024700164794921875
6.79	0.00024509429931640625
6.8	0.000244140625
6.81	0.00023937225341796875
6.82	0.00023937225341796875
6.83	0.0002384185791015625
6.84	0.00023746490478515625
6.85	0.00023365020751953125
6.86	0.00023174285888671875
6.87	0.00022983551025390625
6.88	0.00022792816162109375
6.89	0.0002269744873046875
6.9	0.000225067138671875
6.91	0.00022220611572265625
6.92	0.00022125244140625
6.93	0.0002193450927734375
6.94	0.00021839141845703125
6.95	0.00021648406982421875
6.96	0.0002117156982421875
6.97	0.00021076202392578125
6.98	0.00020885467529296875
6.99	0.00020599365234375
7.0	0.00020503997802734375
7.01	0.00020503997802734375
7.02	0.00020313262939453125
7.03	0.00020313262939453125
7.04	0.0002002716064453125
7.05	0.00019931793212890625
7.06	0.00019550323486328125
7.07	0.00019359588623046875
7.08	0.00019359588623046875
7.09	0.00019168853759765625
7.1	0.00019073486328125
7.11	0.00018978118896484375
7.12	0.0001888275146484375
7.13	0.00018787384033203125
7.14	0.0001850128173828125
7.15	0.00018310546875
7.16	0.00018215179443359375
7.17	0.000179290771484375
7.18	0.00017833709716796875
7.19	0.0001773834228515625
7.2	0.0001773834228515625
7.21	0.00017452239990234375
7.22	0.0001735687255859375
7.23	0.00017261505126953125
7.24	0.000171661376953125
7.25	0.00016880035400390625
7.26	0.0001678466796875
7.27	0.0001678466796875
7.28	0.00016689300537109375
7.29	0.000164031982421875
7.3	0.0001621246337890625
7.31	0.0001621246337890625
7.32	0.00016117095947265625
7.33	0.00015735626220703125
7.34	0.00015735626220703125
7.35	0.00015544891357421875
7.36	0.0001544952392578125
7.37	0.000152587890625
7.38	0.000152587890625
7.39	0.00015163421630859375
7.4	0.0001506805419921875
7.41	0.00014972686767578125
7.42	0.000148773193359375
7.43	0.00014591217041015625
7.44	0.00014495849609375
7.45	0.00014400482177734375
7.46	0.0001430511474609375
7.47	0.000141143798828125
7.48	0.00014019012451171875
7.49	0.00013828277587890625
7.5	0.00013828277587890625
7.51	0.00013637542724609375
7.52	0.0001354217529296875
7.53	0.0001354217529296875
7.54	0.000133514404296875
7.55	0.0001316070556640625
7.56	0.00013065338134765625
7.57	0.00013065338134765625
7.58	0.0001277923583984375
7.59	0.0001277923583984375
7.6	0.0001277923583984375
7.61	0.00012683868408203125
7.62	0.0001239776611328125
7.63	0.00012302398681640625
7.64	0.00012111663818359375
7.65	0.00012111663818359375
7.66	0.0001201629638671875
7.67	0.0001201629638671875
7.68	0.000118255615234375
7.69	0.00011730194091796875
7.7	0.00011539459228515625
7.71	0.00011444091796875
7.72	0.00011348724365234375
7.73	0.000110626220703125
7.74	0.000110626220703125
7.75	0.000110626220703125
7.76	0.00010967254638671875
7.77	0.00010776519775390625
7.78	0.00010776519775390625
7.79	0.0001068115234375
7.8	0.0001068115234375
7.81	0.000102996826171875
7.82	0.00010204315185546875
7.83	9.918212890625e-05
7.84	9.918212890625e-05
7.85	9.822845458984375e-05
7.86	9.822845458984375e-05
7.87	9.72747802734375e-05
7.88	9.72747802734375e-05
7.89	9.441375732421875e-05
7.9	9.441375732421875e-05
7.91	9.1552734375e-05
7.92	8.96453857421875e-05
7.93	8.96453857421875e-05
7.94	8.869171142578125e-05
7.95	8.869171142578125e-05
7.96	8.869171142578125e-05
7.97	8.869171142578125e-05
7.98	8.678436279296875e-05
7.99	8.58306884765625e-05
8.0	8.487701416015625e-05
8.01	8.487701416015625e-05
8.02	8.20159912109375e-05
8.03	8.20159912109375e-05
8.04	8.106231689453125e-05
8.05	8.106231689453125e-05
8.06	7.915496826171875e-05
8.07	7.82012939453125e-05
8.08	7.82012939453125e-05
8.09	7.82012939453125e-05
8.1	7.534027099609375e-05
8.11	7.534027099609375e-05
8.12	7.43865966796875e-05
8.13	7.43865966796875e-05
8.14	7.43865966796875e-05
8.15	7.343292236328125e-05
8.16	7.343292236328125e-05
8.17	7.05718994140625e-05
8.18	6.961822509765625e-05
8.19	6.866455078125e-05
8.2	6.771087646484375e-05
8.21	6.771087646484375e-05
8.22	6.771087646484375e-05
8.23	6.771087646484375e-05
8.24	6.771087646484375e-05
8.25	6.389617919921875e-05
8.26	6.29425048828125e-05
8.27	6.198883056640625e-05
8.28	6.198883056640625e-05
8.29	6.008148193359375e-05
8.3	5.91278076171875e-05
8.31	5.91278076171875e-05
8.32	5.91278076171875e-05
8.33	5.817413330078125e-05
8.34	5.817413330078125e-05
8.35	5.7220458984375e-05
8.36	5.7220458984375e-05
8.37	5.626678466796875e-05
8.38	5.53131103515625e-05
8.39	5.340576171875e-05
8.4	5.14984130859375e-05
8.41	5.14984130859375e-05
8.42	5.14984130859375e-05
8.43	5.054473876953125e-05
8.44	5.054473876953125e-05
8.45	5.054473876953125e-05
8.46	4.9591064453125e-05
8.47	4.863739013671875e-05
8.48	4.57763671875e-05
8.49	4.57763671875e-05
8.5	4.57763671875e-05
8.51	4.57763671875e-05
8.52	4.57763671875e-05
8.53	4.57763671875e-05
8.54	4.482269287109375e-05
8.55	4.38690185546875e-05
8.56	4.291534423828125e-05
8.57	4.291534423828125e-05
8.58	4.1961669921875e-05
8.59	4.100799560546875e-05
8.6	4.100799560546875e-05
8.61	4.00543212890625e-05
8.62	3.910064697265625e-05
8.63	3.814697265625e-05
8.64	3.719329833984375e-05
8.65	3.719329833984375e-05
8.66	3.62396240234375e-05
8.67	3.528594970703125e-05
8.68	3.528594970703125e-05
8.69	3.4332275390625e-05
8.7	3.4332275390625e-05
8.71	3.4332275390625e-05
8.72	3.4332275390625e-05
8.73	3.337860107421875e-05
8.74	3.337860107421875e-05
8.75	3.24249267578125e-05
8.76	3.24249267578125e-05
8.77	3.0517578125e-05
8.78	3.0517578125e-05
8.79	2.956390380859375e-05
8.8	2.956390380859375e-05
8.81	2.956390380859375e-05
8.82	2.86102294921875e-05
8.83	2.765655517578125e-05
8.84	2.765655517578125e-05
8.85	2.574920654296875e-05
8.86	2.574920654296875e-05
8.87	2.47955322265625e-05
8.88	2.47955322265625e-05
8.89	2.47955322265625e-05
8.9	2.47955322265625e-05
8.91	2.47955322265625e-05
8.92	2.384185791015625e-05
8.93	2.384185791015625e-05
8.94	2.288818359375e-05
8.95	2.193450927734375e-05
8.96	2.193450927734375e-05
8.97	2.193450927734375e-05
8.98	2.09808349609375e-05
8.99	2.09808349609375e-05
9.0	2.002716064453125e-05
9.01	2.002716064453125e-05
9.02	1.9073486328125e-05
9.03	1.811981201171875e-05
9.04	1.811981201171875e-05
9.05	1.811981201171875e-05
9.06	1.71661376953125e-05
9.07	1.71661376953125e-05
9.08	1.71661376953125e-05
9.09	1.71661376953125e-05
9.1	1.71661376953125e-05
9.11	1.71661376953125e-05
9.12	1.71661376953125e-05
9.13	1.621246337890625e-05
9.14	1.621246337890625e-05
9.15	1.52587890625e-05
9.16	1.430511474609375e-05
9.17	1.430511474609375e-05
9.18	1.430511474609375e-05
9.19	1.430511474609375e-05
9.2	1.430511474609375e-05
9.21	1.33514404296875e-05
9.22	1.33514404296875e-05
9.23	1.239776611328125e-05
9.24	1.239776611328125e-05
9.25	1.1444091796875e-05
9.26	1.1444091796875e-05
9.27	1.1444091796875e-05
9.28	1.1444091796875e-05
9.29	1.1444091796875e-05
9.3	1.1444091796875e-05
9.31	1.049041748046875e-05
9.32	1.049041748046875e-05
9.33	1.049041748046875e-05
9.34	1.049041748046875e-05
9.35	1.049041748046875e-05
9.36	9.5367431640625e-06
9.37	9.5367431640625e-06
9.38	9.5367431640625e-06
9.39	8.58306884765625e-06
9.4	8.58306884765625e-06
9.41	8.58306884765625e-06
9.42	8.58306884765625e-06
9.43	8.58306884765625e-06
9.44	7.62939453125e-06
9.45	7.62939453125e-06
9.46	7.62939453125e-06
9.47	7.62939453125e-06
9.48	7.62939453125e-06
9.49	7.62939453125e-06
9.5	7.62939453125e-06
9.51	6.67572021484375e-06
9.52	5.7220458984375e-06
9.53	5.7220458984375e-06
9.54	5.7220458984375e-06
9.55	5.7220458984375e-06
9.56	5.7220458984375e-06
9.57	5.7220458984375e-06
9.58	5.7220458984375e-06
9.59	4.76837158203125e-06
9.6	3.814697265625e-06
9.61	3.814697265625e-06
9.62	3.814697265625e-06
9.63	3.814697265625e-06
9.64	3.814697265625e-06
9.65	3.814697265625e-06
9.66	3.814697265625e-06
9.67	3.814697265625e-06
9.68	3.814697265625e-06
9.69	3.814697265625e-06
9.7	3.814697265625e-06
9.71	3.814697265625e-06
9.72	3.814697265625e-06
9.73	2.86102294921875e-06
9.74	2.86102294921875e-06
9.75	2.86102294921875e-06
9.76	2.86102294921875e-06
9.77	2.86102294921875e-06
9.78	2.86102294921875e-06
9.79	2.86102294921875e-06
9.8	2.86102294921875e-06
9.81	1.9073486328125e-06
9.82	1.9073486328125e-06
9.83	1.9073486328125e-06
9.84	1.9073486328125e-06
9.85	1.9073486328125e-06
9.86	1.9073486328125e-06
9.87	1.9073486328125e-06
9.88	9.5367431640625e-07
9.89	9.5367431640625e-07
9.9	9.5367431640625e-07
9.91	9.5367431640625e-07
9.92	9.5367431640625e-07
9.93	9.5367431640625e-07
9.94	9.5367431640625e-07
9.95	9.5367431640625e-07
9.96	0.0
