4.53	0.0005039944326199475
4.54	0.0004994929713575402
4.55	0.0004950494635522773
4.56	0.0004906284038952435
4.57	0.00048624311239109375
4.58	0.0004819043467705342
4.59	0.0004775858214998152
4.6	0.00047330433153547347
4.61	0.0004690732650942664
4.62	0.0004648496549179981
4.63	0.00046069666586845415
4.64	0.00045653967436010134
4.65	0.00045244984380587994
4.66	0.00044835841390522546
4.67	0.00044434244068725093
4.68	0.00044032309665453795
4.69	0.00043631382482089975
4.7	0.00043242138713139866
4.71	0.0004285008458282391
4.72	0.000424626776293735
4.73	0.00042074316252183053
4.74	0.00041696477637742646
4.75	0.0004131922355554707
4.76	0.0004094248427009006
4.77	0.00040572926923232444
4.78	0.00040202589411819645
4.79	0.00039838355610299914
4.8	0.0003947614163735125
4.81	0.000391156354226041
4.82	0.0003875943136790738
4.83	0.00038405413556574786
4.84	0.0003805378391916747
4.85	0.0003770637056277337
4.86	0.0003736123126145685
4.87	0.0003701890486809134
4.88	0.0003667842768209084
4.89	0.00036343725832921336
4.9	0.0003600791892495181
4.91	0.00035678746439771203
4.92	0.0003534966760980751
4.93	0.00035024624980906083
4.94	0.0003469913694971183
4.95	0.0003438081419062655
4.96	0.0003406422274565557
4.97	0.0003374923560386378
4.98	0.00033433642033742217
4.99	0.0003312895189537812
5.0	0.00032820422575241537
5.01	0.0003251774178352207
5.02	0.0003221533054329484
5.03	0.00031916901525619323
5.04	0.0003161959812132409
5.05	0.0003132590227323817
5.06	0.00031033699633553624
5.07	0.0003074452313285292
5.08	0.000304584534433161
5.09	0.00030173700042723794
5.1	0.0002989254846852418
5.11	0.000296135021471855
5.12	0.0002933558635049849
5.13	0.0002906275615259801
5.14	0.0002878853254060232
5.15	0.00028520370119622385
5.16	0.0002825176068199653
5.17	0.0002798625687319145
5.18	0.0002772273192022112
5.19	0.0002745865858742036
5.2	0.00027203171225664846
5.21	0.00026945950526169327
5.22	0.0002669218508799531
5.23	0.00026437798692313663
5.24	0.0002619042202240962
5.25	0.00025943117316273856
5.26	0.00025696798661556386
5.27	0.0002545415213717206
5.28	0.00025211599381691485
5.29	0.00024973281620077614
5.3	0.00024735114675422665
5.31	0.0002450007291372458
5.32	0.00024267603112093639
5.33	0.0002403565197255375
5.34	0.00023807054094504565
5.35	0.00023579891967528965
5.36	0.00023354432573796657
5.37	0.0002313189136202709
5.38	0.00022909975496077095
5.39	0.00022691877961733553
5.4	0.00022473641206488537
5.41	0.00022258514468376234
5.42	0.00022044871548132505
5.43	0.0002183302337925852
5.44	0.00021621101268465281
5.45	0.0002141528129868675
5.46	0.00021209404349065153
5.47	0.0002100411641094979
5.48	0.00020799788239855843
5.49	0.00020600825428118696
5.5	0.00020400803396114497
5.51	0.00020204798192935414
5.52	0.00020007735520266579
5.53	0.00019815138603007654
5.54	0.00019622281274678244
5.55	0.00019431800069469318
5.56	0.00019243403880864207
5.57	0.0001905576098124584
5.58	0.00018870674557547318
5.59	0.00018686972998693818
5.6	0.00018504594709156663
5.61	0.00018324377356293553
5.62	0.0001814533575270616
5.63	0.0001796834371816658
5.64	0.000177919613861377
5.65	0.00017618710649003333
5.66	0.00017445321668674296
5.67	0.00017274676406486833
5.68	0.00017105177767007262
5.69	0.00016935161988840264
5.7	0.000167708975595815
5.71	0.00016605155951765482
5.72	0.00016442141168226954
5.73	0.0001627831522910128
5.74	0.00016119051906571258
5.75	0.0001596089166469028
5.76	0.00015802252914909332
5.77	0.00015646595511498163
5.78	0.00015491071894757624
5.79	0.00015337460013142845
5.8	0.0001518510418918595
5.81	0.00015034294597171538
5.82	0.00014885094446981384
5.83	0.00014736707476004085
5.84	0.00014590638784284238
5.85	0.00014445216038438957
5.86	0.00014301088413049
5.87	0.00014158901990413142
5.88	0.00014017107264407969
5.89	0.0001387732763760141
5.9	0.00013737956874138035
5.91	0.0001360102698981791
5.92	0.000134642814145991
5.93	0.0001332928718511539
5.94	0.00013194448024478334
5.95	0.00013062821017228998
5.96	0.0001293175375849387
5.97	0.00012801569141629443
5.98	0.00012671471858993755
5.99	0.00012545215167847346
6.0	0.00012418553478710237
6.01	0.00012293448457967315
6.02	0.0001216874188685324
6.03	0.00012045900825796707
6.04	0.00011923465649488207
6.05	0.00011802987569353718
6.06	0.0001168320798115019
6.07	0.0001156451617134735
6.08	0.00011447511315054726
6.09	0.00011330715847179818
6.1	0.00011215251538487792
6.11	0.0001110121845613321
6.12	0.00010987396649397851
6.13	0.00010875825410039397
6.14	0.00010764275430119596
6.15	0.00010654628044903802
6.16	0.00010545368922976195
6.17	0.00010437504261062713
6.18	0.00010330753343623655
6.19	0.00010223551998933544
6.2	0.00010120027604898496
6.21	0.00010015733323598397
6.22	9.913310964293487e-05
6.23	9.809855919229449e-05
6.24	9.709863797979779e-05
6.25	9.610022607375868e-05
6.26	9.509983556199586e-05
6.27	9.412665008312615e-05
6.28	9.314706653640314e-05
6.29	9.218629702445469e-05
6.3	9.123441054725845e-05
6.31	9.028664317156654e-05
6.32	8.935138657761854e-05
6.33	8.842067541081633e-05
6.34	8.75041919243813e-05
6.35	8.65923525452672e-05
6.36	8.56896908771887e-05
6.37	8.479993698529142e-05
6.38	8.391075539293524e-05
6.39	8.303791173602804e-05
6.4	8.216687615458795e-05
6.41	8.13094511613599e-05
6.42	8.045633421716047e-05
6.43	7.961452070048836e-05
6.44	7.877421376178972e-05
6.45	7.795093688400812e-05
6.46	7.713767786299286e-05
6.47	7.632330698470469e-05
6.48	7.551187036369811e-05
6.49	7.472691368093365e-05
6.5	7.393741725536529e-05
6.51	7.316096139220463e-05
6.52	7.238615580718033e-05
6.53	7.162347128542024e-05
6.54	7.086555410751316e-05
6.55	7.011471620899101e-05
6.56	6.937187549738155e-05
6.57	6.863368912490841e-05
6.58	6.790622069274832e-05
6.59	6.7183919099989e-05
6.6	6.647098325629486e-05
6.61	6.576409396075178e-05
6.62	6.506251884275116e-05
6.63	6.437026854655414e-05
6.64	6.368092317643459e-05
6.65	6.300322206698183e-05
6.66	6.23284568064264e-05
6.67	6.166103707982984e-05
6.68	6.100304540268553e-05
6.69	6.034545890543086e-05
6.7	5.9701054169636336e-05
6.71	5.9058799479316804e-05
6.72	5.842417340318207e-05
6.73	5.779636899205798e-05
6.74	5.717410908800957e-05
6.75	5.6557086509201326e-05
6.76	5.594803315034369e-05
6.77	5.53457634850929e-05
6.78	5.474509816849604e-05
6.79	5.415618102233566e-05
6.8	5.356902943276509e-05
6.81	5.298825340105395e-05
6.82	5.241597614258353e-05
6.83	5.184403403291071e-05
6.84	5.1285914196341764e-05
6.85	5.072469230071874e-05
6.86	5.017336889068247e-05
6.87	4.96278573791642e-05
6.88	4.9084068450611085e-05
6.89	4.855076417698001e-05
6.9	4.802095804734563e-05
6.91	4.7495435410382925e-05
6.92	4.6977748525023344e-05
6.93	4.646320235224266e-05
6.94	4.595397331286222e-05
6.95	4.544849821286334e-05
6.96	4.495320172281936e-05
6.97	4.445443755685119e-05
6.98	4.396879012347199e-05
6.99	4.348246147856116e-05
7.0	4.300373757359921e-05
7.01	4.2529472693786374e-05
7.02	4.205889013064734e-05
7.03	4.159504464951169e-05
7.04	4.113484374101972e-05
7.05	4.067912277605501e-05
7.06	4.0232350102087366e-05
7.07	3.9782980138625135e-05
7.08	3.934470760214026e-05
7.09	3.890451989718713e-05
7.1	3.847303173643013e-05
7.11	3.804422658504336e-05
7.12	3.762042820198985e-05
7.13	3.72015829270822e-05
7.14	3.678697589748481e-05
7.15	3.637679378698522e-05
7.16	3.5969919053968624e-05
7.17	3.55670176759304e-05
7.18	3.516936862979492e-05
7.19	3.477315794953029e-05
7.2	3.438606654526666e-05
7.21	3.399602701392723e-05
7.22	3.361806966495351e-05
7.23	3.323728378745727e-05
7.24	3.286380410827405e-05
7.25	3.249343421884987e-05
7.26	3.212624073967163e-05
7.27	3.1764203413331416e-05
7.28	3.140530930068053e-05
7.29	3.10489858748042e-05
7.3	3.069888043683022e-05
7.31	3.0348261816470767e-05
7.32	3.0005847747816006e-05
7.33	2.9663127406820422e-05
7.34	2.932746451733692e-05
7.35	2.899191281358071e-05
7.36	2.8663843067988637e-05
7.37	2.8336514105831156e-05
7.38	2.8013619612465845e-05
7.39	2.7695087737811264e-05
7.4	2.737744671321707e-05
7.41	2.706492887227796e-05
7.42	2.675589348655194e-05
7.43	2.6446171659699758e-05
7.44	2.6146033178520156e-05
7.45	2.584259664217825e-05
7.46	2.5548187068125117e-05
7.47	2.5251679062421317e-05
7.48	2.4962872885225806e-05
7.49	2.467435888320324e-05
7.5	2.4390269118157448e-05
7.51	2.410888123449695e-05
7.52	2.3830657028156566e-05
7.53	2.3554664039693307e-05
7.54	2.3280860887098243e-05
7.55	2.3011047233012505e-05
7.56	2.274462804052746e-05
7.57	2.247852944492479e-05
7.58	2.22206160742644e-05
7.59	2.1958863726467825e-05
7.6	2.1705516473957687e-05
7.61	2.145109328921535e-05
7.62	2.120097246915975e-05
7.63	2.095306172122946e-05
7.64	2.07078608127631e-05
7.65	2.046540544142772e-05
7.66	2.0226244032528484e-05
7.67	1.9988224039479974e-05
7.68	1.9755347921091015e-05
7.69	1.9522393586157705e-05
7.7	1.9294352568977047e-05
7.71	1.9065617152591585e-05
7.72	1.884331277324236e-05
7.73	1.861914438450185e-05
7.74	1.840108166106802e-05
7.75	1.818322539293149e-05
7.76	1.7967838857657625e-05
7.77	1.7755404542185715e-05
7.78	1.7544087540954934e-05
7.79	1.733612475618429e-05
7.8	1.7130875448856386e-05
7.81	1.6926171838349546e-05
7.82	1.6726995454519056e-05
7.83	1.6525674027434434e-05
7.84	1.6330890503013507e-05
7.85	1.6134669067469076e-05
7.86	1.594216587363917e-05
7.87	1.5751457794976886e-05
7.88	1.556260053803271e-05
7.89	1.5375782595583587e-05
7.9	1.5191811598924687e-05
7.91	1.5009886510597426e-05
7.92	1.4829359315626789e-05
7.93	1.4650693174189655e-05
7.94	1.4475825764748151e-05
7.95	1.4299778513304773e-05
7.96	1.4128952216196922e-05
7.97	1.395698427586467e-05
7.98	1.3789983995593502e-05
7.99	1.3622661526824231e-05
8.0	1.3457279010253842e-05
8.01	1.3295298913362785e-05
8.02	1.3133191714587156e-05
8.03	1.297404628530785e-05
8.04	1.2817184142477345e-05
8.05	1.2660362472161069e-05
8.06	1.2506870689321659e-05
8.07	1.2353368902040529e-05
8.08	1.22032790841331e-05
8.09	1.2052357533320901e-05
8.1	1.1906840200026636e-05
8.11	1.1759743756556418e-05
8.12	1.1616678420978133e-05
8.13	1.147235752796405e-05
8.14	1.133224441218772e-05
8.15	1.1193627869943157e-05
8.16	1.1055289633077336e-05
8.17	1.091901344807411e-05
8.18	1.0785526455947547e-05
8.19	1.0650784133758862e-05
8.2	1.0520873502173345e-05
8.21	1.038836307998281e-05
8.22	1.0261795523547335e-05
8.23	1.013415112538496e-05
8.24	1.000847851173603e-05
8.25	9.884319979391876e-06
8.26	9.761716910361429e-06
8.27	9.640340522309998e-06
8.28	9.520171488475171e-06
8.29	9.401923307450488e-06
8.3	9.284196721637272e-06
8.31	9.168226142719504e-06
8.32	9.05411911844567e-06
8.33	8.93987953531905e-06
8.34	8.829266107568401e-06
8.35	8.717525588508579e-06
8.36	8.608567441115156e-06
8.37	8.500345757056493e-06
8.38	8.391129085794091e-06
8.39	8.287203399959253e-06
8.4	8.181911653082352e-06
8.41	8.07876904218574e-06
8.42	7.977010454851552e-06
8.43	7.875707524362952e-06
8.44	7.776984602969605e-06
8.45	7.677315352339065e-06
8.46	7.57986276767042e-06
8.47	7.484007937819115e-06
8.48	7.389029406112968e-06
8.49	7.294488796105725e-06
8.5	7.2019411163637415e-06
8.51	7.109988473530393e-06
8.52	7.018841870376491e-06
8.53	6.92996309226146e-06
8.54	6.840594323875848e-06
8.55	6.7531752847571624e-06
8.56	6.6673458150035e-06
8.57	6.581145953532541e-06
8.58	6.497637286884128e-06
8.59	6.41364385955967e-06
8.6	6.331340728138457e-06
8.61	6.249728585316916e-06
8.62	6.168601885292446e-06
8.63	6.088539976190077e-06
8.64	6.010211791362963e-06
8.65	5.932806516284472e-06
8.66	5.855911012986326e-06
8.67	5.7800612012215424e-06
8.68	5.7050435771088814e-06
8.69	5.630466830552905e-06
8.7	5.557684062296175e-06
8.71	5.483656195792719e-06
8.72	5.413863618741743e-06
8.73	5.3425858368427726e-06
8.74	5.272880571283167e-06
8.75	5.2043826599401655e-06
8.76	5.135362243890995e-06
8.77	5.068902737548342e-06
8.78	5.001976205676328e-06
8.79	4.93662719236454e-06
8.8	4.871792043559253e-06
8.81	4.807788855032413e-06
8.82	4.744640818898915e-06
8.83	4.681967993747094e-06
8.84	4.620284471457126e-06
8.85	4.55869212601101e-06
8.86	4.498684120335383e-06
8.87	4.439142230694415e-06
8.88	4.379646043162211e-06
8.89	4.322779432186508e-06
8.9	4.264757535565877e-06
8.91	4.208396376270684e-06
8.92	4.152055907979957e-06
8.93	4.0965153402794385e-06
8.94	4.042180762553471e-06
8.95	3.987533773397445e-06
8.96	3.9343678963632556e-06
8.97	3.881915290548932e-06
8.98	3.8298712752293795e-06
8.99	3.7785439417348243e-06
9.0	3.7274594433256425e-06
9.01	3.6775202261196682e-06
9.02	3.6277951949159615e-06
9.03	3.5791160826192936e-06
9.04	3.5307430152897723e-06
9.05	3.483177806629101e-06
9.06	3.436214683461003e-06
9.07	3.3893506952153984e-06
9.08	3.3437443107686704e-06
9.09	3.298080855529406e-06
9.1	3.253561544624972e-06
9.11	3.2092564197228057e-06
9.12	3.1655229122407036e-06
9.13	3.1224706162902294e-06
9.14	3.0797709769103676e-06
9.15	3.038058821402956e-06
9.16	2.996124067067285e-06
9.17	2.9551056286436506e-06
9.18	2.91506898975058e-06
9.19	2.8747001579176867e-06
9.2	2.835665327438619e-06
9.21	2.7960941224591807e-06
9.22	2.758208893283154e-06
9.23	2.7200267140869983e-06
9.24	2.6825498480320675e-06
9.25	2.6455104489286896e-06
9.26	2.608766180856037e-06
9.27	2.572954826973728e-06
9.28	2.5369693048560293e-06
9.29	2.5021261080837576e-06
9.3	2.467344529577531e-06
9.31	2.4329453935933998e-06
9.32	2.3993932245502947e-06
9.33	2.3656500616198173e-06
9.34	2.33287141782057e-06
9.35	2.3002073703537462e-06
9.36	2.2681399514112854e-06
9.37	2.2365079530572984e-06
9.38	2.2047486254450632e-06
9.39	2.1743155684816884e-06
9.4	2.1437033410620643e-06
9.41	2.1137925614311825e-06
9.42	2.0839117951254593e-06
9.43	2.0547884105326375e-06
9.44	2.0259010398149258e-06
9.45	1.997065965042566e-06
9.46	1.9688686734298244e-06
9.47	1.9409362721489742e-06
9.48	1.9136166429234436e-06
9.49	1.8866267055273056e-06
9.5	1.8596160771267023e-06
9.51	1.8336079392611282e-06
9.52	1.8072441889671609e-06
9.53	1.7817651496443432e-06
9.54	1.7561931144882692e-06
9.55	1.7312743239017436e-06
9.56	1.7064562598534394e-06
9.57	1.681953563092975e-06
9.58	1.658015889915987e-06
9.59	1.6341389255103422e-06
9.6	1.6107292140077334e-06
9.61	1.58759416990506e-06
9.62	1.5646467090846272e-06
9.63	1.5420027921209112e-06
9.64	1.5198293112916872e-06
9.65	1.498345227446407e-06
9.66	1.4764293609914603e-06
9.67	1.4552706488757394e-06
9.68	1.4341940186568536e-06
9.69	1.4130951058177743e-06
9.7	1.3928545286034932e-06
9.71	1.3720734841626836e-06
9.72	1.352555955236312e-06
9.73	1.3328374279808486e-06
9.74	1.3133405900589423e-06
9.75	1.2944626632815925e-06
9.76	1.2752225302392617e-06
9.77	1.2567954854603158e-06
9.78	1.2381633496261202e-06
9.79	1.2201733170513762e-06
9.8	1.2020632311759982e-06
9.81	1.1845720564451767e-06
9.82	1.167131586043979e-06
9.83	1.1498621006467147e-06
9.84	1.132990519181476e-06
9.85	1.1161632755829487e-06
9.86	1.0996632227033842e-06
9.87	1.0835053672053618e-06
9.88	1.0670139545254642e-06
9.89	1.0516575912333792e-06
9.9	1.0356709481129656e-06
9.91	1.0204523732681992e-06
9.92	1.0052199286292307e-06
9.93	9.90164835457108e-07
9.94	9.754098755365703e-07
9.95	9.608004347683163e-07
9.96	9.462644356972305e-07
9.97	9.322716323367786e-07
9.98	9.18291334528476e-07
9.99	9.045404567586957e-07
10.0	8.908079962566262e-07
10.01	8.776708000368671e-07
10.02	8.640720352559583e-07
10.03	8.513313787261723e-07
10.04	8.382098712900188e-07
10.05	8.256522505689645e-07
10.06	8.131139566103229e-07
10.07	8.007750693650451e-07
10.08	7.887163064879132e-07
10.09	7.767232546029845e-07
10.1	7.648725386388833e-07
10.11	7.533622010669205e-07
10.12	7.416167591145495e-07
10.13	7.302949143195292e-07
10.14	7.190478754637297e-07
10.15	7.081750936777098e-07
10.16	6.971592938498361e-07
10.17	6.866507646918762e-07
10.18	6.759266852895962e-07
10.19	6.655970992142102e-07
10.2	6.553191269631498e-07
10.21	6.449979537137551e-07
10.22	6.351435786200454e-07
10.23	6.253210358408978e-07
10.24	6.15553290117532e-07
10.25	6.061866315576481e-07
10.26	5.965457603451796e-07
10.27	5.875654096598737e-07
10.28	5.782335392723326e-07
10.29	5.693227649317123e-07
10.3	5.603778845397756e-07
10.31	5.516267265193164e-07
10.32	5.43025180377299e-07
10.33	5.345434601622401e-07
10.34	5.261003934720065e-07
10.35	5.178912942938041e-07
10.36	5.096355835121358e-07
10.37	5.016715931560611e-07
10.38	4.935593551635975e-07
10.39	4.85993496113224e-07
10.4	4.781352345162304e-07
10.41	4.707699190475978e-07
10.42	4.6312152335303836e-07
10.43	4.5589035835291725e-07
10.44	4.4859871195512824e-07
10.45	4.4133707888249774e-07
10.46	4.343175987742143e-07
10.47	4.2732563088065945e-07
10.48	4.204398464935366e-07
10.49	4.1382327253813855e-07
10.5	4.070489012519829e-07
10.51	4.006583367299754e-07
10.52	3.940813257941045e-07
10.53	3.878774350596359e-07
10.54	3.81506652047392e-07
10.55	3.7541190067713615e-07
10.56	3.6925257518305443e-07
10.57	3.633792857726803e-07
10.58	3.574025413399795e-07
10.59	3.516197466524318e-07
10.6	3.4593040254549123e-07
10.61	3.403054051887011e-07
10.62	3.3468268156866543e-07
10.63	3.293557711003814e-07
10.64	3.2381103665102273e-07
10.65	3.1867261895968113e-07
10.66	3.1330296224041376e-07
10.67	3.0819342100585345e-07
10.68	3.0304249776236247e-07
10.69	2.9808006729581393e-07
10.7	2.9316538530110847e-07
10.71	2.8824729270127136e-07
10.72	2.835165560099995e-07
10.73	2.788106030493509e-07
10.74	2.740971467574127e-07
10.75	2.6961788535118103e-07
10.76	2.650010628713062e-07
10.77	2.6070074454764836e-07
10.78	2.562026111263549e-07
10.79	2.520603175071301e-07
10.8	2.47720890911296e-07
10.81	2.436074737488525e-07
10.82	2.394908733549528e-07
10.83	2.3539632820757106e-07
10.84	2.3144548322306946e-07
10.85	2.2755625650461297e-07
10.86	2.2366907614923548e-07
10.87	2.1997038857080042e-07
10.88	2.1611072043015156e-07
10.89	2.1258574633975513e-07
10.9	2.088429482682841e-07
10.91	2.0533525457722135e-07
10.92	2.0180345927656163e-07
10.93	1.983610218303511e-07
10.94	1.949676970980363e-07
10.95	1.916216660902137e-07
10.96	1.8831383385986555e-07
10.97	1.8502055354474578e-07
10.98	1.818398231989704e-07
10.99	1.7868273971544113e-07
11.0	1.7550883057992905e-07
11.01	1.725695710774744e-07
11.02	1.6943795344559476e-07
11.03	1.6662465895933565e-07
11.04	1.636249180592131e-07
11.05	1.6080889508884866e-07
11.06	1.579721811140189e-07
11.07	1.551720743009355e-07
11.08	1.524335857538972e-07
11.09	1.497680841566762e-07
11.1	1.4710440154885873e-07
11.11	1.4454121810558718e-07
11.12	1.4196120901033282e-07
11.13	1.3945964383310638e-07
11.14	1.369558049191255e-07
11.15	1.3461226444633212e-07
11.16	1.32153445520089e-07
11.17	1.2985424291400705e-07
11.18	1.275245722354157e-07
11.19	1.2522014003479853e-07
11.2	1.230125690199202e-07
11.21	1.2071927812939975e-07
11.22	1.1861516213684808e-07
11.23	1.1645670383586548e-07
11.24	1.1432416613388341e-07
11.25	1.1233191798964981e-07
11.26	1.1022302714991383e-07
11.27	1.0828489394043572e-07
11.28	1.0625899449223652e-07
11.29	1.0435269359732047e-07
11.3	1.0241592462989502e-07
11.31	1.0056487553811166e-07
11.32	9.871791917248629e-08
11.33	9.688119462225586e-08
11.34	9.513064469501842e-08
11.35	9.333052730653435e-08
11.36	9.161317393591162e-08
11.37	8.994106792670209e-08
11.38	8.822689778753556e-08
11.39	8.666302164783701e-08
11.4	8.501342563249636e-08
11.41	8.346933100256138e-08
11.42	8.189704203687143e-08
11.43	8.033725862333085e-08
11.44	7.88591023592744e-08
11.45	7.732251106062904e-08
11.46	7.589915185235441e-08
11.47	7.44680619391147e-08
11.48	7.309404281841125e-08
11.49	7.170820026658475e-08
11.5	7.034054760879371e-08
11.51	6.90256456437055e-08
11.52	6.765367288608104e-08
11.53	6.64017534290906e-08
11.54	6.509571903734468e-08
11.55	6.386085260601249e-08
11.56	6.265577212616336e-08
11.57	6.141590347397141e-08
11.58	6.026857590768486e-08
11.59	5.905485522816889e-08
11.6	5.79241259401897e-08
11.61	5.678907655237708e-08
11.62	5.565561878029257e-08
11.63	5.46065166417975e-08
11.64	5.351489562599454e-08
11.65	5.250126378086861e-08
11.66	5.1453298510750756e-08
11.67	5.044284989708103e-08
11.68	4.945695764035918e-08
11.69	4.844741852139123e-08
11.7	4.752405402541626e-08
11.71	4.6535205910913646e-08
11.72	4.566936695482582e-08
11.73	4.473008630156983e-08
11.74	4.384810381452553e-08
11.75	4.2986584958271123e-08
11.76	4.2072088035638444e-08
11.77	4.128719410800841e-08
11.78	4.041362444695551e-08
11.79	3.9622591430088505e-08
11.8	3.883269528159872e-08
11.81	3.801460479735397e-08
11.82	3.727745934156701e-08
11.83	3.6480741982813925e-08
11.84	3.575655682652723e-08
11.85	3.501509127090685e-08
11.86	3.4284539651707746e-08
11.87	3.359627953614108e-08
11.88	3.287618710601237e-08
11.89	3.2233856472885236e-08
11.9	3.1552190193906426e-08
11.91	3.0912588044884615e-08
11.92	3.026798367500305e-08
11.93	2.9628154152305797e-08
11.94	2.9032207748969086e-08
11.95	2.8391241357894614e-08
11.96	2.782667252176907e-08
11.97	2.7224814402870834e-08
11.98	2.6656380214262754e-08
11.99	2.6107272788067348e-08
12.0	2.554179445724003e-08
12.01	2.502974894014187e-08
12.02	2.4483142624376342e-08
12.03	2.397996468062047e-08
12.04	2.3462689568987116e-08
12.05	2.295359990966972e-08
12.06	2.2469976102001965e-08
12.07	2.196520654251799e-08
12.08	2.151841727027204e-08
12.09	2.1037521946709603e-08
12.1	2.0599372874130495e-08
12.11	2.0150082491454668e-08
12.12	1.9702383724506944e-08
12.13	1.9290837371954694e-08
12.14	1.8853370420401916e-08
12.15	1.8461378203937784e-08
12.16	1.804255589377135e-08
12.17	1.7650563677307218e-08
12.18	1.7274032870773226e-08
12.19	1.6868852981133386e-08
12.2	1.6515741663170047e-08
12.21	1.612556843610946e-08
12.22	1.5771320249768905e-08
12.23	1.5420937415910885e-08
12.24	1.5081241144798696e-08
12.25	1.4753595678484999e-08
12.26	1.4415945770451799e-08
12.27	1.4108309187577106e-08
12.28	1.37758888740791e-08
12.29	1.3466660675476305e-08
12.3	1.3156977729522623e-08
12.31	1.2852751751779579e-08
12.32	1.2573764252010733e-08
12.33	1.22674919111887e-08
12.34	1.2011241778964177e-08
12.35	1.1722249837475829e-08
12.36	1.1455313142505474e-08
12.37	1.1198608262930065e-08
12.38	1.0918483894784003e-08
12.39	1.0684971130103804e-08
12.4	1.0422809282317758e-08
12.41	1.0183157428400591e-08
12.42	9.954646884580143e-09
12.43	9.708628567750566e-09
12.44	9.496716302237473e-09
12.45	9.253426469513215e-09
12.46	9.048562787938863e-09
12.47	8.817096386337653e-09
12.48	8.616098057245836e-09
12.49	8.409415386267938e-09
12.5	8.204324331018142e-09
12.51	8.020833774935454e-09
12.52	7.81369635660667e-09
12.53	7.636572263436392e-09
12.54	7.449671102222055e-09
12.55	7.26640791981481e-09
12.56	7.100879884092137e-09
12.57	6.912159733474255e-09
12.58	6.756408765795641e-09
12.59	6.580194167327136e-09
12.6	6.426944310078397e-09
12.61	6.270056474022567e-09
12.62	6.10634742770344e-09
12.63	5.9665126173058525e-09
12.64	5.807123670820147e-09
12.65	5.6716089602559805e-09
12.66	5.5324562708847225e-09
12.67	5.389210855355486e-09
12.68	5.266656444291584e-09
12.69	5.11931830260437e-09
12.7	5.011088433093391e-09
12.71	4.86397766508162e-09
12.72	4.75142769573722e-09
12.73	4.627054295269772e-09
12.74	4.5056367525830865e-09
12.75	4.397634256747551e-09
12.76	4.278945198166184e-09
12.77	4.178900780971162e-09
12.78	4.069761416758411e-09
12.79	3.960622052545659e-09
12.8	3.864215614157729e-09
12.81	3.751438271137886e-09
12.82	3.6623077903641388e-09
12.83	3.557488525984809e-09
12.84	3.471313902991824e-09
12.85	3.379454938112758e-09
12.86	3.291233952040784e-09
12.87	3.210971044609323e-09
12.88	3.1184299587039277e-09
12.89	3.0445335141848773e-09
12.9	2.959950506919995e-09
12.91	2.8810518415411934e-09
12.92	2.8107933758292347e-09
12.93	2.723709258134477e-09
12.94	2.66413735516835e-09
12.95	2.579781721578911e-09
12.96	2.519072950235568e-09
12.97	2.4442670110147446e-09
12.98	2.380829755566083e-09
12.99	2.3208031052490696e-09
13.0	2.251681507914327e-09
13.01	2.1959749574307352e-09
13.02	2.1345840650610626e-09
13.03	2.074102667393163e-09
13.04	2.017486622207798e-09
13.05	1.956550477189012e-09
13.06	1.905618773889728e-09
13.07	1.8433183868182823e-09
13.08	1.7992078937822953e-09
13.09	1.7425918485969305e-09
13.1	1.6946160030784085e-09
13.11	1.6507328837178648e-09
13.12	1.600938048795797e-09
13.13	1.5600107872160152e-09
13.14	1.5133991837501526e-09
13.15	1.469743438065052e-09
13.16	1.4335910236695781e-09
13.17	1.3828866940457374e-09
13.18	1.3526459952117875e-09
13.19	1.3046701496932656e-09
13.2	1.2739747035084292e-09
13.21	1.2332748156040907e-09
13.22	1.2016698747174814e-09
13.23	1.1664269550237805e-09
13.24	1.1327756510581821e-09
13.25	1.1000338417943567e-09
13.26	1.0657004168024287e-09
13.27	1.0338681022403762e-09
13.28	1.0038547770818695e-09
13.29	9.717950888443738e-10
13.3	9.476934792473912e-10
13.31	9.133600542554632e-10
13.32	8.926690497901291e-10
13.33	8.581082511227578e-10
13.34	8.362803782802075e-10
13.35	8.089955372270197e-10
13.36	7.830749382264912e-10
13.37	7.610196917084977e-10
13.38	7.371454557869583e-10
13.39	7.148628355935216e-10
13.4	6.943992048036307e-10
13.41	6.693881005048752e-10
13.42	6.514255801448599e-10
13.43	6.24140739091672e-10
13.44	6.093614501878619e-10
13.45	5.877609510207549e-10
13.46	5.718447937397286e-10
13.47	5.534275260288268e-10
13.48	5.384208634495735e-10
13.49	5.206857167650014e-10
13.5	5.029505700804293e-10
13.51	4.883986548520625e-10
13.52	4.724824975710362e-10
13.53	4.5565684558823705e-10
13.54	4.46789272245951e-10
13.55	4.2723513615783304e-10
13.56	4.176854417892173e-10
13.57	4.0040504245553166e-10
13.58	3.888089850079268e-10
13.59	3.7334757507778704e-10
13.6	3.6129677027929574e-10
13.61	3.4924596548080444e-10
13.62	3.3787728170864284e-10
13.63	3.2673597161192447e-10
13.64	3.1673152989242226e-10
13.65	3.0399860406760126e-10
13.66	2.955857780762017e-10
13.67	2.814886101987213e-10
13.68	2.751221472863108e-10
13.69	2.6147972675971687e-10
13.7	2.56704879575409e-10
13.71	2.4488144845236093e-10
13.72	2.376054908381775e-10
13.73	2.2964741219766438e-10
13.74	2.219167072325945e-10
13.75	2.148681232938543e-10
13.76	2.0872903405688703e-10
13.77	2.0054358174093068e-10
13.78	1.950866135302931e-10
13.79	1.8621904018800706e-10
13.8	1.8144419300369918e-10
13.81	1.730313670122996e-10
13.82	1.6893864085432142e-10
13.83	1.609805622138083e-10
13.84	1.5711520973127335e-10
13.85	1.4983925211708993e-10
13.86	1.4551915228366852e-10
13.87	1.4028955774847418e-10
13.88	1.3437784218695015e-10
13.89	1.2960299500264227e-10
13.9	1.255102688446641e-10
13.91	1.1959855328314006e-10
13.92	1.1732481652870774e-10
13.93	1.1050360626541078e-10
13.94	1.0822986951097846e-10
13.95	1.0163603292312473e-10
13.96	9.913492249324918e-11
13.97	9.5042196335271e-11
13.98	9.163159120362252e-11
13.99	8.890310709830374e-11
14.0	8.617462299298495e-11
14.01	8.253664418589324e-11
14.02	7.958078640513122e-11
14.03	7.571543392259628e-11
14.04	7.344169716816396e-11
14.05	6.912159733474255e-11
14.06	6.798472895752639e-11
14.07	6.45741238258779e-11
14.08	6.298250809777528e-11
14.09	6.048139766789973e-11
14.1	5.843503458891064e-11
14.11	5.616129783447832e-11
14.12	5.32054400537163e-11
14.13	5.1386450650170445e-11
14.14	4.9112713895738125e-11
14.15	4.6838977141305804e-11
14.16	4.638422979041934e-11
14.17	4.320099833421409e-11
14.18	4.274625098332763e-11
14.19	3.9108272176235914e-11
14.2	3.842615114990622e-11
14.21	3.524291969370097e-11
14.22	3.4788172342814505e-11
14.23	3.296918293926865e-11
14.24	3.183231456205249e-11
14.25	3.069544618483633e-11
14.26	2.9103830456733704e-11
14.27	2.773958840407431e-11
14.28	2.660272002685815e-11
14.29	2.4556356947869062e-11
14.3	2.4556356947869062e-11
14.31	2.2509993868879974e-11
14.32	2.2509993868879974e-11
14.33	2.1373125491663814e-11
14.34	2.0691004465334117e-11
14.35	1.9554136088117957e-11
14.36	1.887201506178826e-11
14.37	1.750777300912887e-11
14.38	1.7280399333685637e-11
14.39	1.6370904631912708e-11
14.4	1.5916157281026244e-11
14.41	1.4779288903810084e-11
14.42	1.4551915228366852e-11
14.43	1.2732925824820995e-11
14.44	1.2732925824820995e-11
14.45	1.1368683772161603e-11
14.46	1.1141310096718371e-11
14.47	1.0459189070388675e-11
14.48	9.777068044058979e-12
14.49	9.322320693172514e-12
14.5	8.640199666842818e-12
14.51	8.185452315956354e-12
14.52	7.958078640513122e-12
14.53	7.503331289626658e-12
14.54	7.503331289626658e-12
14.55	6.821210263296962e-12
14.56	6.821210263296962e-12
14.57	6.139089236967266e-12
14.58	5.9117155615240335e-12
14.59	5.6843418860808015e-12
14.6	5.4569682106375694e-12
14.61	5.4569682106375694e-12
14.62	5.4569682106375694e-12
14.63	5.229594535194337e-12
14.64	5.002220859751105e-12
14.65	4.547473508864641e-12
14.66	4.320099833421409e-12
14.67	3.865352482534945e-12
14.68	3.865352482534945e-12
14.69	3.637978807091713e-12
14.7	3.637978807091713e-12
14.71	3.183231456205249e-12
14.72	3.183231456205249e-12
14.73	2.7284841053187847e-12
14.74	2.7284841053187847e-12
14.75	2.5011104298755527e-12
14.76	2.5011104298755527e-12
14.77	2.2737367544323206e-12
14.78	2.2737367544323206e-12
14.79	2.0463630789890885e-12
14.8	2.0463630789890885e-12
14.81	1.5916157281026244e-12
14.82	1.5916157281026244e-12
14.83	1.3642420526593924e-12
14.84	1.3642420526593924e-12
14.85	1.3642420526593924e-12
14.86	1.3642420526593924e-12
14.87	1.3642420526593924e-12
14.88	1.3642420526593924e-12
14.89	1.1368683772161603e-12
14.9	1.1368683772161603e-12
14.91	9.094947017729282e-13
14.92	9.094947017729282e-13
14.93	9.094947017729282e-13
14.94	9.094947017729282e-13
14.95	9.094947017729282e-13
14.96	9.094947017729282e-13
14.97	6.821210263296962e-13
14.98	6.821210263296962e-13
14.99	4.547473508864641e-13
15.0	4.547473508864641e-13
15.01	4.547473508864641e-13
15.02	4.547473508864641e-13
15.03	4.547473508864641e-13
15.04	4.547473508864641e-13
15.05	2.2737367544323206e-13
15.06	2.2737367544323206e-13
15.07	0.0
