5.23	0.0005035400390625
5.24	0.00048828125
5.25	0.00048828125
5.26	0.00048828125
5.27	0.00048828125
5.28	0.00048828125
5.29	0.00048828125
5.3	0.00048828125
5.31	0.00048828125
5.32	0.00048828125
5.33	0.00048828125
5.34	0.0004730224609375
5.35	0.0004730224609375
5.36	0.0004730224609375
5.37	0.0004730224609375
5.38	0.0004730224609375
5.39	0.0004730224609375
5.4	0.0004730224609375
5.41	0.0004730224609375
5.42	0.000457763671875
5.43	0.000457763671875
5.44	0.000457763671875
5.45	0.00042724609375
5.46	0.00042724609375
5.47	0.00042724609375
5.48	0.00042724609375
5.49	0.0004119873046875
5.5	0.0004119873046875
5.51	0.0004119873046875
5.52	0.0004119873046875
5.53	0.0004119873046875
5.54	0.0004119873046875
5.55	0.0004119873046875
5.56	0.0004119873046875
5.57	0.0004119873046875
5.58	0.0004119873046875
5.59	0.0004119873046875
5.6	0.000396728515625
5.61	0.000396728515625
5.62	0.000396728515625
5.63	0.000396728515625
5.64	0.000396728515625
5.65	0.000396728515625
5.66	0.000396728515625
5.67	0.0003814697265625
5.68	0.0003814697265625
5.69	0.0003814697265625
5.7	0.0003814697265625
5.71	0.0003814697265625
5.72	0.0003662109375
5.73	0.0003662109375
5.74	0.0003662109375
5.75	0.0003662109375
5.76	0.0003662109375
5.77	0.0003662109375
5.78	0.0003662109375
5.79	0.0003662109375
5.8	0.0003662109375
5.81	0.0003662109375
5.82	0.0003662109375
5.83	0.0003662109375
5.84	0.0003662109375
5.85	0.0003662109375
5.86	0.0003662109375
5.87	0.0003662109375
5.88	0.0003662109375
5.89	0.0003662109375
5.9	0.0003662109375
5.91	0.0003662109375
5.92	0.0003662109375
5.93	0.0003509521484375
5.94	0.0003509521484375
5.95	0.0003509521484375
5.96	0.0003509521484375
5.97	0.0003204345703125
5.98	0.0003204345703125
5.99	0.0003204345703125
6.0	0.00030517578125
6.01	0.00030517578125
6.02	0.00030517578125
6.03	0.00030517578125
6.04	0.00030517578125
6.05	0.00030517578125
6.06	0.0002899169921875
6.07	0.0002899169921875
6.08	0.0002899169921875
6.09	0.0002899169921875
6.1	0.0002899169921875
6.11	0.0002899169921875
6.12	0.0002899169921875
6.13	0.0002899169921875
6.14	0.0002899169921875
6.15	0.0002899169921875
6.16	0.0002899169921875
6.17	0.0002899169921875
6.18	0.000274658203125
6.19	0.000274658203125
6.2	0.000274658203125
6.21	0.000274658203125
6.22	0.000274658203125
6.23	0.000274658203125
6.24	0.000274658203125
6.25	0.000244140625
6.26	0.000244140625
6.27	0.000244140625
6.28	0.000244140625
6.29	0.000244140625
6.3	0.000244140625
6.31	0.000213623046875
6.32	0.000213623046875
6.33	0.0001983642578125
6.34	0.0001983642578125
6.35	0.0001983642578125
6.36	0.0001983642578125
6.37	0.0001983642578125
6.38	0.0001983642578125
6.39	0.0001983642578125
6.4	0.0001983642578125
6.41	0.0001983642578125
6.42	0.0001983642578125
6.43	0.0001678466796875
6.44	0.0001678466796875
6.45	0.000152587890625
6.46	0.000152587890625
6.47	0.000152587890625
6.48	0.000152587890625
6.49	0.000152587890625
6.5	0.000152587890625
6.51	0.000152587890625
6.52	0.0001373291015625
6.53	0.0001373291015625
6.54	0.0001373291015625
6.55	0.0001373291015625
6.56	0.0001373291015625
6.57	0.0001373291015625
6.58	0.0001068115234375
6.59	0.0001068115234375
6.6	0.0001068115234375
6.61	0.0001068115234375
6.62	0.0001068115234375
6.63	0.0001068115234375
6.64	0.0001068115234375
6.65	0.0001068115234375
6.66	0.0001068115234375
6.67	0.0001068115234375
6.68	0.0001068115234375
6.69	0.0001068115234375
6.7	0.0001068115234375
6.71	0.0001068115234375
6.72	0.0001068115234375
6.73	9.1552734375e-05
6.74	9.1552734375e-05
6.75	9.1552734375e-05
6.76	9.1552734375e-05
6.77	6.103515625e-05
6.78	6.103515625e-05
6.79	4.57763671875e-05
6.8	4.57763671875e-05
6.81	4.57763671875e-05
6.82	4.57763671875e-05
6.83	4.57763671875e-05
6.84	4.57763671875e-05
6.85	4.57763671875e-05
6.86	4.57763671875e-05
6.87	4.57763671875e-05
6.88	4.57763671875e-05
6.89	4.57763671875e-05
6.9	4.57763671875e-05
6.91	3.0517578125e-05
6.92	3.0517578125e-05
6.93	3.0517578125e-05
6.94	3.0517578125e-05
6.95	3.0517578125e-05
6.96	3.0517578125e-05
6.97	3.0517578125e-05
6.98	3.0517578125e-05
6.99	3.0517578125e-05
7.0	3.0517578125e-05
7.01	3.0517578125e-05
7.02	3.0517578125e-05
7.03	3.0517578125e-05
7.04	3.0517578125e-05
7.05	3.0517578125e-05
7.06	1.52587890625e-05
7.07	1.52587890625e-05
7.08	1.52587890625e-05
7.09	1.52587890625e-05
7.1	1.52587890625e-05
7.11	1.52587890625e-05
7.12	1.52587890625e-05
7.13	1.52587890625e-05
7.14	1.52587890625e-05
7.15	1.52587890625e-05
7.16	1.52587890625e-05
7.17	1.52587890625e-05
7.18	1.52587890625e-05
7.19	1.52587890625e-05
7.2	1.52587890625e-05
7.21	1.52587890625e-05
7.22	1.52587890625e-05
7.23	1.52587890625e-05
7.24	1.52587890625e-05
7.25	0.0
