6.45	0.0005035400390625
6.46	0.00048828125
6.47	0.00048828125
6.48	0.00048828125
6.49	0.0004730224609375
6.5	0.0004730224609375
6.51	0.0004730224609375
6.52	0.0004730224609375
6.53	0.0004425048828125
6.54	0.0004425048828125
6.55	0.0004425048828125
6.56	0.0004425048828125
6.57	0.0004425048828125
6.58	0.0004425048828125
6.59	0.0004425048828125
6.6	0.00042724609375
6.61	0.00042724609375
6.62	0.00042724609375
6.63	0.00042724609375
6.64	0.00042724609375
6.65	0.00042724609375
6.66	0.00042724609375
6.67	0.00042724609375
6.68	0.00042724609375
6.69	0.00042724609375
6.7	0.00042724609375
6.71	0.00042724609375
6.72	0.00042724609375
6.73	0.00042724609375
6.74	0.0004119873046875
6.75	0.0004119873046875
6.76	0.0004119873046875
6.77	0.0004119873046875
6.78	0.0004119873046875
6.79	0.000396728515625
6.8	0.000396728515625
6.81	0.0003814697265625
6.82	0.0003662109375
6.83	0.000335693359375
6.84	0.000335693359375
6.85	0.000335693359375
6.86	0.000335693359375
6.87	0.0003204345703125
6.88	0.0003204345703125
6.89	0.0003204345703125
6.9	0.00030517578125
6.91	0.00030517578125
6.92	0.00030517578125
6.93	0.00030517578125
6.94	0.00030517578125
6.95	0.00030517578125
6.96	0.00030517578125
6.97	0.00030517578125
6.98	0.00030517578125
6.99	0.00030517578125
7.0	0.00030517578125
7.01	0.0002899169921875
7.02	0.000274658203125
7.03	0.000274658203125
7.04	0.000274658203125
7.05	0.000274658203125
7.06	0.000274658203125
7.07	0.000274658203125
7.08	0.000274658203125
7.09	0.000274658203125
7.1	0.000274658203125
7.11	0.000274658203125
7.12	0.000274658203125
7.13	0.000274658203125
7.14	0.000274658203125
7.15	0.0002593994140625
7.16	0.0002593994140625
7.17	0.0002593994140625
7.18	0.0002593994140625
7.19	0.0002593994140625
7.2	0.0002593994140625
7.21	0.0002593994140625
7.22	0.0002593994140625
7.23	0.0002593994140625
7.24	0.0002593994140625
7.25	0.0002593994140625
7.26	0.0002593994140625
7.27	0.0002593994140625
7.28	0.0002593994140625
7.29	0.0002593994140625
7.3	0.0002593994140625
7.31	0.0002593994140625
7.32	0.000244140625
7.33	0.000244140625
7.34	0.000244140625
7.35	0.000244140625
7.36	0.0002288818359375
7.37	0.0002288818359375
7.38	0.0002288818359375
7.39	0.0002288818359375
7.4	0.0002288818359375
7.41	0.0002288818359375
7.42	0.0002288818359375
7.43	0.000213623046875
7.44	0.000213623046875
7.45	0.0001983642578125
7.46	0.0001983642578125
7.47	0.00018310546875
7.48	0.00018310546875
7.49	0.00018310546875
7.5	0.00018310546875
7.51	0.00018310546875
7.52	0.00018310546875
7.53	0.00018310546875
7.54	0.0001678466796875
7.55	0.0001678466796875
7.56	0.0001678466796875
7.57	0.0001678466796875
7.58	0.0001678466796875
7.59	0.0001678466796875
7.6	0.0001678466796875
7.61	0.0001678466796875
7.62	0.0001678466796875
7.63	0.0001678466796875
7.64	0.0001678466796875
7.65	0.0001678466796875
7.66	0.0001678466796875
7.67	0.0001678466796875
7.68	0.0001678466796875
7.69	0.0001678466796875
7.7	0.0001678466796875
7.71	0.0001678466796875
7.72	0.0001678466796875
7.73	0.0001678466796875
7.74	0.0001678466796875
7.75	0.0001678466796875
7.76	0.0001678466796875
7.77	0.0001678466796875
7.78	0.0001678466796875
7.79	0.0001678466796875
7.8	0.0001678466796875
7.81	0.0001678466796875
7.82	0.0001678466796875
7.83	0.0001678466796875
7.84	0.0001678466796875
7.85	0.0001678466796875
7.86	0.0001678466796875
7.87	0.0001678466796875
7.88	0.0001678466796875
7.89	0.0001678466796875
7.9	0.0001678466796875
7.91	0.0001678466796875
7.92	0.0001678466796875
7.93	0.0001678466796875
7.94	0.0001678466796875
7.95	0.0001678466796875
7.96	0.000152587890625
7.97	0.000152587890625
7.98	0.000152587890625
7.99	0.0001373291015625
8.0	0.0001373291015625
8.01	0.0001373291015625
8.02	0.0001373291015625
8.03	0.0001220703125
8.04	0.0001220703125
8.05	0.0001220703125
8.06	0.0001220703125
8.07	0.0001220703125
8.08	0.0001220703125
8.09	0.0001068115234375
8.1	9.1552734375e-05
8.11	9.1552734375e-05
8.12	9.1552734375e-05
8.13	9.1552734375e-05
8.14	9.1552734375e-05
8.15	9.1552734375e-05
8.16	9.1552734375e-05
8.17	9.1552734375e-05
8.18	9.1552734375e-05
8.19	9.1552734375e-05
8.2	9.1552734375e-05
8.21	9.1552734375e-05
8.22	9.1552734375e-05
8.23	9.1552734375e-05
8.24	9.1552734375e-05
8.25	9.1552734375e-05
8.26	9.1552734375e-05
8.27	9.1552734375e-05
8.28	9.1552734375e-05
8.29	9.1552734375e-05
8.3	9.1552734375e-05
8.31	7.62939453125e-05
8.32	7.62939453125e-05
8.33	7.62939453125e-05
8.34	7.62939453125e-05
8.35	7.62939453125e-05
8.36	7.62939453125e-05
8.37	7.62939453125e-05
8.38	7.62939453125e-05
8.39	7.62939453125e-05
8.4	7.62939453125e-05
8.41	7.62939453125e-05
8.42	7.62939453125e-05
8.43	7.62939453125e-05
8.44	7.62939453125e-05
8.45	7.62939453125e-05
8.46	7.62939453125e-05
8.47	7.62939453125e-05
8.48	7.62939453125e-05
8.49	7.62939453125e-05
8.5	7.62939453125e-05
8.51	7.62939453125e-05
8.52	6.103515625e-05
8.53	6.103515625e-05
8.54	6.103515625e-05
8.55	6.103515625e-05
8.56	6.103515625e-05
8.57	6.103515625e-05
8.58	6.103515625e-05
8.59	6.103515625e-05
8.6	6.103515625e-05
8.61	4.57763671875e-05
8.62	4.57763671875e-05
8.63	4.57763671875e-05
8.64	4.57763671875e-05
8.65	3.0517578125e-05
8.66	3.0517578125e-05
8.67	3.0517578125e-05
8.68	3.0517578125e-05
8.69	3.0517578125e-05
8.7	3.0517578125e-05
8.71	3.0517578125e-05
8.72	3.0517578125e-05
8.73	3.0517578125e-05
8.74	3.0517578125e-05
8.75	3.0517578125e-05
8.76	3.0517578125e-05
8.77	3.0517578125e-05
8.78	3.0517578125e-05
8.79	3.0517578125e-05
8.8	3.0517578125e-05
8.81	3.0517578125e-05
8.82	3.0517578125e-05
8.83	3.0517578125e-05
8.84	3.0517578125e-05
8.85	3.0517578125e-05
8.86	3.0517578125e-05
8.87	3.0517578125e-05
8.88	3.0517578125e-05
8.89	3.0517578125e-05
8.9	3.0517578125e-05
8.91	3.0517578125e-05
8.92	3.0517578125e-05
8.93	3.0517578125e-05
8.94	3.0517578125e-05
8.95	3.0517578125e-05
8.96	3.0517578125e-05
8.97	3.0517578125e-05
8.98	3.0517578125e-05
8.99	3.0517578125e-05
9.0	3.0517578125e-05
9.01	3.0517578125e-05
9.02	3.0517578125e-05
9.03	3.0517578125e-05
9.04	3.0517578125e-05
9.05	3.0517578125e-05
9.06	3.0517578125e-05
9.07	3.0517578125e-05
9.08	3.0517578125e-05
9.09	3.0517578125e-05
9.1	3.0517578125e-05
9.11	3.0517578125e-05
9.12	3.0517578125e-05
9.13	3.0517578125e-05
9.14	3.0517578125e-05
9.15	3.0517578125e-05
9.16	3.0517578125e-05
9.17	3.0517578125e-05
9.18	3.0517578125e-05
9.19	3.0517578125e-05
9.2	3.0517578125e-05
9.21	3.0517578125e-05
9.22	3.0517578125e-05
9.23	3.0517578125e-05
9.24	3.0517578125e-05
9.25	1.52587890625e-05
9.26	1.52587890625e-05
9.27	1.52587890625e-05
9.28	1.52587890625e-05
9.29	1.52587890625e-05
9.3	1.52587890625e-05
9.31	1.52587890625e-05
9.32	1.52587890625e-05
9.33	1.52587890625e-05
9.34	1.52587890625e-05
9.35	1.52587890625e-05
9.36	1.52587890625e-05
9.37	1.52587890625e-05
9.38	1.52587890625e-05
9.39	1.52587890625e-05
9.4	1.52587890625e-05
9.41	1.52587890625e-05
9.42	1.52587890625e-05
9.43	1.52587890625e-05
9.44	1.52587890625e-05
9.45	1.52587890625e-05
9.46	1.52587890625e-05
9.47	1.52587890625e-05
9.48	1.52587890625e-05
9.49	1.52587890625e-05
9.5	1.52587890625e-05
9.51	1.52587890625e-05
9.52	1.52587890625e-05
9.53	1.52587890625e-05
9.54	1.52587890625e-05
9.55	1.52587890625e-05
9.56	1.52587890625e-05
9.57	1.52587890625e-05
9.58	1.52587890625e-05
9.59	1.52587890625e-05
9.6	1.52587890625e-05
9.61	1.52587890625e-05
9.62	1.52587890625e-05
9.63	1.52587890625e-05
9.64	1.52587890625e-05
9.65	1.52587890625e-05
9.66	1.52587890625e-05
9.67	1.52587890625e-05
9.68	1.52587890625e-05
9.69	1.52587890625e-05
9.7	1.52587890625e-05
9.71	1.52587890625e-05
9.72	1.52587890625e-05
9.73	1.52587890625e-05
9.74	1.52587890625e-05
9.75	1.52587890625e-05
9.76	1.52587890625e-05
9.77	1.52587890625e-05
9.78	1.52587890625e-05
9.79	1.52587890625e-05
9.8	1.52587890625e-05
