6.58	0.0005002319812774658
6.59	0.0004957020282745361
6.6	0.0004906505346298218
6.61	0.0004856884479522705
6.62	0.0004808753728866577
6.63	0.00047582387924194336
6.64	0.00047081708908081055
6.65	0.0004661977291107178
6.66	0.00046131014823913574
6.67	0.00045609474182128906
6.68	0.0004512667655944824
6.69	0.0004463791847229004
6.7	0.00044186413288116455
6.71	0.00043751299381256104
6.72	0.00043351948261260986
6.73	0.000428617000579834
6.74	0.000423625111579895
6.75	0.0004186779260635376
6.76	0.0004140585660934448
6.77	0.00040949881076812744
6.78	0.0004052966833114624
6.79	0.00040124356746673584
6.8	0.00039696693420410156
6.81	0.000392913818359375
6.82	0.0003891289234161377
6.83	0.00038492679595947266
6.84	0.0003809928894042969
6.85	0.00037710368633270264
6.86	0.0003727823495864868
6.87	0.0003687143325805664
6.88	0.0003647357225418091
6.89	0.00036153197288513184
6.9	0.00035797059535980225
6.91	0.00035446882247924805
6.92	0.0003503262996673584
6.93	0.000346451997756958
6.94	0.0003430396318435669
6.95	0.00033958256244659424
6.96	0.00033602118492126465
6.97	0.0003324151039123535
6.98	0.00032842159271240234
6.99	0.00032469630241394043
7.0	0.00032101571559906006
7.01	0.00031760334968566895
7.02	0.0003139674663543701
7.03	0.0003107339143753052
7.04	0.00030753016471862793
7.05	0.0003040432929992676
7.06	0.0003005117177963257
7.07	0.00029733777046203613
7.08	0.000293731689453125
7.09	0.00029058754444122314
7.1	0.0002872943878173828
7.11	0.000284045934677124
7.12	0.00028099119663238525
7.13	0.0002782195806503296
7.14	0.0002753138542175293
7.15	0.00027245283126831055
7.16	0.00026945769786834717
7.17	0.00026635825634002686
7.18	0.00026345252990722656
7.19	0.0002603083848953247
7.2	0.0002576559782028198
7.21	0.00025506317615509033
7.22	0.00025247037410736084
7.23	0.0002492964267730713
7.24	0.000246196985244751
7.25	0.00024308264255523682
7.26	0.0002405792474746704
7.27	0.00023815035820007324
7.28	0.00023534893989562988
7.29	0.0002324134111404419
7.3	0.0002299100160598755
7.31	0.0002270340919494629
7.32	0.00022453069686889648
7.33	0.00022183358669281006
7.34	0.0002192854881286621
7.35	0.0002168118953704834
7.36	0.00021412968635559082
7.37	0.00021158158779144287
7.38	0.0002094656229019165
7.39	0.0002072751522064209
7.4	0.00020495057106018066
7.41	0.00020244717597961426
7.42	0.00020006299018859863
7.43	0.00019769370555877686
7.44	0.00019544363021850586
7.45	0.00019343197345733643
7.46	0.0001914501190185547
7.47	0.00018909573554992676
7.48	0.00018680095672607422
7.49	0.00018474459648132324
7.5	0.00018258392810821533
7.51	0.0001804828643798828
7.52	0.00017850100994110107
7.53	0.00017648935317993164
7.54	0.00017443299293518066
7.55	0.00017204880714416504
7.56	0.00016963481903076172
7.57	0.00016738474369049072
7.58	0.00016549229621887207
7.59	0.0001634657382965088
7.6	0.00016137957572937012
7.61	0.00015947222709655762
7.62	0.0001576542854309082
7.63	0.0001557767391204834
7.64	0.00015367567539215088
7.65	0.00015172362327575684
7.66	0.0001497715711593628
7.67	0.00014773011207580566
7.68	0.00014588236808776855
7.69	0.00014415383338928223
7.7	0.00014300644397735596
7.71	0.00014150142669677734
7.72	0.00013974308967590332
7.73	0.0001378953456878662
7.74	0.00013631582260131836
7.75	0.00013452768325805664
7.76	0.00013302266597747803
7.77	0.00013121962547302246
7.78	0.00012968480587005615
7.79	0.00012792646884918213
7.8	0.0001264512538909912
7.81	0.00012506544589996338
7.82	0.00012375414371490479
7.83	0.0001220405101776123
7.84	0.00012052059173583984
7.85	0.00011895596981048584
7.86	0.0001176595687866211
7.87	0.00011599063873291016
7.88	0.00011423230171203613
7.89	0.00011251866817474365
7.9	0.0001112520694732666
7.91	0.00010976195335388184
7.92	0.00010821223258972168
7.93	0.0001068115234375
7.94	0.00010557472705841064
7.95	0.00010429322719573975
7.96	0.00010283291339874268
7.97	0.00010131299495697021
7.98	9.989738464355469e-05
7.99	9.843707084655762e-05
8.0	9.709596633911133e-05
8.01	9.615719318389893e-05
8.02	9.524822235107422e-05
8.03	9.414553642272949e-05
8.04	9.278953075408936e-05
8.05	9.156763553619385e-05
8.06	9.053945541381836e-05
8.07	8.93622636795044e-05
8.08	8.809566497802734e-05
8.09	8.682906627655029e-05
8.1	8.559226989746094e-05
8.11	8.456408977508545e-05
8.12	8.343160152435303e-05
8.13	8.244812488555908e-05
8.14	8.131563663482666e-05
8.15	8.009374141693115e-05
8.16	7.887184619903564e-05
8.17	7.79181718826294e-05
8.18	7.706880569458008e-05
8.19	7.605552673339844e-05
8.2	7.49826431274414e-05
8.21	7.395446300506592e-05
8.22	7.301568984985352e-05
8.23	7.189810276031494e-05
8.24	7.073581218719482e-05
8.25	6.966292858123779e-05
8.26	6.893277168273926e-05
8.27	6.805360317230225e-05
8.28	6.711483001708984e-05
8.29	6.614625453948975e-05
8.3	6.529688835144043e-05
8.31	6.432831287384033e-05
8.32	6.346404552459717e-05
8.33	6.2599778175354e-05
8.34	6.186962127685547e-05
8.35	6.107985973358154e-05
8.36	6.00963830947876e-05
8.37	5.9351325035095215e-05
8.38	5.857646465301514e-05
8.39	5.780160427093506e-05
8.4	5.695223808288574e-05
8.41	5.6102871894836426e-05
8.42	5.5283308029174805e-05
8.43	5.4523348808288574e-05
8.44	5.37186861038208e-05
8.45	5.282461643218994e-05
8.46	5.1915645599365234e-05
8.47	5.091726779937744e-05
8.48	5.0067901611328125e-05
8.49	4.953145980834961e-05
8.5	4.895031452178955e-05
8.51	4.842877388000488e-05
8.52	4.772841930389404e-05
8.53	4.713237285614014e-05
8.54	4.655122756958008e-05
8.55	4.583597183227539e-05
8.56	4.501640796661377e-05
8.57	4.439055919647217e-05
8.58	4.373490810394287e-05
8.59	4.3138861656188965e-05
8.6	4.245340824127197e-05
8.61	4.2065978050231934e-05
8.62	4.1618943214416504e-05
8.63	4.112720489501953e-05
8.64	4.0337443351745605e-05
8.65	3.975629806518555e-05
8.66	3.916025161743164e-05
8.67	3.857910633087158e-05
8.68	3.793835639953613e-05
8.69	3.743171691894531e-05
8.7	3.68952751159668e-05
8.71	3.6403536796569824e-05
8.72	3.583729267120361e-05
8.73	3.528594970703125e-05
8.74	3.471970558166504e-05
8.75	3.419816493988037e-05
8.76	3.3661723136901855e-05
8.77	3.3020973205566406e-05
8.78	3.2335519790649414e-05
8.79	3.172457218170166e-05
8.8	3.108382225036621e-05
8.81	3.0606985092163086e-05
8.82	3.0249357223510742e-05
8.83	2.9861927032470703e-05
8.84	2.9414892196655273e-05
8.85	2.9131770133972168e-05
8.86	2.872943878173828e-05
8.87	2.82973051071167e-05
8.88	2.7760863304138184e-05
8.89	2.7313828468322754e-05
8.9	2.6851892471313477e-05
8.91	2.6404857635498047e-05
8.92	2.606213092803955e-05
8.93	2.5838613510131836e-05
8.94	2.5540590286254883e-05
8.95	2.5153160095214844e-05
8.96	2.4616718292236328e-05
8.97	2.4199485778808594e-05
8.98	2.3812055587768555e-05
8.99	2.35140323638916e-05
9.0	2.308189868927002e-05
9.01	2.2709369659423828e-05
9.02	2.2411346435546875e-05
9.03	2.2113323211669922e-05
9.04	2.168118953704834e-05
9.05	2.135336399078369e-05
9.06	2.0936131477355957e-05
9.07	2.0638108253479004e-05
9.08	2.0235776901245117e-05
9.09	1.9863247871398926e-05
9.1	1.9565224647521973e-05
9.11	1.9177794456481934e-05
9.12	1.8790364265441895e-05
9.13	1.843273639678955e-05
9.14	1.8045306205749512e-05
9.15	1.773238182067871e-05
9.16	1.7464160919189453e-05
9.17	1.7255544662475586e-05
9.18	1.7017126083374023e-05
9.19	1.6763806343078613e-05
9.2	1.6391277313232422e-05
9.21	1.609325408935547e-05
9.22	1.5750527381896973e-05
9.23	1.5541911125183105e-05
9.24	1.5333294868469238e-05
9.25	1.5139579772949219e-05
9.26	1.4841556549072266e-05
9.27	1.4513731002807617e-05
9.28	1.4096498489379883e-05
9.29	1.385807991027832e-05
9.3	1.3738870620727539e-05
9.31	1.3485550880432129e-05
9.32	1.3276934623718262e-05
9.33	1.3008713722229004e-05
9.34	1.2814998626708984e-05
9.35	1.2621283531188965e-05
9.36	1.2427568435668945e-05
9.37	1.2099742889404297e-05
9.38	1.1876225471496582e-05
9.39	1.163780689239502e-05
9.4	1.1488795280456543e-05
9.41	1.1324882507324219e-05
9.42	1.1160969734191895e-05
9.43	1.1026859283447266e-05
9.44	1.0788440704345703e-05
9.45	1.0475516319274902e-05
9.46	1.0251998901367188e-05
9.47	9.953975677490234e-06
9.48	9.775161743164062e-06
9.49	9.611248970031738e-06
9.5	9.506940841674805e-06
9.51	9.328126907348633e-06
9.52	9.2238187789917e-06
9.53	8.955597877502441e-06
9.54	8.77678394317627e-06
9.55	8.597970008850098e-06
9.56	8.448958396911621e-06
9.57	8.210539817810059e-06
9.58	8.001923561096191e-06
9.59	7.763504981994629e-06
9.6	7.584691047668457e-06
9.61	7.420778274536133e-06
9.62	7.316470146179199e-06
9.63	7.18235969543457e-06
9.64	7.0035457611083984e-06
9.65	6.854534149169922e-06
9.66	6.735324859619141e-06
9.67	6.616115570068359e-06
9.68	6.467103958129883e-06
9.69	6.273388862609863e-06
9.7	6.124377250671387e-06
9.71	5.990266799926758e-06
9.72	5.930662155151367e-06
9.73	5.900859832763672e-06
9.74	5.826354026794434e-06
9.75	5.751848220825195e-06
9.76	5.602836608886719e-06
9.77	5.409121513366699e-06
9.78	5.260109901428223e-06
9.79	5.125999450683594e-06
9.8	5.0067901611328125e-06
9.81	4.887580871582031e-06
9.82	4.783272743225098e-06
9.83	4.738569259643555e-06
9.84	4.693865776062012e-06
9.85	4.604458808898926e-06
9.86	4.470348358154297e-06
9.87	4.336237907409668e-06
9.88	4.231929779052734e-06
9.89	4.038214683532715e-06
9.9	3.948807716369629e-06
9.91	3.829598426818848e-06
9.92	3.725290298461914e-06
9.93	3.6209821701049805e-06
9.94	3.546476364135742e-06
9.95	3.4123659133911133e-06
9.96	3.3080577850341797e-06
9.97	3.2186508178710938e-06
9.98	3.1739473342895508e-06
9.99	3.129243850708008e-06
10.0	3.039836883544922e-06
10.01	2.905726432800293e-06
10.02	2.8014183044433594e-06
10.03	2.7418136596679688e-06
10.04	2.726912498474121e-06
10.05	2.682209014892578e-06
10.06	2.6673078536987305e-06
10.07	2.60770320892334e-06
10.08	2.5331974029541016e-06
10.09	2.428889274597168e-06
10.1	2.3692846298217773e-06
10.11	2.339482307434082e-06
10.12	2.2649765014648438e-06
10.13	2.1904706954956055e-06
10.14	2.1010637283325195e-06
10.15	2.1010637283325195e-06
10.16	2.0712614059448242e-06
10.17	2.0116567611694336e-06
10.18	1.9669532775878906e-06
10.19	1.9073486328125e-06
10.2	1.817941665649414e-06
10.21	1.773238182067871e-06
10.22	1.6987323760986328e-06
10.23	1.6838312149047852e-06
10.24	1.6242265701293945e-06
10.25	1.5497207641601562e-06
10.26	1.5050172805786133e-06
10.27	1.430511474609375e-06
10.28	1.341104507446289e-06
10.29	1.3113021850585938e-06
10.3	1.296401023864746e-06
10.31	1.296401023864746e-06
10.32	1.2665987014770508e-06
10.33	1.1920928955078125e-06
10.34	1.1175870895385742e-06
10.35	1.1026859283447266e-06
10.36	1.087784767150879e-06
10.37	1.043081283569336e-06
10.38	1.0132789611816406e-06
10.39	9.834766387939453e-07
10.4	9.5367431640625e-07
10.41	9.238719940185547e-07
10.42	9.08970832824707e-07
10.43	8.940696716308594e-07
10.44	8.642673492431641e-07
10.45	8.046627044677734e-07
10.46	7.748603820800781e-07
10.47	7.748603820800781e-07
10.48	7.450580596923828e-07
10.49	7.152557373046875e-07
10.5	6.556510925292969e-07
10.51	6.556510925292969e-07
10.52	6.407499313354492e-07
10.53	6.109476089477539e-07
10.54	6.109476089477539e-07
10.55	6.109476089477539e-07
10.56	5.811452865600586e-07
10.57	5.662441253662109e-07
10.58	5.21540641784668e-07
10.59	4.917383193969727e-07
10.6	4.6193599700927734e-07
10.61	4.3213367462158203e-07
10.62	4.3213367462158203e-07
10.63	4.3213367462158203e-07
10.64	4.3213367462158203e-07
10.65	4.172325134277344e-07
10.66	3.8743019104003906e-07
10.67	3.8743019104003906e-07
10.68	3.5762786865234375e-07
10.69	3.2782554626464844e-07
10.7	2.8312206268310547e-07
10.71	2.8312206268310547e-07
10.72	2.682209014892578e-07
10.73	2.682209014892578e-07
10.74	2.682209014892578e-07
10.75	2.682209014892578e-07
10.76	2.384185791015625e-07
10.77	2.2351741790771484e-07
10.78	2.086162567138672e-07
10.79	2.086162567138672e-07
10.8	1.9371509552001953e-07
10.81	1.6391277313232422e-07
10.82	1.4901161193847656e-07
10.83	1.4901161193847656e-07
10.84	1.4901161193847656e-07
10.85	1.4901161193847656e-07
10.86	1.4901161193847656e-07
10.87	1.4901161193847656e-07
10.88	1.4901161193847656e-07
10.89	1.341104507446289e-07
10.9	1.341104507446289e-07
10.91	1.1920928955078125e-07
10.92	1.043081283569336e-07
10.93	1.043081283569336e-07
10.94	1.043081283569336e-07
10.95	1.043081283569336e-07
10.96	1.043081283569336e-07
10.97	1.043081283569336e-07
10.98	1.043081283569336e-07
10.99	1.043081283569336e-07
11.0	8.940696716308594e-08
11.01	5.960464477539063e-08
11.02	4.470348358154297e-08
11.03	4.470348358154297e-08
11.04	4.470348358154297e-08
11.05	4.470348358154297e-08
11.06	4.470348358154297e-08
11.07	4.470348358154297e-08
11.08	4.470348358154297e-08
11.09	2.9802322387695312e-08
11.1	2.9802322387695312e-08
11.11	2.9802322387695312e-08
11.12	2.9802322387695312e-08
11.13	1.4901161193847656e-08
11.14	1.4901161193847656e-08
11.15	1.4901161193847656e-08
11.16	1.4901161193847656e-08
11.17	1.4901161193847656e-08
11.18	1.4901161193847656e-08
11.19	1.4901161193847656e-08
11.2	1.4901161193847656e-08
11.21	1.4901161193847656e-08
11.22	1.4901161193847656e-08
11.23	1.4901161193847656e-08
11.24	1.4901161193847656e-08
11.25	1.4901161193847656e-08
11.26	1.4901161193847656e-08
11.27	1.4901161193847656e-08
11.28	1.4901161193847656e-08
11.29	1.4901161193847656e-08
11.3	1.4901161193847656e-08
11.31	1.4901161193847656e-08
11.32	1.4901161193847656e-08
11.33	0.0
