5.18	0.0005047321319580078
5.19	0.0004992224276065826
5.2	0.0004938952624797821
5.21	0.0004885606467723846
5.22	0.00048309192061424255
5.23	0.0004778951406478882
5.24	0.0004727467894554138
5.25	0.0004672296345233917
5.26	0.0004622936248779297
5.27	0.0004573427140712738
5.28	0.0004521086812019348
5.29	0.000447198748588562
5.3	0.0004421435296535492
5.31	0.00043724849820137024
5.32	0.0004324018955230713
5.33	0.00042739883065223694
5.34	0.00042275339365005493
5.35	0.00041812658309936523
5.36	0.0004134923219680786
5.37	0.0004087984561920166
5.38	0.0004042685031890869
5.39	0.00039982423186302185
5.4	0.00039523467421531677
5.41	0.00039091333746910095
5.42	0.00038631632924079895
5.43	0.0003820359706878662
5.44	0.0003779269754886627
5.45	0.0003736726939678192
5.46	0.00036955997347831726
5.47	0.00036546215415000916
5.48	0.00036119669675827026
5.49	0.00035714730620384216
5.5	0.00035315752029418945
5.51	0.00034920498728752136
5.52	0.0003452897071838379
5.53	0.0003415048122406006
5.54	0.00033755600452423096
5.55	0.00033380836248397827
5.56	0.0003300420939922333
5.57	0.00032610073685646057
5.58	0.00032255053520202637
5.59	0.00031888484954833984
5.6	0.0003151632845401764
5.61	0.0003116689622402191
5.62	0.0003081001341342926
5.63	0.0003045424818992615
5.64	0.00030117854475975037
5.65	0.00029764696955680847
5.66	0.00029418617486953735
5.67	0.00029084086418151855
5.68	0.000287424772977829
5.69	0.00028393790125846863
5.7	0.00028085336089134216
5.71	0.0002776049077510834
5.72	0.00027430057525634766
5.73	0.00027101486921310425
5.74	0.0002677030861377716
5.75	0.00026467442512512207
5.76	0.0002617575228214264
5.77	0.000258617103099823
5.78	0.0002555958926677704
5.79	0.00025268644094467163
5.8	0.0002496764063835144
5.81	0.00024659931659698486
5.82	0.00024371594190597534
5.83	0.00024097412824630737
5.84	0.00023819878697395325
5.85	0.00023548677563667297
5.86	0.00023262202739715576
5.87	0.0002299100160598755
5.88	0.0002272091805934906
5.89	0.00022449344396591187
5.9	0.00022183731198310852
5.91	0.0002192370593547821
5.92	0.00021658465266227722
5.93	0.00021409988403320312
5.94	0.00021157041192054749
5.95	0.0002090446650981903
5.96	0.0002065710723400116
5.97	0.00020411238074302673
5.98	0.00020158663392066956
5.99	0.00019918382167816162
6.0	0.00019676238298416138
6.01	0.0001942962408065796
6.02	0.00019210949540138245
6.03	0.00018975883722305298
6.04	0.00018741562962532043
6.05	0.00018524006009101868
6.06	0.00018284469842910767
6.07	0.00018060952425003052
6.08	0.0001784190535545349
6.09	0.000176209956407547
6.1	0.00017420947551727295
6.11	0.00017221644520759583
6.12	0.0001700669527053833
6.13	0.0001678280532360077
6.14	0.00016580522060394287
6.15	0.00016386434435844421
6.16	0.0001618601381778717
6.17	0.00015996024012565613
6.18	0.00015789642930030823
6.19	0.00015599653124809265
6.2	0.00015413761138916016
6.21	0.0001520402729511261
6.22	0.0001502707600593567
6.23	0.00014840438961982727
6.24	0.00014657899737358093
6.25	0.00014484673738479614
6.26	0.00014307349920272827
6.27	0.00014127418398857117
6.28	0.00013952329754829407
6.29	0.0001378767192363739
6.3	0.0001360960304737091
6.31	0.0001343749463558197
6.32	0.0001326538622379303
6.33	0.00013099238276481628
6.34	0.00012938305735588074
6.35	0.00012776628136634827
6.36	0.00012614578008651733
6.37	0.00012459605932235718
6.38	0.000122901052236557
6.39	0.00012128427624702454
6.4	0.00011974945664405823
6.41	0.00011818483471870422
6.42	0.00011676549911499023
6.43	0.00011531263589859009
6.44	0.00011371448636054993
6.45	0.00011228770017623901
6.46	0.00011079385876655579
6.47	0.00010932981967926025
6.48	0.00010791048407554626
6.49	0.00010656937956809998
6.5	0.00010522454977035522
6.51	0.00010396912693977356
6.52	0.00010262802243232727
6.53	0.00010116398334503174
6.54	9.997561573982239e-05
6.55	9.869411587715149e-05
6.56	9.739398956298828e-05
6.57	9.613111615180969e-05
6.58	9.488686919212341e-05
6.59	9.366869926452637e-05
6.6	9.248778223991394e-05
6.61	9.12882387638092e-05
6.62	9.009242057800293e-05
6.63	8.882954716682434e-05
6.64	8.766725659370422e-05
6.65	8.649379014968872e-05
6.66	8.540228009223938e-05
6.67	8.433684706687927e-05
6.68	8.319690823554993e-05
6.69	8.20942223072052e-05
6.7	8.097290992736816e-05
6.71	7.986649870872498e-05
6.72	7.884949445724487e-05
6.73	7.779896259307861e-05
6.74	7.675960659980774e-05
6.75	7.572770118713379e-05
6.76	7.468461990356445e-05
6.77	7.372349500656128e-05
6.78	7.269531488418579e-05
6.79	7.162243127822876e-05
6.8	7.069110870361328e-05
6.81	6.976351141929626e-05
6.82	6.88210129737854e-05
6.83	6.793439388275146e-05
6.84	6.693601608276367e-05
6.85	6.60531222820282e-05
6.86	6.522238254547119e-05
6.87	6.424635648727417e-05
6.88	6.338581442832947e-05
6.89	6.251409649848938e-05
6.9	6.171688437461853e-05
6.91	6.090104579925537e-05
6.92	6.0070306062698364e-05
6.93	5.9254467487335205e-05
6.94	5.8434903621673584e-05
6.95	5.764514207839966e-05
6.96	5.6840479373931885e-05
6.97	5.6006014347076416e-05
6.98	5.535408854484558e-05
6.99	5.458667874336243e-05
7.0	5.386769771575928e-05
7.01	5.314871668815613e-05
7.02	5.2362680435180664e-05
7.03	5.157291889190674e-05
7.04	5.085021257400513e-05
7.05	5.013495683670044e-05
7.06	4.9445778131484985e-05
7.07	4.8801302909851074e-05
7.08	4.809349775314331e-05
7.09	4.737824201583862e-05
7.1	4.6737492084503174e-05
7.11	4.60110604763031e-05
7.12	4.541128873825073e-05
7.13	4.476308822631836e-05
7.14	4.4170767068862915e-05
7.15	4.353746771812439e-05
7.16	4.284083843231201e-05
7.17	4.229694604873657e-05
7.18	4.167109727859497e-05
7.19	4.1037797927856445e-05
7.2	4.044175148010254e-05
7.21	3.985315561294556e-05
7.22	3.929063677787781e-05
7.23	3.870576620101929e-05
7.24	3.814324736595154e-05
7.25	3.762170672416687e-05
7.26	3.7088990211486816e-05
7.27	3.65525484085083e-05
7.28	3.601983189582825e-05
7.29	3.5449862480163574e-05
7.3	3.502890467643738e-05
7.31	3.454834222793579e-05
7.32	3.4071505069732666e-05
7.33	3.363564610481262e-05
7.34	3.303214907646179e-05
7.35	3.257766366004944e-05
7.36	3.211945295333862e-05
7.37	3.160163760185242e-05
7.38	3.118440508842468e-05
7.39	3.074854612350464e-05
7.4	3.030523657798767e-05
7.41	2.9843300580978394e-05
7.42	2.9403716325759888e-05
7.43	2.8934329748153687e-05
7.44	2.8498470783233643e-05
7.45	2.8070062398910522e-05
7.46	2.7671456336975098e-05
7.47	2.7261674404144287e-05
7.48	2.6911497116088867e-05
7.49	2.6483088731765747e-05
7.5	2.6091933250427246e-05
7.51	2.5678426027297974e-05
7.52	2.527981996536255e-05
7.53	2.4899840354919434e-05
7.54	2.452358603477478e-05
7.55	2.4180859327316284e-05
7.56	2.3815780878067017e-05
7.57	2.347305417060852e-05
7.58	2.310052514076233e-05
7.59	2.273544669151306e-05
7.6	2.2388994693756104e-05
7.61	2.2064894437789917e-05
7.62	2.1729618310928345e-05
7.63	2.136826515197754e-05
7.64	2.1092593669891357e-05
7.65	2.080574631690979e-05
7.66	2.0459294319152832e-05
7.67	2.017989754676819e-05
7.68	1.9866973161697388e-05
7.69	1.9554048776626587e-05
7.7	1.9252300262451172e-05
7.71	1.8984079360961914e-05
7.72	1.8719583749771118e-05
7.73	1.8462538719177246e-05
7.74	1.8164515495300293e-05
7.75	1.7832964658737183e-05
7.76	1.7590820789337158e-05
7.77	1.73225998878479e-05
7.78	1.703202724456787e-05
7.79	1.679733395576477e-05
7.8	1.6536563634872437e-05
7.81	1.6257166862487793e-05
7.82	1.6026198863983154e-05
7.83	1.5757977962493896e-05
7.84	1.547113060951233e-05
7.85	1.5214085578918457e-05
7.86	1.5001744031906128e-05
7.87	1.4726072549819946e-05
7.88	1.4554709196090698e-05
7.89	1.4327466487884521e-05
7.9	1.4059245586395264e-05
7.91	1.383945345878601e-05
7.92	1.3608485460281372e-05
7.93	1.3381242752075195e-05
7.94	1.315772533416748e-05
7.95	1.2949109077453613e-05
7.96	1.2777745723724365e-05
7.97	1.2587755918502808e-05
7.98	1.2394040822982788e-05
7.99	1.216307282447815e-05
8.0	1.1976808309555054e-05
8.01	1.1797994375228882e-05
8.02	1.1604279279708862e-05
8.03	1.142546534538269e-05
8.04	1.1276453733444214e-05
8.05	1.111254096031189e-05
8.06	1.0926276445388794e-05
8.07	1.0732561349868774e-05
8.08	1.058727502822876e-05
8.09	1.0438263416290283e-05
8.1	1.0225921869277954e-05
8.11	1.0091811418533325e-05
8.12	9.920448064804077e-06
8.13	9.763985872268677e-06
8.14	9.655952453613281e-06
8.15	9.462237358093262e-06
8.16	9.316951036453247e-06
8.17	9.160488843917847e-06
8.18	9.004026651382446e-06
8.19	8.85501503944397e-06
8.2	8.732080459594727e-06
8.21	8.590519428253174e-06
8.22	8.430331945419312e-06
8.23	8.322298526763916e-06
8.24	8.15466046333313e-06
8.25	7.97957181930542e-06
8.26	7.878988981246948e-06
8.27	7.72625207901001e-06
8.28	7.614493370056152e-06
8.29	7.510185241699219e-06
8.3	7.35744833946228e-06
8.31	7.223337888717651e-06
8.32	7.107853889465332e-06
8.33	6.977468729019165e-06
8.34	6.843358278274536e-06
8.35	6.750226020812988e-06
8.36	6.6533684730529785e-06
8.37	6.545335054397583e-06
8.38	6.441026926040649e-06
8.39	6.329268217086792e-06
8.4	6.210058927536011e-06
8.41	6.098300218582153e-06
8.42	5.986541509628296e-06
8.43	5.908310413360596e-06
8.44	5.8300793170928955e-06
8.45	5.736947059631348e-06
8.46	5.628913640975952e-06
8.47	5.513429641723633e-06
8.48	5.45009970664978e-06
8.49	5.356967449188232e-06
8.5	5.237758159637451e-06
8.51	5.152076482772827e-06
8.52	5.066394805908203e-06
8.53	4.980713129043579e-06
8.54	4.895031452178955e-06
8.55	4.809349775314331e-06
8.56	4.719942808151245e-06
8.57	4.630535840988159e-06
8.58	4.533678293228149e-06
8.59	4.447996616363525e-06
8.6	4.377216100692749e-06
8.61	4.325062036514282e-06
8.62	4.235655069351196e-06
8.63	4.176050424575806e-06
8.64	4.0978193283081055e-06
8.65	3.986060619354248e-06
8.66	3.933906555175781e-06
8.67	3.8817524909973145e-06
8.68	3.8035213947296143e-06
8.69	3.7439167499542236e-06
8.7	3.6731362342834473e-06
8.71	3.598630428314209e-06
8.72	3.5278499126434326e-06
8.73	3.4570693969726562e-06
8.74	3.390014171600342e-06
8.75	3.337860107421875e-06
8.76	3.28943133354187e-06
8.77	3.2298266887664795e-06
8.78	3.166496753692627e-06
8.79	3.121793270111084e-06
8.8	3.0621886253356934e-06
8.81	2.987682819366455e-06
8.82	2.9318034648895264e-06
8.83	2.8796494007110596e-06
8.84	2.8423964977264404e-06
8.85	2.7939677238464355e-06
8.86	2.738088369369507e-06
8.87	2.682209014892578e-06
8.88	2.6300549507141113e-06
8.89	2.5890767574310303e-06
8.9	2.51084566116333e-06
8.91	2.4475157260894775e-06
8.92	2.425163984298706e-06
8.93	2.380460500717163e-06
8.94	2.339482307434082e-06
8.95	2.2873282432556152e-06
8.96	2.2239983081817627e-06
8.97	2.1941959857940674e-06
8.98	2.1457672119140625e-06
8.99	2.1085143089294434e-06
9.0	2.0600855350494385e-06
9.01	2.0228326320648193e-06
9.02	1.989305019378662e-06
9.03	1.952052116394043e-06
9.04	1.911073923110962e-06
9.05	1.8589198589324951e-06
9.06	1.8253922462463379e-06
9.07	1.7993152141571045e-06
9.08	1.7546117305755615e-06
9.09	1.7136335372924805e-06
9.1	1.691281795501709e-06
9.11	1.6614794731140137e-06
9.12	1.6167759895324707e-06
9.13	1.5757977962493896e-06
9.14	1.5497207641601562e-06
9.15	1.5124678611755371e-06
9.16	1.4826655387878418e-06
9.17	1.4491379261016846e-06
9.18	1.4118850231170654e-06
9.19	1.3969838619232178e-06
9.2	1.3671815395355225e-06
9.21	1.3262033462524414e-06
9.22	1.296401023864746e-06
9.23	1.2628734111785889e-06
9.24	1.2442469596862793e-06
9.25	1.2218952178955078e-06
9.26	1.1995434761047363e-06
9.27	1.169741153717041e-06
9.28	1.1324882507324219e-06
9.29	1.1175870895385742e-06
9.3	1.0766088962554932e-06
9.31	1.0468065738677979e-06
9.32	1.0244548320770264e-06
9.33	1.0058283805847168e-06
9.34	9.909272193908691e-07
9.35	9.611248970031738e-07
9.36	9.387731552124023e-07
9.37	9.201467037200928e-07
9.38	8.977949619293213e-07
9.39	8.903443813323975e-07
9.4	8.605420589447021e-07
9.41	8.344650268554688e-07
9.42	8.307397365570068e-07
9.43	8.009374141693115e-07
9.44	7.897615432739258e-07
9.45	7.711350917816162e-07
9.46	7.450580596923828e-07
9.47	7.338821887969971e-07
9.48	7.152557373046875e-07
9.49	6.92903995513916e-07
9.5	6.817281246185303e-07
9.51	6.780028343200684e-07
9.52	6.556510925292969e-07
9.53	6.332993507385254e-07
9.54	6.221234798431396e-07
9.55	6.07222318649292e-07
9.56	5.848705768585205e-07
9.57	5.736947059631348e-07
9.58	5.587935447692871e-07
9.59	5.476176738739014e-07
9.6	5.364418029785156e-07
9.61	5.066394805908203e-07
9.62	4.917383193969727e-07
9.63	4.842877388000488e-07
9.64	4.731118679046631e-07
9.65	4.6566128730773926e-07
9.66	4.507601261138916e-07
9.67	4.3958425521850586e-07
9.68	4.246830940246582e-07
9.69	4.172325134277344e-07
9.7	4.0605664253234863e-07
9.71	3.8743019104003906e-07
9.72	3.762543201446533e-07
9.73	3.650784492492676e-07
9.74	3.5390257835388184e-07
9.75	3.46451997756958e-07
9.76	3.390014171600342e-07
9.77	3.2782554626464844e-07
9.78	3.0919909477233887e-07
9.79	3.0174851417541504e-07
9.8	2.980232238769531e-07
9.81	2.905726432800293e-07
9.82	2.905726432800293e-07
9.83	2.7939677238464355e-07
9.84	2.7194619178771973e-07
9.85	2.682209014892578e-07
9.86	2.60770320892334e-07
9.87	2.5331974029541016e-07
9.88	2.421438694000244e-07
9.89	2.384185791015625e-07
9.9	2.2724270820617676e-07
9.91	2.2351741790771484e-07
9.92	2.1606683731079102e-07
9.93	2.0116567611694336e-07
9.94	2.0116567611694336e-07
9.95	1.9371509552001953e-07
9.96	1.7881393432617188e-07
9.97	1.7881393432617188e-07
9.98	1.7508864402770996e-07
9.99	1.7136335372924805e-07
10.0	1.7136335372924805e-07
10.01	1.601874828338623e-07
10.02	1.4901161193847656e-07
10.03	1.4528632164001465e-07
10.04	1.4156103134155273e-07
10.05	1.4156103134155273e-07
10.06	1.30385160446167e-07
10.07	1.2665987014770508e-07
10.08	1.1920928955078125e-07
10.09	1.1920928955078125e-07
10.1	1.1548399925231934e-07
10.11	1.043081283569336e-07
10.12	1.043081283569336e-07
10.13	1.0058283805847168e-07
10.14	1.0058283805847168e-07
10.15	9.685754776000977e-08
10.16	9.313225746154785e-08
10.17	9.313225746154785e-08
10.18	8.568167686462402e-08
10.19	7.82310962677002e-08
10.2	7.82310962677002e-08
10.21	7.82310962677002e-08
10.22	7.82310962677002e-08
10.23	7.450580596923828e-08
10.24	7.078051567077637e-08
10.25	6.705522537231445e-08
10.26	6.705522537231445e-08
10.27	6.705522537231445e-08
10.28	5.960464477539063e-08
10.29	5.960464477539063e-08
10.3	5.960464477539063e-08
10.31	5.587935447692871e-08
10.32	5.587935447692871e-08
10.33	4.842877388000488e-08
10.34	4.842877388000488e-08
10.35	4.842877388000488e-08
10.36	4.470348358154297e-08
10.37	4.0978193283081055e-08
10.38	3.725290298461914e-08
10.39	3.725290298461914e-08
10.4	3.725290298461914e-08
10.41	3.725290298461914e-08
10.42	3.3527612686157227e-08
10.43	2.60770320892334e-08
10.44	2.60770320892334e-08
10.45	2.60770320892334e-08
10.46	2.2351741790771484e-08
10.47	2.2351741790771484e-08
10.48	1.862645149230957e-08
10.49	1.862645149230957e-08
10.5	1.862645149230957e-08
10.51	1.4901161193847656e-08
10.52	1.4901161193847656e-08
10.53	1.4901161193847656e-08
10.54	1.4901161193847656e-08
10.55	1.4901161193847656e-08
10.56	1.4901161193847656e-08
10.57	1.4901161193847656e-08
10.58	1.4901161193847656e-08
10.59	1.1175870895385742e-08
10.6	1.1175870895385742e-08
10.61	1.1175870895385742e-08
10.62	1.1175870895385742e-08
10.63	1.1175870895385742e-08
10.64	1.1175870895385742e-08
10.65	7.450580596923828e-09
10.66	7.450580596923828e-09
10.67	7.450580596923828e-09
10.68	7.450580596923828e-09
10.69	7.450580596923828e-09
10.7	7.450580596923828e-09
10.71	7.450580596923828e-09
10.72	7.450580596923828e-09
10.73	7.450580596923828e-09
10.74	7.450580596923828e-09
10.75	7.450580596923828e-09
10.76	7.450580596923828e-09
10.77	7.450580596923828e-09
10.78	3.725290298461914e-09
10.79	3.725290298461914e-09
10.8	3.725290298461914e-09
10.81	3.725290298461914e-09
10.82	3.725290298461914e-09
10.83	0.0
