4.36	0.0005038976669311523
4.37	0.0004981160163879395
4.38	0.0004953444004058838
4.39	0.0004947483539581299
4.4	0.0004926323890686035
4.41	0.0004899501800537109
4.42	0.00048595666885375977
4.43	0.00047272443771362305
4.44	0.0004661977291107178
4.45	0.0004636049270629883
4.46	0.00045862793922424316
4.47	0.00045734643936157227
4.48	0.0004551112651824951
4.49	0.00045253336429595947
4.5	0.00044326484203338623
4.51	0.00043983757495880127
4.52	0.0004359334707260132
4.53	0.0004334002733230591
4.54	0.00043042004108428955
4.55	0.00042839348316192627
4.56	0.00042754411697387695
4.57	0.0004245191812515259
4.58	0.000420302152633667
4.59	0.0004169940948486328
4.6	0.0004158914089202881
4.61	0.000411301851272583
4.62	0.00040730834007263184
4.63	0.00040331482887268066
4.64	0.0004000663757324219
4.65	0.0003989487886428833
4.66	0.00039495527744293213
4.67	0.0003939121961593628
4.68	0.0003901571035385132
4.69	0.00038427114486694336
4.7	0.000378340482711792
4.71	0.0003765225410461426
4.72	0.00037613511085510254
4.73	0.00037419795989990234
4.74	0.0003719627857208252
4.75	0.00036838650703430176
4.76	0.00036409497261047363
4.77	0.00035896897315979004
4.78	0.00035327672958374023
4.79	0.00035247206687927246
4.8	0.00035062432289123535
4.81	0.0003483295440673828
4.82	0.000347331166267395
4.83	0.0003454536199569702
4.84	0.0003406256437301636
4.85	0.00033767521381378174
4.86	0.0003307163715362549
4.87	0.0003297775983810425
4.88	0.00032876431941986084
4.89	0.000327184796333313
4.9	0.00032614171504974365
4.91	0.00032474100589752197
4.92	0.00032426416873931885
4.93	0.00031901895999908447
4.94	0.00031839311122894287
4.95	0.0003128349781036377
4.96	0.0003113597631454468
4.97	0.00031082332134246826
4.98	0.0003107786178588867
4.99	0.0003098398447036743
5.0	0.000306934118270874
5.01	0.00029987096786499023
5.02	0.0002967417240142822
5.03	0.00029462575912475586
5.04	0.00029268860816955566
5.05	0.00028902292251586914
5.06	0.00028899312019348145
5.07	0.0002852976322174072
5.08	0.00028304755687713623
5.09	0.00028230249881744385
5.1	0.0002802163362503052
5.11	0.00027871131896972656
5.12	0.0002754479646682739
5.13	0.00027523934841156006
5.14	0.0002742856740951538
5.15	0.0002732127904891968
5.16	0.00027133524417877197
5.17	0.0002705603837966919
5.18	0.0002673417329788208
5.19	0.0002617686986923218
5.2	0.0002583116292953491
5.21	0.00025509297847747803
5.22	0.000253334641456604
5.23	0.0002531707286834717
5.24	0.00025312602519989014
5.25	0.0002509802579879761
5.26	0.0002484172582626343
5.27	0.0002446472644805908
5.28	0.00024214386940002441
5.29	0.00024193525314331055
5.3	0.00024121999740600586
5.31	0.0002409815788269043
5.32	0.00023984909057617188
5.33	0.00023624300956726074
5.34	0.00023402273654937744
5.35	0.00023251771926879883
5.36	0.0002314746379852295
5.37	0.0002270340919494629
5.38	0.00022619962692260742
5.39	0.00022155046463012695
5.4	0.00022040307521820068
5.41	0.00021947920322418213
5.42	0.00021876394748687744
5.43	0.000218316912651062
5.44	0.0002132505178451538
5.45	0.00021284818649291992
5.46	0.00021016597747802734
5.47	0.00020936131477355957
5.48	0.00020760297775268555
5.49	0.00020745396614074707
5.5	0.000206872820854187
5.51	0.00020428001880645752
5.52	0.0002005249261856079
5.53	0.00019641220569610596
5.54	0.0001917332410812378
5.55	0.00019149482250213623
5.56	0.00019119679927825928
5.57	0.00018988549709320068
5.58	0.00018765032291412354
5.59	0.00018607079982757568
5.6	0.00018374621868133545
5.61	0.00018221139907836914
5.62	0.0001812279224395752
5.63	0.0001800060272216797
5.64	0.00017836689949035645
5.65	0.0001774132251739502
5.66	0.00017684698104858398
5.67	0.00017639994621276855
5.68	0.0001748502254486084
5.69	0.0001742839813232422
5.7	0.0001729726791381836
5.71	0.00017008185386657715
5.72	0.00016766786575317383
5.73	0.0001659989356994629
5.74	0.0001653134822845459
5.75	0.00016504526138305664
5.76	0.00016410648822784424
5.77	0.00016286969184875488
5.78	0.0001596510410308838
5.79	0.00015735626220703125
5.8	0.00015524029731750488
5.81	0.0001551806926727295
5.82	0.00015500187873840332
5.83	0.0001544952392578125
5.84	0.00015410780906677246
5.85	0.0001520216464996338
5.86	0.00015051662921905518
5.87	0.00014950335025787354
5.88	0.00014926493167877197
5.89	0.00014875829219818115
5.9	0.00014515221118927002
5.91	0.00014466047286987305
5.92	0.00014416873455047607
5.93	0.00014261901378631592
5.94	0.00014229118824005127
5.95	0.00014121830463409424
5.96	0.0001377314329147339
5.97	0.00013396143913269043
5.98	0.0001339167356491089
5.99	0.0001332014799118042
6.0	0.00013233721256256104
6.01	0.000131949782371521
6.02	0.00013114511966705322
6.03	0.00012859702110290527
6.04	0.00012436509132385254
6.05	0.00012347102165222168
6.06	0.00012254714965820312
6.07	0.00012248754501342773
6.08	0.00012111663818359375
6.09	0.00012038648128509521
6.1	0.00011847913265228271
6.11	0.00011573731899261475
6.12	0.0001140981912612915
6.13	0.00011387467384338379
6.14	0.00011280179023742676
6.15	0.00011214613914489746
6.16	0.0001105964183807373
6.17	0.00010982155799865723
6.18	0.00010910630226135254
6.19	0.00010848045349121094
6.2	0.00010836124420166016
6.21	0.00010788440704345703
6.22	0.0001074373722076416
6.23	0.0001061856746673584
6.24	0.0001061558723449707
6.25	0.00010600686073303223
6.26	0.00010579824447631836
6.27	0.00010451674461364746
6.28	0.00010402500629425049
6.29	0.00010152161121368408
6.3	0.00010122358798980713
6.31	9.839236736297607e-05
6.32	9.785592555999756e-05
6.33	9.785592555999756e-05
6.34	9.725987911224365e-05
6.35	9.702146053314209e-05
6.36	9.648501873016357e-05
6.37	9.606778621673584e-05
6.38	9.438395500183105e-05
6.39	9.31769609451294e-05
6.4	9.31769609451294e-05
6.41	9.307265281677246e-05
6.42	9.264051914215088e-05
6.43	9.216368198394775e-05
6.44	9.149312973022461e-05
6.45	9.091198444366455e-05
6.46	8.897483348846436e-05
6.47	8.87066125869751e-05
6.48	8.533895015716553e-05
6.49	8.504092693328857e-05
6.5	8.460879325866699e-05
6.51	8.456408977508545e-05
6.52	8.441507816314697e-05
6.53	8.331239223480225e-05
6.54	8.13901424407959e-05
6.55	7.897615432739258e-05
6.56	7.897615432739258e-05
6.57	7.873773574829102e-05
6.58	7.867813110351562e-05
6.59	7.867813110351562e-05
6.6	7.82012939453125e-05
6.61	7.607042789459229e-05
6.62	7.511675357818604e-05
6.63	7.314980030059814e-05
6.64	7.256865501403809e-05
6.65	7.253885269165039e-05
6.66	7.25090503692627e-05
6.67	7.236003875732422e-05
6.68	7.110834121704102e-05
6.69	7.072091102600098e-05
6.7	7.006525993347168e-05
6.71	6.824731826782227e-05
6.72	6.80387020111084e-05
6.73	6.77257776260376e-05
6.74	6.730854511260986e-05
6.75	6.692111492156982e-05
6.76	6.681680679321289e-05
6.77	6.669759750366211e-05
6.78	6.526708602905273e-05
6.79	6.526708602905273e-05
6.8	6.343424320220947e-05
6.81	6.282329559326172e-05
6.82	6.22868537902832e-05
6.83	6.216764450073242e-05
6.84	6.192922592163086e-05
6.85	6.181001663208008e-05
6.86	5.9485435485839844e-05
6.87	5.821883678436279e-05
6.88	5.7950615882873535e-05
6.89	5.7756900787353516e-05
6.9	5.696713924407959e-05
6.91	5.634129047393799e-05
6.92	5.574524402618408e-05
6.93	5.498528480529785e-05
6.94	5.4523348808288574e-05
6.95	5.4195523262023926e-05
6.96	5.3748488426208496e-05
6.97	5.3510069847106934e-05
6.98	5.3256750106811523e-05
6.99	5.3063035011291504e-05
7.0	5.157291889190674e-05
7.01	5.109608173370361e-05
7.02	5.0887465476989746e-05
7.03	5.078315734863281e-05
7.04	5.009770393371582e-05
7.05	4.932284355163574e-05
7.06	4.731118679046631e-05
7.07	4.620850086212158e-05
7.08	4.614889621734619e-05
7.09	4.614889621734619e-05
7.1	4.614889621734619e-05
7.11	4.6059489250183105e-05
7.12	4.5552849769592285e-05
7.13	4.486739635467529e-05
7.14	4.4658780097961426e-05
7.15	4.4032931327819824e-05
7.16	4.394352436065674e-05
7.17	4.391372203826904e-05
7.18	4.374980926513672e-05
7.19	4.3511390686035156e-05
7.2	4.3258070945739746e-05
7.21	4.234910011291504e-05
7.22	4.203617572784424e-05
7.23	4.188716411590576e-05
7.24	4.018843173980713e-05
7.25	4.0084123611450195e-05
7.26	3.999471664428711e-05
7.27	3.975629806518555e-05
7.28	3.965198993682861e-05
7.29	3.9517879486083984e-05
7.3	3.9517879486083984e-05
7.31	3.7997961044311523e-05
7.32	3.7282705307006836e-05
7.33	3.707408905029297e-05
7.34	3.707408905029297e-05
7.35	3.68952751159668e-05
7.36	3.653764724731445e-05
7.37	3.647804260253906e-05
7.38	3.439188003540039e-05
7.39	3.319978713989258e-05
7.4	3.3020973205566406e-05
7.41	3.299117088317871e-05
7.42	3.263354301452637e-05
7.43	3.254413604736328e-05
7.44	3.238022327423096e-05
7.45	3.170967102050781e-05
7.46	3.1381845474243164e-05
7.47	3.126263618469238e-05
7.48	3.1054019927978516e-05
7.49	3.089010715484619e-05
7.5	3.077089786529541e-05
7.51	3.063678741455078e-05
7.52	3.0621886253356934e-05
7.53	3.0294060707092285e-05
7.54	3.02046537399292e-05
7.55	2.9847025871276855e-05
7.56	2.975761890411377e-05
7.57	2.9399991035461426e-05
7.58	2.8625130653381348e-05
7.59	2.7820467948913574e-05
7.6	2.7820467948913574e-05
7.61	2.728402614593506e-05
7.62	2.7164816856384277e-05
7.63	2.7164816856384277e-05
7.64	2.6628375053405762e-05
7.65	2.555549144744873e-05
7.66	2.537667751312256e-05
7.67	2.537667751312256e-05
7.68	2.5257468223571777e-05
7.69	2.51084566116333e-05
7.7	2.4944543838500977e-05
7.71	2.4586915969848633e-05
7.72	2.4124979972839355e-05
7.73	2.3946166038513184e-05
7.74	2.364814281463623e-05
7.75	2.3558735847473145e-05
7.76	2.339482307434082e-05
7.77	2.3365020751953125e-05
7.78	2.327561378479004e-05
7.79	2.327561378479004e-05
7.8	2.288818359375e-05
7.81	2.275407314300537e-05
7.82	2.1904706954956055e-05
7.83	2.1904706954956055e-05
7.84	2.181529998779297e-05
7.85	2.181529998779297e-05
7.86	2.181529998779297e-05
7.87	2.181529998779297e-05
7.88	2.1636486053466797e-05
7.89	2.1278858184814453e-05
7.9	2.1070241928100586e-05
7.91	2.0563602447509766e-05
7.92	2.0518898963928223e-05
7.93	2.0518898963928223e-05
7.94	2.0489096641540527e-05
7.95	2.0369887351989746e-05
7.96	1.9878149032592773e-05
7.97	1.965463161468506e-05
7.98	1.9475817680358887e-05
7.99	1.9297003746032715e-05
8.0	1.8998980522155762e-05
8.01	1.8998980522155762e-05
8.02	1.8805265426635742e-05
8.03	1.8671154975891113e-05
8.04	1.8671154975891113e-05
8.05	1.8611550331115723e-05
8.06	1.8611550331115723e-05
8.07	1.8164515495300293e-05
8.08	1.8164515495300293e-05
8.09	1.8164515495300293e-05
8.1	1.8164515495300293e-05
8.11	1.8104910850524902e-05
8.12	1.8104910850524902e-05
8.13	1.792609691619873e-05
8.14	1.691281795501709e-05
8.15	1.677870750427246e-05
8.16	1.6301870346069336e-05
8.17	1.621246337890625e-05
8.18	1.6182661056518555e-05
8.19	1.6182661056518555e-05
8.2	1.6123056411743164e-05
8.21	1.58846378326416e-05
8.22	1.5676021575927734e-05
8.23	1.5437602996826172e-05
8.24	1.5407800674438477e-05
8.25	1.5407800674438477e-05
8.26	1.537799835205078e-05
8.27	1.537799835205078e-05
8.28	1.5228986740112305e-05
8.29	1.4975666999816895e-05
8.3	1.49458646774292e-05
8.31	1.4886260032653809e-05
8.32	1.4469027519226074e-05
8.33	1.411139965057373e-05
8.34	1.3440847396850586e-05
8.35	1.3262033462524414e-05
8.36	1.3262033462524414e-05
8.37	1.3262033462524414e-05
8.38	1.3262033462524414e-05
8.39	1.2785196304321289e-05
8.4	1.2665987014770508e-05
8.41	1.2516975402832031e-05
8.42	1.2487173080444336e-05
8.43	1.2367963790893555e-05
8.44	1.2367963790893555e-05
8.45	1.233816146850586e-05
8.46	1.2174248695373535e-05
8.47	1.189112663269043e-05
8.48	1.1742115020751953e-05
8.49	1.1220574378967285e-05
8.5	1.1175870895385742e-05
8.51	1.1175870895385742e-05
8.52	1.1160969734191895e-05
8.53	1.0982155799865723e-05
8.54	1.0892748832702637e-05
8.55	1.0788440704345703e-05
8.56	1.0788440704345703e-05
8.57	1.074373722076416e-05
8.58	1.068413257598877e-05
8.59	1.055002212524414e-05
8.6	1.0505318641662598e-05
8.61	1.0505318641662598e-05
8.62	1.0505318641662598e-05
8.63	1.0505318641662598e-05
8.64	1.0505318641662598e-05
8.65	1.0445713996887207e-05
8.66	9.909272193908691e-06
8.67	9.894371032714844e-06
8.68	9.685754776000977e-06
8.69	9.641051292419434e-06
8.7	9.626150131225586e-06
8.71	9.59634780883789e-06
8.72	9.506940841674805e-06
8.73	9.298324584960938e-06
8.74	9.149312973022461e-06
8.75	9.149312973022461e-06
8.76	9.03010368347168e-06
8.77	9.03010368347168e-06
8.78	9.000301361083984e-06
8.79	8.985400199890137e-06
8.8	8.985400199890137e-06
8.81	8.806586265563965e-06
8.82	8.806586265563965e-06
8.83	8.806586265563965e-06
8.84	8.806586265563965e-06
8.85	8.091330528259277e-06
8.86	8.091330528259277e-06
8.87	8.091330528259277e-06
8.88	8.091330528259277e-06
8.89	7.912516593933105e-06
8.9	7.912516593933105e-06
8.91	7.554888725280762e-06
8.92	6.92903995513916e-06
8.93	6.92903995513916e-06
8.94	6.92903995513916e-06
8.95	6.92903995513916e-06
8.96	6.8694353103637695e-06
8.97	6.809830665588379e-06
8.98	6.645917892456055e-06
8.99	6.4820051193237305e-06
9.0	6.183981895446777e-06
9.01	6.154179573059082e-06
9.02	6.124377250671387e-06
9.03	6.0498714447021484e-06
9.04	5.97536563873291e-06
9.05	5.97536563873291e-06
9.06	5.766749382019043e-06
9.07	5.707144737243652e-06
9.08	5.647540092468262e-06
9.09	5.602836608886719e-06
9.1	5.602836608886719e-06
9.11	5.513429641723633e-06
9.12	5.513429641723633e-06
9.13	5.513429641723633e-06
9.14	5.513429641723633e-06
9.15	5.513429641723633e-06
9.16	5.513429641723633e-06
9.17	5.513429641723633e-06
9.18	5.453824996948242e-06
9.19	5.453824996948242e-06
9.2	5.453824996948242e-06
9.21	5.453824996948242e-06
9.22	5.453824996948242e-06
9.23	5.364418029785156e-06
9.24	5.245208740234375e-06
9.25	5.155801773071289e-06
9.26	5.036592483520508e-06
9.27	4.9173831939697266e-06
9.28	4.9173831939697266e-06
9.29	4.887580871582031e-06
9.3	4.887580871582031e-06
9.31	4.872679710388184e-06
9.32	4.872679710388184e-06
9.33	4.813075065612793e-06
9.34	4.723668098449707e-06
9.35	4.723668098449707e-06
9.36	4.723668098449707e-06
9.37	4.723668098449707e-06
9.38	4.723668098449707e-06
9.39	4.723668098449707e-06
9.4	4.723668098449707e-06
9.41	4.544854164123535e-06
9.42	4.544854164123535e-06
9.43	4.425644874572754e-06
9.44	4.06801700592041e-06
9.45	4.038214683532715e-06
9.46	4.038214683532715e-06
9.47	4.038214683532715e-06
9.48	3.978610038757324e-06
9.49	3.889203071594238e-06
9.5	3.7997961044311523e-06
9.51	3.680586814880371e-06
9.52	3.680586814880371e-06
9.53	3.680586814880371e-06
9.54	3.680586814880371e-06
9.55	3.6656856536865234e-06
9.56	3.56137752532959e-06
9.57	3.516674041748047e-06
9.58	3.3974647521972656e-06
9.59	3.3676624298095703e-06
9.6	3.3676624298095703e-06
9.61	3.3676624298095703e-06
9.62	3.3676624298095703e-06
9.63	3.3676624298095703e-06
9.64	3.3676624298095703e-06
9.65	3.3676624298095703e-06
9.66	3.1888484954833984e-06
9.67	3.0100345611572266e-06
9.68	3.0100345611572266e-06
9.69	3.0100345611572266e-06
9.7	3.0100345611572266e-06
9.71	3.0100345611572266e-06
9.72	3.0100345611572266e-06
9.73	2.950429916381836e-06
9.74	2.8908252716064453e-06
9.75	2.7418136596679688e-06
9.76	2.7418136596679688e-06
9.77	2.652406692504883e-06
9.78	2.652406692504883e-06
9.79	2.637505531311035e-06
9.8	2.637505531311035e-06
9.81	2.473592758178711e-06
9.82	2.4139881134033203e-06
9.83	2.384185791015625e-06
9.84	2.384185791015625e-06
9.85	2.3245811462402344e-06
9.86	2.3245811462402344e-06
9.87	2.2351741790771484e-06
9.88	2.2351741790771484e-06
9.89	2.2351741790771484e-06
9.9	2.2351741790771484e-06
9.91	2.2351741790771484e-06
9.92	2.2351741790771484e-06
9.93	2.2351741790771484e-06
9.94	2.2351741790771484e-06
9.95	2.2351741790771484e-06
9.96	2.115964889526367e-06
9.97	2.115964889526367e-06
9.98	2.115964889526367e-06
9.99	2.086162567138672e-06
10.0	2.0563602447509766e-06
10.01	2.0265579223632812e-06
10.02	1.862645149230957e-06
10.03	1.8477439880371094e-06
10.04	1.8477439880371094e-06
10.05	1.8477439880371094e-06
10.06	1.8477439880371094e-06
10.07	1.8477439880371094e-06
10.08	1.8328428268432617e-06
10.09	1.817941665649414e-06
10.1	1.817941665649414e-06
10.11	1.817941665649414e-06
10.12	1.817941665649414e-06
10.13	1.817941665649414e-06
10.14	1.817941665649414e-06
10.15	1.817941665649414e-06
10.16	1.817941665649414e-06
10.17	1.817941665649414e-06
10.18	1.817941665649414e-06
10.19	1.4603137969970703e-06
10.2	1.4603137969970703e-06
10.21	1.4603137969970703e-06
10.22	1.4603137969970703e-06
10.23	1.4603137969970703e-06
10.24	1.4603137969970703e-06
10.25	1.4603137969970703e-06
10.26	1.341104507446289e-06
10.27	1.341104507446289e-06
10.28	1.2814998626708984e-06
10.29	1.2814998626708984e-06
10.3	1.2814998626708984e-06
10.31	1.2516975402832031e-06
10.32	1.2367963790893555e-06
10.33	1.2367963790893555e-06
10.34	1.0132789611816406e-06
10.35	1.0132789611816406e-06
10.36	1.0132789611816406e-06
10.37	1.0132789611816406e-06
10.38	1.0132789611816406e-06
10.39	1.0132789611816406e-06
10.4	1.0132789611816406e-06
10.41	1.0132789611816406e-06
10.42	1.0132789611816406e-06
10.43	1.0132789611816406e-06
10.44	1.0132789611816406e-06
10.45	1.0132789611816406e-06
10.46	1.0132789611816406e-06
10.47	1.0132789611816406e-06
10.48	1.0132789611816406e-06
10.49	1.0132789611816406e-06
10.5	9.834766387939453e-07
10.51	9.834766387939453e-07
10.52	9.5367431640625e-07
10.53	8.940696716308594e-07
10.54	8.344650268554688e-07
10.55	8.344650268554688e-07
10.56	8.344650268554688e-07
10.57	7.897615432739258e-07
10.58	7.897615432739258e-07
10.59	7.599592208862305e-07
10.6	7.301568984985352e-07
10.61	7.003545761108398e-07
10.62	7.003545761108398e-07
10.63	7.003545761108398e-07
10.64	7.003545761108398e-07
10.65	7.003545761108398e-07
10.66	7.003545761108398e-07
10.67	7.003545761108398e-07
10.68	7.003545761108398e-07
10.69	7.003545761108398e-07
10.7	7.003545761108398e-07
10.71	7.003545761108398e-07
10.72	7.003545761108398e-07
10.73	7.003545761108398e-07
10.74	7.003545761108398e-07
10.75	7.003545761108398e-07
10.76	7.003545761108398e-07
10.77	6.407499313354492e-07
10.78	6.407499313354492e-07
10.79	6.407499313354492e-07
10.8	6.407499313354492e-07
10.81	6.407499313354492e-07
10.82	6.407499313354492e-07
10.83	6.258487701416016e-07
10.84	6.109476089477539e-07
10.85	6.109476089477539e-07
10.86	5.811452865600586e-07
10.87	5.811452865600586e-07
10.88	5.811452865600586e-07
10.89	5.811452865600586e-07
10.9	5.811452865600586e-07
10.91	5.811452865600586e-07
10.92	5.811452865600586e-07
10.93	5.811452865600586e-07
10.94	5.811452865600586e-07
10.95	5.811452865600586e-07
10.96	5.811452865600586e-07
10.97	5.811452865600586e-07
10.98	5.811452865600586e-07
10.99	5.811452865600586e-07
11.0	5.811452865600586e-07
11.01	5.811452865600586e-07
11.02	5.811452865600586e-07
11.03	5.513429641723633e-07
11.04	5.513429641723633e-07
11.05	5.513429641723633e-07
11.06	5.513429641723633e-07
11.07	5.513429641723633e-07
11.08	5.513429641723633e-07
11.09	4.6193599700927734e-07
11.1	4.6193599700927734e-07
11.11	4.6193599700927734e-07
11.12	4.3213367462158203e-07
11.13	4.3213367462158203e-07
11.14	4.3213367462158203e-07
11.15	4.3213367462158203e-07
11.16	4.3213367462158203e-07
11.17	4.3213367462158203e-07
11.18	4.3213367462158203e-07
11.19	4.3213367462158203e-07
11.2	4.3213367462158203e-07
11.21	4.3213367462158203e-07
11.22	4.3213367462158203e-07
11.23	4.3213367462158203e-07
11.24	4.3213367462158203e-07
11.25	4.3213367462158203e-07
11.26	4.3213367462158203e-07
11.27	4.3213367462158203e-07
11.28	3.725290298461914e-07
11.29	3.725290298461914e-07
11.3	3.129243850708008e-07
11.31	3.129243850708008e-07
11.32	3.129243850708008e-07
11.33	3.129243850708008e-07
11.34	2.980232238769531e-07
11.35	2.8312206268310547e-07
11.36	2.8312206268310547e-07
11.37	2.8312206268310547e-07
11.38	2.8312206268310547e-07
11.39	2.8312206268310547e-07
11.4	2.8312206268310547e-07
11.41	2.8312206268310547e-07
11.42	2.8312206268310547e-07
11.43	2.8312206268310547e-07
11.44	2.8312206268310547e-07
11.45	2.8312206268310547e-07
11.46	2.8312206268310547e-07
11.47	2.8312206268310547e-07
11.48	2.8312206268310547e-07
11.49	2.8312206268310547e-07
11.5	2.8312206268310547e-07
11.51	2.8312206268310547e-07
11.52	2.8312206268310547e-07
11.53	2.8312206268310547e-07
11.54	2.8312206268310547e-07
11.55	2.8312206268310547e-07
11.56	2.8312206268310547e-07
11.57	2.8312206268310547e-07
11.58	2.8312206268310547e-07
11.59	2.8312206268310547e-07
11.6	2.8312206268310547e-07
11.61	2.682209014892578e-07
11.62	2.384185791015625e-07
11.63	2.384185791015625e-07
11.64	2.384185791015625e-07
11.65	2.384185791015625e-07
11.66	2.384185791015625e-07
11.67	2.384185791015625e-07
11.68	2.384185791015625e-07
11.69	2.384185791015625e-07
11.7	2.384185791015625e-07
11.71	2.384185791015625e-07
11.72	2.384185791015625e-07
11.73	2.384185791015625e-07
11.74	2.384185791015625e-07
11.75	2.384185791015625e-07
11.76	2.384185791015625e-07
11.77	2.384185791015625e-07
11.78	2.384185791015625e-07
11.79	2.384185791015625e-07
11.8	2.086162567138672e-07
11.81	1.7881393432617188e-07
11.82	1.7881393432617188e-07
11.83	1.7881393432617188e-07
11.84	1.6391277313232422e-07
11.85	1.6391277313232422e-07
11.86	1.341104507446289e-07
11.87	1.043081283569336e-07
11.88	1.043081283569336e-07
11.89	1.043081283569336e-07
11.9	1.043081283569336e-07
11.91	1.043081283569336e-07
11.92	1.043081283569336e-07
11.93	1.043081283569336e-07
11.94	1.043081283569336e-07
11.95	1.043081283569336e-07
11.96	1.043081283569336e-07
11.97	1.043081283569336e-07
11.98	1.043081283569336e-07
11.99	1.043081283569336e-07
12.0	1.043081283569336e-07
12.01	1.043081283569336e-07
12.02	1.043081283569336e-07
12.03	1.043081283569336e-07
12.04	1.043081283569336e-07
12.05	1.043081283569336e-07
12.06	1.043081283569336e-07
12.07	1.043081283569336e-07
12.08	1.043081283569336e-07
12.09	1.043081283569336e-07
12.1	1.043081283569336e-07
12.11	1.043081283569336e-07
12.12	1.043081283569336e-07
12.13	1.043081283569336e-07
12.14	1.043081283569336e-07
12.15	1.043081283569336e-07
12.16	1.043081283569336e-07
12.17	1.043081283569336e-07
12.18	1.043081283569336e-07
12.19	1.043081283569336e-07
12.2	1.043081283569336e-07
12.21	1.043081283569336e-07
12.22	1.043081283569336e-07
12.23	1.043081283569336e-07
12.24	1.043081283569336e-07
12.25	1.043081283569336e-07
12.26	1.043081283569336e-07
12.27	1.043081283569336e-07
12.28	1.043081283569336e-07
12.29	1.043081283569336e-07
12.3	1.043081283569336e-07
12.31	1.043081283569336e-07
12.32	1.043081283569336e-07
12.33	1.043081283569336e-07
12.34	1.043081283569336e-07
12.35	1.043081283569336e-07
12.36	1.043081283569336e-07
12.37	8.940696716308594e-08
12.38	8.940696716308594e-08
12.39	5.960464477539063e-08
12.4	5.960464477539063e-08
12.41	5.960464477539063e-08
12.42	5.960464477539063e-08
12.43	5.960464477539063e-08
12.44	5.960464477539063e-08
12.45	5.960464477539063e-08
12.46	5.960464477539063e-08
12.47	5.960464477539063e-08
12.48	5.960464477539063e-08
12.49	5.960464477539063e-08
12.5	5.960464477539063e-08
12.51	5.960464477539063e-08
12.52	5.960464477539063e-08
12.53	5.960464477539063e-08
12.54	5.960464477539063e-08
12.55	5.960464477539063e-08
12.56	5.960464477539063e-08
12.57	5.960464477539063e-08
12.58	5.960464477539063e-08
12.59	5.960464477539063e-08
12.6	5.960464477539063e-08
12.61	5.960464477539063e-08
12.62	2.9802322387695312e-08
12.63	2.9802322387695312e-08
12.64	2.9802322387695312e-08
12.65	2.9802322387695312e-08
12.66	2.9802322387695312e-08
12.67	2.9802322387695312e-08
12.68	2.9802322387695312e-08
12.69	2.9802322387695312e-08
12.7	2.9802322387695312e-08
12.71	2.9802322387695312e-08
12.72	2.9802322387695312e-08
12.73	2.9802322387695312e-08
12.74	2.9802322387695312e-08
12.75	2.9802322387695312e-08
12.76	2.9802322387695312e-08
12.77	2.9802322387695312e-08
12.78	2.9802322387695312e-08
12.79	2.9802322387695312e-08
12.8	2.9802322387695312e-08
12.81	2.9802322387695312e-08
12.82	2.9802322387695312e-08
12.83	2.9802322387695312e-08
12.84	2.9802322387695312e-08
12.85	2.9802322387695312e-08
12.86	2.9802322387695312e-08
12.87	2.9802322387695312e-08
12.88	2.9802322387695312e-08
12.89	2.9802322387695312e-08
12.9	2.9802322387695312e-08
12.91	2.9802322387695312e-08
12.92	2.9802322387695312e-08
12.93	2.9802322387695312e-08
12.94	2.9802322387695312e-08
12.95	2.9802322387695312e-08
12.96	2.9802322387695312e-08
12.97	2.9802322387695312e-08
12.98	2.9802322387695312e-08
12.99	2.9802322387695312e-08
13.0	2.9802322387695312e-08
13.01	2.9802322387695312e-08
13.02	2.9802322387695312e-08
13.03	2.9802322387695312e-08
13.04	2.9802322387695312e-08
13.05	2.9802322387695312e-08
13.06	2.9802322387695312e-08
13.07	2.9802322387695312e-08
13.08	2.9802322387695312e-08
13.09	2.9802322387695312e-08
13.1	2.9802322387695312e-08
13.11	2.9802322387695312e-08
13.12	2.9802322387695312e-08
13.13	2.9802322387695312e-08
13.14	1.4901161193847656e-08
13.15	0.0
