6.06	0.0005002084071747959
6.07	0.0004959395155310631
6.08	0.0004916847101412714
6.09	0.00048747408436611295
6.1	0.000483286683447659
6.11	0.0004791369428858161
6.12	0.00047502771485596895
6.13	0.0004709465429186821
6.14	0.0004668888868764043
6.15	0.000462856434751302
6.16	0.0004588679876178503
6.17	0.00045490183401852846
6.18	0.00045095657696947455
6.19	0.00044700060971081257
6.2	0.0004431648412719369
6.21	0.00043930974788963795
6.22	0.0004354774719104171
6.23	0.0004316606209613383
6.24	0.0004279536660760641
6.25	0.0004242154536768794
6.26	0.0004205078585073352
6.27	0.00041683786548674107
6.28	0.0004132023314014077
6.29	0.000409582513384521
6.3	0.0004059951170347631
6.31	0.0004024517838843167
6.32	0.00039891921915113926
6.33	0.0003954085987061262
6.34	0.00039193901466205716
6.35	0.00038851925637573004
6.36	0.0003851089859381318
6.37	0.0003817009855993092
6.38	0.00037833477836102247
6.39	0.00037500704638659954
6.4	0.00037169945426285267
6.41	0.00036840466782450676
6.42	0.0003651420120149851
6.43	0.0003619295312091708
6.44	0.0003586990060284734
6.45	0.00035554368514567614
6.46	0.000352387607563287
6.47	0.00034924608189612627
6.48	0.00034611125010997057
6.49	0.0003430534270592034
6.5	0.00033999182051047683
6.51	0.00033694430021569133
6.52	0.00033392407931387424
6.53	0.0003309324383735657
6.54	0.00032798026222735643
6.55	0.0003250344889238477
6.56	0.00032209750497713685
6.57	0.00031921069603413343
6.58	0.0003163641085848212
6.59	0.00031352502992376685
6.6	0.0003106736112385988
6.61	0.0003078688168898225
6.62	0.0003051097155548632
6.63	0.0003023655735887587
6.64	0.0002996053663082421
6.65	0.0002969011547975242
6.66	0.0002942127175629139
6.67	0.0002915503573603928
6.68	0.00028889457462355494
6.69	0.0002862790133804083
6.7	0.0002836849307641387
6.71	0.00028111092979088426
6.72	0.0002785471733659506
6.73	0.00027601857436820865
6.74	0.0002735066809691489
6.75	0.00027100672014057636
6.76	0.00026851746952161193
6.77	0.0002660680329427123
6.78	0.00026362831704318523
6.79	0.0002611952950246632
6.8	0.00025879143504425883
6.81	0.0002564187743701041
6.82	0.0002540645655244589
6.83	0.0002517219982109964
6.84	0.00024940824368968606
6.85	0.00024712615413591266
6.86	0.0002448473824188113
6.87	0.0002425738493911922
6.88	0.0002403302351012826
6.89	0.00023810961283743382
6.9	0.00023589673219248652
6.91	0.0002336983452551067
6.92	0.00023152295034378767
6.93	0.00022937858011573553
6.94	0.00022724299924448133
6.95	0.00022512266878038645
6.96	0.00022303540026769042
6.97	0.00022095773601904511
6.98	0.00021888629999011755
6.99	0.00021685048704966903
7.0	0.00021483533782884479
7.01	0.00021282408852130175
7.02	0.00021079840371385217
7.03	0.0002088156179524958
7.04	0.00020686216885223985
7.05	0.0002049174509011209
7.06	0.0002029724419116974
7.07	0.0002010642783716321
7.08	0.00019917270401492715
7.09	0.00019729422638192773
7.1	0.0001954330364242196
7.11	0.00019359070574864745
7.12	0.00019176630303263664
7.13	0.00018994981655851007
7.14	0.00018814363284036517
7.15	0.00018635543528944254
7.16	0.00018458819249644876
7.17	0.00018282548990100622
7.18	0.0001810787944123149
7.19	0.00017935282085090876
7.2	0.00017764238873496652
7.21	0.00017594121163710952
7.22	0.0001742611057125032
7.23	0.00017260905588045716
7.24	0.00017095147632062435
7.25	0.00016930565470829606
7.26	0.00016768614295870066
7.27	0.00016608648002147675
7.28	0.00016448047244921327
7.29	0.0001628879690542817
7.3	0.0001613189815543592
7.31	0.00015975692076608539
7.32	0.0001582045224495232
7.33	0.00015668338164687157
7.34	0.00015516794519498944
7.35	0.00015367125160992146
7.36	0.00015216984320431948
7.37	0.0001506964908912778
7.38	0.00014923728303983808
7.39	0.00014778680633753538
7.4	0.00014634395483881235
7.41	0.0001449307892471552
7.42	0.00014350988203659654
7.43	0.00014210707740858197
7.44	0.0001407184754498303
7.45	0.00013935414608567953
7.46	0.0001379951136186719
7.47	0.0001366319484077394
7.48	0.0001352907856926322
7.49	0.00013397075235843658
7.5	0.00013266183668747544
7.51	0.00013134925393387675
7.52	0.00013005681103095412
7.53	0.00012877664994448423
7.54	0.0001275092363357544
7.55	0.0001262432779185474
7.56	0.00012499792501330376
7.57	0.00012376124504953623
7.58	0.0001225341111421585
7.59	0.00012130680261179805
7.6	0.00012010004138574004
7.61	0.00011891266331076622
7.62	0.00011772592552006245
7.63	0.00011654826812446117
7.64	0.00011538836406543851
7.65	0.00011423317482694983
7.66	0.00011308648390695453
7.67	0.00011196138802915812
7.68	0.00011084991274401546
7.69	0.00010973820462822914
7.7	0.00010862370254471898
7.71	0.0001075380714610219
7.72	0.00010646751616150141
7.73	0.00010539480717852712
7.74	0.00010432256385684013
7.75	0.00010328274220228195
7.76	0.00010224682046100497
7.77	0.0001012135180644691
7.78	0.0001001818454824388
7.79	9.916722774505615e-05
7.8	9.81742050498724e-05
7.81	9.717833017930388e-05
7.82	9.618350304663181e-05
7.83	9.521166794002056e-05
7.84	9.425927419215441e-05
7.85	9.329634485766292e-05
7.86	9.23354527913034e-05
7.87	9.138864697888494e-05
7.88	9.045674232766032e-05
7.89	8.952157804742455e-05
7.9	8.860306115821004e-05
7.91	8.770282147452235e-05
7.92	8.680042810738087e-05
7.93	8.590030483901501e-05
7.94	8.502148557454348e-05
7.95	8.41606524772942e-05
7.96	8.32923105917871e-05
7.97	8.242781041190028e-05
7.98	8.157547563314438e-05
7.99	8.0740952398628e-05
8.0	7.990305311977863e-05
8.01	7.906858809292316e-05
8.02	7.825461216270924e-05
8.03	7.745082257315516e-05
8.04	7.664581062272191e-05
8.05	7.584854029119015e-05
8.06	7.506809197366238e-05
8.07	7.428281242027879e-05
8.08	7.350766099989414e-05
8.09	7.274025119841099e-05
8.1	7.199030369520187e-05
8.11	7.12340697646141e-05
8.12	7.048266706988215e-05
8.13	6.973173003643751e-05
8.14	6.901856977492571e-05
8.15	6.828730693086982e-05
8.16	6.755819777026772e-05
8.17	6.685254629701376e-05
8.18	6.616127211600542e-05
8.19	6.545981159433722e-05
8.2	6.476347334682941e-05
8.21	6.407254841178656e-05
8.22	6.341026164591312e-05
8.23	6.273383041843772e-05
8.24	6.205937825143337e-05
8.25	6.140023469924927e-05
8.26	6.0752732679247856e-05
8.27	6.01033098064363e-05
8.28	5.946157034486532e-05
8.29	5.8830948546528816e-05
8.3	5.8203586377203465e-05
8.31	5.7585653848946095e-05
8.32	5.69754047319293e-05
8.33	5.637487629428506e-05
8.34	5.5761425755918026e-05
8.35	5.516584496945143e-05
8.36	5.4578937124460936e-05
8.37	5.399750079959631e-05
8.38	5.3405703511089087e-05
8.39	5.283282371237874e-05
8.4	5.22616901434958e-05
8.41	5.170021904632449e-05
8.42	5.114224040880799e-05
8.43	5.05877542309463e-05
8.44	5.0042697694152594e-05
8.45	4.950427683070302e-05
8.46	4.896085010841489e-05
8.47	4.8432149924337864e-05
8.48	4.7908048145473e-05
8.49	4.7384644858539104e-05
8.5	4.686618922278285e-05
8.51	4.635396180674434e-05
8.52	4.584924317896366e-05
8.53	4.534679464995861e-05
8.54	4.485092358663678e-05
8.55	4.436291055753827e-05
8.56	4.3880019802600145e-05
8.57	4.33935783803463e-05
8.58	4.2916100937873125e-05
8.59	4.2452593334019184e-05
8.6	4.1989260353147984e-05
8.61	4.152097972109914e-05
8.62	4.105764674022794e-05
8.63	4.060141509398818e-05
8.64	4.0162703953683376e-05
8.65	3.971467958763242e-05
8.66	3.9272475987672806e-05
8.67	3.884301986545324e-05
8.68	3.8411933928728104e-05
8.69	3.798183752223849e-05
8.7	3.7559366319328547e-05
8.71	3.71451023966074e-05
8.72	3.673916216939688e-05
8.73	3.632914740592241e-05
8.74	3.592146094888449e-05
8.75	3.551959525793791e-05
8.76	3.51158669218421e-05
8.77	3.4719647374004126e-05
8.78	3.433343954384327e-05
8.79	3.394228406250477e-05
8.8	3.355869557708502e-05
8.81	3.318069502711296e-05
8.82	3.2816664315760136e-05
8.83	3.244791878387332e-05
8.84	3.208057023584843e-05
8.85	3.171747084707022e-05
8.86	3.136519808322191e-05
8.87	3.100844332948327e-05
8.88	3.0648778192698956e-05
8.89	3.0303606763482094e-05
8.9	2.996344119310379e-05
8.91	2.96181533485651e-05
8.92	2.9275135602802038e-05
8.93	2.8948183171451092e-05
8.94	2.8622103855013847e-05
8.95	2.8292182832956314e-05
8.96	2.7956091798841953e-05
8.97	2.7641188353300095e-05
8.98	2.7330475859344006e-05
8.99	2.7010042686015368e-05
9.0	2.6700261514633894e-05
9.01	2.6401481591165066e-05
9.02	2.6094086933881044e-05
9.03	2.579367719590664e-05
9.04	2.54957121796906e-05
9.05	2.520461566746235e-05
9.06	2.4913577362895012e-05
9.07	2.462044358253479e-05
9.08	2.433353802189231e-05
9.09	2.4056353140622377e-05
9.1	2.377439523115754e-05
9.11	2.349470742046833e-05
9.12	2.322561340406537e-05
9.13	2.2953376173973083e-05
9.14	2.2688007447868586e-05
9.15	2.2422289475798607e-05
9.16	2.2166292183101177e-05
9.17	2.190680243074894e-05
9.18	2.1648884285241365e-05
9.19	2.13914318010211e-05
9.2	2.1144456695765257e-05
9.21	2.0890962332487106e-05
9.22	2.0642997696995735e-05
9.23	2.0398118067532778e-05
9.24	2.0164065062999725e-05
9.25	1.9924656953662634e-05
9.26	1.9684317521750927e-05
9.27	1.945154508575797e-05
9.28	1.922540832310915e-05
9.29	1.8998049199581146e-05
9.3	1.8764811102300882e-05
9.31	1.8542632460594177e-05
9.32	1.8326682038605213e-05
9.33	1.810688991099596e-05
9.34	1.788645749911666e-05
9.35	1.7676095012575388e-05
9.36	1.7468584701418877e-05
9.37	1.7258164007216692e-05
9.38	1.7042388208210468e-05
9.39	1.6842735931277275e-05
9.4	1.6648147720843554e-05
9.41	1.644965959712863e-05
9.42	1.625326694920659e-05
9.43	1.6059086192399263e-05
9.44	1.5866535250097513e-05
9.45	1.5675905160605907e-05
9.46	1.5487719792872667e-05
9.47	1.5297613572329283e-05
9.48	1.5109020750969648e-05
9.49	1.4923454727977514e-05
9.5	1.474493183195591e-05
9.51	1.4569377526640892e-05
9.52	1.4391669537872076e-05
9.53	1.4210294466465712e-05
9.54	1.4041201211512089e-05
9.55	1.3874319847673178e-05
9.56	1.370278187096119e-05
9.57	1.3532349839806557e-05
9.58	1.3366516213864088e-05
9.59	1.3204524293541908e-05
9.6	1.303735189139843e-05
9.61	1.287233317270875e-05
9.62	1.271354267373681e-05
9.63	1.255708048120141e-05
9.64	1.2400094419717789e-05
9.65	1.2248172424733639e-05
9.66	1.2097356375306845e-05
9.67	1.1948985047638416e-05
9.68	1.180131221190095e-05
9.69	1.165963476523757e-05
9.7	1.1515454389154911e-05
9.71	1.13688874989748e-05
9.72	1.1223892215639353e-05
9.73	1.1087337043136358e-05
9.74	1.0951305739581585e-05
9.75	1.0812073014676571e-05
9.76	1.0674761142581701e-05
9.77	1.0544667020440102e-05
9.78	1.0415504220873117e-05
9.79	1.0280811693519354e-05
9.8	1.0153918992727995e-05
9.81	1.0027375537902117e-05
9.82	9.902461897581816e-06
9.83	9.774230420589447e-06
9.84	9.651354048401117e-06
9.85	9.530980605632067e-06
9.86	9.40932659432292e-06
9.87	9.288720320910215e-06
9.88	9.169685654342175e-06
9.89	9.052164386957884e-06
9.9	8.934643119573593e-06
9.91	8.822884410619736e-06
9.92	8.713745046406984e-06
9.93	8.603441528975964e-06
9.94	8.489354513585567e-06
9.95	8.380855433642864e-06
9.96	8.275907021015882e-06
9.97	8.171540684998035e-06
9.98	8.062983397394419e-06
9.99	7.957802154123783e-06
10.0	7.858150638639927e-06
10.01	7.758091669529676e-06
10.02	7.6557626016438e-06
10.03	7.560534868389368e-06
10.04	7.463502697646618e-06
10.05	7.367110811173916e-06
10.06	7.268798071891069e-06
10.07	7.176829967647791e-06
10.08	7.085385732352734e-06
10.09	6.991380359977484e-06
10.1	6.899354048073292e-06
10.11	6.812158972024918e-06
10.12	6.724090781062841e-06
10.13	6.633461453020573e-06
10.14	6.5478961914777756e-06
10.15	6.465124897658825e-06
10.16	6.379734259098768e-06
10.17	6.292772013694048e-06
10.18	6.210291758179665e-06
10.19	6.131187546998262e-06
10.2	6.049987860023975e-06
10.21	5.965761374682188e-06
10.22	5.88857801631093e-06
10.23	5.8113946579396725e-06
10.24	5.733920261263847e-06
10.25	5.6567369028925896e-06
10.26	5.582347512245178e-06
10.27	5.50935510545969e-06
10.28	5.434849299490452e-06
10.29	5.361274816095829e-06
10.3	5.290552508085966e-06
10.31	5.219422746449709e-06
10.32	5.149689968675375e-06
10.33	5.080481059849262e-06
10.34	5.013600457459688e-06
10.35	4.945322871208191e-06
10.36	4.875357262790203e-06
10.37	4.809233359992504e-06
10.38	4.74805710837245e-06
10.39	4.683330189436674e-06
10.4	4.617089871317148e-06
10.41	4.556204658001661e-06
10.42	4.497531335800886e-06
10.43	4.4361804611980915e-06
10.44	4.372268449515104e-06
10.45	4.314293619245291e-06
10.46	4.25905454903841e-06
10.47	4.199275281280279e-06
10.48	4.14036912843585e-06
10.49	4.086759872734547e-06
10.5	4.033499862998724e-06
10.51	3.977213054895401e-06
10.52	3.9218575693666935e-06
10.53	3.868713974952698e-06
10.54	3.816676326096058e-06
10.55	3.763881977647543e-06
10.56	3.7120189517736435e-06
10.57	3.6595738492906094e-06
10.58	3.608991391956806e-06
10.59	3.556895535439253e-06
10.6	3.5089324228465557e-06
10.61	3.4632976166903973e-06
10.62	3.413471858948469e-06
10.63	3.3650430850684643e-06
10.64	3.3194664865732193e-06
10.65	3.274471964687109e-06
10.66	3.2277312129735947e-06
10.67	3.179942723363638e-06
10.68	3.136752638965845e-06
10.69	3.0927476473152637e-06
10.7	3.0453666113317013e-06
10.71	3.00136161968112e-06
10.72	2.962129656225443e-06
10.73	2.9215007089078426e-06
10.74	2.8784270398318768e-06
10.75	2.8372742235660553e-06
10.76	2.8000795282423496e-06
10.77	2.7618370950222015e-06
10.78	2.721673808991909e-06
10.79	2.6827328838407993e-06
10.8	2.64547998085618e-06
10.81	2.606248017400503e-06
10.82	2.569111529737711e-06
10.83	2.534361556172371e-06
10.84	2.4985638447105885e-06
10.85	2.460379619151354e-06
10.86	2.4252221919596195e-06
10.87	2.3915781639516354e-06
10.88	2.3581087589263916e-06
10.89	2.3230677470564842e-06
10.9	2.2903550416231155e-06
10.91	2.258631866425276e-06
10.92	2.226792275905609e-06
10.93	2.1916930563747883e-06
10.94	2.1593295969069004e-06
10.95	2.128246705979109e-06
10.96	2.096756361424923e-06
10.97	2.065382432192564e-06
10.98	2.0341831259429455e-06
10.99	2.0050210878252983e-06
11.0	1.9769067876040936e-06
11.01	1.948792487382889e-06
11.02	1.9214930944144726e-06
11.03	1.8927385099232197e-06
11.04	1.8630526028573513e-06
11.05	1.835869625210762e-06
11.06	1.811073161661625e-06
11.07	1.7828424461185932e-06
11.08	1.7551355995237827e-06
11.09	1.7292331904172897e-06
11.1	1.706357579678297e-06
11.11	1.6809790395200253e-06
11.12	1.6551930457353592e-06
11.13	1.6308622434735298e-06
11.14	1.6094418242573738e-06
11.15	1.5844125300645828e-06
11.16	1.5611876733601093e-06
11.17	1.5390105545520782e-06
11.18	1.5172408893704414e-06
11.19	1.4941324479877949e-06
11.2	1.470732968300581e-06
11.21	1.447333488613367e-06
11.22	1.4267279766499996e-06
11.23	1.4049001038074493e-06
11.24	1.3842945918440819e-06
11.25	1.3629905879497528e-06
11.26	1.3415701687335968e-06
11.27	1.3202079571783543e-06
11.28	1.3016979210078716e-06
11.29	1.2836535461246967e-06
11.3	1.2632808648049831e-06
11.31	1.2422678992152214e-06
11.32	1.2234668247401714e-06
11.33	1.206470187753439e-06
11.34	1.1877273209393024e-06
11.35	1.168111339211464e-06
11.36	1.1501251719892025e-06
11.37	1.133012119680643e-06
11.38	1.1150259524583817e-06
11.39	1.097272615879774e-06
11.4	1.080567017197609e-06
11.41	1.064501702785492e-06
11.42	1.048203557729721e-06
11.43	1.0328367352485657e-06
11.44	1.0178773663938046e-06
11.45	1.0016956366598606e-06
11.46	9.84815414994955e-07
11.47	9.691575542092323e-07
11.48	9.557115845382214e-07
11.49	9.385985322296619e-07
11.5	9.234645403921604e-07
11.51	9.096693247556686e-07
11.52	8.969218470156193e-07
11.53	8.823699317872524e-07
11.54	8.669449016451836e-07
11.55	8.533243089914322e-07
11.56	8.41100700199604e-07
11.57	8.273054845631123e-07
11.58	8.137430995702744e-07
11.59	8.016359061002731e-07
11.6	7.904600352048874e-07
11.61	7.773633114993572e-07
11.62	7.640337571501732e-07
11.63	7.52683263272047e-07
11.64	7.408089004456997e-07
11.65	7.278867997229099e-07
11.66	7.149064913392067e-07
11.67	7.039052434265614e-07
11.68	6.926129572093487e-07
11.69	6.812624633312225e-07
11.7	6.707268767058849e-07
11.71	6.608315743505955e-07
11.72	6.495974957942963e-07
11.73	6.392365321516991e-07
11.74	6.294576451182365e-07
11.75	6.204936653375626e-07
11.76	6.089103408157825e-07
11.77	5.984911695122719e-07
11.78	5.892361514270306e-07
11.79	5.793990567326546e-07
11.8	5.689798854291439e-07
11.81	5.593174137175083e-07
11.82	5.508773028850555e-07
11.83	5.42087946087122e-07
11.84	5.321926437318325e-07
11.85	5.238689482212067e-07
11.86	5.164183676242828e-07
11.87	5.078036338090897e-07
11.88	4.980829544365406e-07
11.89	4.898756742477417e-07
11.9	4.827743396162987e-07
11.91	4.743342287838459e-07
11.92	4.6635977923870087e-07
11.93	4.5890919864177704e-07
11.94	4.5140041038393974e-07
11.95	4.4371699914336205e-07
11.96	4.360917955636978e-07
11.97	4.2904866859316826e-07
11.98	4.2171450331807137e-07
11.99	4.141475073993206e-07
12.0	4.0745362639427185e-07
12.01	4.0134182199835777e-07
12.02	3.938330337405205e-07
12.03	3.8638245314359665e-07
12.04	3.7963036447763443e-07
12.05	3.735767677426338e-07
12.06	3.675813786685467e-07
12.07	3.6030542105436325e-07
12.08	3.5390257835388184e-07
12.09	3.487803041934967e-07
12.1	3.4295953810214996e-07
12.11	3.371969796717167e-07
12.12	3.3120159059762955e-07
12.13	3.253808245062828e-07
12.14	3.1979288905858994e-07
12.15	3.1437957659363747e-07
12.16	3.096647560596466e-07
12.17	3.033783286809921e-07
12.18	2.9761577025055885e-07
12.19	2.9243528842926025e-07
12.2	2.8777867555618286e-07
12.21	2.825399860739708e-07
12.22	2.77708750218153e-07
12.23	2.730521373450756e-07
12.24	2.691522240638733e-07
12.25	2.6426278054714203e-07
12.26	2.600136213004589e-07
12.27	2.557644620537758e-07
12.28	2.5186454877257347e-07
12.29	2.468586899340153e-07
12.3	2.416782081127167e-07
12.31	2.3760367184877396e-07
12.32	2.3416941985487938e-07
12.33	2.2974563762545586e-07
12.34	2.2508902475237846e-07
12.35	2.2118911147117615e-07
12.36	2.1740561351180077e-07
12.37	2.1344749256968498e-07
12.38	2.0954757928848267e-07
12.39	2.059387043118477e-07
12.4	2.0221341401338577e-07
12.41	1.9831350073218346e-07
12.42	1.9505387172102928e-07
12.43	1.9237631931900978e-07
12.44	1.885928213596344e-07
12.45	1.8475111573934555e-07
12.46	1.8189894035458565e-07
12.47	1.7863931134343147e-07
12.48	1.7526326701045036e-07
12.49	1.7165439203381538e-07
12.5	1.6920967027544975e-07
12.51	1.6629928722977638e-07
12.52	1.6298145055770874e-07
12.53	1.594889909029007e-07
12.54	1.566368155181408e-07
12.55	1.5355180948972702e-07
12.56	1.5040859580039978e-07
12.57	1.4778925105929375e-07
12.58	1.4534452930092812e-07
12.59	1.4243414625525475e-07
12.6	1.3969838619232178e-07
12.61	1.3754470273852348e-07
12.62	1.3527460396289825e-07
12.63	1.3207318261265755e-07
12.64	1.2898817658424377e-07
12.65	1.2689270079135895e-07
12.66	1.2508826330304146e-07
12.67	1.221778802573681e-07
12.68	1.1926749721169472e-07
12.69	1.1734664440155029e-07
12.7	1.1530937626957893e-07
12.71	1.1257361620664597e-07
12.72	1.1007068678736687e-07
12.73	1.0838266462087631e-07
12.74	1.0675285011529922e-07
12.75	1.0407529771327972e-07
12.76	1.0221265256404877e-07
12.77	1.0064104571938515e-07
12.78	9.866198524832726e-08
12.79	9.674113243818283e-08
12.8	9.476207196712494e-08
12.81	9.255018085241318e-08
12.82	9.074574336409569e-08
12.83	8.899951353669167e-08
12.84	8.783536031842232e-08
12.85	8.591450750827789e-08
12.86	8.364440873265266e-08
12.87	8.195638656616211e-08
12.88	8.061761036515236e-08
12.89	7.91042111814022e-08
12.9	7.741618901491165e-08
12.91	7.566995918750763e-08
12.92	7.456401363015175e-08
12.93	7.316702976822853e-08
12.94	7.142079994082451e-08
12.95	6.990740075707436e-08
12.96	6.862683221697807e-08
12.97	6.734626367688179e-08
12.98	6.57164491713047e-08
12.99	6.449408829212189e-08
13.0	6.362097337841988e-08
13.01	6.228219717741013e-08
13.02	6.100162863731384e-08
13.03	5.989568307995796e-08
13.04	5.8906152844429016e-08
13.05	5.762558430433273e-08
13.06	5.640322342514992e-08
13.07	5.541369318962097e-08
13.08	5.436595529317856e-08
13.09	5.314359441399574e-08
13.1	5.209585651755333e-08
13.11	5.122274160385132e-08
13.12	5.023321136832237e-08
13.13	4.901085048913956e-08
13.14	4.7904904931783676e-08
13.15	4.69735823571682e-08
13.16	4.604225978255272e-08
13.17	4.487810656428337e-08
13.18	4.42960299551487e-08
13.19	4.348112270236015e-08
13.2	4.2549800127744675e-08
13.21	4.132743924856186e-08
13.22	4.039611667394638e-08
13.23	3.958120942115784e-08
13.24	3.8475263863801956e-08
13.25	3.7369318306446075e-08
13.26	3.6670826375484467e-08
13.27	3.6030542105436325e-08
13.28	3.4924596548080444e-08
13.29	3.416789695620537e-08
13.3	3.3585820347070694e-08
13.31	3.300374373793602e-08
13.32	3.2247044146060944e-08
13.33	3.16067598760128e-08
13.34	3.102468326687813e-08
13.35	3.032619133591652e-08
13.36	2.962769940495491e-08
13.37	2.9103830456733704e-08
13.38	2.8405338525772095e-08
13.39	2.7241185307502747e-08
13.4	2.648448571562767e-08
13.41	2.6135239750146866e-08
13.42	2.5727786123752594e-08
13.43	2.4796463549137115e-08
13.44	2.421438694000244e-08
13.45	2.3981556296348572e-08
13.46	2.3632310330867767e-08
13.47	2.3050233721733093e-08
13.48	2.2584572434425354e-08
13.49	2.2118911147117615e-08
13.5	2.1595042198896408e-08
13.51	2.112938091158867e-08
13.52	2.0780134946107864e-08
13.53	2.0372681319713593e-08
13.54	1.9674189388751984e-08
13.55	1.909211277961731e-08
13.56	1.885928213596344e-08
13.57	1.8510036170482635e-08
13.58	1.8102582544088364e-08
13.59	1.7636921256780624e-08
13.6	1.752050593495369e-08
13.61	1.7229467630386353e-08
13.62	1.664739102125168e-08
13.63	1.6298145055770874e-08
13.64	1.6007106751203537e-08
13.65	1.5541445463895798e-08
13.66	1.507578417658806e-08
13.67	1.4842953532934189e-08
13.68	1.461012288928032e-08
13.69	1.4319084584712982e-08
13.7	1.4028046280145645e-08
13.71	1.3853423297405243e-08
13.72	1.3504177331924438e-08
13.73	1.2922100722789764e-08
13.74	1.2631062418222427e-08
13.75	1.2398231774568558e-08
13.76	1.1990778148174286e-08
13.77	1.1408701539039612e-08
13.78	1.1117663234472275e-08
13.79	1.0943040251731873e-08
13.8	1.0652001947164536e-08
13.81	1.0302755981683731e-08
13.82	1.0011717677116394e-08
13.83	9.953510016202927e-09
13.84	9.720679372549057e-09
13.85	9.42964106798172e-09
13.86	9.255018085241318e-09
13.87	9.138602763414383e-09
13.88	8.847564458847046e-09
13.89	8.498318493366241e-09
13.9	8.149072527885437e-09
13.91	7.799826562404633e-09
13.92	7.62520357966423e-09
13.93	7.334165275096893e-09
13.94	7.101334631443024e-09
13.95	6.868503987789154e-09
13.96	6.51925802230835e-09
13.97	6.402842700481415e-09
13.98	6.28642737865448e-09
13.99	6.170012056827545e-09
14.0	5.9371814131736755e-09
14.01	5.820766091346741e-09
14.02	5.762558430433273e-09
14.03	5.704350769519806e-09
14.04	5.471520125865936e-09
14.05	5.3551048040390015e-09
14.06	5.238689482212067e-09
14.07	4.94765117764473e-09
14.08	4.71482053399086e-09
14.09	4.598405212163925e-09
14.1	4.540197551250458e-09
14.11	4.3655745685100555e-09
14.12	4.132743924856186e-09
14.13	4.0745362639427185e-09
14.14	4.0745362639427185e-09
14.15	4.016328603029251e-09
14.16	3.958120942115784e-09
14.17	3.958120942115784e-09
14.18	3.958120942115784e-09
14.19	3.958120942115784e-09
14.2	3.958120942115784e-09
14.21	3.958120942115784e-09
14.22	3.841705620288849e-09
14.23	3.6670826375484467e-09
14.24	3.6088749766349792e-09
14.25	3.4924596548080444e-09
14.26	3.3178366720676422e-09
14.27	3.0850060284137726e-09
14.28	3.026798367500305e-09
14.29	3.026798367500305e-09
14.3	2.9103830456733704e-09
14.31	2.7939677238464355e-09
14.32	2.7939677238464355e-09
14.33	2.735760062932968e-09
14.34	2.6775524020195007e-09
14.35	2.6775524020195007e-09
14.36	2.6775524020195007e-09
14.37	2.561137080192566e-09
14.38	2.444721758365631e-09
14.39	2.444721758365631e-09
14.4	2.444721758365631e-09
14.41	2.270098775625229e-09
14.42	2.0954757928848267e-09
14.43	2.0954757928848267e-09
14.44	2.0372681319713593e-09
14.45	1.862645149230957e-09
14.46	1.7462298274040222e-09
14.47	1.6880221664905548e-09
14.48	1.57160684466362e-09
14.49	1.5133991837501526e-09
14.5	1.5133991837501526e-09
14.51	1.5133991837501526e-09
14.52	1.4551915228366852e-09
14.53	1.3969838619232178e-09
14.54	1.3969838619232178e-09
14.55	1.3969838619232178e-09
14.56	1.3387762010097504e-09
14.57	1.280568540096283e-09
14.58	1.2223608791828156e-09
14.59	1.1059455573558807e-09
14.6	1.0477378964424133e-09
14.61	9.89530235528946e-10
14.62	8.731149137020111e-10
14.63	8.149072527885437e-10
14.64	7.566995918750763e-10
14.65	6.984919309616089e-10
14.66	6.984919309616089e-10
14.67	6.984919309616089e-10
14.68	6.984919309616089e-10
14.69	6.984919309616089e-10
14.7	6.984919309616089e-10
14.71	6.984919309616089e-10
14.72	6.984919309616089e-10
14.73	6.984919309616089e-10
14.74	6.984919309616089e-10
14.75	6.402842700481415e-10
14.76	5.820766091346741e-10
14.77	5.820766091346741e-10
14.78	5.820766091346741e-10
14.79	5.238689482212067e-10
14.8	4.656612873077393e-10
14.81	4.656612873077393e-10
14.82	4.656612873077393e-10
14.83	4.656612873077393e-10
14.84	4.656612873077393e-10
14.85	4.656612873077393e-10
14.86	4.656612873077393e-10
14.87	4.656612873077393e-10
14.88	4.656612873077393e-10
14.89	4.656612873077393e-10
14.9	4.656612873077393e-10
14.91	4.656612873077393e-10
14.92	4.656612873077393e-10
14.93	4.656612873077393e-10
14.94	4.0745362639427185e-10
14.95	4.0745362639427185e-10
14.96	3.4924596548080444e-10
14.97	3.4924596548080444e-10
14.98	2.9103830456733704e-10
14.99	2.3283064365386963e-10
15.0	2.3283064365386963e-10
15.01	2.3283064365386963e-10
15.02	2.3283064365386963e-10
15.03	2.3283064365386963e-10
15.04	2.3283064365386963e-10
15.05	2.3283064365386963e-10
15.06	2.3283064365386963e-10
15.07	2.3283064365386963e-10
15.08	2.3283064365386963e-10
15.09	1.7462298274040222e-10
15.1	1.1641532182693481e-10
15.11	1.1641532182693481e-10
15.12	1.1641532182693481e-10
15.13	5.820766091346741e-11
15.14	0.0
