6.02	0.0005028247833251953
6.03	0.000499725341796875
6.04	0.0004963874816894531
6.05	0.0004925727844238281
6.06	0.0004887580871582031
6.07	0.0004856586456298828
6.08	0.0004799365997314453
6.09	0.0004730224609375
6.1	0.00046539306640625
6.11	0.0004603862762451172
6.12	0.00045371055603027344
6.13	0.00044798851013183594
6.14	0.0004448890686035156
6.15	0.0004401206970214844
6.16	0.0004334449768066406
6.17	0.00042891502380371094
6.18	0.00042557716369628906
6.19	0.0004200935363769531
6.2	0.00041675567626953125
6.21	0.0004143714904785156
6.22	0.0004105567932128906
6.23	0.0004067420959472656
6.24	0.0004055500030517578
6.25	0.0004031658172607422
6.26	0.000396728515625
6.27	0.0003955364227294922
6.28	0.00039005279541015625
6.29	0.0003883838653564453
6.3	0.00038313865661621094
6.31	0.00037860870361328125
6.32	0.0003733634948730469
6.33	0.0003695487976074219
6.34	0.00036597251892089844
6.35	0.0003619194030761719
6.36	0.00035953521728515625
6.37	0.0003540515899658203
6.38	0.0003495216369628906
6.39	0.00034618377685546875
6.4	0.00034308433532714844
6.41	0.000335693359375
6.42	0.0003330707550048828
6.43	0.0003299713134765625
6.44	0.0003237724304199219
6.45	0.0003190040588378906
6.46	0.00031495094299316406
6.47	0.0003123283386230469
6.48	0.0003104209899902344
6.49	0.0003077983856201172
6.5	0.00030517578125
6.51	0.0003025531768798828
6.52	0.0003006458282470703
6.53	0.0002994537353515625
6.54	0.00029850006103515625
6.55	0.0002982616424560547
6.56	0.00029540061950683594
6.57	0.00029349327087402344
6.58	0.00029087066650390625
6.59	0.0002892017364501953
6.6	0.00028634071350097656
6.61	0.0002846717834472656
6.62	0.0002815723419189453
6.63	0.0002799034118652344
6.64	0.00027751922607421875
6.65	0.0002760887145996094
6.66	0.00027251243591308594
6.67	0.000270843505859375
6.68	0.00026679039001464844
6.69	0.00026416778564453125
6.7	0.00025963783264160156
6.71	0.0002582073211669922
6.72	0.0002574920654296875
6.73	0.00025391578674316406
6.74	0.00025272369384765625
6.75	0.0002505779266357422
6.76	0.0002491474151611328
6.77	0.00024366378784179688
6.78	0.00024247169494628906
6.79	0.00023937225341796875
6.8	0.00023651123046875
6.81	0.00023603439331054688
6.82	0.00023508071899414062
6.83	0.0002338886260986328
6.84	0.00023245811462402344
6.85	0.00023102760314941406
6.86	0.0002288818359375
6.87	0.0002269744873046875
6.88	0.00022459030151367188
6.89	0.00022220611572265625
6.9	0.0002219676971435547
6.91	0.00021982192993164062
6.92	0.0002162456512451172
6.93	0.00021386146545410156
6.94	0.00021195411682128906
6.95	0.00020956993103027344
6.96	0.00020694732666015625
6.97	0.00020575523376464844
6.98	0.0002040863037109375
6.99	0.00020194053649902344
7.0	0.0002014636993408203
7.01	0.00020074844360351562
7.02	0.0001995563507080078
7.03	0.00019860267639160156
7.04	0.00019741058349609375
7.05	0.00019598007202148438
7.06	0.0001952648162841797
7.07	0.00019431114196777344
7.08	0.00019407272338867188
7.09	0.00019288063049316406
7.1	0.0001919269561767578
7.11	0.00019049644470214844
7.12	0.00018978118896484375
7.13	0.0001876354217529297
7.14	0.000186920166015625
7.15	0.00018548965454101562
7.16	0.00018405914306640625
7.17	0.00018262863159179688
7.18	0.0001811981201171875
7.19	0.00018024444580078125
7.2	0.00017833709716796875
7.21	0.0001773834228515625
7.22	0.00017452239990234375
7.23	0.00017261505126953125
7.24	0.00016999244689941406
7.25	0.00016832351684570312
7.26	0.0001671314239501953
7.27	0.00016450881958007812
7.28	0.0001633167266845703
7.29	0.00016164779663085938
7.3	0.00016021728515625
7.31	0.00015783309936523438
7.32	0.0001575946807861328
7.33	0.00015664100646972656
7.34	0.00015544891357421875
7.35	0.00015497207641601562
7.36	0.00015401840209960938
7.37	0.0001533031463623047
7.38	0.00015211105346679688
7.39	0.00015115737915039062
7.4	0.00014853477478027344
7.41	0.0001480579376220703
7.42	0.00014734268188476562
7.43	0.00014519691467285156
7.44	0.00014495849609375
7.45	0.0001442432403564453
7.46	0.00014209747314453125
7.47	0.000141143798828125
7.48	0.0001404285430908203
7.49	0.00013780593872070312
7.5	0.0001366138458251953
7.51	0.0001361370086669922
7.52	0.00013494491577148438
7.53	0.00013399124145507812
7.54	0.00013399124145507812
7.55	0.000133514404296875
7.56	0.0001316070556640625
7.57	0.0001308917999267578
7.58	0.00012922286987304688
7.59	0.00012803077697753906
7.6	0.0001270771026611328
7.61	0.00012683868408203125
7.62	0.00012612342834472656
7.63	0.00012564659118652344
7.64	0.00012493133544921875
7.65	0.00012373924255371094
7.66	0.00012230873107910156
7.67	0.00012063980102539062
7.68	0.00011992454528808594
7.69	0.00011849403381347656
7.7	0.00011754035949707031
7.71	0.00011730194091796875
7.72	0.00011610984802246094
7.73	0.00011491775512695312
7.74	0.00011324882507324219
7.75	0.00011205673217773438
7.76	0.00010895729064941406
7.77	0.00010824203491210938
7.78	0.00010609626770019531
7.79	0.00010514259338378906
7.8	0.0001049041748046875
7.81	0.00010418891906738281
7.82	0.00010323524475097656
7.83	0.00010251998901367188
7.84	0.00010156631469726562
7.85	9.965896606445312e-05
7.86	9.870529174804688e-05
7.87	9.751319885253906e-05
7.88	9.703636169433594e-05
7.89	9.703636169433594e-05
7.9	9.655952453613281e-05
7.91	9.584426879882812e-05
7.92	9.489059448242188e-05
7.93	9.393692016601562e-05
7.94	9.179115295410156e-05
7.95	9.1552734375e-05
7.96	9.059906005859375e-05
7.97	8.940696716308594e-05
7.98	8.916854858398438e-05
7.99	8.869171142578125e-05
8.0	8.7738037109375e-05
8.01	8.702278137207031e-05
8.02	8.654594421386719e-05
8.03	8.392333984375e-05
8.04	8.296966552734375e-05
8.05	8.225440979003906e-05
8.06	8.106231689453125e-05
8.07	8.058547973632812e-05
8.08	8.058547973632812e-05
8.09	7.987022399902344e-05
8.1	7.843971252441406e-05
8.11	7.843971252441406e-05
8.12	7.700920104980469e-05
8.13	7.605552673339844e-05
8.14	7.534027099609375e-05
8.15	7.534027099609375e-05
8.16	7.486343383789062e-05
8.17	7.43865966796875e-05
8.18	7.367134094238281e-05
8.19	7.295608520507812e-05
8.2	7.224082946777344e-05
8.21	7.104873657226562e-05
8.22	7.081031799316406e-05
8.23	6.914138793945312e-05
8.24	6.818771362304688e-05
8.25	6.747245788574219e-05
8.26	6.604194641113281e-05
8.27	6.508827209472656e-05
8.28	6.437301635742188e-05
8.29	6.365776062011719e-05
8.3	6.175041198730469e-05
8.31	6.127357482910156e-05
8.32	6.0558319091796875e-05
8.33	5.91278076171875e-05
8.34	5.8650970458984375e-05
8.35	5.841255187988281e-05
8.36	5.7697296142578125e-05
8.37	5.7220458984375e-05
8.38	5.626678466796875e-05
8.39	5.4836273193359375e-05
8.4	5.412101745605469e-05
8.41	5.340576171875e-05
8.42	5.2928924560546875e-05
8.43	5.269050598144531e-05
8.44	5.1975250244140625e-05
8.45	5.14984130859375e-05
8.46	5.1021575927734375e-05
8.47	5.054473876953125e-05
8.48	4.9114227294921875e-05
8.49	4.887580871582031e-05
8.5	4.792213439941406e-05
8.51	4.7206878662109375e-05
8.52	4.696846008300781e-05
8.53	4.673004150390625e-05
8.54	4.506111145019531e-05
8.55	4.482269287109375e-05
8.56	4.4345855712890625e-05
8.57	4.220008850097656e-05
8.58	4.220008850097656e-05
8.59	4.172325134277344e-05
8.6	4.076957702636719e-05
8.61	4.0531158447265625e-05
8.62	4.0531158447265625e-05
8.63	3.981590270996094e-05
8.64	3.886222839355469e-05
8.65	3.8623809814453125e-05
8.66	3.790855407714844e-05
8.67	3.743171691894531e-05
8.68	3.743171691894531e-05
8.69	3.743171691894531e-05
8.7	3.719329833984375e-05
8.71	3.695487976074219e-05
8.72	3.647804260253906e-05
8.73	3.5762786865234375e-05
8.74	3.504753112792969e-05
8.75	3.4332275390625e-05
8.76	3.409385681152344e-05
8.77	3.2901763916015625e-05
8.78	3.266334533691406e-05
8.79	3.266334533691406e-05
8.8	3.147125244140625e-05
8.81	3.0994415283203125e-05
8.82	3.075599670410156e-05
8.83	3.0040740966796875e-05
8.84	2.86102294921875e-05
8.85	2.8371810913085938e-05
8.86	2.7418136596679688e-05
8.87	2.6702880859375e-05
8.88	2.6702880859375e-05
8.89	2.6702880859375e-05
8.9	2.574920654296875e-05
8.91	2.5510787963867188e-05
8.92	2.47955322265625e-05
8.93	2.384185791015625e-05
8.94	2.3603439331054688e-05
8.95	2.3126602172851562e-05
8.96	2.288818359375e-05
8.97	2.2649765014648438e-05
8.98	2.2411346435546875e-05
8.99	2.193450927734375e-05
9.0	2.1457672119140625e-05
9.01	2.0742416381835938e-05
9.02	1.9788742065429688e-05
9.03	1.9788742065429688e-05
9.04	1.8835067749023438e-05
9.05	1.8596649169921875e-05
9.06	1.8596649169921875e-05
9.07	1.8358230590820312e-05
9.08	1.811981201171875e-05
9.09	1.7642974853515625e-05
9.1	1.7404556274414062e-05
9.11	1.5974044799804688e-05
9.12	1.5974044799804688e-05
9.13	1.5497207641601562e-05
9.14	1.52587890625e-05
9.15	1.5020370483398438e-05
9.16	1.5020370483398438e-05
9.17	1.4543533325195312e-05
9.18	1.430511474609375e-05
9.19	1.4066696166992188e-05
9.2	1.3828277587890625e-05
9.21	1.3589859008789062e-05
9.22	1.3589859008789062e-05
9.23	1.3589859008789062e-05
9.24	1.3589859008789062e-05
9.25	1.3589859008789062e-05
9.26	1.3589859008789062e-05
9.27	1.3589859008789062e-05
9.28	1.33514404296875e-05
9.29	1.3113021850585938e-05
9.3	1.2874603271484375e-05
9.31	1.2159347534179688e-05
9.32	1.2159347534179688e-05
9.33	1.1920928955078125e-05
9.34	1.1444091796875e-05
9.35	1.1205673217773438e-05
9.36	1.1205673217773438e-05
9.37	1.0728836059570312e-05
9.38	1.0013580322265625e-05
9.39	9.775161743164062e-06
9.4	9.059906005859375e-06
9.41	8.821487426757812e-06
9.42	8.821487426757812e-06
9.43	8.58306884765625e-06
9.44	8.58306884765625e-06
9.45	8.344650268554688e-06
9.46	8.344650268554688e-06
9.47	7.3909759521484375e-06
9.48	7.3909759521484375e-06
9.49	6.9141387939453125e-06
9.5	6.9141387939453125e-06
9.51	6.4373016357421875e-06
9.52	6.4373016357421875e-06
9.53	5.9604644775390625e-06
9.54	5.9604644775390625e-06
9.55	5.7220458984375e-06
9.56	5.4836273193359375e-06
9.57	5.4836273193359375e-06
9.58	5.0067901611328125e-06
9.59	5.0067901611328125e-06
9.6	5.0067901611328125e-06
9.61	5.0067901611328125e-06
9.62	4.76837158203125e-06
9.63	4.5299530029296875e-06
9.64	4.291534423828125e-06
9.65	3.814697265625e-06
9.66	3.814697265625e-06
9.67	3.5762786865234375e-06
9.68	3.5762786865234375e-06
9.69	3.5762786865234375e-06
9.7	3.5762786865234375e-06
9.71	3.5762786865234375e-06
9.72	3.5762786865234375e-06
9.73	3.5762786865234375e-06
9.74	3.5762786865234375e-06
9.75	3.5762786865234375e-06
9.76	3.5762786865234375e-06
9.77	3.5762786865234375e-06
9.78	3.5762786865234375e-06
9.79	3.5762786865234375e-06
9.8	3.5762786865234375e-06
9.81	3.5762786865234375e-06
9.82	3.5762786865234375e-06
9.83	3.5762786865234375e-06
9.84	3.5762786865234375e-06
9.85	3.337860107421875e-06
9.86	3.337860107421875e-06
9.87	3.0994415283203125e-06
9.88	3.0994415283203125e-06
9.89	2.86102294921875e-06
9.9	2.86102294921875e-06
9.91	2.6226043701171875e-06
9.92	2.384185791015625e-06
9.93	2.384185791015625e-06
9.94	1.9073486328125e-06
9.95	1.9073486328125e-06
9.96	1.9073486328125e-06
9.97	1.9073486328125e-06
9.98	1.6689300537109375e-06
9.99	1.430511474609375e-06
10.0	1.1920928955078125e-06
10.01	9.5367431640625e-07
10.02	9.5367431640625e-07
10.03	9.5367431640625e-07
10.04	9.5367431640625e-07
10.05	9.5367431640625e-07
10.06	9.5367431640625e-07
10.07	9.5367431640625e-07
10.08	9.5367431640625e-07
10.09	9.5367431640625e-07
10.1	7.152557373046875e-07
10.11	7.152557373046875e-07
10.12	4.76837158203125e-07
10.13	4.76837158203125e-07
10.14	4.76837158203125e-07
10.15	4.76837158203125e-07
10.16	4.76837158203125e-07
10.17	4.76837158203125e-07
10.18	4.76837158203125e-07
10.19	4.76837158203125e-07
10.2	4.76837158203125e-07
10.21	4.76837158203125e-07
10.22	4.76837158203125e-07
10.23	4.76837158203125e-07
10.24	4.76837158203125e-07
10.25	4.76837158203125e-07
10.26	4.76837158203125e-07
10.27	4.76837158203125e-07
10.28	4.76837158203125e-07
10.29	4.76837158203125e-07
10.3	4.76837158203125e-07
10.31	4.76837158203125e-07
10.32	4.76837158203125e-07
10.33	4.76837158203125e-07
10.34	4.76837158203125e-07
10.35	4.76837158203125e-07
10.36	4.76837158203125e-07
10.37	4.76837158203125e-07
10.38	4.76837158203125e-07
10.39	4.76837158203125e-07
10.4	4.76837158203125e-07
10.41	4.76837158203125e-07
10.42	4.76837158203125e-07
10.43	4.76837158203125e-07
10.44	4.76837158203125e-07
10.45	4.76837158203125e-07
10.46	2.384185791015625e-07
10.47	2.384185791015625e-07
10.48	0.0
