6.18	0.0005030291349612526
6.19	0.0004986304311387357
6.2	0.0004943515359627781
6.21	0.0004900602589259506
6.22	0.0004858061802224256
6.23	0.0004815418515136116
6.24	0.0004773946648128913
6.25	0.0004732390034405398
6.26	0.0004691161557275336
6.27	0.00046502430814143736
6.28	0.00046096592996036634
6.29	0.0004569384254864417
6.3	0.00045294306892174063
6.31	0.00044898053693032125
6.32	0.00044504604647954693
6.33	0.00044114579486631555
6.34	0.0004372745361251873
6.35	0.0004334341374487849
6.36	0.0004296233919376391
6.37	0.0004258431808921159
6.38	0.0004220928449285566
6.39	0.00041837235312414123
6.4	0.0004146802421018947
6.41	0.00041102055547526106
6.42	0.0004073862501172698
6.43	0.00040378307767241495
6.44	0.0004001734560006298
6.45	0.0003966611466239556
6.46	0.00039314319383265683
6.47	0.0003896524203810259
6.48	0.0003861570612571086
6.49	0.00038275766110018594
6.5	0.00037935146974632517
6.51	0.0003759714900297695
6.52	0.0003726194636328728
6.53	0.0003692917889566161
6.54	0.0003659953308670083
6.55	0.00036272237502998905
6.56	0.0003594766485548462
6.57	0.0003562575429896242
6.58	0.00035306455629324773
6.59	0.00034989673713425873
6.6	0.00034675325514399447
6.61	0.0003436366660025669
6.62	0.0003405445067983237
6.63	0.0003374780590092996
6.64	0.0003344373990330496
6.65	0.0003314205014248728
6.66	0.0003284286458438146
6.67	0.0003254599259889801
6.68	0.0003225150057915016
6.69	0.00031959584885044023
6.7	0.0003166997566950158
6.71	0.0003138278316328069
6.72	0.0003109790814050939
6.73	0.00030815470017842017
6.74	0.000305350152302708
6.75	0.00030257233720476506
6.76	0.0002998154359374894
6.77	0.00029708108741033357
6.78	0.0002943714898719918
6.79	0.0002916829498644802
6.8	0.0002890159694288741
6.81	0.000286370647700096
6.82	0.0002837471993188956
6.83	0.0002811467629726394
6.84	0.0002785675424092915
6.85	0.00027600914017966716
6.86	0.00027347285322321113
6.87	0.0002709558075366658
6.88	0.00026846090077015106
6.89	0.00026598567910696147
6.9	0.0002635319469845854
6.91	0.00026109912050742423
6.92	0.00025868613465718227
6.93	0.00025629247284086887
6.94	0.00025391993040102534
6.95	0.00025156536412396235
6.96	0.00024923243108787574
6.97	0.000246919434175652
6.98	0.00024462501914968016
6.99	0.0002423494179311092
7.0	0.0002400936000412912
7.01	0.00023785662961017806
7.02	0.00023563843660667771
7.03	0.00023343896373262396
7.04	0.0002312581082151155
7.05	0.00022909633480594493
7.06	0.00022695060488331364
7.07	0.00022482498843601206
7.08	0.00022271694797382224
7.09	0.0002206272629337036
7.1	0.00021855440354556777
7.11	0.00021650024609698448
7.12	0.0002144620357285021
7.13	0.0002124413158526295
7.14	0.00021043843389634276
7.15	0.00020845243670919444
7.16	0.00020648498230002588
7.17	0.00020453277738852194
7.18	0.0002025975554715842
7.19	0.0002006779423027183
7.2	0.0001987742389246705
7.21	0.00019688885822688462
7.22	0.0001950197738551651
7.23	0.0001931664810399525
7.24	0.00019132816669298336
7.25	0.00018950590583699523
7.26	0.00018770007773127872
7.27	0.00018590780200611334
7.28	0.00018413346424495103
7.29	0.0001823737911763601
7.3	0.00018062948129227152
7.31	0.00017890015351440525
7.32	0.0001771856204868527
7.33	0.0001754856657498749
7.34	0.00017380075860273791
7.35	0.0001721301514407969
7.36	0.00017047492110577878
7.37	0.00016883381249499507
7.38	0.00016720696021366166
7.39	0.00016559350115130655
7.4	0.00016399382730014622
7.41	0.0001624094466023962
7.42	0.00016083798345789546
7.43	0.0001592811322552734
7.44	0.0001577372358951834
7.45	0.00015620705653418554
7.46	0.00015469019399461104
7.47	0.0001531874750071438
7.48	0.0001516957554485998
7.49	0.00015021922536107013
7.5	0.0001487555909989169
7.51	0.00014730529437656514
7.52	0.00014586687666451326
7.53	0.0001444427398382686
7.54	0.00014302958334155846
7.55	0.0001416290833731182
7.56	0.0001402414536642027
7.57	0.00013886575561627978
7.58	0.00013750391735811718
7.59	0.00013615192619909067
7.6	0.0001348127871096949
7.61	0.0001334856779067195
7.62	0.00013217000196164008
7.63	0.00013086601484246785
7.64	0.00012957408398506232
7.65	0.00012829249590140535
7.66	0.0001270242064492777
7.67	0.00012576572862599278
7.68	0.00012452023293008097
7.69	0.00012328501270530978
7.7	0.00012206059636810096
7.71	0.00012084833997505484
7.72	0.00011964591612922959
7.73	0.0001184547081720666
7.74	0.00011727512992365519
7.75	0.00011610595083766384
7.76	0.00011494719547044951
7.77	0.00011379833813407458
7.78	0.00011266041929047788
7.79	0.00011153249761264306
7.8	0.000110414302071149
7.81	0.00010930676580755971
7.82	0.0001082097287508077
7.83	0.00010712286803027382
7.84	0.00010604480485199019
7.85	0.00010497743915038882
7.86	0.00010391790510766441
7.87	0.00010287002442055382
7.88	0.00010183138510910794
7.89	0.00010080309129989473
7.9	9.978375874197809e-05
7.91	9.877328011498321e-05
7.92	9.777175182534847e-05
7.93	9.677998605184257e-05
7.94	9.579765901435167e-05
7.95	9.482414679951034e-05
7.96	9.386079182149842e-05
7.97	9.290507023251848e-05
7.98	9.195757593261078e-05
7.99	9.101923023990821e-05
8.0	9.009005952975713e-05
8.01	8.916872320696712e-05
8.02	8.825693385006161e-05
8.03	8.735367646295344e-05
8.04	8.645828438602621e-05
8.05	8.55700900501688e-05
8.06	8.469137628708268e-05
8.07	8.381991392525379e-05
8.08	8.295790576084983e-05
8.09	8.210363739635795e-05
8.1	8.125744170683902e-05
8.11	8.041916953516193e-05
8.12	7.958724563650321e-05
8.13	7.875677329138853e-05
8.14	7.794979501341004e-05
8.15	7.714265029790113e-05
8.16	7.63428852224024e-05
8.17	7.555048705398804e-05
8.18	7.476540940842824e-05
8.19	7.398811885650503e-05
8.2	7.321811881411122e-05
8.21	7.244823154906044e-05
8.22	7.169975197029999e-05
8.23	7.095128785294946e-05
8.24	7.020934754109476e-05
8.25	6.947510883037467e-05
8.26	6.874790142319398e-05
8.27	6.802749066991964e-05
8.28	6.73144622851396e-05
8.29	6.660748113063164e-05
8.3	6.590703378606122e-05
8.31	6.52137196084368e-05
8.32	6.452736579376506e-05
8.33	6.38469564364641e-05
8.34	6.317400675470708e-05
8.35	6.250718706724001e-05
8.36	6.184663470776286e-05
8.37	6.119164027040824e-05
8.38	6.0537542594829574e-05
8.39	5.990163208480226e-05
8.4	5.926616540818941e-05
8.41	5.8637253459892236e-05
8.42	5.801352017442696e-05
8.43	5.7396032389078755e-05
8.44	5.678462912328541e-05
8.45	5.6178681006713305e-05
8.46	5.5573649660800584e-05
8.47	5.4985692258924246e-05
8.48	5.439761844172608e-05
8.49	5.381577830121387e-05
8.5	5.323844925442245e-05
8.51	5.266744938126067e-05
8.52	5.210182280279696e-05
8.53	5.15424790137331e-05
8.54	5.098745805298677e-05
8.55	5.043847886554431e-05
8.56	4.989557146473089e-05
8.57	4.935724973620381e-05
8.58	4.8823710130818654e-05
8.59	4.829614954360295e-05
8.6	4.777335470862454e-05
8.61	4.7256561629183125e-05
8.62	4.674415959016187e-05
8.63	4.623223958333256e-05
8.64	4.5734545892628375e-05
8.65	4.5237232370709535e-05
8.66	4.474467095860746e-05
8.67	4.425704810273601e-05
8.68	4.377460754767526e-05
8.69	4.329602052166592e-05
8.7	4.282390727894381e-05
8.71	4.235007509123534e-05
8.72	4.189028095424874e-05
8.73	4.143142268731026e-05
8.74	4.097703003935749e-05
8.75	4.052654549013823e-05
8.76	4.008117684861645e-05
8.77	3.964019560953602e-05
8.78	3.9203816413646564e-05
8.79	3.8771258004999254e-05
8.8	3.8343332562362775e-05
8.81	3.7919926398899406e-05
8.82	3.7500725738937035e-05
8.83	3.70856978406664e-05
8.84	3.667447708721738e-05
8.85	3.626784291554941e-05
8.86	3.586497314245207e-05
8.87	3.5466397093841806e-05
8.88	3.506813573039835e-05
8.89	3.4680824683164246e-05
8.9	3.429389471421018e-05
8.91	3.3911487662408035e-05
8.92	3.353237389092101e-05
8.93	3.315744470455684e-05
8.94	3.2786407246021554e-05
8.95	3.2418984119431116e-05
8.96	3.205175380571745e-05
8.97	3.169495812471723e-05
8.98	3.133886093564797e-05
8.99	3.098662455158774e-05
9.0	3.063754047616385e-05
9.01	3.0292371775431093e-05
9.02	2.9950367206765804e-05
9.03	2.9612399885081686e-05
9.04	2.9276996428961866e-05
9.05	2.894546287279809e-05
9.06	2.861769826267846e-05
9.07	2.829305776685942e-05
9.08	2.797204888338456e-05
9.09	2.7654063160298392e-05
9.1	2.73389377980493e-05
9.11	2.7027159376302734e-05
9.12	2.6719323614088353e-05
9.13	2.6411474209453445e-05
9.14	2.611261425045086e-05
9.15	2.581420267233625e-05
9.16	2.5518546863168012e-05
9.17	2.5225529498129617e-05
9.18	2.4936375666584354e-05
9.19	2.4649805709486827e-05
9.2	2.4366998331970535e-05
9.21	2.4083863536361605e-05
9.22	2.3808721380191855e-05
9.23	2.353435593249742e-05
9.24	2.3262729882844724e-05
9.25	2.299373591085896e-05
9.26	2.2727635041519534e-05
9.27	2.246453095722245e-05
9.28	2.2203907974471804e-05
9.29	2.194656462961575e-05
9.3	2.169136223528767e-05
9.31	2.143934034393169e-05
9.32	2.1189747712924145e-05
9.33	2.0943033632647712e-05
9.34	2.069902893708786e-05
9.35	2.0457033315324225e-05
9.36	2.0218061763443984e-05
9.37	1.9981712284788955e-05
9.38	1.9746010366361588e-05
9.39	1.951647391251754e-05
9.4	1.9287636860099155e-05
9.41	1.9060993508901447e-05
9.42	1.8836425624613184e-05
9.43	1.8614813598105684e-05
9.44	1.8395427105133422e-05
9.45	1.817841530282749e-05
9.46	1.796157448552549e-05
9.47	1.7751015548128635e-05
9.48	1.7541006855026353e-05
9.49	1.7332949937554076e-05
9.5	1.7127465071098413e-05
9.51	1.6924102055781987e-05
9.52	1.6722941836633254e-05
9.53	1.6524219063285273e-05
9.54	1.6327205230481923e-05
9.55	1.6132849850691855e-05
9.56	1.5940590856189374e-05
9.57	1.574981797602959e-05
9.58	1.556157076265663e-05
9.59	1.5375702787423506e-05
9.6	1.519143825134961e-05
9.61	1.5009220987849403e-05
9.62	1.4828759049123619e-05
9.63	1.4648740034317598e-05
9.64	1.447361137252301e-05
9.65	1.4299627764557954e-05
9.66	1.4127093891147524e-05
9.67	1.3956075235910248e-05
9.68	1.3787593161396217e-05
9.69	1.362046259600902e-05
9.7	1.345527471130481e-05
9.71	1.3290449714986607e-05
9.72	1.313060329266591e-05
9.73	1.2971157957508694e-05
9.74	1.2813173270842526e-05
9.75	1.2657207662414294e-05
9.76	1.2502910976763815e-05
9.77	1.2350281394901685e-05
9.78	1.2199221600894816e-05
9.79	1.205001535709016e-05
9.8	1.1902855476364493e-05
9.81	1.1756947060348466e-05
9.82	1.161273212346714e-05
9.83	1.1469647688500118e-05
9.84	1.1328554137435276e-05
9.85	1.1189003998879343e-05
9.86	1.105132560041966e-05
9.87	1.091479407477891e-05
9.88	1.0778610885608941e-05
9.89	1.0646497685229406e-05
9.9	1.0514596397115383e-05
9.91	1.0384198503743391e-05
9.92	1.025514484354062e-05
9.93	1.0127940186066553e-05
9.94	1.000181509880349e-05
9.95	9.877377124212217e-06
9.96	9.753084668773226e-06
9.97	9.632458386477083e-06
9.98	9.512417818768881e-06
9.99	9.393143045599572e-06
10.0	9.275767297367565e-06
10.01	9.159793989965692e-06
10.02	9.044802936841734e-06
10.03	8.931297998060472e-06
10.04	8.818756214168388e-06
10.05	8.70808980835136e-06
10.06	8.598382919444703e-06
10.07	8.489947504131123e-06
10.08	8.382678970519919e-06
10.09	8.276370863313787e-06
10.1	8.171696208592039e-06
10.11	8.068223905866034e-06
10.12	7.966068551468197e-06
10.13	7.863634891691618e-06
10.14	7.76444449002156e-06
10.15	7.665608791285194e-06
10.16	7.5679790825233795e-06
10.17	7.4712943387567066e-06
10.18	7.376156645477749e-06
10.19	7.281800208147615e-06
10.2	7.18844876246294e-06
10.21	7.095562068570871e-06
10.22	7.005250154179521e-06
10.23	6.915438461874146e-06
10.24	6.826538083259948e-06
10.25	6.738634510838892e-06
10.26	6.652076081081759e-06
10.27	6.566238880623132e-06
10.28	6.481234777311329e-06
10.29	6.397271135938354e-06
10.3	6.314288839348592e-06
10.31	6.232416126294993e-06
10.32	6.151739398774225e-06
10.33	6.0720003602909856e-06
10.34	5.992758815409616e-06
10.35	5.914546818530653e-06
10.36	5.837330718350131e-06
10.37	5.761157808592543e-06
10.38	5.685260475729592e-06
10.39	5.611569577013142e-06
10.4	5.5382161008310504e-06
10.41	5.465509275381919e-06
10.42	5.393676474341191e-06
10.43	5.323068762663752e-06
10.44	5.252908522379585e-06
10.45	5.1836650527548045e-06
10.46	5.1147681006114e-06
10.47	5.047791091783438e-06
10.48	4.981257006875239e-06
10.49	4.915063072985504e-06
10.5	4.849891411140561e-06
10.51	4.78549009130802e-06
10.52	4.7218836698448285e-06
10.53	4.659134901885409e-06
10.54	4.5970182327437215e-06
10.55	4.5355964175541885e-06
10.56	4.475126843317412e-06
10.57	4.415178409544751e-06
10.58	4.356383215053938e-06
10.59	4.297842679079622e-06
10.6	4.240274392941501e-06
10.61	4.183341843599919e-06
10.62	4.127259671804495e-06
10.63	4.071311195730232e-06
10.64	4.016957063868176e-06
10.65	3.962957634939812e-06
10.66	3.909291081072297e-06
10.67	3.856508556054905e-06
10.68	3.8044372558942996e-06
10.69	3.7528379834839143e-06
10.7	3.7017443901277147e-06
10.71	3.651044607977383e-06
10.72	3.601841854106169e-06
10.73	3.5528073567547835e-06
10.74	3.5042639865423553e-06
10.75	3.456325430306606e-06
10.76	3.408955308259465e-06
10.77	3.362272764206864e-06
10.78	3.3163178159156814e-06
10.79	3.270964043622371e-06
10.8	3.2261223168461584e-06
10.81	3.181612555636093e-06
10.82	3.1377694540424272e-06
10.83	3.094748535659164e-06
10.84	3.052065039810259e-06
10.85	3.01007730740821e-06
10.86	2.968354237964377e-06
10.87	2.9271286621224135e-06
10.88	2.8862459657830186e-06
10.89	2.8465856303228065e-06
10.9	2.807079908961896e-06
10.91	2.7679179765982553e-06
10.92	2.7293262974126264e-06
10.93	2.6913867259281687e-06
10.94	2.6536463337833993e-06
10.95	2.616389792819973e-06
10.96	2.579425199655816e-06
10.97	2.5435920179006644e-06
10.98	2.508002580725588e-06
10.99	2.4726341507630423e-06
11.0	2.4379351089010015e-06
11.01	2.4035452952375636e-06
11.02	2.369502908550203e-06
11.03	2.336189936613664e-06
11.04	2.303213477716781e-06
11.05	2.2707172320224345e-06
11.06	2.2384465410141274e-06
11.07	2.206666067650076e-06
11.08	2.1752712200395763e-06
11.09	2.1443256628117524e-06
11.1	2.113842128892429e-06
11.11	2.0836732801399194e-06
11.12	2.053906428045593e-06
11.13	2.0241786842234433e-06
11.14	1.9955205061705783e-06
11.15	1.9668859749799594e-06
11.16	1.938529749168083e-06
11.17	1.9107110347249545e-06
11.18	1.8832079149433412e-06
11.19	1.8560222088126466e-06
11.2	1.8292375898454338e-06
11.21	1.8026430552708916e-06
11.22	1.776706994860433e-06
11.23	1.7509264580439776e-06
11.24	1.7256279534194618e-06
11.25	1.7006477719405666e-06
11.26	1.6759540812927298e-06
11.27	1.6513995433342643e-06
11.28	1.6273706933134235e-06
11.29	1.6035555745474994e-06
11.3	1.5803198039066046e-06
11.31	1.5571222320431843e-06
11.32	1.5341593098128214e-06
11.33	1.5116820577532053e-06
11.34	1.489313945057802e-06
11.35	1.4675752026960254e-06
11.36	1.4460156307904981e-06
11.37	1.4246361388359219e-06
11.38	1.4034139894647524e-06
11.39	1.382803930027876e-06
11.4	1.3623284758068621e-06
11.41	1.3421631592791528e-06
11.42	1.322227944910992e-06
11.43	1.3026492524659261e-06
11.44	1.2831533240387216e-06
11.45	1.2641430657822639e-06
11.46	1.245129169546999e-06
11.47	1.2266027624718845e-06
11.48	1.2082309694960713e-06
11.49	1.1900947356480174e-06
11.5	1.1723350326064974e-06
11.51	1.154749043053016e-06
11.52	1.1372721928637475e-06
11.53	1.120135493692942e-06
11.54	1.1031861504307017e-06
11.55	1.0865642252610996e-06
11.56	1.0702024155762047e-06
11.57	1.0540325092733838e-06
11.58	1.0379808372817934e-06
11.59	1.0221920092590153e-06
11.6	1.006736965791788e-06
11.61	9.914374459185638e-07
11.62	9.76368028204888e-07
11.63	9.61280420597177e-07
11.64	9.467175914323889e-07
11.65	9.322584446636029e-07
11.66	9.180475899484009e-07
11.67	9.039913493325002e-07
11.68	8.900797183741815e-07
11.69	8.762672223383561e-07
11.7	8.628248906461522e-07
11.71	8.49399839353282e-07
11.72	8.364213499589823e-07
11.73	8.233992048189975e-07
11.74	8.106235327431932e-07
11.75	7.980561349540949e-07
11.76	7.855760486563668e-07
11.77	7.733824531896971e-07
11.78	7.613825800945051e-07
11.79	7.4937088356819e-07
11.8	7.377184374490753e-07
11.81	7.262178769451566e-07
11.82	7.148137228796259e-07
11.83	7.03730620443821e-07
11.84	6.925984052941203e-07
11.85	6.817781468271278e-07
11.86	6.710943125654012e-07
11.87	6.604686859645881e-07
11.88	6.500267772935331e-07
11.89	6.398104233085178e-07
11.9	6.296886567724869e-07
11.91	6.197051334311254e-07
11.92	6.099107849877328e-07
11.93	6.001837391522713e-07
11.94	5.905103535042144e-07
11.95	5.811270966660231e-07
11.96	5.717492967960425e-07
11.97	5.626816346193664e-07
11.98	5.536412572837435e-07
11.99	5.446845534606837e-07
12.0	5.358897396945395e-07
12.01	5.272795533528551e-07
12.02	5.188485374674201e-07
12.03	5.105366653879173e-07
12.04	5.022684490540996e-07
12.05	4.941648512613028e-07
12.06	4.861531124333851e-07
12.07	4.783078111358918e-07
12.08	4.7060621000127867e-07
12.09	4.62962816527579e-07
12.1	4.554403858492151e-07
12.11	4.479743438423611e-07
12.12	4.406338121043518e-07
12.13	4.334042387199588e-07
12.14	4.263356458977796e-07
12.15	4.193352651782334e-07
12.16	4.124140104977414e-07
12.17	4.056182660860941e-07
12.18	3.9894985093269497e-07
12.19	3.9229871617862955e-07
12.2	3.857794581563212e-07
12.21	3.793029463849962e-07
12.22	3.730665412149392e-07
12.23	3.6694382288260385e-07
12.24	3.6084566090721637e-07
12.25	3.54831172444392e-07
12.26	3.488803486106917e-07
12.27	3.4307413443457335e-07
12.28	3.3741343941073865e-07
12.29	3.3174183045048267e-07
12.3	3.262348400312476e-07
12.31	3.20757862937171e-07
12.32	3.1530998967355117e-07
12.33	3.100349204032682e-07
12.34	3.0478895496344194e-07
12.35	2.996366674778983e-07
12.36	2.9450166039168835e-07
12.37	2.8948215913260356e-07
12.38	2.845563358278014e-07
12.39	2.797069100779481e-07
12.4	2.7494843379827216e-07
12.41	2.702199708437547e-07
12.42	2.656042852322571e-07
12.43	2.6106317818630487e-07
12.44	2.565711838542484e-07
12.45	2.521792339393869e-07
12.46	2.477445377735421e-07
12.47	2.4354994820896536e-07
12.48	2.39429937209934e-07
12.49	2.3532720661023632e-07
12.5	2.3123629944166169e-07
12.51	2.2718631953466684e-07
12.52	2.2327276383293793e-07
12.53	2.194101398345083e-07
12.54	2.1559844753937796e-07
12.55	2.1184314391575754e-07
12.56	2.0812422008020803e-07
12.57	2.0443712855922058e-07
12.58	2.008619048865512e-07
12.59	1.97333974938374e-07
12.6	1.9389335648156703e-07
12.61	1.9048911781283095e-07
12.62	1.8710943550104275e-07
12.63	1.838188836700283e-07
12.64	1.8054925021715462e-07
12.65	1.7738784663379192e-07
12.66	1.7424827092327178e-07
12.67	1.711368895485066e-07
12.68	1.6808826330816373e-07
12.69	1.65143319463823e-07
12.7	1.6225294530158862e-07
12.71	1.592734406585805e-07
12.72	1.5641217032680288e-07
12.73	1.536327545181848e-07
12.74	1.5085879567777738e-07
12.75	1.4816851034993306e-07
12.76	1.4546367310686037e-07
12.77	1.4282431948231533e-07
12.78	1.4023225958226249e-07
12.79	1.3763747119810432e-07
12.8	1.3518092600861564e-07
12.81	1.327234713244252e-07
12.82	1.3029330148128793e-07
12.83	1.2793043424608186e-07
12.84	1.2560212780954316e-07
12.85	1.232865542988293e-07
12.86	1.2105010682716966e-07
12.87	1.188345777336508e-07
12.88	1.1662541510304436e-07
12.89	1.1453357728896663e-07
12.9	1.124481059378013e-07
12.91	1.1036991054425016e-07
12.92	1.0829535312950611e-07
12.93	1.0627809388097376e-07
12.94	1.0430994734633714e-07
12.95	1.0242729331366718e-07
12.96	1.0045914677903056e-07
12.97	9.858013072516769e-08
12.98	9.674386092228815e-08
12.99	9.489576768828556e-08
13.0	9.313589544035494e-08
13.01	9.135419531958178e-08
13.02	8.966799214249477e-08
13.03	8.793449524091557e-08
13.04	8.625738701084629e-08
13.05	8.46712282509543e-08
13.06	8.305596566060558e-08
13.07	8.150891517288983e-08
13.08	7.996732165338472e-08
13.09	7.843846105970442e-08
13.1	7.694234227528796e-08
13.11	7.550261216238141e-08
13.12	7.40719769964926e-08
13.13	7.264679879881442e-08
13.14	7.123253453755751e-08
13.15	6.990103429416195e-08
13.16	6.856589607195929e-08
13.17	6.72316673444584e-08
13.18	6.591926648980007e-08
13.19	6.461596058215946e-08
13.2	6.340451363939792e-08
13.21	6.215486791916192e-08
13.22	6.093978299759328e-08
13.23	5.974470695946366e-08
13.24	5.851597961736843e-08
13.25	5.738911568187177e-08
13.26	5.630499799735844e-08
13.27	5.520541890291497e-08
13.28	5.412766768131405e-08
13.29	5.302445060806349e-08
13.3	5.202673492021859e-08
13.31	5.097081157146022e-08
13.32	4.99803718412295e-08
13.33	4.901903594145551e-08
13.34	4.803587216883898e-08
13.35	4.708908818429336e-08
13.36	4.614594217855483e-08
13.37	4.523462848737836e-08
13.38	4.429784894455224e-08
13.39	4.340927262092009e-08
13.4	4.2549800127744675e-08
13.41	4.169669409748167e-08
13.42	4.085541149834171e-08
13.43	4.000867193099111e-08
13.44	3.918376023648307e-08
13.45	3.83797669201158e-08
13.46	3.758759703487158e-08
13.47	3.685727278934792e-08
13.48	3.6102392186876386e-08
13.49	3.5341145121492445e-08
13.5	3.46135493600741e-08
13.51	3.393324732314795e-08
13.52	3.324930730741471e-08
13.53	3.2570824259892106e-08
13.54	3.191144060110673e-08
13.55	3.1243871490005404e-08
13.56	3.060267772525549e-08
13.57	2.9965121939312667e-08
13.58	2.9358488973230124e-08
13.59	2.8729118639603257e-08
13.6	2.8136128094047308e-08
13.61	2.7544047043193132e-08
13.62	2.697470335988328e-08
13.63	2.641900209710002e-08
13.64	2.5836925487965345e-08
13.65	2.5308509066235274e-08
13.66	2.4767359718680382e-08
13.67	2.4233486328739673e-08
13.68	2.3745997168589383e-08
13.69	2.322030923096463e-08
13.7	2.2730091586709023e-08
13.71	2.222896000603214e-08
13.72	2.178785507567227e-08
13.73	2.1336745703592896e-08
13.74	2.087472239509225e-08
13.75	2.0429069991223514e-08
13.76	1.9972503650933504e-08
13.77	1.9544131646398455e-08
13.78	1.9113031157758087e-08
13.79	1.870103005785495e-08
13.8	1.8287209968548268e-08
13.81	1.787520886864513e-08
13.82	1.7485035641584545e-08
13.83	1.7106685845647007e-08
13.84	1.6729245544411242e-08
13.85	1.6358171706087887e-08
13.86	1.5991645341273397e-08
13.87	1.5646946849301457e-08
13.88	1.5295881894417107e-08
13.89	1.4962097338866442e-08
13.9	1.4635588740929961e-08
13.91	1.4304532669484615e-08
13.92	1.3991666492074728e-08
13.93	1.3702447176910937e-08
13.94	1.3394128473009914e-08
13.95	1.3093085726723075e-08
13.96	1.2788405001629144e-08
13.97	1.2501914170570672e-08
13.98	1.2229065760038793e-08
13.99	1.1941665434278548e-08
14.0	1.1680640454869717e-08
14.01	1.1397787602618337e-08
14.02	1.1133124644402415e-08
14.03	1.0873009159695357e-08
14.04	1.0627445590216666e-08
14.05	1.0390976967755705e-08
14.06	1.0135408956557512e-08
14.07	9.90803528111428e-09
14.08	9.694304026197642e-09
14.09	9.469658834859729e-09
14.1	9.262294042855501e-09
14.11	9.051291272044182e-09
14.12	8.835741027723998e-09
14.13	8.635652193333954e-09
14.14	8.444658305961639e-09
14.15	8.257302397396415e-09
14.16	8.056304068304598e-09
14.17	7.860762707423419e-09
14.18	7.690687198191881e-09
14.19	7.508788257837296e-09
14.2	7.33325578039512e-09
14.21	7.1540853241458535e-09
14.22	6.972186383791268e-09
14.23	6.8112058215774596e-09
14.24	6.63749233353883e-09
14.25	6.4947016653604805e-09
14.26	6.3182596932165325e-09
14.27	6.170012056827545e-09
14.28	6.019945431035012e-09
14.29	5.878973752260208e-09
14.3	5.748916009906679e-09
14.31	5.597939889412373e-09
14.32	5.479705578181893e-09
14.33	5.344190867617726e-09
14.34	5.217771104071289e-09
14.35	5.0895323511213064e-09
14.36	4.964022082276642e-09
14.37	4.849425749853253e-09
14.38	4.723915481008589e-09
14.39	4.6193235903047025e-09
14.4	4.508365236688405e-09
14.41	4.3783074943348765e-09
14.42	4.2764440877363086e-09
14.43	4.1509338188916445e-09
14.44	4.054527380503714e-09
14.45	3.949025995098054e-09
14.46	3.841705620288849e-09
14.47	3.738023224286735e-09
14.48	3.6343408282846212e-09
14.49	3.5415723687037826e-09
14.5	3.4524418879300356e-09
14.51	3.372406354174018e-09
14.52	3.2769094104878604e-09
14.53	3.19596438203007e-09
14.54	3.115928848274052e-09
14.55	3.0449882615357637e-09
14.56	2.967681211885065e-09
14.57	2.891283656936139e-09
14.58	2.8221620596013963e-09
14.59	2.7448550099506974e-09
14.6	2.6820998755283654e-09
14.61	2.611159288790077e-09
14.62	2.5429471861571074e-09
14.63	2.4792825570330024e-09
14.64	2.41016095969826e-09
14.65	2.3528627934865654e-09
14.66	2.2855601855553687e-09
14.67	2.2246240405365825e-09
14.68	2.1627784008160233e-09
14.69	2.101842255797237e-09
14.7	2.042725100181997e-09
14.71	1.987245923373848e-09
14.72	1.93813320947811e-09
14.73	1.8790160538628697e-09
14.74	1.8289938452653587e-09
14.75	1.786247594282031e-09
14.76	1.7435013432987034e-09
14.77	1.697117113508284e-09
14.78	1.6498233890160918e-09
14.79	1.6070771380327642e-09
14.8	1.5634213923476636e-09
14.81	1.5188561519607902e-09
14.82	1.482476363889873e-09
14.83	1.4379111235029995e-09
14.84	1.3997123460285366e-09
14.85	1.3651515473611653e-09
14.86	1.3278622645884752e-09
14.87	1.2896634871140122e-09
14.88	1.2487362255342305e-09
14.89	1.2141754268668592e-09
14.9	1.1823431123048067e-09
14.91	1.1450538295321167e-09
14.92	1.11504050437361e-09
14.93	1.0841176845133305e-09
14.94	1.0495568858459592e-09
14.95	1.0213625500909984e-09
14.96	9.949872037395835e-10
14.97	9.722498361952603e-10
14.98	9.395080269314349e-10
14.99	9.1313268058002e-10
15.0	8.858478395268321e-10
15.01	8.603819878771901e-10
15.02	8.349161362275481e-10
15.03	8.094502845779061e-10
15.04	7.867129170335829e-10
15.05	7.566995918750763e-10
15.06	7.366907084360719e-10
15.07	7.130438461899757e-10
15.08	6.921254680491984e-10
15.09	6.693881005048752e-10
15.1	6.493792170658708e-10
15.11	6.302798283286393e-10
15.12	6.102709448896348e-10
15.13	5.939000402577221e-10
15.14	5.748006515204906e-10
15.15	5.566107574850321e-10
15.16	5.393303581513464e-10
15.17	5.247784429229796e-10
15.18	5.120455170981586e-10
15.19	4.929461283609271e-10
15.2	4.793037078343332e-10
15.21	4.6202330850064754e-10
15.22	4.501998773775995e-10
15.23	4.3291947804391384e-10
15.24	4.192770575173199e-10
15.25	4.0745362639427185e-10
15.26	3.901732270605862e-10
15.27	3.8198777474462986e-10
15.28	3.6561687011271715e-10
15.29	3.54702933691442e-10
15.3	3.446984919719398e-10
15.31	3.3378455555066466e-10
15.32	3.283275873400271e-10
15.33	3.1650415621697903e-10
15.34	3.055902197957039e-10
15.35	2.9831426218152046e-10
15.36	2.874003257602453e-10
15.37	2.810338628478348e-10
15.38	2.6921043172478676e-10
15.39	2.6193447411060333e-10
15.4	2.519300323911011e-10
15.41	2.4283508537337184e-10
15.42	2.355591277591884e-10
15.43	2.28283170145005e-10
15.44	2.191882231272757e-10
15.45	2.091837814077735e-10
15.46	2.0099832909181714e-10
15.47	1.9099388737231493e-10
15.48	1.8553691916167736e-10
15.49	1.800799509510398e-10
15.5	1.7462298274040222e-10
15.51	1.6825651982799172e-10
15.52	1.609805622138083e-10
15.53	1.5825207810848951e-10
15.54	1.5279510989785194e-10
15.55	1.5006662579253316e-10
15.56	1.4642864698544145e-10
15.57	1.4279066817834973e-10
15.58	1.4006218407303095e-10
15.59	1.3369572116062045e-10
15.6	1.3096723705530167e-10
15.61	1.255102688446641e-10
15.62	1.2096279533579946e-10
15.63	1.1732481652870774e-10
15.64	1.1459633242338896e-10
15.65	1.0822986951097846e-10
15.66	1.0186340659856796e-10
15.67	9.822542779147625e-11
15.68	9.185896487906575e-11
15.69	8.822098607197404e-11
15.7	8.36735125631094e-11
15.71	8.003553375601768e-11
15.72	7.639755494892597e-11
15.73	7.185008144006133e-11
15.74	6.912159733474255e-11
15.75	6.639311322942376e-11
15.76	6.366462912410498e-11
15.77	6.275513442233205e-11
15.78	6.002665031701326e-11
15.79	5.820766091346741e-11
15.8	5.638867150992155e-11
15.81	5.3660187404602766e-11
15.82	5.275069270282984e-11
15.83	5.002220859751105e-11
15.84	4.8203219193965197e-11
15.85	4.729372449219227e-11
15.86	4.3655745685100555e-11
15.87	4.18367562815547e-11
15.88	4.001776687800884e-11
15.89	3.8198777474462986e-11
15.9	3.637978807091713e-11
15.91	3.3651303965598345e-11
15.92	3.183231456205249e-11
15.93	2.9103830456733704e-11
15.94	2.8194335754960775e-11
15.95	2.546585164964199e-11
15.96	2.546585164964199e-11
15.97	2.4556356947869062e-11
15.98	2.3646862246096134e-11
15.99	2.3646862246096134e-11
16.0	2.2737367544323206e-11
16.01	2.1827872842550278e-11
16.02	2.091837814077735e-11
16.03	2.091837814077735e-11
16.04	2.000888343900442e-11
16.05	1.9099388737231493e-11
16.06	1.8189894035458565e-11
16.07	1.7280399333685637e-11
16.08	1.546140993013978e-11
16.09	1.546140993013978e-11
16.1	1.3642420526593924e-11
16.11	1.2732925824820995e-11
16.12	1.1823431123048067e-11
16.13	1.0913936421275139e-11
16.14	1.000444171950221e-11
16.15	9.094947017729282e-12
16.16	8.185452315956354e-12
16.17	8.185452315956354e-12
16.18	8.185452315956354e-12
16.19	7.275957614183426e-12
16.2	7.275957614183426e-12
16.21	7.275957614183426e-12
16.22	7.275957614183426e-12
16.23	7.275957614183426e-12
16.24	7.275957614183426e-12
16.25	7.275957614183426e-12
16.26	6.366462912410498e-12
16.27	6.366462912410498e-12
16.28	5.4569682106375694e-12
16.29	5.4569682106375694e-12
16.3	5.4569682106375694e-12
16.31	4.547473508864641e-12
16.32	3.637978807091713e-12
16.33	2.7284841053187847e-12
16.34	2.7284841053187847e-12
16.35	1.8189894035458565e-12
16.36	1.8189894035458565e-12
16.37	9.094947017729282e-13
16.38	9.094947017729282e-13
16.39	9.094947017729282e-13
16.4	0.0
