6.05	0.0005056858062744141
6.06	0.000499725341796875
6.07	0.0004942417144775391
6.08	0.0004885196685791016
6.09	0.00048351287841796875
6.1	0.0004782676696777344
6.11	0.0004723072052001953
6.12	0.00046706199645996094
6.13	0.00046181678771972656
6.14	0.000457763671875
6.15	0.0004520416259765625
6.16	0.0004487037658691406
6.17	0.0004425048828125
6.18	0.0004379749298095703
6.19	0.0004341602325439453
6.2	0.0004303455352783203
6.21	0.00042724609375
6.22	0.0004220008850097656
6.23	0.0004177093505859375
6.24	0.00041294097900390625
6.25	0.00040984153747558594
6.26	0.00040435791015625
6.27	0.0004010200500488281
6.28	0.00039505958557128906
6.29	0.0003905296325683594
6.3	0.0003859996795654297
6.31	0.0003814697265625
6.32	0.0003790855407714844
6.33	0.0003752708435058594
6.34	0.0003719329833984375
6.35	0.0003662109375
6.36	0.00036334991455078125
6.37	0.0003592967987060547
6.38	0.0003566741943359375
6.39	0.0003528594970703125
6.4	0.0003490447998046875
6.41	0.0003457069396972656
6.42	0.0003414154052734375
6.43	0.00033736228942871094
6.44	0.0003337860107421875
6.45	0.000331878662109375
6.46	0.00032711029052734375
6.47	0.0003230571746826172
6.48	0.0003192424774169922
6.49	0.00031495094299316406
6.5	0.0003123283386230469
6.51	0.00030922889709472656
6.52	0.0003063678741455078
6.53	0.00030350685119628906
6.54	0.00030040740966796875
6.55	0.0002970695495605469
6.56	0.0002944469451904297
6.57	0.00029015541076660156
6.58	0.0002868175506591797
6.59	0.0002834796905517578
6.6	0.0002796649932861328
6.61	0.00027561187744140625
6.62	0.00027298927307128906
6.63	0.00026869773864746094
6.64	0.0002663135528564453
6.65	0.0002624988555908203
6.66	0.0002601146697998047
6.67	0.0002570152282714844
6.68	0.0002548694610595703
6.69	0.00025177001953125
6.7	0.00025010108947753906
6.71	0.0002472400665283203
6.72	0.00024366378784179688
6.73	0.00024199485778808594
6.74	0.00024056434631347656
6.75	0.00023818016052246094
6.76	0.00023484230041503906
6.77	0.000232696533203125
6.78	0.00022912025451660156
6.79	0.00022673606872558594
6.8	0.00022363662719726562
6.81	0.00022125244140625
6.82	0.000217437744140625
6.83	0.00021386146545410156
6.84	0.00021219253540039062
6.85	0.0002079010009765625
6.86	0.00020623207092285156
6.87	0.0002033710479736328
6.88	0.0002014636993408203
6.89	0.00019788742065429688
6.9	0.00019669532775878906
6.91	0.00019431114196777344
6.92	0.00019311904907226562
6.93	0.0001914501190185547
6.94	0.00018906593322753906
6.95	0.00018668174743652344
6.96	0.0001842975616455078
6.97	0.00018310546875
6.98	0.0001811981201171875
6.99	0.0001785755157470703
7.0	0.00017547607421875
7.01	0.00017261505126953125
7.02	0.00017023086547851562
7.03	0.00016880035400390625
7.04	0.00016760826110839844
7.05	0.0001647472381591797
7.06	0.00016307830810546875
7.07	0.00016045570373535156
7.08	0.0001590251922607422
7.09	0.0001571178436279297
7.1	0.00015592575073242188
7.11	0.00015401840209960938
7.12	0.00015306472778320312
7.13	0.0001506805419921875
7.14	0.00014829635620117188
7.15	0.0001461505889892578
7.16	0.00014519691467285156
7.17	0.0001430511474609375
7.18	0.000141143798828125
7.19	0.00013875961303710938
7.2	0.00013709068298339844
7.21	0.00013518333435058594
7.22	0.00013375282287597656
7.23	0.00013208389282226562
7.24	0.0001308917999267578
7.25	0.00012922286987304688
7.26	0.00012803077697753906
7.27	0.00012636184692382812
7.28	0.00012445449829101562
7.29	0.0001227855682373047
7.3	0.00012063980102539062
7.31	0.00011849403381347656
7.32	0.00011730194091796875
7.33	0.00011491775512695312
7.34	0.00011396408081054688
7.35	0.00011229515075683594
7.36	0.00011110305786132812
7.37	0.00010895729064941406
7.38	0.00010752677917480469
7.39	0.00010609626770019531
7.4	0.0001049041748046875
7.41	0.00010395050048828125
7.42	0.000102996826171875
7.43	0.00010132789611816406
7.44	0.00010061264038085938
7.45	9.942054748535156e-05
7.46	9.870529174804688e-05
7.47	9.751319885253906e-05
7.48	9.632110595703125e-05
7.49	9.465217590332031e-05
7.5	9.34600830078125e-05
7.51	9.179115295410156e-05
7.52	9.083747863769531e-05
7.53	8.940696716308594e-05
7.54	8.821487426757812e-05
7.55	8.678436279296875e-05
7.56	8.535385131835938e-05
7.57	8.416175842285156e-05
7.58	8.320808410644531e-05
7.59	8.177757263183594e-05
7.6	8.082389831542969e-05
7.61	7.939338684082031e-05
7.62	7.867813110351562e-05
7.63	7.772445678710938e-05
7.64	7.724761962890625e-05
7.65	7.557868957519531e-05
7.66	7.43865966796875e-05
7.67	7.319450378417969e-05
7.68	7.271766662597656e-05
7.69	7.176399230957031e-05
7.7	7.05718994140625e-05
7.71	6.937980651855469e-05
7.72	6.747245788574219e-05
7.73	6.651878356933594e-05
7.74	6.604194641113281e-05
7.75	6.532669067382812e-05
7.76	6.4849853515625e-05
7.77	6.341934204101562e-05
7.78	6.318092346191406e-05
7.79	6.175041198730469e-05
7.8	6.127357482910156e-05
7.81	6.0558319091796875e-05
7.82	5.984306335449219e-05
7.83	5.841255187988281e-05
7.84	5.817413330078125e-05
7.85	5.555152893066406e-05
7.86	5.555152893066406e-05
7.87	5.459785461425781e-05
7.88	5.435943603515625e-05
7.89	5.316734313964844e-05
7.9	5.1975250244140625e-05
7.91	5.1021575927734375e-05
7.92	5.0067901611328125e-05
7.93	4.9591064453125e-05
7.94	4.887580871582031e-05
7.95	4.839897155761719e-05
7.96	4.839897155761719e-05
7.97	4.792213439941406e-05
7.98	4.7206878662109375e-05
7.99	4.673004150390625e-05
8.0	4.601478576660156e-05
8.01	4.5299530029296875e-05
8.02	4.410743713378906e-05
8.03	4.363059997558594e-05
8.04	4.267692565917969e-05
8.05	4.1961669921875e-05
8.06	4.1961669921875e-05
8.07	4.124641418457031e-05
8.08	4.0531158447265625e-05
8.09	3.981590270996094e-05
8.1	3.910064697265625e-05
8.11	3.743171691894531e-05
8.12	3.719329833984375e-05
8.13	3.62396240234375e-05
8.14	3.5762786865234375e-05
8.15	3.5762786865234375e-05
8.16	3.552436828613281e-05
8.17	3.504753112792969e-05
8.18	3.4809112548828125e-05
8.19	3.361701965332031e-05
8.2	3.314018249511719e-05
8.21	3.266334533691406e-05
8.22	3.218650817871094e-05
8.23	3.218650817871094e-05
8.24	3.123283386230469e-05
8.25	3.075599670410156e-05
8.26	3.0279159545898438e-05
8.27	2.9325485229492188e-05
8.28	2.9325485229492188e-05
8.29	2.8848648071289062e-05
8.3	2.8371810913085938e-05
8.31	2.7894973754882812e-05
8.32	2.765655517578125e-05
8.33	2.6941299438476562e-05
8.34	2.6941299438476562e-05
8.35	2.6702880859375e-05
8.36	2.6226043701171875e-05
8.37	2.5272369384765625e-05
8.38	2.47955322265625e-05
8.39	2.4318695068359375e-05
8.4	2.4080276489257812e-05
8.41	2.3365020751953125e-05
8.42	2.288818359375e-05
8.43	2.2411346435546875e-05
8.44	2.193450927734375e-05
8.45	2.193450927734375e-05
8.46	2.193450927734375e-05
8.47	2.1696090698242188e-05
8.48	2.1457672119140625e-05
8.49	2.1219253540039062e-05
8.5	2.09808349609375e-05
8.51	2.09808349609375e-05
8.52	2.0742416381835938e-05
8.53	2.0265579223632812e-05
8.54	1.9550323486328125e-05
8.55	1.9073486328125e-05
8.56	1.8358230590820312e-05
8.57	1.7881393432617188e-05
8.58	1.7881393432617188e-05
8.59	1.71661376953125e-05
8.6	1.6927719116210938e-05
8.61	1.5974044799804688e-05
8.62	1.5735626220703125e-05
8.63	1.5497207641601562e-05
8.64	1.5497207641601562e-05
8.65	1.52587890625e-05
8.66	1.52587890625e-05
8.67	1.5020370483398438e-05
8.68	1.5020370483398438e-05
8.69	1.4543533325195312e-05
8.7	1.4543533325195312e-05
8.71	1.430511474609375e-05
8.72	1.3828277587890625e-05
8.73	1.3589859008789062e-05
8.74	1.33514404296875e-05
8.75	1.3113021850585938e-05
8.76	1.3113021850585938e-05
8.77	1.2874603271484375e-05
8.78	1.2874603271484375e-05
8.79	1.2159347534179688e-05
8.8	1.2159347534179688e-05
8.81	1.1205673217773438e-05
8.82	1.0967254638671875e-05
8.83	1.0251998901367188e-05
8.84	1.0013580322265625e-05
8.85	9.775161743164062e-06
8.86	9.775161743164062e-06
8.87	9.5367431640625e-06
8.88	9.5367431640625e-06
8.89	9.059906005859375e-06
8.9	8.821487426757812e-06
8.91	8.58306884765625e-06
8.92	8.58306884765625e-06
8.93	8.344650268554688e-06
8.94	8.106231689453125e-06
8.95	7.867813110351562e-06
8.96	7.867813110351562e-06
8.97	7.3909759521484375e-06
8.98	7.3909759521484375e-06
8.99	7.152557373046875e-06
9.0	7.152557373046875e-06
9.01	6.9141387939453125e-06
9.02	6.9141387939453125e-06
9.03	6.67572021484375e-06
9.04	6.67572021484375e-06
9.05	6.67572021484375e-06
9.06	6.67572021484375e-06
9.07	6.67572021484375e-06
9.08	6.4373016357421875e-06
9.09	6.4373016357421875e-06
9.1	6.4373016357421875e-06
9.11	5.9604644775390625e-06
9.12	5.9604644775390625e-06
9.13	5.4836273193359375e-06
9.14	5.245208740234375e-06
9.15	5.245208740234375e-06
9.16	5.245208740234375e-06
9.17	5.245208740234375e-06
9.18	5.245208740234375e-06
9.19	5.245208740234375e-06
9.2	5.245208740234375e-06
9.21	5.245208740234375e-06
9.22	5.245208740234375e-06
9.23	5.245208740234375e-06
9.24	5.0067901611328125e-06
9.25	4.5299530029296875e-06
9.26	4.291534423828125e-06
9.27	3.814697265625e-06
9.28	3.814697265625e-06
9.29	3.814697265625e-06
9.3	3.814697265625e-06
9.31	3.337860107421875e-06
9.32	3.337860107421875e-06
9.33	2.86102294921875e-06
9.34	2.86102294921875e-06
9.35	2.86102294921875e-06
9.36	2.86102294921875e-06
9.37	2.86102294921875e-06
9.38	2.86102294921875e-06
9.39	2.6226043701171875e-06
9.4	2.6226043701171875e-06
9.41	2.384185791015625e-06
9.42	2.384185791015625e-06
9.43	2.384185791015625e-06
9.44	2.384185791015625e-06
9.45	2.384185791015625e-06
9.46	2.384185791015625e-06
9.47	2.384185791015625e-06
9.48	2.384185791015625e-06
9.49	2.384185791015625e-06
9.5	2.384185791015625e-06
9.51	2.384185791015625e-06
9.52	2.384185791015625e-06
9.53	2.1457672119140625e-06
9.54	2.1457672119140625e-06
9.55	1.9073486328125e-06
9.56	1.9073486328125e-06
9.57	1.9073486328125e-06
9.58	1.9073486328125e-06
9.59	1.6689300537109375e-06
9.6	1.6689300537109375e-06
9.61	1.430511474609375e-06
9.62	1.430511474609375e-06
9.63	1.430511474609375e-06
9.64	1.430511474609375e-06
9.65	1.430511474609375e-06
9.66	1.430511474609375e-06
9.67	1.430511474609375e-06
9.68	1.430511474609375e-06
9.69	1.430511474609375e-06
9.7	1.430511474609375e-06
9.71	1.430511474609375e-06
9.72	1.430511474609375e-06
9.73	1.430511474609375e-06
9.74	1.430511474609375e-06
9.75	1.430511474609375e-06
9.76	1.430511474609375e-06
9.77	1.430511474609375e-06
9.78	1.430511474609375e-06
9.79	1.430511474609375e-06
9.8	1.430511474609375e-06
9.81	1.430511474609375e-06
9.82	1.1920928955078125e-06
9.83	1.1920928955078125e-06
9.84	9.5367431640625e-07
9.85	9.5367431640625e-07
9.86	9.5367431640625e-07
9.87	9.5367431640625e-07
9.88	9.5367431640625e-07
9.89	9.5367431640625e-07
9.9	9.5367431640625e-07
9.91	9.5367431640625e-07
9.92	9.5367431640625e-07
9.93	9.5367431640625e-07
9.94	9.5367431640625e-07
9.95	7.152557373046875e-07
9.96	7.152557373046875e-07
9.97	4.76837158203125e-07
9.98	4.76837158203125e-07
9.99	4.76837158203125e-07
10.0	4.76837158203125e-07
10.01	4.76837158203125e-07
10.02	2.384185791015625e-07
10.03	2.384185791015625e-07
10.04	0.0
