5.91	0.0005044937133789062
5.92	0.0004987716674804688
5.93	0.0004949569702148438
5.94	0.00048828125
5.95	0.0004787445068359375
5.96	0.0004730224609375
5.97	0.00046539306640625
5.98	0.0004596710205078125
5.99	0.0004558563232421875
6.0	0.0004482269287109375
6.01	0.00044345855712890625
6.02	0.0004405975341796875
6.03	0.00043487548828125
6.04	0.00043010711669921875
6.05	0.00042057037353515625
6.06	0.00041484832763671875
6.07	0.00041294097900390625
6.08	0.00041103363037109375
6.09	0.000408172607421875
6.1	0.0004024505615234375
6.11	0.000396728515625
6.12	0.00039577484130859375
6.13	0.00039386749267578125
6.14	0.00039196014404296875
6.15	0.000385284423828125
6.16	0.00038051605224609375
6.17	0.0003795623779296875
6.18	0.000377655029296875
6.19	0.00037670135498046875
6.2	0.0003719329833984375
6.21	0.0003643035888671875
6.22	0.00035858154296875
6.23	0.00035572052001953125
6.24	0.0003509521484375
6.25	0.00034332275390625
6.26	0.000339508056640625
6.27	0.000331878662109375
6.28	0.0003299713134765625
6.29	0.00032329559326171875
6.3	0.0003185272216796875
6.31	0.00031566619873046875
6.32	0.0003108978271484375
6.33	0.0003070831298828125
6.34	0.00030517578125
6.35	0.000301361083984375
6.36	0.00029850006103515625
6.37	0.000293731689453125
6.38	0.0002899169921875
6.39	0.00028896331787109375
6.4	0.00028324127197265625
6.41	0.0002803802490234375
6.42	0.0002765655517578125
6.43	0.0002727508544921875
6.44	0.00026988983154296875
6.45	0.0002689361572265625
6.46	0.00026702880859375
6.47	0.00026607513427734375
6.48	0.0002613067626953125
6.49	0.00025844573974609375
6.5	0.00025463104248046875
6.51	0.00025081634521484375
6.52	0.0002460479736328125
6.53	0.00024509429931640625
6.54	0.00024127960205078125
6.55	0.000240325927734375
6.56	0.00023651123046875
6.57	0.00023365020751953125
6.58	0.0002307891845703125
6.59	0.00022983551025390625
6.6	0.0002269744873046875
6.61	0.00022602081298828125
6.62	0.00022411346435546875
6.63	0.00022125244140625
6.64	0.0002193450927734375
6.65	0.00021839141845703125
6.66	0.00021648406982421875
6.67	0.000213623046875
6.68	0.0002117156982421875
6.69	0.0002117156982421875
6.7	0.00020694732666015625
6.71	0.0002040863037109375
6.72	0.0002002716064453125
6.73	0.0001964569091796875
6.74	0.00019550323486328125
6.75	0.0001926422119140625
6.76	0.00019168853759765625
6.77	0.0001888275146484375
6.78	0.00018596649169921875
6.79	0.00018405914306640625
6.8	0.00018024444580078125
6.81	0.00017547607421875
6.82	0.0001735687255859375
6.83	0.00017070770263671875
6.84	0.00016880035400390625
6.85	0.00016498565673828125
6.86	0.000164031982421875
6.87	0.0001621246337890625
6.88	0.00016021728515625
6.89	0.0001583099365234375
6.9	0.00015735626220703125
6.91	0.00015544891357421875
6.92	0.00015544891357421875
6.93	0.0001544952392578125
6.94	0.00015354156494140625
6.95	0.0001506805419921875
6.96	0.00014972686767578125
6.97	0.000148773193359375
6.98	0.000148773193359375
6.99	0.00014781951904296875
7.0	0.0001430511474609375
7.01	0.00014209747314453125
7.02	0.0001392364501953125
7.03	0.00013828277587890625
7.04	0.0001373291015625
7.05	0.00013637542724609375
7.06	0.00013446807861328125
7.07	0.00013446807861328125
7.08	0.00013256072998046875
7.09	0.0001316070556640625
7.1	0.0001277923583984375
7.11	0.000125885009765625
7.12	0.00012111663818359375
7.13	0.00012111663818359375
7.14	0.00011920928955078125
7.15	0.00011920928955078125
7.16	0.0001163482666015625
7.17	0.00011539459228515625
7.18	0.00011444091796875
7.19	0.0001125335693359375
7.2	0.00010967254638671875
7.21	0.0001087188720703125
7.22	0.00010776519775390625
7.23	0.00010776519775390625
7.24	0.0001068115234375
7.25	0.0001049041748046875
7.26	0.00010204315185546875
7.27	0.00010013580322265625
7.28	0.00010013580322265625
7.29	9.918212890625e-05
7.3	9.5367431640625e-05
7.31	9.5367431640625e-05
7.32	9.441375732421875e-05
7.33	9.34600830078125e-05
7.34	9.250640869140625e-05
7.35	9.059906005859375e-05
7.36	8.869171142578125e-05
7.37	8.869171142578125e-05
7.38	8.869171142578125e-05
7.39	8.869171142578125e-05
7.4	8.487701416015625e-05
7.41	8.20159912109375e-05
7.42	8.20159912109375e-05
7.43	8.20159912109375e-05
7.44	8.20159912109375e-05
7.45	8.0108642578125e-05
7.46	7.82012939453125e-05
7.47	7.82012939453125e-05
7.48	7.82012939453125e-05
7.49	7.724761962890625e-05
7.5	7.62939453125e-05
7.51	7.43865966796875e-05
7.52	7.43865966796875e-05
7.53	7.43865966796875e-05
7.54	7.43865966796875e-05
7.55	7.152557373046875e-05
7.56	6.961822509765625e-05
7.57	6.866455078125e-05
7.58	6.866455078125e-05
7.59	6.866455078125e-05
7.6	6.67572021484375e-05
7.61	6.580352783203125e-05
7.62	6.580352783203125e-05
7.63	6.580352783203125e-05
7.64	6.4849853515625e-05
7.65	6.389617919921875e-05
7.66	6.29425048828125e-05
7.67	6.198883056640625e-05
7.68	6.008148193359375e-05
7.69	6.008148193359375e-05
7.7	5.7220458984375e-05
7.71	5.626678466796875e-05
7.72	5.626678466796875e-05
7.73	5.53131103515625e-05
7.74	5.53131103515625e-05
7.75	5.435943603515625e-05
7.76	5.340576171875e-05
7.77	5.245208740234375e-05
7.78	5.054473876953125e-05
7.79	5.054473876953125e-05
7.8	5.054473876953125e-05
7.81	5.054473876953125e-05
7.82	5.054473876953125e-05
7.83	4.9591064453125e-05
7.84	4.863739013671875e-05
7.85	4.863739013671875e-05
7.86	4.76837158203125e-05
7.87	4.673004150390625e-05
7.88	4.57763671875e-05
7.89	4.57763671875e-05
7.9	4.57763671875e-05
7.91	4.57763671875e-05
7.92	4.57763671875e-05
7.93	4.57763671875e-05
7.94	4.57763671875e-05
7.95	4.38690185546875e-05
7.96	4.38690185546875e-05
7.97	4.1961669921875e-05
7.98	4.100799560546875e-05
7.99	4.100799560546875e-05
8.0	4.00543212890625e-05
8.01	4.00543212890625e-05
8.02	3.910064697265625e-05
8.03	3.910064697265625e-05
8.04	3.910064697265625e-05
8.05	3.814697265625e-05
8.06	3.814697265625e-05
8.07	3.62396240234375e-05
8.08	3.528594970703125e-05
8.09	3.528594970703125e-05
8.1	3.528594970703125e-05
8.11	3.528594970703125e-05
8.12	3.528594970703125e-05
8.13	3.337860107421875e-05
8.14	3.147125244140625e-05
8.15	3.0517578125e-05
8.16	3.0517578125e-05
8.17	2.956390380859375e-05
8.18	2.86102294921875e-05
8.19	2.86102294921875e-05
8.2	2.86102294921875e-05
8.21	2.86102294921875e-05
8.22	2.86102294921875e-05
8.23	2.765655517578125e-05
8.24	2.574920654296875e-05
8.25	2.47955322265625e-05
8.26	2.47955322265625e-05
8.27	2.384185791015625e-05
8.28	2.384185791015625e-05
8.29	2.288818359375e-05
8.3	2.288818359375e-05
8.31	2.193450927734375e-05
8.32	2.193450927734375e-05
8.33	2.193450927734375e-05
8.34	2.193450927734375e-05
8.35	2.193450927734375e-05
8.36	2.193450927734375e-05
8.37	2.09808349609375e-05
8.38	2.09808349609375e-05
8.39	2.09808349609375e-05
8.4	2.09808349609375e-05
8.41	2.09808349609375e-05
8.42	2.09808349609375e-05
8.43	1.9073486328125e-05
8.44	1.9073486328125e-05
8.45	1.9073486328125e-05
8.46	1.9073486328125e-05
8.47	1.9073486328125e-05
8.48	1.811981201171875e-05
8.49	1.811981201171875e-05
8.5	1.811981201171875e-05
8.51	1.811981201171875e-05
8.52	1.811981201171875e-05
8.53	1.621246337890625e-05
8.54	1.52587890625e-05
8.55	1.52587890625e-05
8.56	1.52587890625e-05
8.57	1.52587890625e-05
8.58	1.430511474609375e-05
8.59	1.430511474609375e-05
8.6	1.33514404296875e-05
8.61	1.33514404296875e-05
8.62	1.33514404296875e-05
8.63	1.33514404296875e-05
8.64	1.33514404296875e-05
8.65	1.33514404296875e-05
8.66	1.33514404296875e-05
8.67	1.33514404296875e-05
8.68	1.33514404296875e-05
8.69	1.33514404296875e-05
8.7	1.239776611328125e-05
8.71	1.239776611328125e-05
8.72	1.239776611328125e-05
8.73	1.1444091796875e-05
8.74	1.1444091796875e-05
8.75	1.1444091796875e-05
8.76	1.049041748046875e-05
8.77	1.049041748046875e-05
8.78	1.049041748046875e-05
8.79	1.049041748046875e-05
8.8	1.049041748046875e-05
8.81	1.049041748046875e-05
8.82	1.049041748046875e-05
8.83	9.5367431640625e-06
8.84	9.5367431640625e-06
8.85	9.5367431640625e-06
8.86	9.5367431640625e-06
8.87	9.5367431640625e-06
8.88	9.5367431640625e-06
8.89	9.5367431640625e-06
8.9	9.5367431640625e-06
8.91	9.5367431640625e-06
8.92	9.5367431640625e-06
8.93	9.5367431640625e-06
8.94	9.5367431640625e-06
8.95	9.5367431640625e-06
8.96	9.5367431640625e-06
8.97	9.5367431640625e-06
8.98	9.5367431640625e-06
8.99	9.5367431640625e-06
9.0	8.58306884765625e-06
9.01	8.58306884765625e-06
9.02	8.58306884765625e-06
9.03	7.62939453125e-06
9.04	7.62939453125e-06
9.05	7.62939453125e-06
9.06	6.67572021484375e-06
9.07	6.67572021484375e-06
9.08	6.67572021484375e-06
9.09	6.67572021484375e-06
9.1	6.67572021484375e-06
9.11	6.67572021484375e-06
9.12	6.67572021484375e-06
9.13	5.7220458984375e-06
9.14	5.7220458984375e-06
9.15	5.7220458984375e-06
9.16	5.7220458984375e-06
9.17	5.7220458984375e-06
9.18	5.7220458984375e-06
9.19	5.7220458984375e-06
9.2	5.7220458984375e-06
9.21	5.7220458984375e-06
9.22	5.7220458984375e-06
9.23	5.7220458984375e-06
9.24	5.7220458984375e-06
9.25	5.7220458984375e-06
9.26	5.7220458984375e-06
9.27	5.7220458984375e-06
9.28	5.7220458984375e-06
9.29	5.7220458984375e-06
9.3	5.7220458984375e-06
9.31	5.7220458984375e-06
9.32	5.7220458984375e-06
9.33	4.76837158203125e-06
9.34	4.76837158203125e-06
9.35	4.76837158203125e-06
9.36	4.76837158203125e-06
9.37	4.76837158203125e-06
9.38	4.76837158203125e-06
9.39	4.76837158203125e-06
9.4	4.76837158203125e-06
9.41	4.76837158203125e-06
9.42	4.76837158203125e-06
9.43	3.814697265625e-06
9.44	3.814697265625e-06
9.45	3.814697265625e-06
9.46	3.814697265625e-06
9.47	3.814697265625e-06
9.48	3.814697265625e-06
9.49	2.86102294921875e-06
9.5	2.86102294921875e-06
9.51	2.86102294921875e-06
9.52	2.86102294921875e-06
9.53	2.86102294921875e-06
9.54	2.86102294921875e-06
9.55	2.86102294921875e-06
9.56	2.86102294921875e-06
9.57	2.86102294921875e-06
9.58	2.86102294921875e-06
9.59	1.9073486328125e-06
9.6	1.9073486328125e-06
9.61	1.9073486328125e-06
9.62	1.9073486328125e-06
9.63	1.9073486328125e-06
9.64	1.9073486328125e-06
9.65	1.9073486328125e-06
9.66	1.9073486328125e-06
9.67	1.9073486328125e-06
9.68	1.9073486328125e-06
9.69	1.9073486328125e-06
9.7	1.9073486328125e-06
9.71	1.9073486328125e-06
9.72	1.9073486328125e-06
9.73	1.9073486328125e-06
9.74	1.9073486328125e-06
9.75	1.9073486328125e-06
9.76	1.9073486328125e-06
9.77	1.9073486328125e-06
9.78	9.5367431640625e-07
9.79	9.5367431640625e-07
9.8	9.5367431640625e-07
9.81	9.5367431640625e-07
9.82	9.5367431640625e-07
9.83	9.5367431640625e-07
9.84	9.5367431640625e-07
9.85	9.5367431640625e-07
9.86	9.5367431640625e-07
9.87	9.5367431640625e-07
9.88	0.0
