2.6	0.0005006939172744751
2.61	0.0004985630512237549
2.62	0.0004956573247909546
2.63	0.0004932582378387451
2.64	0.0004910081624984741
2.65	0.0004883557558059692
2.66	0.00048604607582092285
2.67	0.000483587384223938
2.68	0.00048092007637023926
2.69	0.00047835707664489746
2.7	0.00047619640827178955
2.71	0.0004736781120300293
2.72	0.00047090649604797363
2.73	0.0004685521125793457
2.74	0.0004658550024032593
2.75	0.00046369433403015137
2.76	0.0004614889621734619
2.77	0.00045900046825408936
2.78	0.0004566758871078491
2.79	0.0004543513059616089
2.8	0.00045177340507507324
2.81	0.00044974684715270996
2.82	0.0004474520683288574
2.83	0.00044517219066619873
2.84	0.00044286251068115234
2.85	0.0004403740167617798
2.86	0.00043801963329315186
2.87	0.0004358738660812378
2.88	0.00043392181396484375
2.89	0.0004316866397857666
2.9	0.0004295557737350464
2.91	0.0004272162914276123
2.92	0.00042472779750823975
2.93	0.00042259693145751953
2.94	0.00042076408863067627
2.95	0.0004186183214187622
2.96	0.00041663646697998047
2.97	0.0004147142171859741
2.98	0.0004125237464904785
2.99	0.0004104822874069214
3.0	0.00040853023529052734
3.01	0.00040639936923980713
3.02	0.00040455162525177
3.03	0.0004025697708129883
3.04	0.00040049850940704346
3.05	0.000398293137550354
3.06	0.00039640069007873535
3.07	0.00039437413215637207
3.08	0.0003921240568161011
3.09	0.0003902614116668701
3.1	0.00038808584213256836
3.11	0.0003856271505355835
3.12	0.0003838390111923218
3.13	0.00038167834281921387
3.14	0.00037966668605804443
3.15	0.0003779679536819458
3.16	0.000375896692276001
3.17	0.00037407875061035156
3.18	0.00037217140197753906
3.19	0.00037047266960144043
3.2	0.00036856532096862793
3.21	0.0003667473793029785
3.22	0.00036494433879852295
3.23	0.00036272406578063965
3.24	0.0003606528043746948
3.25	0.00035862624645233154
3.26	0.00035665929317474365
3.27	0.0003550797700881958
3.28	0.00035355985164642334
3.29	0.00035139918327331543
3.3	0.00034943222999572754
3.31	0.00034768879413604736
3.32	0.0003460794687271118
3.33	0.00034447014331817627
3.34	0.0003427863121032715
3.35	0.0003408491611480713
3.36	0.00033864378929138184
3.37	0.0003368109464645386
3.38	0.00033505260944366455
3.39	0.0003333240747451782
3.4	0.0003317594528198242
3.41	0.00033001601696014404
3.42	0.00032792985439300537
3.43	0.0003263205289840698
3.44	0.0003245025873184204
3.45	0.0003228187561035156
3.46	0.0003212541341781616
3.47	0.0003196150064468384
3.48	0.0003179013729095459
3.49	0.0003159642219543457
3.5	0.00031422078609466553
3.51	0.0003124624490737915
3.52	0.0003107786178588867
3.53	0.0003092139959335327
3.54	0.0003073662519454956
3.55	0.0003057420253753662
3.56	0.0003041177988052368
3.57	0.00030237436294555664
3.58	0.0003008842468261719
3.59	0.0002993345260620117
3.6	0.00029762089252471924
3.61	0.00029624998569488525
3.62	0.00029437243938446045
3.63	0.00029283761978149414
3.64	0.00029127299785614014
3.65	0.00028964877128601074
3.66	0.00028802454471588135
3.67	0.0002865046262741089
3.68	0.0002847909927368164
3.69	0.00028304755687713623
3.7	0.00028173625469207764
3.71	0.0002803504467010498
3.72	0.00027886033058166504
3.73	0.0002775341272354126
3.74	0.00027580559253692627
3.75	0.0002740025520324707
3.76	0.0002727806568145752
3.77	0.00027136504650115967
3.78	0.00026983022689819336
3.79	0.000268593430519104
3.8	0.0002671182155609131
3.81	0.0002654939889907837
3.82	0.0002641528844833374
3.83	0.0002628713846206665
3.84	0.00026151537895202637
3.85	0.00026023387908935547
3.86	0.00025887787342071533
3.87	0.00025722384452819824
3.88	0.00025588274002075195
3.89	0.0002547353506088257
3.9	0.0002534836530685425
3.91	0.0002521425485610962
3.92	0.0002509802579879761
3.93	0.00024959444999694824
3.94	0.0002480149269104004
3.95	0.0002465248107910156
3.96	0.00024534761905670166
3.97	0.00024412572383880615
3.98	0.0002428889274597168
3.99	0.00024162232875823975
4.0	0.00024023652076721191
4.01	0.00023908913135528564
4.02	0.000238075852394104
4.03	0.00023689866065979004
4.04	0.00023590028285980225
4.05	0.00023451447486877441
4.06	0.00023311376571655273
4.07	0.0002317875623703003
4.08	0.00023062527179718018
4.09	0.0002294778823852539
4.1	0.0002281665802001953
4.11	0.00022685527801513672
4.12	0.0002256929874420166
4.13	0.00022429227828979492
4.14	0.00022305548191070557
4.15	0.00022207200527191162
4.16	0.00022082030773162842
4.17	0.00021967291831970215
4.18	0.00021849572658538818
4.19	0.00021724402904510498
4.2	0.00021608173847198486
4.21	0.00021494925022125244
4.22	0.00021386146545410156
4.23	0.0002125948667526245
4.24	0.00021144747734069824
4.25	0.0002103745937347412
4.26	0.0002088993787765503
4.27	0.00020779669284820557
4.28	0.000206679105758667
4.29	0.00020548701286315918
4.3	0.00020435452461242676
4.31	0.00020331144332885742
4.32	0.0002022087574005127
4.33	0.0002011805772781372
4.34	0.00020015239715576172
4.35	0.00019921362400054932
4.36	0.00019831955432891846
4.37	0.00019729137420654297
4.38	0.0001960843801498413
4.39	0.00019493699073791504
4.4	0.00019413232803344727
4.41	0.0001932680606842041
4.42	0.00019241869449615479
4.43	0.00019146502017974854
4.44	0.00019040703773498535
4.45	0.00018937885761260986
4.46	0.00018830597400665283
4.47	0.00018745660781860352
4.48	0.0001865774393081665
4.49	0.00018550455570220947
4.5	0.00018456578254699707
4.51	0.00018355250358581543
4.52	0.0001825392246246338
4.53	0.0001817941665649414
4.54	0.00018092989921569824
4.55	0.0001799464225769043
4.56	0.0001790374517440796
4.57	0.00017796456813812256
4.58	0.00017717480659484863
4.59	0.00017634034156799316
4.6	0.00017538666725158691
4.61	0.00017446279525756836
4.62	0.00017336010932922363
4.63	0.00017236173152923584
4.64	0.00017122924327850342
4.65	0.0001701563596725464
4.66	0.00016920268535614014
4.67	0.00016827881336212158
4.68	0.00016732513904571533
4.69	0.00016641616821289062
4.7	0.0001655668020248413
4.71	0.00016477704048156738
4.72	0.00016391277313232422
4.73	0.00016325712203979492
4.74	0.00016236305236816406
4.75	0.00016145408153533936
4.76	0.0001606196165084839
4.77	0.0001595616340637207
4.78	0.00015866756439208984
4.79	0.0001579374074935913
4.8	0.00015693902969360352
4.81	0.0001560002565383911
4.82	0.0001551210880279541
4.83	0.00015425682067871094
4.84	0.00015333294868469238
4.85	0.0001525580883026123
4.86	0.00015191733837127686
4.87	0.00015088915824890137
4.88	0.0001500844955444336
4.89	0.0001490861177444458
4.9	0.00014801323413848877
4.91	0.00014716386795043945
4.92	0.00014641880989074707
4.93	0.00014550983905792236
4.94	0.00014473497867584229
4.95	0.0001437664031982422
4.96	0.00014293193817138672
4.97	0.00014227628707885742
4.98	0.00014156103134155273
4.99	0.00014096498489379883
5.0	0.00014008581638336182
5.01	0.00013928115367889404
5.02	0.00013849139213562012
5.03	0.00013771653175354004
5.04	0.0001370459794998169
5.05	0.00013628602027893066
5.06	0.00013549625873565674
5.07	0.00013472139835357666
5.08	0.0001337677240371704
5.09	0.00013290345668792725
5.1	0.00013221800327301025
5.11	0.00013144314289093018
5.12	0.00013068318367004395
5.13	0.00012980401515960693
5.14	0.00012905895709991455
5.15	0.0001285076141357422
5.16	0.00012771785259246826
5.17	0.0001271963119506836
5.18	0.00012640655040740967
5.19	0.0001256316900253296
5.2	0.00012475252151489258
5.21	0.00012402236461639404
5.22	0.0001233220100402832
5.23	0.00012257695198059082
5.24	0.00012189149856567383
5.25	0.00012126564979553223
5.26	0.00012059509754180908
5.27	0.00012001395225524902
5.28	0.00011938810348510742
5.29	0.00011871755123138428
5.3	0.00011824071407318115
5.31	0.00011768937110900879
5.32	0.00011698901653289795
5.33	0.00011643767356872559
5.34	0.00011566281318664551
5.35	0.00011487305164337158
5.36	0.00011424720287322998
5.37	0.00011368095874786377
5.38	0.00011309981346130371
5.39	0.0001122504472732544
5.4	0.00011150538921356201
5.41	0.00011073052883148193
5.42	0.00011010468006134033
5.43	0.00010956823825836182
5.44	0.000109061598777771
5.45	0.00010836124420166016
5.46	0.0001077800989151001
5.47	0.0001070946455001831
5.48	0.00010648369789123535
5.49	0.00010590255260467529
5.5	0.00010541081428527832
5.51	0.00010465085506439209
5.52	0.00010387599468231201
5.53	0.00010338425636291504
5.54	0.00010263919830322266
5.55	0.00010210275650024414
5.56	0.00010164082050323486
5.57	0.00010100007057189941
5.58	0.00010040402412414551
5.59	9.979307651519775e-05
5.6	9.907782077789307e-05
5.61	9.861588478088379e-05
5.62	9.806454181671143e-05
5.63	9.725987911224365e-05
5.64	9.654462337493896e-05
5.65	9.59932804107666e-05
5.66	9.551644325256348e-05
5.67	9.484589099884033e-05
5.68	9.432435035705566e-05
5.69	9.378790855407715e-05
5.7	9.307265281677246e-05
5.71	9.250640869140625e-05
5.72	9.191036224365234e-05
5.73	9.119510650634766e-05
5.74	9.073317050933838e-05
5.75	9.025633335113525e-05
5.76	8.974969387054443e-05
5.77	8.915364742279053e-05
5.78	8.840858936309814e-05
5.79	8.788704872131348e-05
5.8	8.738040924072266e-05
5.81	8.690357208251953e-05
5.82	8.639693260192871e-05
5.83	8.593499660491943e-05
5.84	8.539855480194092e-05
5.85	8.483231067657471e-05
5.86	8.431077003479004e-05
5.87	8.384883403778076e-05
5.88	8.341670036315918e-05
5.89	8.304417133331299e-05
5.9	8.226931095123291e-05
5.91	8.174777030944824e-05
5.92	8.125603199005127e-05
5.93	8.065998554229736e-05
5.94	8.025765419006348e-05
5.95	7.98255205154419e-05
5.96	7.930397987365723e-05
5.97	7.870793342590332e-05
5.98	7.81714916229248e-05
5.99	7.787346839904785e-05
6.0	7.750093936920166e-05
6.01	7.714331150054932e-05
6.02	7.647275924682617e-05
6.03	7.580220699310303e-05
6.04	7.538497447967529e-05
6.05	7.489323616027832e-05
6.06	7.432699203491211e-05
6.07	7.398426532745361e-05
6.08	7.355213165283203e-05
6.09	7.294118404388428e-05
6.1	7.2479248046875e-05
6.11	7.212162017822266e-05
6.12	7.176399230957031e-05
6.13	7.140636444091797e-05
6.14	7.113814353942871e-05
6.15	7.061660289764404e-05
6.16	7.003545761108398e-05
6.17	6.970763206481934e-05
6.18	6.923079490661621e-05
6.19	6.888806819915771e-05
6.2	6.854534149169922e-05
6.21	6.80387020111084e-05
6.22	6.753206253051758e-05
6.23	6.70701265335083e-05
6.24	6.659328937530518e-05
6.25	6.611645221710205e-05
6.26	6.57886266708374e-05
6.27	6.540119647979736e-05
6.28	6.499886512756348e-05
6.29	6.449222564697266e-05
6.3	6.41942024230957e-05
6.31	6.374716758728027e-05
6.32	6.344914436340332e-05
6.33	6.309151649475098e-05
6.34	6.271898746490479e-05
6.35	6.224215030670166e-05
6.36	6.172060966491699e-05
6.37	6.13480806350708e-05
6.38	6.0945749282836914e-05
6.39	6.058812141418457e-05
6.4	6.027519702911377e-05
6.41	5.9738755226135254e-05
6.42	5.94407320022583e-05
6.43	5.908310413360596e-05
6.44	5.868077278137207e-05
6.45	5.836784839630127e-05
6.46	5.8084726333618164e-05
6.47	5.762279033660889e-05
6.48	5.726516246795654e-05
6.49	5.681812763214111e-05
6.5	5.666911602020264e-05
6.51	5.644559860229492e-05
6.52	5.6162476539611816e-05
6.53	5.581974983215332e-05
6.54	5.544722080230713e-05
6.55	5.50001859664917e-05
6.56	5.473196506500244e-05
6.57	5.4389238357543945e-05
6.58	5.412101745605469e-05
6.59	5.385279655456543e-05
6.6	5.345046520233154e-05
6.61	5.3063035011291504e-05
6.62	5.266070365905762e-05
6.63	5.239248275756836e-05
6.64	5.207955837249756e-05
6.65	5.1841139793395996e-05
6.66	5.151331424713135e-05
6.67	5.105137825012207e-05
6.68	5.078315734863281e-05
6.69	5.0574541091918945e-05
6.7	5.02169132232666e-05
6.71	5.003809928894043e-05
6.72	4.971027374267578e-05
6.73	4.947185516357422e-05
6.74	4.914402961730957e-05
6.75	4.887580871582031e-05
6.76	4.8547983169555664e-05
6.77	4.826486110687256e-05
6.78	4.795193672180176e-05
6.79	4.763901233673096e-05
6.8	4.7266483306884766e-05
6.81	4.7072768211364746e-05
6.82	4.680454730987549e-05
6.83	4.655122756958008e-05
6.84	4.6312808990478516e-05
6.85	4.6059489250183105e-05
6.86	4.576146602630615e-05
6.87	4.552304744720459e-05
6.88	4.525482654571533e-05
6.89	4.506111145019531e-05
6.9	4.476308822631836e-05
6.91	4.443526268005371e-05
6.92	4.4092535972595215e-05
6.93	4.374980926513672e-05
6.94	4.354119300842285e-05
6.95	4.3272972106933594e-05
6.96	4.303455352783203e-05
6.97	4.284083843231201e-05
6.98	4.252791404724121e-05
6.99	4.2244791984558105e-05
7.0	4.197657108306885e-05
7.01	4.1812658309936523e-05
7.02	4.158914089202881e-05
7.03	4.13358211517334e-05
7.04	4.1112303733825684e-05
7.05	4.076957702636719e-05
7.06	4.03672456741333e-05
7.07	4.0158629417419434e-05
7.08	3.9890408515930176e-05
7.09	3.966689109802246e-05
7.1	3.950297832489014e-05
7.11	3.914535045623779e-05
7.12	3.886222839355469e-05
7.13	3.863871097564697e-05
7.14	3.844499588012695e-05
7.15	3.819167613983154e-05
7.16	3.790855407714844e-05
7.17	3.764033317565918e-05
7.18	3.7223100662231445e-05
7.19	3.693997859954834e-05
7.2	3.674626350402832e-05
7.21	3.644824028015137e-05
7.22	3.628432750701904e-05
7.23	3.604590892791748e-05
7.24	3.573298454284668e-05
7.25	3.552436828613281e-05
7.26	3.534555435180664e-05
7.27	3.509223461151123e-05
7.28	3.488361835479736e-05
7.29	3.4675002098083496e-05
7.3	3.4496188163757324e-05
7.31	3.421306610107422e-05
7.32	3.40193510055542e-05
7.33	3.378093242645264e-05
7.34	3.355741500854492e-05
7.35	3.331899642944336e-05
7.36	3.314018249511719e-05
7.37	3.2901763916015625e-05
7.38	3.266334533691406e-05
7.39	3.248453140258789e-05
7.4	3.230571746826172e-05
7.41	3.212690353393555e-05
7.42	3.1948089599609375e-05
7.43	3.178417682647705e-05
7.44	3.153085708618164e-05
7.45	3.139674663543701e-05
7.46	3.126263618469238e-05
7.47	3.100931644439697e-05
7.48	3.0860304832458496e-05
7.49	3.0621886253356934e-05
7.5	3.0368566513061523e-05
7.51	3.014504909515381e-05
7.52	2.9906630516052246e-05
7.53	2.975761890411377e-05
7.54	2.9593706130981445e-05
7.55	2.950429916381836e-05
7.56	2.925097942352295e-05
7.57	2.9027462005615234e-05
7.58	2.89231538772583e-05
7.59	2.874433994293213e-05
7.6	2.8595328330993652e-05
7.61	2.8401613235473633e-05
7.62	2.8133392333984375e-05
7.63	2.7954578399658203e-05
7.64	2.7805566787719727e-05
7.65	2.7745962142944336e-05
7.66	2.759695053100586e-05
7.67	2.7447938919067383e-05
7.68	2.7298927307128906e-05
7.69	2.7105212211608887e-05
7.7	2.6881694793701172e-05
7.71	2.6807188987731934e-05
7.72	2.664327621459961e-05
7.73	2.6494264602661133e-05
7.74	2.631545066833496e-05
7.75	2.612173557281494e-05
7.76	2.5898218154907227e-05
7.77	2.5764107704162598e-05
7.78	2.5585293769836426e-05
7.79	2.537667751312256e-05
7.8	2.512335777282715e-05
7.81	2.4959444999694824e-05
7.82	2.4721026420593262e-05
7.83	2.4512410163879395e-05
7.84	2.4437904357910156e-05
7.85	2.4184584617614746e-05
7.86	2.4020671844482422e-05
7.87	2.3797154426574707e-05
7.88	2.3603439331054688e-05
7.89	2.3424625396728516e-05
7.9	2.3290514945983887e-05
7.91	2.3171305656433105e-05
7.92	2.2992491722106934e-05
7.93	2.2858381271362305e-05
7.94	2.276897430419922e-05
7.95	2.256035804748535e-05
7.96	2.244114875793457e-05
7.97	2.2336840629577637e-05
7.98	2.2232532501220703e-05
7.99	2.2098422050476074e-05
8.0	2.1919608116149902e-05
8.01	2.1696090698242188e-05
8.02	2.1532177925109863e-05
8.03	2.1412968635559082e-05
8.04	2.1338462829589844e-05
8.05	2.1204352378845215e-05
8.06	2.1055340766906738e-05
8.07	2.0876526832580566e-05
8.08	2.0742416381835938e-05
8.09	2.060830593109131e-05
8.1	2.053380012512207e-05
8.11	2.047419548034668e-05
8.12	2.0369887351989746e-05
8.13	2.014636993408203e-05
8.14	2.002716064453125e-05
8.15	1.9922852516174316e-05
8.16	1.9818544387817383e-05
8.17	1.971423625946045e-05
8.18	1.9550323486328125e-05
8.19	1.932680606842041e-05
8.2	1.920759677886963e-05
8.21	1.8998980522155762e-05
8.22	1.8909573554992676e-05
8.23	1.8835067749023438e-05
8.24	1.8671154975891113e-05
8.25	1.8581748008728027e-05
8.26	1.84476375579834e-05
8.27	1.837313175201416e-05
8.28	1.831352710723877e-05
8.29	1.8224120140075684e-05
8.3	1.806020736694336e-05
8.31	1.77919864654541e-05
8.32	1.7628073692321777e-05
8.33	1.7464160919189453e-05
8.34	1.722574234008789e-05
8.35	1.7121434211730957e-05
8.36	1.7002224922180176e-05
8.37	1.691281795501709e-05
8.38	1.671910285949707e-05
8.39	1.6674399375915527e-05
8.4	1.6555190086364746e-05
8.41	1.6435980796813965e-05
8.42	1.6421079635620117e-05
8.43	1.634657382965088e-05
8.44	1.6182661056518555e-05
8.45	1.6063451766967773e-05
8.46	1.5914440155029297e-05
8.47	1.5810132026672363e-05
8.48	1.5750527381896973e-05
8.49	1.564621925354004e-05
8.5	1.5556812286376953e-05
8.51	1.5422701835632324e-05
8.52	1.5288591384887695e-05
8.53	1.5169382095336914e-05
8.54	1.506507396697998e-05
8.55	1.5020370483398438e-05
8.56	1.4930963516235352e-05
8.57	1.475214958190918e-05
8.58	1.4647841453552246e-05
8.59	1.4513731002807617e-05
8.6	1.4409422874450684e-05
8.61	1.4379620552062988e-05
8.62	1.424551010131836e-05
8.63	1.411139965057373e-05
8.64	1.3947486877441406e-05
8.65	1.3753771781921387e-05
8.66	1.3723969459533691e-05
8.67	1.3619661331176758e-05
8.68	1.3560056686401367e-05
8.69	1.3440847396850586e-05
8.7	1.3306736946105957e-05
8.71	1.3217329978942871e-05
8.72	1.3113021850585938e-05
8.73	1.30385160446167e-05
8.74	1.2919306755065918e-05
8.75	1.2814998626708984e-05
8.76	1.271069049835205e-05
8.77	1.2576580047607422e-05
8.78	1.2516975402832031e-05
8.79	1.2502074241638184e-05
8.8	1.245737075805664e-05
8.81	1.239776611328125e-05
8.82	1.2278556823730469e-05
8.83	1.2159347534179688e-05
8.84	1.2099742889404297e-05
8.85	1.2040138244628906e-05
8.86	1.1980533599853516e-05
8.87	1.189112663269043e-05
8.88	1.1801719665527344e-05
8.89	1.169741153717041e-05
8.9	1.1622905731201172e-05
8.91	1.1533498764038086e-05
8.92	1.1444091796875e-05
8.93	1.1354684829711914e-05
8.94	1.1295080184936523e-05
8.95	1.1205673217773438e-05
8.96	1.1071562767028809e-05
8.97	1.1026859283447266e-05
8.98	1.0922551155090332e-05
8.99	1.0892748832702637e-05
9.0	1.0862946510314941e-05
9.01	1.0758638381958008e-05
9.02	1.0669231414794922e-05
9.03	1.0564923286437988e-05
9.04	1.0505318641662598e-05
9.05	1.043081283569336e-05
9.06	1.0386109352111816e-05
9.07	1.029670238494873e-05
9.08	1.017749309539795e-05
9.09	1.0117888450622559e-05
9.1	1.004338264465332e-05
9.11	9.98377799987793e-06
9.12	9.953975677490234e-06
9.13	9.939074516296387e-06
9.14	9.8496675491333e-06
9.15	9.73045825958252e-06
9.16	9.59634780883789e-06
9.17	9.59634780883789e-06
9.18	9.566545486450195e-06
9.19	9.521842002868652e-06
9.2	9.387731552124023e-06
9.21	9.28342342376709e-06
9.22	9.2238187789917e-06
9.23	9.164214134216309e-06
9.24	9.134411811828613e-06
9.25	9.104609489440918e-06
9.26	9.000301361083984e-06
9.27	8.89599323272705e-06
9.28	8.821487426757812e-06
9.29	8.732080459594727e-06
9.3	8.672475814819336e-06
9.31	8.612871170043945e-06
9.32	8.553266525268555e-06
9.33	8.448958396911621e-06
9.34	8.299946784973145e-06
9.35	8.240342140197754e-06
9.36	8.180737495422363e-06
9.37	8.106231689453125e-06
9.38	8.07642936706543e-06
9.39	7.927417755126953e-06
9.4	7.897615432739258e-06
9.41	7.82310962677002e-06
9.42	7.718801498413086e-06
9.43	7.68899917602539e-06
9.44	7.644295692443848e-06
9.45	7.584691047668457e-06
9.46	7.525086402893066e-06
9.47	7.420778274536133e-06
9.48	7.3909759521484375e-06
9.49	7.286667823791504e-06
9.5	7.271766662597656e-06
9.51	7.227063179016113e-06
9.52	7.197260856628418e-06
9.53	7.137656211853027e-06
9.54	7.063150405883789e-06
9.55	7.033348083496094e-06
9.56	6.973743438720703e-06
9.57	6.92903995513916e-06
9.58	6.8694353103637695e-06
9.59	6.780028343200684e-06
9.6	6.705522537231445e-06
9.61	6.67572021484375e-06
9.62	6.631016731262207e-06
9.63	6.571412086486816e-06
9.64	6.556510925292969e-06
9.65	6.511807441711426e-06
9.66	6.452202796936035e-06
9.67	6.407499313354492e-06
9.68	6.362795829772949e-06
9.69	6.3478946685791016e-06
9.7	6.332993507385254e-06
9.71	6.273388862609863e-06
9.72	6.16908073425293e-06
9.73	6.109476089477539e-06
9.74	6.079673767089844e-06
9.75	6.064772605895996e-06
9.76	6.034970283508301e-06
9.77	5.990266799926758e-06
9.78	5.900859832763672e-06
9.79	5.8710575103759766e-06
9.8	5.796551704406738e-06
9.81	5.781650543212891e-06
9.82	5.766749382019043e-06
9.83	5.766749382019043e-06
9.84	5.736947059631348e-06
9.85	5.617737770080566e-06
9.86	5.587935447692871e-06
9.87	5.5283308029174805e-06
9.88	5.4836273193359375e-06
9.89	5.4389238357543945e-06
9.9	5.379319190979004e-06
9.91	5.334615707397461e-06
9.92	5.27501106262207e-06
9.93	5.260109901428223e-06
9.94	5.245208740234375e-06
9.95	5.185604095458984e-06
9.96	5.155801773071289e-06
9.97	5.125999450683594e-06
9.98	5.066394805908203e-06
9.99	5.0514936447143555e-06
10.0	5.0067901611328125e-06
10.01	4.9620866775512695e-06
10.02	4.932284355163574e-06
10.03	4.887580871582031e-06
10.04	4.857778549194336e-06
10.05	4.783272743225098e-06
10.06	4.753470420837402e-06
10.07	4.723668098449707e-06
10.08	4.693865776062012e-06
10.09	4.664063453674316e-06
10.1	4.634261131286621e-06
10.11	4.544854164123535e-06
10.12	4.5299530029296875e-06
10.13	4.4852495193481445e-06
10.14	4.470348358154297e-06
10.15	4.455447196960449e-06
10.16	4.395842552185059e-06
10.17	4.351139068603516e-06
10.18	4.32133674621582e-06
10.19	4.291534423828125e-06
10.2	4.291534423828125e-06
10.21	4.291534423828125e-06
10.22	4.276633262634277e-06
10.23	4.217028617858887e-06
10.24	4.172325134277344e-06
10.25	4.172325134277344e-06
10.26	4.172325134277344e-06
10.27	4.157423973083496e-06
10.28	4.112720489501953e-06
10.29	4.0531158447265625e-06
10.3	4.038214683532715e-06
10.31	3.978610038757324e-06
10.32	3.978610038757324e-06
10.33	3.9637088775634766e-06
10.34	3.933906555175781e-06
10.35	3.919005393981934e-06
10.36	3.889203071594238e-06
10.37	3.844499588012695e-06
10.38	3.829598426818848e-06
10.39	3.814697265625e-06
10.4	3.7997961044311523e-06
10.41	3.7848949432373047e-06
10.42	3.7550926208496094e-06
10.43	3.7401914596557617e-06
10.44	3.7103891372680664e-06
10.45	3.680586814880371e-06
10.46	3.635883331298828e-06
10.47	3.5762786865234375e-06
10.48	3.56137752532959e-06
10.49	3.516674041748047e-06
10.5	3.4868717193603516e-06
10.51	3.471970558166504e-06
10.52	3.4570693969726562e-06
10.53	3.4570693969726562e-06
10.54	3.427267074584961e-06
10.55	3.3974647521972656e-06
10.56	3.3974647521972656e-06
10.57	3.3676624298095703e-06
10.58	3.3676624298095703e-06
10.59	3.3229589462280273e-06
10.6	3.2782554626464844e-06
10.61	3.2633543014526367e-06
10.62	3.203749656677246e-06
10.63	3.1739473342895508e-06
10.64	3.159046173095703e-06
10.65	3.1441450119018555e-06
10.66	3.1441450119018555e-06
10.67	3.11434268951416e-06
10.68	3.084540367126465e-06
10.69	3.039836883544922e-06
10.7	3.0249357223510742e-06
10.71	3.0100345611572266e-06
10.72	2.9653310775756836e-06
10.73	2.9206275939941406e-06
10.74	2.8461217880249023e-06
10.75	2.816319465637207e-06
10.76	2.816319465637207e-06
10.77	2.816319465637207e-06
10.78	2.8014183044433594e-06
10.79	2.771615982055664e-06
10.8	2.726912498474121e-06
10.81	2.7120113372802734e-06
10.82	2.682209014892578e-06
10.83	2.682209014892578e-06
10.84	2.682209014892578e-06
10.85	2.637505531311035e-06
10.86	2.60770320892334e-06
10.87	2.562999725341797e-06
10.88	2.5480985641479492e-06
10.89	2.5480985641479492e-06
10.9	2.5331974029541016e-06
10.91	2.4884939193725586e-06
10.92	2.473592758178711e-06
10.93	2.3990869522094727e-06
10.94	2.3990869522094727e-06
10.95	2.384185791015625e-06
10.96	2.384185791015625e-06
10.97	2.3692846298217773e-06
10.98	2.339482307434082e-06
10.99	2.3096799850463867e-06
11.0	2.3096799850463867e-06
11.01	2.2649765014648438e-06
11.02	2.2351741790771484e-06
11.03	2.205371856689453e-06
11.04	2.205371856689453e-06
11.05	2.16066837310791e-06
11.06	2.1457672119140625e-06
11.07	2.1457672119140625e-06
11.08	2.130866050720215e-06
11.09	2.130866050720215e-06
11.1	2.115964889526367e-06
11.11	2.1010637283325195e-06
11.12	2.1010637283325195e-06
11.13	2.086162567138672e-06
11.14	2.0712614059448242e-06
11.15	2.0712614059448242e-06
11.16	2.0563602447509766e-06
11.17	2.041459083557129e-06
11.18	2.0265579223632812e-06
11.19	2.0265579223632812e-06
11.2	1.996755599975586e-06
11.21	1.9818544387817383e-06
11.22	1.9669532775878906e-06
11.23	1.952052116394043e-06
11.24	1.9073486328125e-06
11.25	1.8775463104248047e-06
11.26	1.8477439880371094e-06
11.27	1.8477439880371094e-06
11.28	1.8477439880371094e-06
11.29	1.8328428268432617e-06
11.3	1.8030405044555664e-06
11.31	1.773238182067871e-06
11.32	1.7434358596801758e-06
11.33	1.7434358596801758e-06
11.34	1.7434358596801758e-06
11.35	1.7434358596801758e-06
11.36	1.6838312149047852e-06
11.37	1.6689300537109375e-06
11.38	1.6540288925170898e-06
11.39	1.6540288925170898e-06
11.4	1.6540288925170898e-06
11.41	1.6391277313232422e-06
11.42	1.5944242477416992e-06
11.43	1.5944242477416992e-06
11.44	1.5497207641601562e-06
11.45	1.5348196029663086e-06
11.46	1.5348196029663086e-06
11.47	1.5348196029663086e-06
11.48	1.519918441772461e-06
11.49	1.4603137969970703e-06
11.5	1.4603137969970703e-06
11.51	1.4454126358032227e-06
11.52	1.4454126358032227e-06
11.53	1.430511474609375e-06
11.54	1.4007091522216797e-06
11.55	1.3560056686401367e-06
11.56	1.3560056686401367e-06
11.57	1.3262033462524414e-06
11.58	1.3262033462524414e-06
11.59	1.3113021850585938e-06
11.6	1.296401023864746e-06
11.61	1.2814998626708984e-06
11.62	1.2814998626708984e-06
11.63	1.2516975402832031e-06
11.64	1.2516975402832031e-06
11.65	1.2367963790893555e-06
11.66	1.2367963790893555e-06
11.67	1.2367963790893555e-06
11.68	1.2218952178955078e-06
11.69	1.2069940567016602e-06
11.7	1.1771917343139648e-06
11.71	1.1771917343139648e-06
11.72	1.1771917343139648e-06
11.73	1.1771917343139648e-06
11.74	1.1771917343139648e-06
11.75	1.1324882507324219e-06
11.76	1.1175870895385742e-06
11.77	1.1026859283447266e-06
11.78	1.1026859283447266e-06
11.79	1.1026859283447266e-06
11.8	1.1026859283447266e-06
11.81	1.1026859283447266e-06
11.82	1.0728836059570312e-06
11.83	1.0579824447631836e-06
11.84	1.0579824447631836e-06
11.85	1.0579824447631836e-06
11.86	1.0579824447631836e-06
11.87	9.98377799987793e-07
11.88	9.5367431640625e-07
11.89	9.5367431640625e-07
11.9	9.5367431640625e-07
11.91	9.5367431640625e-07
11.92	9.5367431640625e-07
11.93	9.5367431640625e-07
11.94	9.238719940185547e-07
11.95	9.238719940185547e-07
11.96	9.238719940185547e-07
11.97	9.238719940185547e-07
11.98	9.238719940185547e-07
11.99	9.08970832824707e-07
12.0	8.791685104370117e-07
12.01	8.642673492431641e-07
12.02	8.642673492431641e-07
12.03	8.493661880493164e-07
12.04	8.493661880493164e-07
12.05	8.493661880493164e-07
12.06	8.344650268554688e-07
12.07	8.195638656616211e-07
12.08	8.046627044677734e-07
12.09	7.897615432739258e-07
12.1	7.897615432739258e-07
12.11	7.897615432739258e-07
12.12	7.897615432739258e-07
12.13	7.748603820800781e-07
12.14	7.599592208862305e-07
12.15	7.599592208862305e-07
12.16	7.450580596923828e-07
12.17	7.450580596923828e-07
12.18	7.450580596923828e-07
12.19	7.450580596923828e-07
12.2	7.301568984985352e-07
12.21	7.152557373046875e-07
12.22	7.152557373046875e-07
12.23	7.003545761108398e-07
12.24	7.003545761108398e-07
12.25	7.003545761108398e-07
12.26	6.705522537231445e-07
12.27	6.705522537231445e-07
12.28	6.705522537231445e-07
12.29	6.556510925292969e-07
12.3	6.556510925292969e-07
12.31	6.556510925292969e-07
12.32	6.556510925292969e-07
12.33	6.407499313354492e-07
12.34	6.407499313354492e-07
12.35	6.407499313354492e-07
12.36	6.407499313354492e-07
12.37	6.407499313354492e-07
12.38	6.407499313354492e-07
12.39	6.109476089477539e-07
12.4	6.109476089477539e-07
12.41	6.109476089477539e-07
12.42	6.109476089477539e-07
12.43	6.109476089477539e-07
12.44	6.109476089477539e-07
12.45	5.811452865600586e-07
12.46	5.811452865600586e-07
12.47	5.662441253662109e-07
12.48	5.662441253662109e-07
12.49	5.662441253662109e-07
12.5	5.662441253662109e-07
12.51	5.513429641723633e-07
12.52	5.364418029785156e-07
12.53	5.364418029785156e-07
12.54	5.364418029785156e-07
12.55	5.364418029785156e-07
12.56	5.364418029785156e-07
12.57	5.21540641784668e-07
12.58	5.21540641784668e-07
12.59	5.066394805908203e-07
12.6	5.066394805908203e-07
12.61	5.066394805908203e-07
12.62	5.066394805908203e-07
12.63	5.066394805908203e-07
12.64	5.066394805908203e-07
12.65	5.066394805908203e-07
12.66	5.066394805908203e-07
12.67	5.066394805908203e-07
12.68	5.066394805908203e-07
12.69	5.066394805908203e-07
12.7	5.066394805908203e-07
12.71	5.066394805908203e-07
12.72	5.066394805908203e-07
12.73	5.066394805908203e-07
12.74	4.917383193969727e-07
12.75	4.917383193969727e-07
12.76	4.917383193969727e-07
12.77	4.917383193969727e-07
12.78	4.76837158203125e-07
12.79	4.76837158203125e-07
12.8	4.76837158203125e-07
12.81	4.76837158203125e-07
12.82	4.76837158203125e-07
12.83	4.76837158203125e-07
12.84	4.6193599700927734e-07
12.85	4.6193599700927734e-07
12.86	4.6193599700927734e-07
12.87	4.6193599700927734e-07
12.88	4.6193599700927734e-07
12.89	4.6193599700927734e-07
12.9	4.3213367462158203e-07
12.91	4.3213367462158203e-07
12.92	4.3213367462158203e-07
12.93	4.3213367462158203e-07
12.94	4.3213367462158203e-07
12.95	4.172325134277344e-07
12.96	4.023313522338867e-07
12.97	4.023313522338867e-07
12.98	3.8743019104003906e-07
12.99	3.8743019104003906e-07
13.0	3.725290298461914e-07
13.01	3.5762786865234375e-07
13.02	3.427267074584961e-07
13.03	3.2782554626464844e-07
13.04	3.2782554626464844e-07
13.05	3.2782554626464844e-07
13.06	3.2782554626464844e-07
13.07	3.2782554626464844e-07
13.08	3.2782554626464844e-07
13.09	2.980232238769531e-07
13.1	2.980232238769531e-07
13.11	2.980232238769531e-07
13.12	2.980232238769531e-07
13.13	2.980232238769531e-07
13.14	2.8312206268310547e-07
13.15	2.8312206268310547e-07
13.16	2.8312206268310547e-07
13.17	2.8312206268310547e-07
13.18	2.8312206268310547e-07
13.19	2.8312206268310547e-07
13.2	2.8312206268310547e-07
13.21	2.8312206268310547e-07
13.22	2.8312206268310547e-07
13.23	2.8312206268310547e-07
13.24	2.8312206268310547e-07
13.25	2.8312206268310547e-07
13.26	2.8312206268310547e-07
13.27	2.8312206268310547e-07
13.28	2.8312206268310547e-07
13.29	2.682209014892578e-07
13.3	2.682209014892578e-07
13.31	2.682209014892578e-07
13.32	2.682209014892578e-07
13.33	2.682209014892578e-07
13.34	2.5331974029541016e-07
13.35	2.5331974029541016e-07
13.36	2.5331974029541016e-07
13.37	2.5331974029541016e-07
13.38	2.5331974029541016e-07
13.39	2.5331974029541016e-07
13.4	2.5331974029541016e-07
13.41	2.2351741790771484e-07
13.42	2.2351741790771484e-07
13.43	2.2351741790771484e-07
13.44	2.2351741790771484e-07
13.45	2.2351741790771484e-07
13.46	2.2351741790771484e-07
13.47	2.2351741790771484e-07
13.48	2.2351741790771484e-07
13.49	2.2351741790771484e-07
13.5	2.2351741790771484e-07
13.51	2.2351741790771484e-07
13.52	2.2351741790771484e-07
13.53	2.2351741790771484e-07
13.54	2.086162567138672e-07
13.55	2.086162567138672e-07
13.56	2.086162567138672e-07
13.57	2.086162567138672e-07
13.58	2.086162567138672e-07
13.59	2.086162567138672e-07
13.6	1.9371509552001953e-07
13.61	1.9371509552001953e-07
13.62	1.9371509552001953e-07
13.63	1.9371509552001953e-07
13.64	1.7881393432617188e-07
13.65	1.6391277313232422e-07
13.66	1.6391277313232422e-07
13.67	1.6391277313232422e-07
13.68	1.6391277313232422e-07
13.69	1.6391277313232422e-07
13.7	1.4901161193847656e-07
13.71	1.341104507446289e-07
13.72	1.341104507446289e-07
13.73	1.341104507446289e-07
13.74	1.341104507446289e-07
13.75	1.341104507446289e-07
13.76	1.341104507446289e-07
13.77	1.341104507446289e-07
13.78	1.341104507446289e-07
13.79	1.341104507446289e-07
13.8	1.341104507446289e-07
13.81	1.341104507446289e-07
13.82	1.341104507446289e-07
13.83	1.341104507446289e-07
13.84	1.341104507446289e-07
13.85	1.341104507446289e-07
13.86	1.341104507446289e-07
13.87	1.341104507446289e-07
13.88	1.341104507446289e-07
13.89	1.341104507446289e-07
13.9	1.341104507446289e-07
13.91	1.341104507446289e-07
13.92	1.341104507446289e-07
13.93	1.341104507446289e-07
13.94	1.341104507446289e-07
13.95	1.341104507446289e-07
13.96	1.341104507446289e-07
13.97	1.341104507446289e-07
13.98	1.1920928955078125e-07
13.99	1.1920928955078125e-07
14.0	1.1920928955078125e-07
14.01	1.1920928955078125e-07
14.02	1.1920928955078125e-07
14.03	1.043081283569336e-07
14.04	1.043081283569336e-07
14.05	1.043081283569336e-07
14.06	1.043081283569336e-07
14.07	1.043081283569336e-07
14.08	1.043081283569336e-07
14.09	1.043081283569336e-07
14.1	1.043081283569336e-07
14.11	1.043081283569336e-07
14.12	1.043081283569336e-07
14.13	1.043081283569336e-07
14.14	1.043081283569336e-07
14.15	8.940696716308594e-08
14.16	7.450580596923828e-08
14.17	7.450580596923828e-08
14.18	7.450580596923828e-08
14.19	7.450580596923828e-08
14.2	7.450580596923828e-08
14.21	7.450580596923828e-08
14.22	7.450580596923828e-08
14.23	7.450580596923828e-08
14.24	7.450580596923828e-08
14.25	7.450580596923828e-08
14.26	7.450580596923828e-08
14.27	7.450580596923828e-08
14.28	7.450580596923828e-08
14.29	7.450580596923828e-08
14.3	7.450580596923828e-08
14.31	7.450580596923828e-08
14.32	7.450580596923828e-08
14.33	7.450580596923828e-08
14.34	7.450580596923828e-08
14.35	7.450580596923828e-08
14.36	7.450580596923828e-08
14.37	7.450580596923828e-08
14.38	7.450580596923828e-08
14.39	7.450580596923828e-08
14.4	7.450580596923828e-08
14.41	7.450580596923828e-08
14.42	7.450580596923828e-08
14.43	7.450580596923828e-08
14.44	7.450580596923828e-08
14.45	7.450580596923828e-08
14.46	7.450580596923828e-08
14.47	7.450580596923828e-08
14.48	7.450580596923828e-08
14.49	5.960464477539063e-08
14.5	5.960464477539063e-08
14.51	5.960464477539063e-08
14.52	5.960464477539063e-08
14.53	5.960464477539063e-08
14.54	4.470348358154297e-08
14.55	4.470348358154297e-08
14.56	4.470348358154297e-08
14.57	4.470348358154297e-08
14.58	4.470348358154297e-08
14.59	4.470348358154297e-08
14.6	4.470348358154297e-08
14.61	4.470348358154297e-08
14.62	4.470348358154297e-08
14.63	4.470348358154297e-08
14.64	4.470348358154297e-08
14.65	4.470348358154297e-08
14.66	4.470348358154297e-08
14.67	4.470348358154297e-08
14.68	4.470348358154297e-08
14.69	4.470348358154297e-08
14.7	4.470348358154297e-08
14.71	4.470348358154297e-08
14.72	4.470348358154297e-08
14.73	4.470348358154297e-08
14.74	4.470348358154297e-08
14.75	4.470348358154297e-08
14.76	4.470348358154297e-08
14.77	4.470348358154297e-08
14.78	4.470348358154297e-08
14.79	4.470348358154297e-08
14.8	4.470348358154297e-08
14.81	4.470348358154297e-08
14.82	4.470348358154297e-08
14.83	4.470348358154297e-08
14.84	4.470348358154297e-08
14.85	4.470348358154297e-08
14.86	4.470348358154297e-08
14.87	4.470348358154297e-08
14.88	4.470348358154297e-08
14.89	4.470348358154297e-08
14.9	4.470348358154297e-08
14.91	4.470348358154297e-08
14.92	4.470348358154297e-08
14.93	4.470348358154297e-08
14.94	4.470348358154297e-08
14.95	4.470348358154297e-08
14.96	4.470348358154297e-08
14.97	4.470348358154297e-08
14.98	4.470348358154297e-08
14.99	4.470348358154297e-08
15.0	4.470348358154297e-08
15.01	4.470348358154297e-08
15.02	4.470348358154297e-08
15.03	4.470348358154297e-08
15.04	4.470348358154297e-08
15.05	4.470348358154297e-08
15.06	4.470348358154297e-08
15.07	4.470348358154297e-08
15.08	4.470348358154297e-08
15.09	4.470348358154297e-08
15.1	4.470348358154297e-08
15.11	4.470348358154297e-08
15.12	4.470348358154297e-08
15.13	4.470348358154297e-08
15.14	4.470348358154297e-08
15.15	4.470348358154297e-08
15.16	4.470348358154297e-08
15.17	4.470348358154297e-08
15.18	2.9802322387695312e-08
15.19	2.9802322387695312e-08
15.2	2.9802322387695312e-08
15.21	2.9802322387695312e-08
15.22	2.9802322387695312e-08
15.23	2.9802322387695312e-08
15.24	1.4901161193847656e-08
15.25	1.4901161193847656e-08
15.26	1.4901161193847656e-08
15.27	1.4901161193847656e-08
15.28	1.4901161193847656e-08
15.29	1.4901161193847656e-08
15.3	1.4901161193847656e-08
15.31	1.4901161193847656e-08
15.32	1.4901161193847656e-08
15.33	1.4901161193847656e-08
15.34	1.4901161193847656e-08
15.35	1.4901161193847656e-08
15.36	1.4901161193847656e-08
15.37	1.4901161193847656e-08
15.38	1.4901161193847656e-08
15.39	1.4901161193847656e-08
15.4	1.4901161193847656e-08
15.41	1.4901161193847656e-08
15.42	1.4901161193847656e-08
15.43	1.4901161193847656e-08
15.44	1.4901161193847656e-08
15.45	1.4901161193847656e-08
15.46	1.4901161193847656e-08
15.47	1.4901161193847656e-08
15.48	1.4901161193847656e-08
15.49	1.4901161193847656e-08
15.5	1.4901161193847656e-08
15.51	1.4901161193847656e-08
15.52	1.4901161193847656e-08
15.53	1.4901161193847656e-08
15.54	1.4901161193847656e-08
15.55	1.4901161193847656e-08
15.56	1.4901161193847656e-08
15.57	1.4901161193847656e-08
15.58	1.4901161193847656e-08
15.59	1.4901161193847656e-08
15.6	1.4901161193847656e-08
15.61	1.4901161193847656e-08
15.62	1.4901161193847656e-08
15.63	1.4901161193847656e-08
15.64	1.4901161193847656e-08
15.65	1.4901161193847656e-08
15.66	1.4901161193847656e-08
15.67	1.4901161193847656e-08
15.68	1.4901161193847656e-08
15.69	1.4901161193847656e-08
15.7	0.0
