6.1	0.0005002021789550781
6.11	0.0004941821098327637
6.12	0.0004894137382507324
6.13	0.0004852414131164551
6.14	0.00048089027404785156
6.15	0.0004760622978210449
6.16	0.0004709959030151367
6.17	0.0004655122756958008
6.18	0.0004601478576660156
6.19	0.00045609474182128906
6.2	0.00045174360275268555
6.21	0.0004467964172363281
6.22	0.00044155120849609375
6.23	0.00043708086013793945
6.24	0.0004324913024902344
6.25	0.00042814016342163086
6.26	0.00042361021041870117
6.27	0.0004183650016784668
6.28	0.0004140138626098633
6.29	0.00040978193283081055
6.3	0.0004062056541442871
6.31	0.00040203332901000977
6.32	0.00039756298065185547
6.33	0.0003928542137145996
6.34	0.00038820505142211914
6.35	0.000385284423828125
6.36	0.00038170814514160156
6.37	0.0003771781921386719
6.38	0.0003731250762939453
6.39	0.00036895275115966797
6.4	0.00036537647247314453
6.41	0.0003618001937866211
6.42	0.00035881996154785156
6.43	0.00035512447357177734
6.44	0.0003504753112792969
6.45	0.00034731626510620117
6.46	0.0003432631492614746
6.47	0.00033986568450927734
6.48	0.00033652782440185547
6.49	0.00033271312713623047
6.5	0.0003293156623840332
6.51	0.0003255605697631836
6.52	0.0003224611282348633
6.53	0.0003191828727722168
6.54	0.00031572580337524414
6.55	0.0003127455711364746
6.56	0.0003095269203186035
6.57	0.00030690431594848633
6.58	0.0003033280372619629
6.59	0.0003001689910888672
6.6	0.0002970695495605469
6.61	0.00029397010803222656
6.62	0.0002911090850830078
6.63	0.00028824806213378906
6.64	0.0002856254577636719
6.65	0.00028198957443237305
6.66	0.0002785325050354004
6.67	0.000276029109954834
6.68	0.00027304887771606445
6.69	0.0002700686454772949
6.7	0.00026732683181762695
6.71	0.00026428699493408203
6.72	0.0002613663673400879
6.73	0.00025838613510131836
6.74	0.00025594234466552734
6.75	0.0002535581588745117
6.76	0.0002511739730834961
6.77	0.0002484917640686035
6.78	0.00024569034576416016
6.79	0.00024276971817016602
6.8	0.0002403855323791504
6.81	0.00023800134658813477
6.82	0.00023567676544189453
6.83	0.00023293495178222656
6.84	0.00023090839385986328
6.85	0.00022876262664794922
6.86	0.00022649765014648438
6.87	0.0002231597900390625
6.88	0.00022095441818237305
6.89	0.00021898746490478516
6.9	0.00021648406982421875
6.91	0.0002143383026123047
6.92	0.0002116560935974121
6.93	0.00020867586135864258
6.94	0.00020641088485717773
6.95	0.00020456314086914062
6.96	0.00020247697830200195
6.97	0.0001995563507080078
6.98	0.00019735097885131836
6.99	0.0001951456069946289
7.0	0.00019282102584838867
7.01	0.0001907944679260254
7.02	0.00018841028213500977
7.03	0.00018608570098876953
7.04	0.00018393993377685547
7.05	0.0001824498176574707
7.06	0.00017976760864257812
7.07	0.0001773834228515625
7.08	0.0001754164695739746
7.09	0.00017315149307250977
7.1	0.000171661376953125
7.11	0.00016993284225463867
7.12	0.00016748905181884766
7.13	0.00016504526138305664
7.14	0.0001628398895263672
7.15	0.00016129016876220703
7.16	0.00015926361083984375
7.17	0.00015729665756225586
7.18	0.00015503168106079102
7.19	0.00015246868133544922
7.2	0.00015115737915039062
7.21	0.0001494884490966797
7.22	0.00014770030975341797
7.23	0.0001456141471862793
7.24	0.0001442432403564453
7.25	0.00014263391494750977
7.26	0.00014060735702514648
7.27	0.00013911724090576172
7.28	0.00013715028762817383
7.29	0.0001353621482849121
7.3	0.00013405084609985352
7.31	0.00013273954391479492
7.32	0.00013142824172973633
7.33	0.00012958049774169922
7.34	0.0001277327537536621
7.35	0.000125885009765625
7.36	0.00012433528900146484
7.37	0.00012320280075073242
7.38	0.00012165307998657227
7.39	0.00011998414993286133
7.4	0.00011807680130004883
7.41	0.00011658668518066406
7.42	0.00011521577835083008
7.43	0.00011396408081054688
7.44	0.00011247396469116211
7.45	0.0001112222671508789
7.46	0.00010967254638671875
7.47	0.00010854005813598633
7.48	0.00010728836059570312
7.49	0.00010633468627929688
7.5	0.00010478496551513672
7.51	0.00010353326797485352
7.52	0.00010287761688232422
7.53	0.00010192394256591797
7.54	0.00010073184967041016
7.55	9.942054748535156e-05
7.56	9.816884994506836e-05
7.57	9.721517562866211e-05
7.58	9.590387344360352e-05
7.59	9.524822235107422e-05
7.6	9.387731552124023e-05
7.61	9.28044319152832e-05
7.62	9.1552734375e-05
7.63	9.059906005859375e-05
7.64	8.970499038696289e-05
7.65	8.851289749145508e-05
7.66	8.732080459594727e-05
7.67	8.618831634521484e-05
7.68	8.487701416015625e-05
7.69	8.416175842285156e-05
7.7	8.344650268554688e-05
7.71	8.249282836914062e-05
7.72	8.13603401184082e-05
7.73	8.064508438110352e-05
7.74	7.975101470947266e-05
7.75	7.891654968261719e-05
7.76	7.796287536621094e-05
7.77	7.718801498413086e-05
7.78	7.647275924682617e-05
7.79	7.551908493041992e-05
7.8	7.480382919311523e-05
7.81	7.402896881103516e-05
7.82	7.277727127075195e-05
7.83	7.212162017822266e-05
7.84	7.158517837524414e-05
7.85	7.081031799316406e-05
7.86	6.99758529663086e-05
7.87	6.896257400512695e-05
7.88	6.794929504394531e-05
7.89	6.711483001708984e-05
7.9	6.657838821411133e-05
7.91	6.604194641113281e-05
7.92	6.502866744995117e-05
7.93	6.41942024230957e-05
7.94	6.335973739624023e-05
7.95	6.252527236938477e-05
7.96	6.210803985595703e-05
7.97	6.145238876342773e-05
7.98	6.0558319091796875e-05
7.99	5.9664249420166016e-05
8.0	5.918741226196289e-05
8.01	5.841255187988281e-05
8.02	5.78761100769043e-05
8.03	5.710124969482422e-05
8.04	5.626678466796875e-05
8.05	5.543231964111328e-05
8.06	5.4836273193359375e-05
8.07	5.418062210083008e-05
8.08	5.340576171875e-05
8.09	5.269050598144531e-05
8.1	5.1915645599365234e-05
8.11	5.0961971282958984e-05
8.12	5.030632019042969e-05
8.13	4.971027374267578e-05
8.14	4.9114227294921875e-05
8.15	4.857778549194336e-05
8.16	4.8100948333740234e-05
8.17	4.762411117553711e-05
8.18	4.673004150390625e-05
8.19	4.6253204345703125e-05
8.2	4.565715789794922e-05
8.21	4.506111145019531e-05
8.22	4.4465065002441406e-05
8.23	4.392862319946289e-05
8.24	4.357099533081055e-05
8.25	4.297494888305664e-05
8.26	4.2438507080078125e-05
8.27	4.184246063232422e-05
8.28	4.1365623474121094e-05
8.29	4.0590763092041016e-05
8.3	4.00543212890625e-05
8.31	3.9458274841308594e-05
8.32	3.88026237487793e-05
8.33	3.820657730102539e-05
8.34	3.7729740142822266e-05
8.35	3.713369369506836e-05
8.36	3.653764724731445e-05
8.37	3.594160079956055e-05
8.38	3.546476364135742e-05
8.39	3.4928321838378906e-05
8.4	3.4332275390625e-05
8.41	3.3795833587646484e-05
8.42	3.337860107421875e-05
8.43	3.2782554626464844e-05
8.44	3.254413604736328e-05
8.45	3.230571746826172e-05
8.46	3.17692756652832e-05
8.47	3.123283386230469e-05
8.48	3.0934810638427734e-05
8.49	3.063678741455078e-05
8.5	3.0219554901123047e-05
8.51	2.9861927032470703e-05
8.52	2.950429916381836e-05
8.53	2.9087066650390625e-05
8.54	2.866983413696289e-05
8.55	2.8431415557861328e-05
8.56	2.8073787689208984e-05
8.57	2.765655517578125e-05
8.58	2.7298927307128906e-05
8.59	2.7000904083251953e-05
8.6	2.682209014892578e-05
8.61	2.6404857635498047e-05
8.62	2.6106834411621094e-05
8.63	2.580881118774414e-05
8.64	2.5451183319091797e-05
8.65	2.5153160095214844e-05
8.66	2.491474151611328e-05
8.67	2.4497509002685547e-05
8.68	2.4080276489257812e-05
8.69	2.384185791015625e-05
8.7	2.3663043975830078e-05
8.71	2.3365020751953125e-05
8.72	2.294778823852539e-05
8.73	2.2470951080322266e-05
8.74	2.205371856689453e-05
8.75	2.187490463256836e-05
8.76	2.1696090698242188e-05
8.77	2.1219253540039062e-05
8.78	2.0742416381835938e-05
8.79	2.0503997802734375e-05
8.8	2.0205974578857422e-05
8.81	2.002716064453125e-05
8.82	1.9729137420654297e-05
8.83	1.9311904907226562e-05
8.84	1.895427703857422e-05
8.85	1.8835067749023438e-05
8.86	1.8775463104248047e-05
8.87	1.8417835235595703e-05
8.88	1.817941665649414e-05
8.89	1.7940998077392578e-05
8.9	1.7702579498291016e-05
8.91	1.7523765563964844e-05
8.92	1.728534698486328e-05
8.93	1.710653305053711e-05
8.94	1.6748905181884766e-05
8.95	1.6570091247558594e-05
8.96	1.627206802368164e-05
8.97	1.5974044799804688e-05
8.98	1.5795230865478516e-05
8.99	1.5497207641601562e-05
9.0	1.52587890625e-05
9.01	1.5020370483398438e-05
9.02	1.4662742614746094e-05
9.03	1.436471939086914e-05
9.04	1.3887882232666016e-05
9.05	1.3768672943115234e-05
9.06	1.3530254364013672e-05
9.07	1.341104507446289e-05
9.08	1.3172626495361328e-05
9.09	1.3053417205810547e-05
9.1	1.2636184692382812e-05
9.11	1.245737075805664e-05
9.12	1.245737075805664e-05
9.13	1.2278556823730469e-05
9.14	1.2159347534179688e-05
9.15	1.1920928955078125e-05
9.16	1.1682510375976562e-05
9.17	1.1563301086425781e-05
9.18	1.150369644165039e-05
9.19	1.1324882507324219e-05
9.2	1.1146068572998047e-05
9.21	1.0848045349121094e-05
9.22	1.0609626770019531e-05
9.23	1.055002212524414e-05
9.24	1.0371208190917969e-05
9.25	1.0251998901367188e-05
9.26	9.953975677490234e-06
9.27	9.894371032714844e-06
9.28	9.5367431640625e-06
9.29	9.417533874511719e-06
9.3	9.238719940185547e-06
9.31	9.059906005859375e-06
9.32	9.000301361083984e-06
9.33	8.881092071533203e-06
9.34	8.821487426757812e-06
9.35	8.58306884765625e-06
9.36	8.404254913330078e-06
9.37	8.344650268554688e-06
9.38	8.225440979003906e-06
9.39	8.225440979003906e-06
9.4	8.165836334228516e-06
9.41	8.106231689453125e-06
9.42	7.927417755126953e-06
9.43	7.68899917602539e-06
9.44	7.68899917602539e-06
9.45	7.68899917602539e-06
9.46	7.62939453125e-06
9.47	7.510185241699219e-06
9.48	7.3909759521484375e-06
9.49	7.212162017822266e-06
9.5	7.092952728271484e-06
9.51	7.092952728271484e-06
9.52	7.033348083496094e-06
9.53	6.9141387939453125e-06
9.54	6.854534149169922e-06
9.55	6.735324859619141e-06
9.56	6.67572021484375e-06
9.57	6.616115570068359e-06
9.58	6.616115570068359e-06
9.59	6.4373016357421875e-06
9.6	6.4373016357421875e-06
9.61	6.377696990966797e-06
9.62	6.318092346191406e-06
9.63	6.198883056640625e-06
9.64	6.139278411865234e-06
9.65	6.079673767089844e-06
9.66	5.9604644775390625e-06
9.67	5.841255187988281e-06
9.68	5.781650543212891e-06
9.69	5.662441253662109e-06
9.7	5.602836608886719e-06
9.71	5.543231964111328e-06
9.72	5.364418029785156e-06
9.73	5.245208740234375e-06
9.74	5.245208740234375e-06
9.75	5.125999450683594e-06
9.76	5.125999450683594e-06
9.77	5.0067901611328125e-06
9.78	4.887580871582031e-06
9.79	4.76837158203125e-06
9.8	4.76837158203125e-06
9.81	4.76837158203125e-06
9.82	4.649162292480469e-06
9.83	4.589557647705078e-06
9.84	4.5299530029296875e-06
9.85	4.5299530029296875e-06
9.86	4.470348358154297e-06
9.87	4.470348358154297e-06
9.88	4.470348358154297e-06
9.89	4.291534423828125e-06
9.9	4.291534423828125e-06
9.91	4.112720489501953e-06
9.92	4.112720489501953e-06
9.93	4.112720489501953e-06
9.94	4.112720489501953e-06
9.95	4.0531158447265625e-06
9.96	3.7550926208496094e-06
9.97	3.6954879760742188e-06
9.98	3.5762786865234375e-06
9.99	3.516674041748047e-06
10.0	3.516674041748047e-06
10.01	3.4570693969726562e-06
10.02	3.3974647521972656e-06
10.03	3.2782554626464844e-06
10.04	3.2186508178710938e-06
10.05	3.0994415283203125e-06
10.06	3.039836883544922e-06
10.07	2.9802322387695312e-06
10.08	2.9802322387695312e-06
10.09	2.9802322387695312e-06
10.1	2.9206275939941406e-06
10.11	2.7418136596679688e-06
10.12	2.6226043701171875e-06
10.13	2.6226043701171875e-06
10.14	2.562999725341797e-06
10.15	2.562999725341797e-06
10.16	2.5033950805664062e-06
10.17	2.384185791015625e-06
10.18	2.205371856689453e-06
10.19	2.205371856689453e-06
10.2	2.205371856689453e-06
10.21	2.1457672119140625e-06
10.22	2.086162567138672e-06
10.23	2.086162567138672e-06
10.24	2.0265579223632812e-06
10.25	1.9669532775878906e-06
10.26	1.9073486328125e-06
10.27	1.8477439880371094e-06
10.28	1.8477439880371094e-06
10.29	1.8477439880371094e-06
10.3	1.8477439880371094e-06
10.31	1.7881393432617188e-06
10.32	1.7285346984863281e-06
10.33	1.7285346984863281e-06
10.34	1.7285346984863281e-06
10.35	1.7285346984863281e-06
10.36	1.7285346984863281e-06
10.37	1.6689300537109375e-06
10.38	1.5497207641601562e-06
10.39	1.5497207641601562e-06
10.4	1.5497207641601562e-06
10.41	1.5497207641601562e-06
10.42	1.4901161193847656e-06
10.43	1.430511474609375e-06
10.44	1.3709068298339844e-06
10.45	1.3113021850585938e-06
10.46	1.3113021850585938e-06
10.47	1.2516975402832031e-06
10.48	1.2516975402832031e-06
10.49	1.1920928955078125e-06
10.5	1.1324882507324219e-06
10.51	1.1324882507324219e-06
10.52	1.0728836059570312e-06
10.53	1.0728836059570312e-06
10.54	1.0132789611816406e-06
10.55	1.0132789611816406e-06
10.56	1.0132789611816406e-06
10.57	1.0132789611816406e-06
10.58	9.5367431640625e-07
10.59	8.940696716308594e-07
10.6	8.940696716308594e-07
10.61	8.940696716308594e-07
10.62	8.940696716308594e-07
10.63	8.940696716308594e-07
10.64	8.344650268554688e-07
10.65	8.344650268554688e-07
10.66	8.344650268554688e-07
10.67	8.344650268554688e-07
10.68	8.344650268554688e-07
10.69	8.344650268554688e-07
10.7	8.344650268554688e-07
10.71	8.344650268554688e-07
10.72	8.344650268554688e-07
10.73	8.344650268554688e-07
10.74	8.344650268554688e-07
10.75	8.344650268554688e-07
10.76	8.344650268554688e-07
10.77	8.344650268554688e-07
10.78	8.344650268554688e-07
10.79	8.344650268554688e-07
10.8	8.344650268554688e-07
10.81	7.748603820800781e-07
10.82	7.748603820800781e-07
10.83	7.748603820800781e-07
10.84	7.748603820800781e-07
10.85	7.748603820800781e-07
10.86	7.152557373046875e-07
10.87	7.152557373046875e-07
10.88	6.556510925292969e-07
10.89	6.556510925292969e-07
10.9	6.556510925292969e-07
10.91	6.556510925292969e-07
10.92	6.556510925292969e-07
10.93	5.960464477539062e-07
10.94	5.960464477539062e-07
10.95	5.960464477539062e-07
10.96	5.960464477539062e-07
10.97	5.960464477539062e-07
10.98	5.960464477539062e-07
10.99	5.960464477539062e-07
11.0	5.364418029785156e-07
11.01	5.364418029785156e-07
11.02	5.364418029785156e-07
11.03	5.364418029785156e-07
11.04	5.364418029785156e-07
11.05	5.364418029785156e-07
11.06	4.76837158203125e-07
11.07	4.172325134277344e-07
11.08	4.172325134277344e-07
11.09	4.172325134277344e-07
11.1	4.172325134277344e-07
11.11	4.172325134277344e-07
11.12	3.5762786865234375e-07
11.13	2.980232238769531e-07
11.14	2.980232238769531e-07
11.15	2.980232238769531e-07
11.16	2.980232238769531e-07
11.17	2.980232238769531e-07
11.18	2.980232238769531e-07
11.19	2.384185791015625e-07
11.2	2.384185791015625e-07
11.21	2.384185791015625e-07
11.22	2.384185791015625e-07
11.23	2.384185791015625e-07
11.24	2.384185791015625e-07
11.25	2.384185791015625e-07
11.26	2.384185791015625e-07
11.27	2.384185791015625e-07
11.28	2.384185791015625e-07
11.29	2.384185791015625e-07
11.3	2.384185791015625e-07
11.31	2.384185791015625e-07
11.32	2.384185791015625e-07
11.33	2.384185791015625e-07
11.34	2.384185791015625e-07
11.35	2.384185791015625e-07
11.36	2.384185791015625e-07
11.37	2.384185791015625e-07
11.38	2.384185791015625e-07
11.39	2.384185791015625e-07
11.4	2.384185791015625e-07
11.41	2.384185791015625e-07
11.42	2.384185791015625e-07
11.43	2.384185791015625e-07
11.44	2.384185791015625e-07
11.45	2.384185791015625e-07
11.46	2.384185791015625e-07
11.47	2.384185791015625e-07
11.48	2.384185791015625e-07
11.49	2.384185791015625e-07
11.5	2.384185791015625e-07
11.51	2.384185791015625e-07
11.52	2.384185791015625e-07
11.53	2.384185791015625e-07
11.54	2.384185791015625e-07
11.55	2.384185791015625e-07
11.56	2.384185791015625e-07
11.57	2.384185791015625e-07
11.58	2.384185791015625e-07
11.59	2.384185791015625e-07
11.6	2.384185791015625e-07
11.61	2.384185791015625e-07
11.62	2.384185791015625e-07
11.63	2.384185791015625e-07
11.64	2.384185791015625e-07
11.65	2.384185791015625e-07
11.66	2.384185791015625e-07
11.67	2.384185791015625e-07
11.68	2.384185791015625e-07
11.69	2.384185791015625e-07
11.7	2.384185791015625e-07
11.71	2.384185791015625e-07
11.72	2.384185791015625e-07
11.73	2.384185791015625e-07
11.74	2.384185791015625e-07
11.75	2.384185791015625e-07
11.76	1.7881393432617188e-07
11.77	1.7881393432617188e-07
11.78	1.7881393432617188e-07
11.79	1.7881393432617188e-07
11.8	1.7881393432617188e-07
11.81	1.1920928955078125e-07
11.82	5.960464477539063e-08
11.83	5.960464477539063e-08
11.84	5.960464477539063e-08
11.85	5.960464477539063e-08
11.86	5.960464477539063e-08
11.87	5.960464477539063e-08
11.88	0.0
