5.23	0.00054931640625
5.24	0.00042724609375
5.25	0.00042724609375
5.26	0.00042724609375
5.27	0.00042724609375
5.28	0.00042724609375
5.29	0.00042724609375
5.3	0.00042724609375
5.31	0.00042724609375
5.32	0.00042724609375
5.33	0.00042724609375
5.34	0.00042724609375
5.35	0.00042724609375
5.36	0.00042724609375
5.37	0.00042724609375
5.38	0.00042724609375
5.39	0.00042724609375
5.4	0.00042724609375
5.41	0.00042724609375
5.42	0.00042724609375
5.43	0.00042724609375
5.44	0.00042724609375
5.45	0.00042724609375
5.46	0.00042724609375
5.47	0.00042724609375
5.48	0.00042724609375
5.49	0.00042724609375
5.5	0.00042724609375
5.51	0.00042724609375
5.52	0.00042724609375
5.53	0.00042724609375
5.54	0.0003662109375
5.55	0.0003662109375
5.56	0.0003662109375
5.57	0.0003662109375
5.58	0.0003662109375
5.59	0.00030517578125
5.6	0.00030517578125
5.61	0.00030517578125
5.62	0.00030517578125
5.63	0.00030517578125
5.64	0.00030517578125
5.65	0.00030517578125
5.66	0.00030517578125
5.67	0.00030517578125
5.68	0.00030517578125
5.69	0.00030517578125
5.7	0.00030517578125
5.71	0.00030517578125
5.72	0.00030517578125
5.73	0.00030517578125
5.74	0.00030517578125
5.75	0.00030517578125
5.76	0.00030517578125
5.77	0.00030517578125
5.78	0.00030517578125
5.79	0.00030517578125
5.8	0.00030517578125
5.81	0.00030517578125
5.82	0.00030517578125
5.83	0.00030517578125
5.84	0.00030517578125
5.85	0.000244140625
5.86	0.000244140625
5.87	0.000244140625
5.88	0.000244140625
5.89	0.000244140625
5.9	0.00018310546875
5.91	0.00018310546875
5.92	0.00018310546875
5.93	0.00018310546875
5.94	0.00018310546875
5.95	0.00018310546875
5.96	0.00018310546875
5.97	0.00018310546875
5.98	0.00018310546875
5.99	0.00018310546875
6.0	0.00018310546875
6.01	0.00018310546875
6.02	0.00018310546875
6.03	0.00018310546875
6.04	0.00018310546875
6.05	0.00018310546875
6.06	0.00018310546875
6.07	0.00018310546875
6.08	0.00018310546875
6.09	0.00018310546875
6.1	0.00018310546875
6.11	0.00018310546875
6.12	0.00018310546875
6.13	0.00018310546875
6.14	0.00018310546875
6.15	0.00018310546875
6.16	0.00018310546875
6.17	0.00018310546875
6.18	0.00018310546875
6.19	0.00018310546875
6.2	0.00018310546875
6.21	0.00018310546875
6.22	0.00018310546875
6.23	0.00018310546875
6.24	0.00018310546875
6.25	0.00018310546875
6.26	0.00018310546875
6.27	0.00018310546875
6.28	0.00018310546875
6.29	0.00018310546875
6.3	0.00018310546875
6.31	0.00018310546875
6.32	0.00018310546875
6.33	0.00018310546875
6.34	0.00018310546875
6.35	0.00018310546875
6.36	0.00018310546875
6.37	0.00018310546875
6.38	0.0001220703125
6.39	0.0001220703125
6.4	0.0001220703125
6.41	0.0001220703125
6.42	0.0001220703125
6.43	0.0001220703125
6.44	0.0001220703125
6.45	0.0001220703125
6.46	0.0001220703125
6.47	0.0001220703125
6.48	0.0001220703125
6.49	0.0001220703125
6.5	0.0001220703125
6.51	0.0001220703125
6.52	0.0001220703125
6.53	0.0001220703125
6.54	0.0001220703125
6.55	0.0001220703125
6.56	0.0001220703125
6.57	0.0001220703125
6.58	0.0001220703125
6.59	0.0001220703125
6.6	0.0001220703125
6.61	0.0001220703125
6.62	0.0001220703125
6.63	0.0001220703125
6.64	0.0001220703125
6.65	0.0001220703125
6.66	0.0001220703125
6.67	0.0001220703125
6.68	0.0001220703125
6.69	0.0001220703125
6.7	0.0001220703125
6.71	0.0001220703125
6.72	0.0001220703125
6.73	0.0001220703125
6.74	0.0001220703125
6.75	0.0001220703125
6.76	0.0001220703125
6.77	0.0001220703125
6.78	0.0001220703125
6.79	0.0001220703125
6.8	0.0001220703125
6.81	0.0001220703125
6.82	0.0001220703125
6.83	0.0001220703125
6.84	0.0001220703125
6.85	0.0001220703125
6.86	0.0001220703125
6.87	0.0001220703125
6.88	0.0001220703125
6.89	0.0001220703125
6.9	6.103515625e-05
6.91	6.103515625e-05
6.92	6.103515625e-05
6.93	6.103515625e-05
6.94	6.103515625e-05
6.95	6.103515625e-05
6.96	6.103515625e-05
6.97	6.103515625e-05
6.98	6.103515625e-05
6.99	6.103515625e-05
7.0	6.103515625e-05
7.01	6.103515625e-05
7.02	6.103515625e-05
7.03	6.103515625e-05
7.04	6.103515625e-05
7.05	6.103515625e-05
7.06	6.103515625e-05
7.07	6.103515625e-05
7.08	6.103515625e-05
7.09	6.103515625e-05
7.1	6.103515625e-05
7.11	6.103515625e-05
7.12	6.103515625e-05
7.13	6.103515625e-05
7.14	6.103515625e-05
7.15	6.103515625e-05
7.16	6.103515625e-05
7.17	6.103515625e-05
7.18	6.103515625e-05
7.19	6.103515625e-05
7.2	6.103515625e-05
7.21	0.0
