6.72	0.0005045325960963964
6.73	0.0004998729564249516
6.74	0.0004952647723257542
6.75	0.0004906881949864328
6.76	0.00048614467959851027
6.77	0.00048163125757128
6.78	0.0004771785461343825
6.79	0.0004727517953142524
6.8	0.0004683614242821932
6.81	0.00046400853898376226
6.82	0.0004596813232637942
6.83	0.00045538030099123716
6.84	0.00045111897634342313
6.85	0.000446908175945282
6.86	0.00044272677041590214
6.87	0.00043857458513230085
6.88	0.0004344775225035846
6.89	0.0004303908790461719
6.9	0.00042633572593331337
6.91	0.00042232766281813383
6.92	0.0004183456185273826
6.93	0.00041438586777076125
6.94	0.0004104818217456341
6.95	0.0004065937246195972
6.96	0.00040272489422932267
6.97	0.0003988933749496937
6.98	0.000395103357732296
6.99	0.00039135903352871537
7.0	0.00038764794589951634
7.01	0.0003839596756733954
7.02	0.0003802916035056114
7.03	0.00037665589479729533
7.04	0.00037305563455447555
7.05	0.0003694883198477328
7.06	0.0003659611102193594
7.07	0.0003624407108873129
7.08	0.0003589459811337292
7.09	0.0003554929862730205
7.1	0.0003520732279866934
7.11	0.0003486877540126443
7.12	0.00034533324651420116
7.13	0.0003420101711526513
7.14	0.0003387075266800821
7.15	0.0003354380023665726
7.16	0.00033218966564163566
7.17	0.00032897182973101735
7.18	0.00032579817343503237
7.19	0.00032265292247757316
7.2	0.00031951715936884284
7.21	0.0003164150984957814
7.22	0.0003133289865218103
7.23	0.0003102727932855487
7.24	0.00030725752003490925
7.25	0.00030424766009673476
7.26	0.0003012720844708383
7.27	0.00029833056032657623
7.28	0.0002954168594442308
7.29	0.0002925136941485107
7.3	0.00028965750243514776
7.31	0.00028681178810074925
7.32	0.00028398085851222277
7.33	0.00028118869522586465
7.34	0.00027843198040500283
7.35	0.00027568096993491054
7.36	0.00027295935433357954
7.37	0.0002702553174458444
7.38	0.00026756885927170515
7.39	0.000264918664470315
7.4	0.0002622965257614851
7.41	0.00025969353737309575
7.42	0.0002571062068454921
7.43	0.00025454757269471884
7.44	0.00025201181415468454
7.45	0.00024949386715888977
7.46	0.0002470010658726096
7.47	0.0002445321879349649
7.48	0.00024208653485402465
7.49	0.0002396642230451107
7.5	0.00023725919891148806
7.51	0.00023487280122935772
7.52	0.00023251952370628715
7.53	0.00023018469801172614
7.54	0.00022786634508520365
7.55	0.00022555963369086385
7.56	0.0002232739352621138
7.57	0.00022101844660937786
7.58	0.000218788452912122
7.59	0.00021657103206962347
7.6	0.00021437846589833498
7.61	0.0002122148871421814
7.62	0.00021005445159971714
7.63	0.00020791630959138274
7.64	0.0002057960955426097
7.65	0.00020367908291518688
7.66	0.00020160916028544307
7.67	0.0001995558268390596
7.68	0.00019750709179788828
7.69	0.00019548070849850774
7.7	0.00019346241606399417
7.71	0.00019146257545799017
7.72	0.00018949643708765507
7.73	0.00018755311612039804
7.74	0.00018562283366918564
7.75	0.00018370855832472444
7.76	0.00018180813640356064
7.77	0.00017991376807913184
7.78	0.00017804995877668262
7.79	0.00017620774451643229
7.8	0.00017436733469367027
7.81	0.00017255806596949697
7.82	0.0001707731280475855
7.83	0.0001689846394583583
7.84	0.00016721442807465792
7.85	0.00016546790720894933
7.86	0.00016373931430280209
7.87	0.00016202603001147509
7.88	0.0001603314303793013
7.89	0.00015864818124100566
7.9	0.00015698105562478304
7.91	0.00015534507110714912
7.92	0.0001537103089503944
7.93	0.00015209679258987308
7.94	0.00015049154171720147
7.95	0.0001489080605097115
7.96	0.00014733150601387024
7.97	0.00014577544061467052
7.98	0.0001442371867597103
7.99	0.0001427166280336678
8.0	0.00014120631385594606
8.01	0.00013970653526484966
8.02	0.0001382328919135034
8.03	0.00013677089009433985
8.04	0.00013530655996873975
8.05	0.00013386388309299946
8.06	0.00013244518777355552
8.07	0.00013103277888149023
8.08	0.0001296370755881071
8.09	0.0001282531302422285
8.1	0.00012686883565038443
8.11	0.00012550415704026818
8.12	0.000124154903460294
8.13	0.00012280355440452695
8.14	0.00012149772373959422
8.15	0.00012019049609079957
8.16	0.00011889328015968204
8.17	0.00011759955668821931
8.18	0.00011631695087999105
8.19	0.000115049013402313
8.2	0.00011380750220268965
8.21	0.0001125638373196125
8.22	0.00011135218665003777
8.23	0.00011013657785952091
8.24	0.00010892900172621012
8.25	0.00010772817768156528
8.26	0.00010654801735654473
8.27	0.0001053744344972074
8.28	0.00010421493789181113
8.29	0.00010307010961696506
8.3	0.00010193866910412908
8.31	0.00010081229265779257
8.32	9.969662642106414e-05
8.33	9.85951628535986e-05
8.34	9.750388562679291e-05
8.35	9.643030352890491e-05
8.36	9.536382276564837e-05
8.37	9.430822683498263e-05
8.38	9.324756683781743e-05
8.39	9.22231120057404e-05
8.4	9.119103197008371e-05
8.41	9.018223499879241e-05
8.42	8.917483501136303e-05
8.43	8.817517664283514e-05
8.44	8.719356264919043e-05
8.45	8.621974848210812e-05
8.46	8.524541044607759e-05
8.47	8.430762682110071e-05
8.48	8.336571045219898e-05
8.49	8.242775220423937e-05
8.5	8.150289067998528e-05
8.51	8.059345418587327e-05
8.52	7.967266719788313e-05
8.53	7.877842290326953e-05
8.54	7.789582014083862e-05
8.55	7.701612776145339e-05
8.56	7.61461560614407e-05
8.57	7.528247078880668e-05
8.58	7.442827336490154e-05
8.59	7.35800713300705e-05
8.6	7.274828385561705e-05
8.61	7.191905751824379e-05
8.62	7.11065367795527e-05
8.63	7.029093103483319e-05
8.64	6.94969785399735e-05
8.65	6.869487697258592e-05
8.66	6.790552288293839e-05
8.67	6.712059257552028e-05
8.68	6.634613964706659e-05
8.69	6.559502799063921e-05
8.7	6.484147161245346e-05
8.71	6.408710032701492e-05
8.72	6.334844511002302e-05
8.73	6.261118687689304e-05
8.74	6.188382394611835e-05
8.75	6.117206066846848e-05
8.76	6.0463789850473404e-05
8.77	5.975872045382857e-05
8.78	5.907018203288317e-05
8.79	5.838024662807584e-05
8.8	5.769601557403803e-05
8.81	5.7024299167096615e-05
8.82	5.6354328989982605e-05
8.83	5.5693089962005615e-05
8.84	5.504098953679204e-05
8.85	5.439453525468707e-05
8.86	5.375512409955263e-05
8.87	5.312479333952069e-05
8.88	5.248870002105832e-05
8.89	5.1875365898013115e-05
8.9	5.1267852541059256e-05
8.91	5.0657952670007944e-05
8.92	5.005940329283476e-05
8.93	4.946900298818946e-05
8.94	4.8881222028285265e-05
8.95	4.830723628401756e-05
8.96	4.772603278979659e-05
8.97	4.715978866443038e-05
8.98	4.65902267023921e-05
8.99	4.6037836000323296e-05
9.0	4.548474680632353e-05
9.01	4.4936779886484146e-05
9.02	4.4402258936315775e-05
9.03	4.386936780065298e-05
9.04	4.3339445255696774e-05
9.05	4.281901055946946e-05
9.06	4.2297004256397486e-05
9.07	4.178477684035897e-05
9.08	4.128343425691128e-05
9.09	4.078930942341685e-05
9.1	4.029605770483613e-05
9.11	3.981188638135791e-05
9.12	3.9319449570029974e-05
9.13	3.883434692397714e-05
9.14	3.836234100162983e-05
9.15	3.7894234992563725e-05
9.16	3.743049455806613e-05
9.17	3.698031650856137e-05
9.18	3.653287421911955e-05
9.19	3.608415136113763e-05
9.2	3.5642762668430805e-05
9.21	3.5200093407183886e-05
9.22	3.477220889180899e-05
9.23	3.4349504858255386e-05
9.24	3.3926626201719046e-05
9.25	3.3507589250802994e-05
9.26	3.309763269498944e-05
9.27	3.269122680649161e-05
9.28	3.228540299460292e-05
9.29	3.1886156648397446e-05
9.3	3.148935502395034e-05
9.31	3.1102506909519434e-05
9.32	3.071903483942151e-05
9.33	3.0337483622133732e-05
9.34	2.996530383825302e-05
9.35	2.9590155463665724e-05
9.36	2.9218790587037802e-05
9.37	2.8854759875684977e-05
9.38	2.849206794053316e-05
9.39	2.813513856381178e-05
9.4	2.7780653908848763e-05
9.41	2.7436413802206516e-05
9.42	2.7089787181466818e-05
9.43	2.675002906471491e-05
9.44	2.6414520107209682e-05
9.45	2.6072433684021235e-05
9.46	2.573075471445918e-05
9.47	2.5408808141946793e-05
9.48	2.508697798475623e-05
9.49	2.476933877915144e-05
9.5	2.445612335577607e-05
9.51	2.4146575015038252e-05
9.52	2.3829168640077114e-05
9.53	2.3525150027126074e-05
9.54	2.3218104615807533e-05
9.55	2.2918975446373224e-05
9.56	2.262531779706478e-05
9.57	2.2337655536830425e-05
9.58	2.2047956008464098e-05
9.59	2.1764019038528204e-05
9.6	2.1477288100868464e-05
9.61	2.1198473405092955e-05
9.62	2.0922161638736725e-05
9.63	2.0646490156650543e-05
9.64	2.038071397691965e-05
9.65	2.0118430256843567e-05
9.66	1.9858707673847675e-05
9.67	1.9598344806581736e-05
9.68	1.9341707229614258e-05
9.69	1.9086117390543222e-05
9.7	1.883844379335642e-05
9.71	1.8590944819152355e-05
9.72	1.835200237110257e-05
9.73	1.8113234546035528e-05
9.74	1.7875165212899446e-05
9.75	1.7640297301113605e-05
9.76	1.740618608891964e-05
9.77	1.717719715088606e-05
9.78	1.695123501121998e-05
9.79	1.6728765331208706e-05
9.8	1.6509380657225847e-05
9.81	1.629168400540948e-05
9.82	1.607835292816162e-05
9.83	1.5867699403315783e-05
9.84	1.565460115671158e-05
9.85	1.5445053577423096e-05
9.86	1.5239755157381296e-05
9.87	1.5031953807920218e-05
9.88	1.4827237464487553e-05
9.89	1.4633755199611187e-05
9.9	1.4440855011343956e-05
9.91	1.4248653315007687e-05
9.92	1.4057790394872427e-05
9.93	1.386512303724885e-05
9.94	1.3673794455826283e-05
9.95	1.3492302969098091e-05
9.96	1.330830855295062e-05
9.97	1.3130076695233583e-05
9.98	1.295376569032669e-05
9.99	1.277867704629898e-05
10.0	1.2600678019225597e-05
10.01	1.2426113244146109e-05
10.02	1.2254167813807726e-05
10.03	1.2085947673767805e-05
10.04	1.1921743862330914e-05
10.05	1.1761265341192484e-05
10.06	1.1599739082157612e-05
10.07	1.1440832167863846e-05
10.08	1.1278665624558926e-05
10.09	1.1119875125586987e-05
10.1	1.0966265108436346e-05
10.11	1.0817137081176043e-05
10.12	1.0667834430932999e-05
10.13	1.0520161595195532e-05
10.14	1.0375457350164652e-05
10.15	1.023121876642108e-05
10.16	1.0087154805660248e-05
10.17	9.94367292150855e-06
10.18	9.804440196603537e-06
10.19	9.669922292232513e-06
10.2	9.53557901084423e-06
10.21	9.399955160915852e-06
10.22	9.26933716982603e-06
10.23	9.1404072009027e-06
10.24	9.010778740048409e-06
10.25	8.882780093699694e-06
10.26	8.756411261856556e-06
10.27	8.630158845335245e-06
10.28	8.510251063853502e-06
10.29	8.39069252833724e-06
10.3	8.271541446447372e-06
10.31	8.155882824212313e-06
10.32	8.038536179810762e-06
10.33	7.921713404357433e-06
10.34	7.807801011949778e-06
10.35	7.696275133639574e-06
10.36	7.583934348076582e-06
10.37	7.478753104805946e-06
10.38	7.371592801064253e-06
10.39	7.265305612236261e-06
10.4	7.159775123000145e-06
10.41	7.055932655930519e-06
10.42	6.95203198119998e-06
10.43	6.850168574601412e-06
10.44	6.753834895789623e-06
10.45	6.657268386334181e-06
10.46	6.5614585764706135e-06
10.47	6.467278581112623e-06
10.48	6.3695479184389114e-06
10.49	6.273097824305296e-06
10.5	6.181595381349325e-06
10.51	6.092421244829893e-06
10.52	6.004993338137865e-06
10.53	5.920534022152424e-06
10.54	5.8346777223050594e-06
10.55	5.7488796301186085e-06
10.56	5.66261587664485e-06
10.57	5.577632691711187e-06
10.58	5.495792720466852e-06
10.59	5.415291525423527e-06
10.6	5.33560523763299e-06
10.61	5.258247256278992e-06
10.62	5.181937012821436e-06
10.63	5.102367140352726e-06
10.64	5.026813596487045e-06
10.65	4.951143637299538e-06
10.66	4.877510946244001e-06
10.67	4.807079676538706e-06
10.68	4.734611138701439e-06
10.69	4.663306754082441e-06
10.7	4.593690391629934e-06
10.71	4.523433744907379e-06
10.72	4.453817382454872e-06
10.73	4.3861218728125095e-06
10.74	4.318193532526493e-06
10.75	4.2521278373897076e-06
10.76	4.187924787402153e-06
10.77	4.125817213207483e-06
10.78	4.061614163219929e-06
10.79	4.001019988209009e-06
10.8	3.938213922083378e-06
10.81	3.873894456773996e-06
10.82	3.815337549895048e-06
10.83	3.7560821510851383e-06
10.84	3.6984565667808056e-06
10.85	3.641820512712002e-06
10.86	3.586697857826948e-06
10.87	3.529887180775404e-06
10.88	3.4722033888101578e-06
10.89	3.417197149246931e-06
10.9	3.3633550629019737e-06
10.91	3.310851752758026e-06
10.92	3.2598618417978287e-06
10.93	3.210210707038641e-06
10.94	3.161025233566761e-06
10.95	3.1121307983994484e-06
10.96	3.0618393793702126e-06
10.97	3.0122464522719383e-06
10.98	2.964865416288376e-06
10.99	2.9193470254540443e-06
11.0	2.8756330721080303e-06
11.01	2.831395249813795e-06
11.02	2.7878559194505215e-06
11.03	2.7440255507826805e-06
11.04	2.6999623514711857e-06
11.05	2.6551424525678158e-06
11.06	2.6132329367101192e-06
11.07	2.573709934949875e-06
11.08	2.5325571186840534e-06
11.09	2.4941982701420784e-06
11.1	2.455024514347315e-06
11.11	2.4141627363860607e-06
11.12	2.3749307729303837e-06
11.13	2.3368047550320625e-06
11.14	2.2990861907601357e-06
11.15	2.2634631022810936e-06
11.16	2.227665390819311e-06
11.17	2.1922169253230095e-06
11.18	2.1574669517576694e-06
11.19	2.1231244318187237e-06
11.2	2.087443135678768e-06
11.21	2.051412593573332e-06
11.22	2.0177685655653477e-06
11.23	1.984415575861931e-06
11.24	1.9522267393767834e-06
11.25	1.922191586345434e-06
11.26	1.8912251107394695e-06
11.27	1.8586288206279278e-06
11.28	1.8274877220392227e-06
11.29	1.795007847249508e-06
11.3	1.764390617609024e-06
11.31	1.7358106561005116e-06
11.32	1.7071142792701721e-06
11.33	1.6793492250144482e-06
11.34	1.6522244550287724e-06
11.35	1.6239355318248272e-06
11.36	1.594889909029007e-06
11.37	1.5671830624341965e-06
11.38	1.5402911230921745e-06
11.39	1.5146797522902489e-06
11.4	1.4905817806720734e-06
11.41	1.4660181477665901e-06
11.42	1.4416291378438473e-06
11.43	1.417298335582018e-06
11.44	1.3917451724410057e-06
11.45	1.3668322935700417e-06
11.46	1.3442477211356163e-06
11.47	1.3223616406321526e-06
11.48	1.3006501831114292e-06
11.49	1.2788805179297924e-06
11.5	1.2567033991217613e-06
11.51	1.2349337339401245e-06
11.52	1.2131058610975742e-06
11.53	1.191161572933197e-06
11.54	1.1719530448317528e-06
11.55	1.1514057405292988e-06
11.56	1.1317315511405468e-06
11.57	1.1129886843264103e-06
11.58	1.0942458175122738e-06
11.59	1.0748044587671757e-06
11.6	1.056178007274866e-06
11.61	1.0373187251389027e-06
11.62	1.0184012353420258e-06
11.63	1.000880729407072e-06
11.64	9.842915460467339e-07
11.65	9.676441550254822e-07
11.66	9.513460099697113e-07
11.67	9.353971108794212e-07
11.68	9.171199053525925e-07
11.69	8.997740224003792e-07
11.7	8.844654075801373e-07
11.71	8.684000931680202e-07
11.72	8.531496860086918e-07
11.73	8.397037163376808e-07
11.74	8.252682164311409e-07
11.75	8.097267709672451e-07
11.76	7.951166480779648e-07
11.77	7.79575202614069e-07
11.78	7.647322490811348e-07
11.79	7.51810148358345e-07
11.8	7.392372936010361e-07
11.81	7.264898158609867e-07
11.82	7.147318683564663e-07
11.83	7.013441063463688e-07
11.84	6.873742677271366e-07
11.85	6.743357516825199e-07
11.86	6.620539352297783e-07
11.87	6.51052687317133e-07
11.88	6.400514394044876e-07
11.89	6.288173608481884e-07
11.9	6.176996976137161e-07
11.91	6.055925041437149e-07
11.92	5.93776348978281e-07
11.93	5.82193024456501e-07
11.94	5.718320608139038e-07
11.95	5.618203431367874e-07
11.96	5.516340024769306e-07
11.97	5.418551154434681e-07
11.98	5.312031134963036e-07
11.99	5.21540641784668e-07
12.0	5.112960934638977e-07
12.01	5.012843757867813e-07
12.02	4.922039806842804e-07
12.03	4.828907549381256e-07
12.04	4.7334469854831696e-07
12.05	4.648463800549507e-07
12.06	4.56289853900671e-07
12.07	4.472094587981701e-07
12.08	4.380708560347557e-07
12.09	4.285830073058605e-07
12.1	4.2014289647340775e-07
12.11	4.118192009627819e-07
12.12	4.0477607399225235e-07
12.13	3.966270014643669e-07
12.14	3.890017978847027e-07
12.15	3.817840479314327e-07
12.16	3.739260137081146e-07
12.17	3.659515641629696e-07
12.18	3.5902485251426697e-07
12.19	3.5151606425642967e-07
12.2	3.44705767929554e-07
12.21	3.3847754821181297e-07
12.22	3.3312244340777397e-07
12.23	3.262539394199848e-07
12.24	3.195018507540226e-07
12.25	3.125169314444065e-07
12.26	3.0599767342209816e-07
12.27	3.005261532962322e-07
12.28	2.9528746381402016e-07
12.29	2.9028160497546196e-07
12.3	2.8515933081507683e-07
12.31	2.789893187582493e-07
12.32	2.732849679887295e-07
12.33	2.673477865755558e-07
12.34	2.6222551241517067e-07
12.35	2.578599378466606e-07
12.36	2.5384360924363136e-07
12.37	2.4918699637055397e-07
12.38	2.441229298710823e-07
12.39	2.39349901676178e-07
12.4	2.3364555090665817e-07
12.41	2.2863969206809998e-07
12.42	2.245069481432438e-07
12.43	2.2060703486204147e-07
12.44	2.1641608327627182e-07
12.45	2.1239975467324257e-07
12.46	2.0756851881742477e-07
12.47	2.0337756723165512e-07
12.48	1.9901199266314507e-07
12.49	1.9453000277280807e-07
12.5	1.9063008949160576e-07
12.51	1.8713762983679771e-07
12.52	1.8312130123376846e-07
12.53	1.7916318029165268e-07
12.54	1.759035512804985e-07
12.55	1.7188722267746925e-07
12.56	1.6792910173535347e-07
12.57	1.643202267587185e-07
12.58	1.6047852113842964e-07
12.59	1.5686964616179466e-07
12.6	1.541338860988617e-07
12.61	1.5069963410496712e-07
12.62	1.47323589771986e-07
12.63	1.4406396076083183e-07
12.64	1.412699930369854e-07
12.65	1.3719545677304268e-07
12.66	1.342850737273693e-07
12.67	1.314328983426094e-07
12.68	1.2828968465328217e-07
12.69	1.2578675523400307e-07
12.7	1.2351665645837784e-07
12.71	1.210719347000122e-07
12.72	1.1781230568885803e-07
12.73	1.1507654562592506e-07
12.74	1.125154085457325e-07
12.75	1.1024530977010727e-07
12.76	1.0809162631630898e-07
12.77	1.0605435818433762e-07
12.78	1.0395888239145279e-07
12.79	1.0133953765034676e-07
12.8	9.883660823106766e-08
12.81	9.650830179452896e-08
12.82	9.476207196712494e-08
12.83	9.249197319149971e-08
12.84	9.109498932957649e-08
12.85	8.905772119760513e-08
12.86	8.725328370928764e-08
12.87	8.509960025548935e-08
12.88	8.282950147986412e-08
12.89	8.067581802606583e-08
12.9	7.887138053774834e-08
12.91	7.724156603217125e-08
12.92	7.59027898311615e-08
12.93	7.427297532558441e-08
12.94	7.28759914636612e-08
12.95	7.095513865351677e-08
12.96	6.915070116519928e-08
12.97	6.728805601596832e-08
12.98	6.57164491713047e-08
12.99	6.466871127486229e-08
13.0	6.327172741293907e-08
13.01	6.175832822918892e-08
13.02	6.041955202817917e-08
13.03	5.902256816625595e-08
13.04	5.7334545999765396e-08
13.05	5.593756213784218e-08
13.06	5.459878593683243e-08
13.07	5.349284037947655e-08
13.08	5.2677933126688004e-08
13.09	5.157198756933212e-08
13.1	5.023321136832237e-08
13.11	4.895264282822609e-08
13.12	4.784669727087021e-08
13.13	4.6333298087120056e-08
13.14	4.5227352529764175e-08
13.15	4.44706529378891e-08
13.16	4.353933036327362e-08
13.17	4.266621544957161e-08
13.18	4.173489287495613e-08
13.19	4.0745362639427185e-08
13.2	3.969762474298477e-08
13.21	3.835884854197502e-08
13.22	3.771856427192688e-08
13.23	3.6903657019138336e-08
13.24	3.6263372749090195e-08
13.25	3.5332050174474716e-08
13.26	3.457535058259964e-08
13.27	3.341119736433029e-08
13.28	3.247987478971481e-08
13.29	3.16067598760128e-08
13.3	3.090826794505119e-08
13.31	3.003515303134918e-08
13.32	2.9569491744041443e-08
13.33	2.8696376830339432e-08
13.34	2.7939677238464355e-08
13.35	2.735760062932968e-08
13.36	2.648448571562767e-08
13.37	2.5553163141012192e-08
13.38	2.4621840566396713e-08
13.39	2.4156179279088974e-08
13.4	2.3457687348127365e-08
13.41	2.287561073899269e-08
13.42	2.246815711259842e-08
13.43	2.1653249859809875e-08
13.44	2.0954757928848267e-08
13.45	2.019805833697319e-08
13.46	1.9674189388751984e-08
13.47	1.9208528101444244e-08
13.48	1.8742866814136505e-08
13.49	1.8102582544088364e-08
13.5	1.7695128917694092e-08
13.51	1.7229467630386353e-08
13.52	1.664739102125168e-08
13.53	1.6239937394857407e-08
13.54	1.5774276107549667e-08
13.55	1.5366822481155396e-08
13.56	1.5133991837501526e-08
13.57	1.507578417658806e-08
13.58	1.461012288928032e-08
13.59	1.4202669262886047e-08
13.6	1.3737007975578308e-08
13.61	1.3329554349184036e-08
13.62	1.2922100722789764e-08
13.63	1.2747477740049362e-08
13.64	1.2689270079135895e-08
13.65	1.2456439435482025e-08
13.66	1.210719347000122e-08
13.67	1.1757947504520416e-08
13.68	1.1292286217212677e-08
13.69	1.0884832590818405e-08
13.7	1.0710209608078003e-08
13.71	1.05355866253376e-08
13.72	1.0419171303510666e-08
13.73	1.0069925338029861e-08
13.74	9.953510016202927e-09
13.75	9.487848728895187e-09
13.76	9.080395102500916e-09
13.77	8.96397978067398e-09
13.78	8.905772119760513e-09
13.79	8.614733815193176e-09
13.8	8.498318493366241e-09
13.81	8.265487849712372e-09
13.82	7.8580342233181e-09
13.83	7.741618901491165e-09
13.84	7.450580596923828e-09
13.85	6.984919309616089e-09
13.86	6.810296326875687e-09
13.87	6.577465683221817e-09
13.88	6.402842700481415e-09
13.89	6.111804395914078e-09
13.9	6.05359673500061e-09
13.91	5.704350769519806e-09
13.92	5.6461431086063385e-09
13.93	5.3551048040390015e-09
13.94	5.180481821298599e-09
13.95	5.0640664994716644e-09
13.96	4.889443516731262e-09
13.97	4.71482053399086e-09
13.98	4.71482053399086e-09
13.99	4.598405212163925e-09
14.0	4.307366907596588e-09
14.01	4.0745362639427185e-09
14.02	3.899913281202316e-09
14.03	3.841705620288849e-09
14.04	3.725290298461914e-09
14.05	3.725290298461914e-09
14.06	3.6088749766349792e-09
14.07	3.4924596548080444e-09
14.08	3.259629011154175e-09
14.09	3.2014213502407074e-09
14.1	2.9103830456733704e-09
14.11	2.9103830456733704e-09
14.12	2.9103830456733704e-09
14.13	2.852175384759903e-09
14.14	2.7939677238464355e-09
14.15	2.6775524020195007e-09
14.16	2.5029294192790985e-09
14.17	2.3865140974521637e-09
14.18	2.3283064365386963e-09
14.19	2.270098775625229e-09
14.2	2.270098775625229e-09
14.21	2.2118911147117615e-09
14.22	2.2118911147117615e-09
14.23	2.0372681319713593e-09
14.24	1.8044374883174896e-09
14.25	1.8044374883174896e-09
14.26	1.8044374883174896e-09
14.27	1.8044374883174896e-09
14.28	1.7462298274040222e-09
14.29	1.7462298274040222e-09
14.3	1.57160684466362e-09
14.31	1.4551915228366852e-09
14.32	1.4551915228366852e-09
14.33	1.3387762010097504e-09
14.34	1.3387762010097504e-09
14.35	1.280568540096283e-09
14.36	1.280568540096283e-09
14.37	1.2223608791828156e-09
14.38	1.1641532182693481e-09
14.39	1.1641532182693481e-09
14.4	1.1641532182693481e-09
14.41	1.1641532182693481e-09
14.42	1.1059455573558807e-09
14.43	1.0477378964424133e-09
14.44	1.0477378964424133e-09
14.45	1.0477378964424133e-09
14.46	1.0477378964424133e-09
14.47	1.0477378964424133e-09
14.48	9.89530235528946e-10
14.49	9.313225746154785e-10
14.5	8.731149137020111e-10
14.51	8.731149137020111e-10
14.52	8.149072527885437e-10
14.53	8.149072527885437e-10
14.54	8.149072527885437e-10
14.55	7.566995918750763e-10
14.56	7.566995918750763e-10
14.57	6.984919309616089e-10
14.58	6.402842700481415e-10
14.59	6.402842700481415e-10
14.6	6.402842700481415e-10
14.61	6.402842700481415e-10
14.62	6.402842700481415e-10
14.63	5.820766091346741e-10
14.64	5.820766091346741e-10
14.65	5.238689482212067e-10
14.66	4.0745362639427185e-10
14.67	4.0745362639427185e-10
14.68	4.0745362639427185e-10
14.69	4.0745362639427185e-10
14.7	4.0745362639427185e-10
14.71	3.4924596548080444e-10
14.72	1.7462298274040222e-10
14.73	1.7462298274040222e-10
14.74	1.7462298274040222e-10
14.75	1.7462298274040222e-10
14.76	1.7462298274040222e-10
14.77	1.7462298274040222e-10
14.78	1.1641532182693481e-10
14.79	1.1641532182693481e-10
14.8	1.1641532182693481e-10
14.81	1.1641532182693481e-10
14.82	1.1641532182693481e-10
14.83	1.1641532182693481e-10
14.84	1.1641532182693481e-10
14.85	1.1641532182693481e-10
14.86	1.1641532182693481e-10
14.87	1.1641532182693481e-10
14.88	1.1641532182693481e-10
14.89	1.1641532182693481e-10
14.9	1.1641532182693481e-10
14.91	1.1641532182693481e-10
14.92	1.1641532182693481e-10
14.93	1.1641532182693481e-10
14.94	1.1641532182693481e-10
14.95	1.1641532182693481e-10
14.96	1.1641532182693481e-10
14.97	1.1641532182693481e-10
14.98	1.1641532182693481e-10
14.99	1.1641532182693481e-10
15.0	1.1641532182693481e-10
15.01	1.1641532182693481e-10
15.02	1.1641532182693481e-10
15.03	1.1641532182693481e-10
15.04	1.1641532182693481e-10
15.05	1.1641532182693481e-10
15.06	1.1641532182693481e-10
15.07	1.1641532182693481e-10
15.08	1.1641532182693481e-10
15.09	1.1641532182693481e-10
15.1	1.1641532182693481e-10
15.11	1.1641532182693481e-10
15.12	1.1641532182693481e-10
15.13	1.1641532182693481e-10
15.14	5.820766091346741e-11
15.15	5.820766091346741e-11
15.16	5.820766091346741e-11
15.17	5.820766091346741e-11
15.18	5.820766091346741e-11
15.19	5.820766091346741e-11
15.2	0.0
