6.57	0.0005034506320953369
6.58	0.0004985332489013672
6.59	0.0004936754703521729
6.6	0.0004887431859970093
6.61	0.0004840046167373657
6.62	0.0004793405532836914
6.63	0.00047494471073150635
6.64	0.0004703104496002197
6.65	0.00046558678150177
6.66	0.0004614293575286865
6.67	0.0004570186138153076
6.68	0.0004524737596511841
6.69	0.00044812262058258057
6.7	0.00044374167919158936
6.71	0.0004395991563796997
6.72	0.0004352480173110962
6.73	0.0004308372735977173
6.74	0.0004267096519470215
6.75	0.00042273104190826416
6.76	0.00041837990283966064
6.77	0.0004144012928009033
6.78	0.00041031837463378906
6.79	0.0004064291715621948
6.8	0.0004026442766189575
6.81	0.00039833784103393555
6.82	0.00039449334144592285
6.83	0.00039082765579223633
6.84	0.00038658082485198975
6.85	0.0003826022148132324
6.86	0.000379025936126709
6.87	0.00037504732608795166
6.88	0.0003715306520462036
6.89	0.0003676414489746094
6.9	0.0003640502691268921
6.91	0.00036059319972991943
6.92	0.00035694241523742676
6.93	0.00035318732261657715
6.94	0.00034956634044647217
6.95	0.0003461986780166626
6.96	0.00034265220165252686
6.97	0.00033921003341674805
6.98	0.00033555924892425537
6.99	0.0003323554992675781
7.0	0.0003290325403213501
7.01	0.00032526254653930664
7.02	0.0003221780061721802
7.03	0.00031885504722595215
7.04	0.0003154277801513672
7.05	0.0003122985363006592
7.06	0.0003090798854827881
7.07	0.0003058314323425293
7.08	0.0003030747175216675
7.09	0.00029969215393066406
7.1	0.0002969503402709961
7.11	0.00029397010803222656
7.12	0.0002904832363128662
7.13	0.0002876371145248413
7.14	0.00028468668460845947
7.15	0.00028184056282043457
7.16	0.0002790689468383789
7.17	0.00027598440647125244
7.18	0.00027301907539367676
7.19	0.00027029216289520264
7.2	0.00026710331439971924
7.21	0.00026442110538482666
7.22	0.0002618134021759033
7.23	0.00025890767574310303
7.24	0.00025622546672821045
7.25	0.00025354325771331787
7.26	0.00025087594985961914
7.27	0.00024834275245666504
7.28	0.000245705246925354
7.29	0.00024293363094329834
7.3	0.00024053454399108887
7.31	0.0002380162477493286
7.32	0.0002352595329284668
7.33	0.0002327263355255127
7.34	0.0002301931381225586
7.35	0.00022795796394348145
7.36	0.00022533535957336426
7.37	0.00022269785404205322
7.38	0.00022058188915252686
7.39	0.00021839141845703125
7.4	0.00021582841873168945
7.41	0.0002136528491973877
7.42	0.00021123886108398438
7.43	0.00020891427993774414
7.44	0.000206679105758667
7.45	0.0002043396234512329
7.46	0.00020232796669006348
7.47	0.0002002120018005371
7.48	0.00019782781600952148
7.49	0.0001954585313796997
7.5	0.00019350647926330566
7.51	0.00019131600856781006
7.52	0.00018936395645141602
7.53	0.00018733739852905273
7.54	0.00018522143363952637
7.55	0.00018356740474700928
7.56	0.00018134713172912598
7.57	0.00017915666103363037
7.58	0.00017757713794708252
7.59	0.00017556548118591309
7.6	0.0001732558012008667
7.61	0.00017122924327850342
7.62	0.0001691579818725586
7.63	0.00016731023788452148
7.64	0.00016532838344573975
7.65	0.00016321241855621338
7.66	0.00016163289546966553
7.67	0.00015985965728759766
7.68	0.0001579970121383667
7.69	0.00015635788440704346
7.7	0.00015479326248168945
7.71	0.00015307962894439697
7.72	0.00015138089656829834
7.73	0.00014950335025787354
7.74	0.00014781951904296875
7.75	0.0001462996006011963
7.76	0.00014437735080718994
7.77	0.00014278292655944824
7.78	0.00014129281044006348
7.79	0.00013953447341918945
7.8	0.0001379549503326416
7.81	0.00013625621795654297
7.82	0.00013488531112670898
7.83	0.00013341009616851807
7.84	0.00013180077075958252
7.85	0.00013020634651184082
7.86	0.0001290440559387207
7.87	0.00012737512588500977
7.88	0.00012589991092681885
7.89	0.00012439489364624023
7.9	0.00012288987636566162
7.91	0.00012148916721343994
7.92	0.000119820237159729
7.93	0.00011827051639556885
7.94	0.00011712312698364258
7.95	0.00011561810970306396
7.96	0.0001141577959060669
7.97	0.00011298060417175293
7.98	0.00011157989501953125
7.99	0.00011044740676879883
8.0	0.0001090019941329956
8.01	0.00010758638381958008
8.02	0.00010634958744049072
8.03	0.00010509788990020752
8.04	0.0001036524772644043
8.05	0.0001023709774017334
8.06	0.00010117888450622559
8.07	9.992718696594238e-05
8.08	9.876489639282227e-05
8.09	9.757280349731445e-05
8.1	9.647011756896973e-05
8.11	9.550154209136963e-05
8.12	9.423494338989258e-05
8.13	9.299814701080322e-05
8.14	9.210407733917236e-05
8.15	9.103119373321533e-05
8.16	8.979439735412598e-05
8.17	8.882582187652588e-05
8.18	8.766353130340576e-05
8.19	8.665025234222412e-05
8.2	8.544325828552246e-05
8.21	8.428096771240234e-05
8.22	8.328258991241455e-05
8.23	8.216500282287598e-05
8.24	8.125603199005127e-05
8.25	8.034706115722656e-05
8.26	7.925927639007568e-05
8.27	7.829070091247559e-05
8.28	7.735192775726318e-05
8.29	7.623434066772461e-05
8.3	7.542967796325684e-05
8.31	7.44163990020752e-05
8.32	7.34180212020874e-05
8.33	7.264316082000732e-05
8.34	7.179379463195801e-05
8.35	7.086992263793945e-05
8.36	6.988644599914551e-05
8.37	6.893277168273926e-05
8.38	6.802380084991455e-05
8.39	6.724894046783447e-05
8.4	6.617605686187744e-05
8.41	6.55055046081543e-05
8.42	6.473064422607422e-05
8.43	6.379187107086182e-05
8.44	6.29723072052002e-05
8.45	6.209313869476318e-05
8.46	6.140768527984619e-05
8.47	6.070733070373535e-05
8.48	5.982816219329834e-05
8.49	5.9098005294799805e-05
8.5	5.841255187988281e-05
8.51	5.762279033660889e-05
8.52	5.6937336921691895e-05
8.53	5.613267421722412e-05
8.54	5.5462121963500977e-05
8.55	5.480647087097168e-05
8.56	5.383789539337158e-05
8.57	5.30928373336792e-05
8.58	5.257129669189453e-05
8.59	5.193054676055908e-05
8.6	5.130469799041748e-05
8.61	5.060434341430664e-05
8.62	4.9874186515808105e-05
8.63	4.933774471282959e-05
8.64	4.863739013671875e-05
8.65	4.775822162628174e-05
8.66	4.7206878662109375e-05
8.67	4.647672176361084e-05
8.68	4.5746564865112305e-05
8.69	4.51505184173584e-05
8.7	4.455447196960449e-05
8.71	4.400312900543213e-05
8.72	4.346668720245361e-05
8.73	4.278123378753662e-05
8.74	4.225969314575195e-05
8.75	4.1738152503967285e-05
8.76	4.106760025024414e-05
8.77	4.0590763092041016e-05
8.78	4.006922245025635e-05
8.79	3.954768180847168e-05
8.8	3.8936734199523926e-05
8.81	3.835558891296387e-05
8.82	3.774464130401611e-05
8.83	3.723800182342529e-05
8.84	3.6656856536865234e-05
8.85	3.6090612411499023e-05
8.86	3.5643577575683594e-05
8.87	3.5122036933898926e-05
8.88	3.4689903259277344e-05
8.89	3.427267074584961e-05
8.9	3.3915042877197266e-05
8.91	3.351271152496338e-05
8.92	3.300607204437256e-05
8.93	3.246963024139404e-05
8.94	3.2141804695129395e-05
8.95	3.1620264053344727e-05
8.96	3.097951412200928e-05
8.97	3.0681490898132324e-05
8.98	3.0115246772766113e-05
8.99	2.968311309814453e-05
9.0	2.9265880584716797e-05
9.01	2.8774142265319824e-05
9.02	2.8431415557861328e-05
9.03	2.8073787689208984e-05
9.04	2.7582049369812012e-05
9.05	2.7298927307128906e-05
9.06	2.6911497116088867e-05
9.07	2.6464462280273438e-05
9.08	2.6106834411621094e-05
9.09	2.5600194931030273e-05
9.1	2.5257468223571777e-05
9.11	2.4959444999694824e-05
9.12	2.446770668029785e-05
9.13	2.4199485778808594e-05
9.14	2.396106719970703e-05
9.15	2.3499131202697754e-05
9.16	2.3245811462402344e-05
9.17	2.288818359375e-05
9.18	2.256035804748535e-05
9.19	2.232193946838379e-05
9.2	2.1964311599731445e-05
9.21	2.16066837310791e-05
9.22	2.1398067474365234e-05
9.23	2.09808349609375e-05
9.24	2.0682811737060547e-05
9.25	2.03549861907959e-05
9.26	1.9937753677368164e-05
9.27	1.9624829292297363e-05
9.28	1.9371509552001953e-05
9.29	1.9043684005737305e-05
9.3	1.8849968910217285e-05
9.31	1.8522143363952637e-05
9.32	1.817941665649414e-05
9.33	1.7955899238586426e-05
9.34	1.767277717590332e-05
9.35	1.7404556274414062e-05
9.36	1.7136335372924805e-05
9.37	1.68532133102417e-05
9.38	1.6614794731140137e-05
9.39	1.634657382965088e-05
9.4	1.5974044799804688e-05
9.41	1.5735626220703125e-05
9.42	1.5527009963989258e-05
9.43	1.5214085578918457e-05
9.44	1.5020370483398438e-05
9.45	1.4722347259521484e-05
9.46	1.4469027519226074e-05
9.47	1.430511474609375e-05
9.48	1.4036893844604492e-05
9.49	1.3872981071472168e-05
9.5	1.3709068298339844e-05
9.51	1.341104507446289e-05
9.52	1.3202428817749023e-05
9.53	1.3068318367004395e-05
9.54	1.2800097465515137e-05
9.55	1.271069049835205e-05
9.56	1.245737075805664e-05
9.57	1.2233853340148926e-05
9.58	1.2114644050598145e-05
9.59	1.1861324310302734e-05
9.6	1.1652708053588867e-05
9.61	1.1473894119262695e-05
9.62	1.1280179023742676e-05
9.63	1.1056661605834961e-05
9.64	1.0922551155090332e-05
9.65	1.0713934898376465e-05
9.66	1.0535120964050293e-05
9.67	1.0415911674499512e-05
9.68	1.0192394256591797e-05
9.69	1.0028481483459473e-05
9.7	9.894371032714844e-06
9.71	9.655952453613281e-06
9.72	9.5367431640625e-06
9.73	9.357929229736328e-06
9.74	9.164214134216309e-06
9.75	9.045004844665527e-06
9.76	8.806586265563965e-06
9.77	8.687376976013184e-06
9.78	8.568167686462402e-06
9.79	8.404254913330078e-06
9.8	8.344650268554688e-06
9.81	8.180737495422363e-06
9.82	8.016824722290039e-06
9.83	7.9423189163208e-06
9.84	7.808208465576172e-06
9.85	7.599592208862305e-06
9.86	7.539987564086914e-06
9.87	7.331371307373047e-06
9.88	7.197260856628418e-06
9.89	7.078051567077637e-06
9.9	6.92903995513916e-06
9.91	6.884336471557617e-06
9.92	6.750226020812988e-06
9.93	6.660819053649902e-06
9.94	6.556510925292969e-06
9.95	6.467103958129883e-06
9.96	6.377696990966797e-06
9.97	6.273388862609863e-06
9.98	6.198883056640625e-06
9.99	6.079673767089844e-06
10.0	5.945563316345215e-06
10.01	5.766749382019043e-06
10.02	5.647540092468262e-06
10.03	5.513429641723633e-06
10.04	5.379319190979004e-06
10.05	5.245208740234375e-06
10.06	5.155801773071289e-06
10.07	5.0961971282958984e-06
10.08	5.036592483520508e-06
10.09	4.932284355163574e-06
10.1	4.842877388000488e-06
10.11	4.753470420837402e-06
10.12	4.649162292480469e-06
10.13	4.589557647705078e-06
10.14	4.51505184173584e-06
10.15	4.425644874572754e-06
10.16	4.32133674621582e-06
10.17	4.291534423828125e-06
10.18	4.157423973083496e-06
10.19	4.082918167114258e-06
10.2	3.993511199951172e-06
10.21	3.904104232788086e-06
10.22	3.859400749206543e-06
10.23	3.7997961044311523e-06
10.24	3.769993782043457e-06
10.25	3.680586814880371e-06
10.26	3.635883331298828e-06
10.27	3.546476364135742e-06
10.28	3.4868717193603516e-06
10.29	3.427267074584961e-06
10.3	3.3676624298095703e-06
10.31	3.248453140258789e-06
10.32	3.159046173095703e-06
10.33	3.129243850708008e-06
10.34	3.0547380447387695e-06
10.35	2.995133399963379e-06
10.36	2.9355287551879883e-06
10.37	2.905726432800293e-06
10.38	2.86102294921875e-06
10.39	2.8014183044433594e-06
10.4	2.7120113372802734e-06
10.41	2.637505531311035e-06
10.42	2.60770320892334e-06
10.43	2.5331974029541016e-06
10.44	2.5033950805664062e-06
10.45	2.428889274597168e-06
10.46	2.384185791015625e-06
10.47	2.3096799850463867e-06
10.48	2.2351741790771484e-06
10.49	2.205371856689453e-06
10.5	2.175569534301758e-06
10.51	2.130866050720215e-06
10.52	2.115964889526367e-06
10.53	2.086162567138672e-06
10.54	2.0265579223632812e-06
10.55	2.0265579223632812e-06
10.56	1.9669532775878906e-06
10.57	1.9073486328125e-06
10.58	1.8924474716186523e-06
10.59	1.8477439880371094e-06
10.6	1.8477439880371094e-06
10.61	1.8030405044555664e-06
10.62	1.7434358596801758e-06
10.63	1.7285346984863281e-06
10.64	1.6838312149047852e-06
10.65	1.6093254089355469e-06
10.66	1.5795230865478516e-06
10.67	1.5348196029663086e-06
10.68	1.519918441772461e-06
10.69	1.4901161193847656e-06
10.7	1.430511474609375e-06
10.71	1.4007091522216797e-06
10.72	1.385807991027832e-06
10.73	1.3709068298339844e-06
10.74	1.3262033462524414e-06
10.75	1.3262033462524414e-06
10.76	1.2814998626708984e-06
10.77	1.2516975402832031e-06
10.78	1.2218952178955078e-06
10.79	1.1622905731201172e-06
10.8	1.1622905731201172e-06
10.81	1.1324882507324219e-06
10.82	1.087784767150879e-06
10.83	1.0728836059570312e-06
10.84	1.043081283569336e-06
10.85	1.0132789611816406e-06
10.86	1.0132789611816406e-06
10.87	1.0132789611816406e-06
10.88	9.98377799987793e-07
10.89	9.5367431640625e-07
10.9	9.238719940185547e-07
10.91	9.238719940185547e-07
10.92	8.940696716308594e-07
10.93	8.940696716308594e-07
10.94	8.940696716308594e-07
10.95	8.344650268554688e-07
10.96	8.195638656616211e-07
10.97	7.897615432739258e-07
10.98	7.748603820800781e-07
10.99	7.599592208862305e-07
11.0	7.599592208862305e-07
11.01	7.152557373046875e-07
11.02	7.152557373046875e-07
11.03	7.152557373046875e-07
11.04	6.854534149169922e-07
11.05	6.556510925292969e-07
11.06	6.556510925292969e-07
11.07	6.109476089477539e-07
11.08	5.811452865600586e-07
11.09	5.662441253662109e-07
11.1	5.364418029785156e-07
11.11	5.364418029785156e-07
11.12	5.066394805908203e-07
11.13	4.917383193969727e-07
11.14	4.917383193969727e-07
11.15	4.76837158203125e-07
11.16	4.76837158203125e-07
11.17	4.76837158203125e-07
11.18	4.6193599700927734e-07
11.19	4.6193599700927734e-07
11.2	4.470348358154297e-07
11.21	4.172325134277344e-07
11.22	4.172325134277344e-07
11.23	3.8743019104003906e-07
11.24	3.725290298461914e-07
11.25	3.725290298461914e-07
11.26	3.427267074584961e-07
11.27	3.427267074584961e-07
11.28	3.427267074584961e-07
11.29	3.427267074584961e-07
11.3	3.427267074584961e-07
11.31	3.427267074584961e-07
11.32	3.427267074584961e-07
11.33	3.427267074584961e-07
11.34	3.129243850708008e-07
11.35	2.980232238769531e-07
11.36	2.980232238769531e-07
11.37	2.8312206268310547e-07
11.38	2.8312206268310547e-07
11.39	2.682209014892578e-07
11.4	2.682209014892578e-07
11.41	2.5331974029541016e-07
11.42	2.5331974029541016e-07
11.43	2.2351741790771484e-07
11.44	2.2351741790771484e-07
11.45	2.2351741790771484e-07
11.46	2.086162567138672e-07
11.47	2.086162567138672e-07
11.48	2.086162567138672e-07
11.49	1.9371509552001953e-07
11.5	1.7881393432617188e-07
11.51	1.7881393432617188e-07
11.52	1.7881393432617188e-07
11.53	1.7881393432617188e-07
11.54	1.6391277313232422e-07
11.55	1.6391277313232422e-07
11.56	1.6391277313232422e-07
11.57	1.6391277313232422e-07
11.58	1.6391277313232422e-07
11.59	1.6391277313232422e-07
11.6	1.6391277313232422e-07
11.61	1.6391277313232422e-07
11.62	1.6391277313232422e-07
11.63	1.6391277313232422e-07
11.64	1.6391277313232422e-07
11.65	1.341104507446289e-07
11.66	1.341104507446289e-07
11.67	1.341104507446289e-07
11.68	1.1920928955078125e-07
11.69	1.1920928955078125e-07
11.7	1.1920928955078125e-07
11.71	1.1920928955078125e-07
11.72	1.043081283569336e-07
11.73	1.043081283569336e-07
11.74	8.940696716308594e-08
11.75	8.940696716308594e-08
11.76	8.940696716308594e-08
11.77	7.450580596923828e-08
11.78	7.450580596923828e-08
11.79	7.450580596923828e-08
11.8	7.450580596923828e-08
11.81	5.960464477539063e-08
11.82	5.960464477539063e-08
11.83	5.960464477539063e-08
11.84	5.960464477539063e-08
11.85	4.470348358154297e-08
11.86	4.470348358154297e-08
11.87	4.470348358154297e-08
11.88	4.470348358154297e-08
11.89	4.470348358154297e-08
11.9	4.470348358154297e-08
11.91	4.470348358154297e-08
11.92	4.470348358154297e-08
11.93	4.470348358154297e-08
11.94	4.470348358154297e-08
11.95	4.470348358154297e-08
11.96	4.470348358154297e-08
11.97	4.470348358154297e-08
11.98	4.470348358154297e-08
11.99	4.470348358154297e-08
12.0	4.470348358154297e-08
12.01	4.470348358154297e-08
12.02	4.470348358154297e-08
12.03	2.9802322387695312e-08
12.04	2.9802322387695312e-08
12.05	2.9802322387695312e-08
12.06	2.9802322387695312e-08
12.07	2.9802322387695312e-08
12.08	2.9802322387695312e-08
12.09	2.9802322387695312e-08
12.1	2.9802322387695312e-08
12.11	2.9802322387695312e-08
12.12	2.9802322387695312e-08
12.13	1.4901161193847656e-08
12.14	1.4901161193847656e-08
12.15	1.4901161193847656e-08
12.16	1.4901161193847656e-08
12.17	1.4901161193847656e-08
12.18	1.4901161193847656e-08
12.19	1.4901161193847656e-08
12.2	1.4901161193847656e-08
12.21	1.4901161193847656e-08
12.22	1.4901161193847656e-08
12.23	1.4901161193847656e-08
12.24	1.4901161193847656e-08
12.25	1.4901161193847656e-08
12.26	1.4901161193847656e-08
12.27	1.4901161193847656e-08
12.28	1.4901161193847656e-08
12.29	1.4901161193847656e-08
12.3	1.4901161193847656e-08
12.31	1.4901161193847656e-08
12.32	1.4901161193847656e-08
12.33	1.4901161193847656e-08
12.34	1.4901161193847656e-08
12.35	1.4901161193847656e-08
12.36	1.4901161193847656e-08
12.37	1.4901161193847656e-08
12.38	1.4901161193847656e-08
12.39	1.4901161193847656e-08
12.4	1.4901161193847656e-08
12.41	1.4901161193847656e-08
12.42	1.4901161193847656e-08
12.43	1.4901161193847656e-08
12.44	1.4901161193847656e-08
