4.15	0.0005005896091461182
4.16	0.0004954338073730469
4.17	0.0004913955926895142
4.18	0.0004887580871582031
4.19	0.00048598647117614746
4.2	0.00048342347145080566
4.21	0.0004808753728866577
4.22	0.0004780888557434082
4.23	0.0004760473966598511
4.24	0.00047272443771362305
4.25	0.0004690438508987427
4.26	0.0004663616418838501
4.27	0.0004639476537704468
4.28	0.000461578369140625
4.29	0.0004576146602630615
4.3	0.0004546642303466797
4.31	0.0004516690969467163
4.32	0.00044812262058258057
4.33	0.0004461705684661865
4.34	0.00044326484203338623
4.35	0.00044021010398864746
4.36	0.0004376918077468872
4.37	0.0004345029592514038
4.38	0.00043161213397979736
4.39	0.00042851269245147705
4.4	0.0004263073205947876
4.41	0.0004228353500366211
4.42	0.00041972100734710693
4.43	0.00041741132736206055
4.44	0.00041531026363372803
4.45	0.0004127025604248047
4.46	0.00041006505489349365
4.47	0.00040699541568756104
4.48	0.00040508806705474854
4.49	0.00040268898010253906
4.5	0.00039905309677124023
4.51	0.0003961622714996338
4.52	0.0003943145275115967
4.53	0.00039204955101013184
4.54	0.0003896355628967285
4.55	0.0003868788480758667
4.56	0.0003842562437057495
4.57	0.00038205087184906006
4.58	0.0003804713487625122
4.59	0.0003771781921386719
4.6	0.0003746300935745239
4.61	0.0003724098205566406
4.62	0.00037020444869995117
4.63	0.0003676116466522217
4.64	0.00036513805389404297
4.65	0.0003633052110671997
4.66	0.0003607422113418579
4.67	0.00035877525806427
4.68	0.00035665929317474365
4.69	0.00035318732261657715
4.7	0.0003517568111419678
4.71	0.0003494769334793091
4.72	0.0003460794687271118
4.73	0.0003440678119659424
4.74	0.00034214556217193604
4.75	0.00034020841121673584
4.76	0.00033780932426452637
4.77	0.00033555924892425537
4.78	0.00033389031887054443
4.79	0.0003318488597869873
4.8	0.0003296881914138794
4.81	0.00032733380794525146
4.82	0.00032576918601989746
4.83	0.00032404065132141113
4.84	0.00032126903533935547
4.85	0.0003190040588378906
4.86	0.00031717121601104736
4.87	0.00031484663486480713
4.88	0.00031238794326782227
4.89	0.0003108084201812744
4.9	0.00030854344367980957
4.91	0.00030638277530670166
4.92	0.0003047436475753784
4.93	0.0003033578395843506
4.94	0.00030086934566497803
4.95	0.0002993345260620117
4.96	0.0002979785203933716
4.97	0.0002949833869934082
4.98	0.0002927631139755249
4.99	0.00029096007347106934
5.0	0.00028893351554870605
5.01	0.0002871304750442505
5.02	0.0002840012311935425
5.03	0.00028164684772491455
5.04	0.00028011202812194824
5.05	0.000278472900390625
5.06	0.00027720630168914795
5.07	0.00027604401111602783
5.08	0.0002749413251876831
5.09	0.0002735555171966553
5.1	0.00027133524417877197
5.11	0.00026948750019073486
5.12	0.00026723742485046387
5.13	0.00026513636112213135
5.14	0.00026325881481170654
5.15	0.00026144087314605713
5.16	0.00025895237922668457
5.17	0.00025753676891326904
5.18	0.00025616586208343506
5.19	0.00025434792041778564
5.2	0.0002536475658416748
5.21	0.0002520531415939331
5.22	0.0002499818801879883
5.23	0.0002484172582626343
5.24	0.00024583935737609863
5.25	0.00024387240409851074
5.26	0.00024232268333435059
5.27	0.00024059414863586426
5.28	0.0002384483814239502
5.29	0.00023692846298217773
5.3	0.00023587048053741455
5.31	0.0002348572015762329
5.32	0.00023257732391357422
5.33	0.0002314746379852295
5.34	0.00023008882999420166
5.35	0.00022864341735839844
5.36	0.00022612512111663818
5.37	0.0002237558364868164
5.38	0.00022271275520324707
5.39	0.00022132694721221924
5.4	0.0002203136682510376
5.41	0.00021880865097045898
5.42	0.00021788477897644043
5.43	0.00021666288375854492
5.44	0.0002146512269973755
5.45	0.0002135932445526123
5.46	0.00021244585514068604
5.47	0.00021007657051086426
5.48	0.00020907819271087646
5.49	0.0002070218324661255
5.5	0.0002049952745437622
5.51	0.00020372867584228516
5.52	0.00020264089107513428
5.53	0.00020125508308410645
5.54	0.00020034611225128174
5.55	0.00019928812980651855
5.56	0.0001977682113647461
5.57	0.00019592046737670898
5.58	0.00019462406635284424
5.59	0.00019285082817077637
5.6	0.00019174814224243164
5.61	0.00018991529941558838
5.62	0.0001885741949081421
5.63	0.0001872032880783081
5.64	0.00018636882305145264
5.65	0.00018510222434997559
5.66	0.0001837313175201416
5.67	0.00018262863159179688
5.68	0.00018164515495300293
5.69	0.0001800060272216797
5.7	0.00017850100994110107
5.71	0.0001771003007888794
5.72	0.00017559528350830078
5.73	0.00017461180686950684
5.74	0.0001729130744934082
5.75	0.00017189979553222656
5.76	0.000170782208442688
5.77	0.00016957521438598633
5.78	0.00016811490058898926
5.79	0.00016726553440093994
5.8	0.00016660988330841064
5.81	0.0001652538776397705
5.82	0.00016422569751739502
5.83	0.0001630038022994995
5.84	0.0001608431339263916
5.85	0.00015963613986968994
5.86	0.00015817582607269287
5.87	0.00015693902969360352
5.88	0.00015597045421600342
5.89	0.00015428662300109863
5.9	0.0001529902219772339
5.91	0.000151902437210083
5.92	0.00015059113502502441
5.93	0.0001500546932220459
5.94	0.0001490265130996704
5.95	0.0001481771469116211
5.96	0.00014685094356536865
5.97	0.00014594197273254395
5.98	0.00014452636241912842
5.99	0.00014322996139526367
6.0	0.00014175474643707275
6.01	0.00014063715934753418
6.02	0.00013928115367889404
6.03	0.00013744831085205078
6.04	0.00013671815395355225
6.05	0.00013574957847595215
6.06	0.0001354217529296875
6.07	0.0001347661018371582
6.08	0.00013355910778045654
6.09	0.0001321732997894287
6.1	0.00013139843940734863
6.11	0.00012999773025512695
6.12	0.00012877583503723145
6.13	0.00012823939323425293
6.14	0.00012689828872680664
6.15	0.00012573599815368652
6.16	0.00012490153312683105
6.17	0.00012408196926116943
6.18	0.00012321770191192627
6.19	0.0001224726438522339
6.2	0.00012171268463134766
6.21	0.00012071430683135986
6.22	0.00011970102787017822
6.23	0.00011847913265228271
6.24	0.00011770427227020264
6.25	0.00011651217937469482
6.26	0.00011590123176574707
6.27	0.00011517107486724854
6.28	0.00011388957500457764
6.29	0.00011342763900756836
6.3	0.000112876296043396
6.31	0.00011223554611206055
6.32	0.00011166930198669434
6.33	0.00011026859283447266
6.34	0.00010930001735687256
6.35	0.0001086890697479248
6.36	0.00010730326175689697
6.37	0.00010657310485839844
6.38	0.0001061558723449707
6.39	0.00010542571544647217
6.4	0.00010500848293304443
6.41	0.00010448694229125977
6.42	0.00010380148887634277
6.43	0.000102996826171875
6.44	0.00010187923908233643
6.45	0.00010131299495697021
6.46	0.00010021030902862549
6.47	9.909272193908691e-05
6.48	9.857118129730225e-05
6.49	9.788572788238525e-05
6.5	9.739398956298828e-05
6.51	9.700655937194824e-05
6.52	9.652972221374512e-05
6.53	9.566545486450195e-05
6.54	9.544193744659424e-05
6.55	9.483098983764648e-05
6.56	9.381771087646484e-05
6.57	9.293854236602783e-05
6.58	9.222328662872314e-05
6.59	9.118020534515381e-05
6.6	9.070336818695068e-05
6.61	9.007751941680908e-05
6.62	8.942186832427979e-05
6.63	8.891522884368896e-05
6.64	8.83340835571289e-05
6.65	8.787214756011963e-05
6.66	8.746981620788574e-05
6.67	8.673965930938721e-05
6.68	8.584558963775635e-05
6.69	8.510053157806396e-05
6.7	8.42660665512085e-05
6.71	8.349120616912842e-05
6.72	8.308887481689453e-05
6.73	8.2358717918396e-05
6.74	8.180737495422363e-05
6.75	8.130073547363281e-05
6.76	8.067488670349121e-05
6.77	8.018314838409424e-05
6.78	7.925927639007568e-05
6.79	7.875263690948486e-05
6.8	7.82012939453125e-05
6.81	7.708370685577393e-05
6.82	7.633864879608154e-05
6.83	7.607042789459229e-05
6.84	7.56382942199707e-05
6.85	7.513165473937988e-05
6.86	7.43567943572998e-05
6.87	7.398426532745361e-05
6.88	7.31348991394043e-05
6.89	7.21663236618042e-05
6.9	7.11679458618164e-05
6.91	7.084012031555176e-05
6.92	7.016956806182861e-05
6.93	6.949901580810547e-05
6.94	6.884336471557617e-05
6.95	6.839632987976074e-05
6.96	6.791949272155762e-05
6.97	6.777048110961914e-05
6.98	6.718933582305908e-05
6.99	6.665289402008057e-05
7.0	6.61611557006836e-05
7.01	6.501376628875732e-05
7.02	6.42538070678711e-05
7.03	6.35385513305664e-05
7.04	6.295740604400635e-05
7.05	6.254017353057861e-05
7.06	6.203353404998779e-05
7.07	6.161630153656006e-05
7.08	6.118416786193848e-05
7.09	6.096065044403076e-05
7.1	6.04093074798584e-05
7.11	6.00665807723999e-05
7.12	5.936622619628906e-05
7.13	5.882978439331055e-05
7.14	5.811452865600586e-05
7.15	5.665421485900879e-05
7.16	5.644559860229492e-05
7.17	5.589425563812256e-05
7.18	5.574524402618408e-05
7.19	5.555152893066406e-05
7.2	5.4836273193359375e-05
7.21	5.4702162742614746e-05
7.22	5.4508447647094727e-05
7.23	5.3629279136657715e-05
7.24	5.316734313964844e-05
7.25	5.285441875457764e-05
7.26	5.2362680435180664e-05
7.27	5.170702934265137e-05
7.28	5.106627941131592e-05
7.29	5.075335502624512e-05
7.3	5.035102367401123e-05
7.31	5.017220973968506e-05
7.32	4.991888999938965e-05
7.33	4.938244819641113e-05
7.34	4.895031452178955e-05
7.35	4.850327968597412e-05
7.36	4.772841930389404e-05
7.37	4.741549491882324e-05
7.38	4.716217517852783e-05
7.39	4.667043685913086e-05
7.4	4.617869853973389e-05
7.41	4.5806169509887695e-05
7.42	4.547834396362305e-05
7.43	4.5105814933776855e-05
7.44	4.489719867706299e-05
7.45	4.44948673248291e-05
7.46	4.427134990692139e-05
7.47	4.413723945617676e-05
7.48	4.354119300842285e-05
7.49	4.2945146560668945e-05
7.5	4.272162914276123e-05
7.51	4.2438507080078125e-05
7.52	4.2244791984558105e-05
7.53	4.202127456665039e-05
7.54	4.166364669799805e-05
7.55	4.146993160247803e-05
7.56	4.118680953979492e-05
7.57	4.093348979949951e-05
7.58	4.0590763092041016e-05
7.59	4.023313522338867e-05
7.6	3.999471664428711e-05
7.61	3.950297832489014e-05
7.62	3.9204955101013184e-05
7.63	3.892183303833008e-05
7.64	3.860890865325928e-05
7.65	3.834068775177002e-05
7.66	3.813207149505615e-05
7.67	3.774464130401611e-05
7.68	3.7223100662231445e-05
7.69	3.7029385566711426e-05
7.7	3.688037395477295e-05
7.71	3.674626350402832e-05
7.72	3.6582350730895996e-05
7.73	3.637373447418213e-05
7.74	3.6016106605529785e-05
7.75	3.5569071769714355e-05
7.76	3.5136938095092773e-05
7.77	3.482401371002197e-05
7.78	3.457069396972656e-05
7.79	3.428757190704346e-05
7.8	3.409385681152344e-05
7.81	3.3915042877197266e-05
7.82	3.375113010406494e-05
7.83	3.3542513847351074e-05
7.84	3.3408403396606445e-05
7.85	3.3229589462280273e-05
7.86	3.30805778503418e-05
7.87	3.282725811004639e-05
7.88	3.2335519790649414e-05
7.89	3.196299076080322e-05
7.9	3.1635165214538574e-05
7.91	3.141164779663086e-05
7.92	3.1113624572753906e-05
7.93	3.081560134887695e-05
7.94	3.0606985092163086e-05
7.95	3.045797348022461e-05
7.96	3.0353665351867676e-05
7.97	3.02046537399292e-05
7.98	2.9996037483215332e-05
7.99	2.9802322387695312e-05
8.0	2.9414892196655273e-05
8.01	2.880394458770752e-05
8.02	2.8312206268310547e-05
8.03	2.816319465637207e-05
8.04	2.7939677238464355e-05
8.05	2.7731060981750488e-05
8.06	2.7626752853393555e-05
8.07	2.7492642402648926e-05
8.08	2.7358531951904297e-05
8.09	2.714991569519043e-05
8.1	2.682209014892578e-05
8.11	2.6673078536987305e-05
8.12	2.6494264602661133e-05
8.13	2.6091933250427246e-05
8.14	2.5972723960876465e-05
8.15	2.5585293769836426e-05
8.16	2.54213809967041e-05
8.17	2.5212764739990234e-05
8.18	2.5063753128051758e-05
8.19	2.4884939193725586e-05
8.2	2.4721026420593262e-05
8.21	2.4631619453430176e-05
8.22	2.44826078414917e-05
8.23	2.4139881134033203e-05
8.24	2.3871660232543945e-05
8.25	2.372264862060547e-05
8.26	2.3365020751953125e-05
8.27	2.2977590560913086e-05
8.28	2.288818359375e-05
8.29	2.2739171981811523e-05
8.3	2.2545456886291504e-05
8.31	2.238154411315918e-05
8.32	2.2172927856445312e-05
8.33	2.206861972808838e-05
8.34	2.1904706954956055e-05
8.35	2.130866050720215e-05
8.36	2.1219253540039062e-05
8.37	2.1070241928100586e-05
8.38	2.092123031616211e-05
8.39	2.0772218704223633e-05
8.4	2.0623207092285156e-05
8.41	2.053380012512207e-05
8.42	2.0459294319152832e-05
8.43	2.0235776901245117e-05
8.44	2.0071864128112793e-05
8.45	1.9952654838562012e-05
8.46	1.983344554901123e-05
8.47	1.9729137420654297e-05
8.48	1.9371509552001953e-05
8.49	1.9222497940063477e-05
8.5	1.9073486328125e-05
8.51	1.882016658782959e-05
8.52	1.8730759620666504e-05
8.53	1.8611550331115723e-05
8.54	1.843273639678955e-05
8.55	1.831352710723877e-05
8.56	1.811981201171875e-05
8.57	1.7940998077392578e-05
8.58	1.7836689949035645e-05
8.59	1.7702579498291016e-05
8.6	1.755356788635254e-05
8.61	1.7240643501281738e-05
8.62	1.7091631889343262e-05
8.63	1.703202724456787e-05
8.64	1.6883015632629395e-05
8.65	1.6689300537109375e-05
8.66	1.65402889251709e-05
8.67	1.6495585441589355e-05
8.68	1.633167266845703e-05
8.69	1.609325408935547e-05
8.7	1.5988945960998535e-05
8.71	1.5929341316223145e-05
8.72	1.582503318786621e-05
8.73	1.5690922737121582e-05
8.74	1.5556812286376953e-05
8.75	1.5422701835632324e-05
8.76	1.5288591384887695e-05
8.77	1.5169382095336914e-05
8.78	1.500546932220459e-05
8.79	1.4856457710266113e-05
8.8	1.4767050743103027e-05
8.81	1.4632940292358398e-05
8.82	1.449882984161377e-05
8.83	1.4439225196838379e-05
8.84	1.4349818229675293e-05
8.85	1.4260411262512207e-05
8.86	1.4126300811767578e-05
8.87	1.3977289199829102e-05
8.88	1.3902783393859863e-05
8.89	1.3828277587890625e-05
8.9	1.3649463653564453e-05
8.91	1.3485550880432129e-05
8.92	1.3381242752075195e-05
8.93	1.3262033462524414e-05
8.94	1.315772533416748e-05
8.95	1.3053417205810547e-05
8.96	1.2919306755065918e-05
8.97	1.2874603271484375e-05
8.98	1.2800097465515137e-05
8.99	1.2695789337158203e-05
9.0	1.2561678886413574e-05
9.01	1.2531876564025879e-05
9.02	1.245737075805664e-05
9.03	1.2278556823730469e-05
9.04	1.2129545211791992e-05
9.05	1.2040138244628906e-05
9.06	1.1906027793884277e-05
9.07	1.1816620826721191e-05
9.08	1.1742115020751953e-05
9.09	1.163780689239502e-05
9.1	1.1578202247619629e-05
9.11	1.1473894119262695e-05
9.12	1.1414289474487305e-05
9.13	1.1309981346130371e-05
9.14	1.1265277862548828e-05
9.15	1.1146068572998047e-05
9.16	1.099705696105957e-05
9.17	1.0877847671508789e-05
9.18	1.0773539543151855e-05
9.19	1.0699033737182617e-05
9.2	1.0624527931213379e-05
9.21	1.0415911674499512e-05
9.22	1.0311603546142578e-05
9.23	1.0281801223754883e-05
9.24	1.0192394256591797e-05
9.25	1.0132789611816406e-05
9.26	1.0073184967041016e-05
9.27	1.004338264465332e-05
9.28	9.953975677490234e-06
9.29	9.8496675491333e-06
9.3	9.73045825958252e-06
9.31	9.641051292419434e-06
9.32	9.551644325256348e-06
9.33	9.492039680480957e-06
9.34	9.34302806854248e-06
9.35	9.253621101379395e-06
9.36	9.194016456604004e-06
9.37	9.134411811828613e-06
9.38	9.059906005859375e-06
9.39	9.03010368347168e-06
9.4	8.910894393920898e-06
9.41	8.806586265563965e-06
9.42	8.732080459594727e-06
9.43	8.597970008850098e-06
9.44	8.538365364074707e-06
9.45	8.493661880493164e-06
9.46	8.38935375213623e-06
9.47	8.285045623779297e-06
9.48	8.240342140197754e-06
9.49	8.195638656616211e-06
9.5	8.121132850646973e-06
9.51	8.001923561096191e-06
9.52	7.957220077514648e-06
9.53	7.88271427154541e-06
9.54	7.808208465576172e-06
9.55	7.674098014831543e-06
9.56	7.554888725280762e-06
9.57	7.510185241699219e-06
9.58	7.495284080505371e-06
9.59	7.450580596923828e-06
9.6	7.3909759521484375e-06
9.61	7.331371307373047e-06
9.62	7.286667823791504e-06
9.63	7.212162017822266e-06
9.64	7.137656211853027e-06
9.65	7.033348083496094e-06
9.66	6.92903995513916e-06
9.67	6.9141387939453125e-06
9.68	6.780028343200684e-06
9.69	6.705522537231445e-06
9.7	6.690621376037598e-06
9.71	6.631016731262207e-06
9.72	6.601214408874512e-06
9.73	6.586313247680664e-06
9.74	6.541609764099121e-06
9.75	6.496906280517578e-06
9.76	6.362795829772949e-06
9.77	6.288290023803711e-06
9.78	6.198883056640625e-06
9.79	6.139278411865234e-06
9.8	6.0498714447021484e-06
9.81	5.97536563873291e-06
9.82	5.930662155151367e-06
9.83	5.9157609939575195e-06
9.84	5.8710575103759766e-06
9.85	5.841255187988281e-06
9.86	5.796551704406738e-06
9.87	5.751848220825195e-06
9.88	5.692243576049805e-06
9.89	5.617737770080566e-06
9.9	5.558133125305176e-06
9.91	5.46872615814209e-06
9.92	5.424022674560547e-06
9.93	5.334615707397461e-06
9.94	5.319714546203613e-06
9.95	5.289912223815918e-06
9.96	5.185604095458984e-06
9.97	5.185604095458984e-06
9.98	5.155801773071289e-06
9.99	5.125999450683594e-06
10.0	5.081295967102051e-06
10.01	5.036592483520508e-06
10.02	4.947185516357422e-06
10.03	4.827976226806641e-06
10.04	4.783272743225098e-06
10.05	4.723668098449707e-06
10.06	4.664063453674316e-06
10.07	4.604458808898926e-06
10.08	4.5299530029296875e-06
10.09	4.4852495193481445e-06
10.1	4.4405460357666016e-06
10.11	4.380941390991211e-06
10.12	4.380941390991211e-06
10.13	4.351139068603516e-06
10.14	4.32133674621582e-06
10.15	4.246830940246582e-06
10.16	4.217028617858887e-06
10.17	4.127621650695801e-06
10.18	4.038214683532715e-06
10.19	4.023313522338867e-06
10.2	3.978610038757324e-06
10.21	3.829598426818848e-06
10.22	3.7848949432373047e-06
10.23	3.7550926208496094e-06
10.24	3.725290298461914e-06
10.25	3.725290298461914e-06
10.26	3.680586814880371e-06
10.27	3.6209821701049805e-06
10.28	3.56137752532959e-06
10.29	3.5315752029418945e-06
10.3	3.4570693969726562e-06
10.31	3.427267074584961e-06
10.32	3.427267074584961e-06
10.33	3.3527612686157227e-06
10.34	3.2782554626464844e-06
10.35	3.2633543014526367e-06
10.36	3.2186508178710938e-06
10.37	3.1888484954833984e-06
10.38	3.1441450119018555e-06
10.39	3.11434268951416e-06
10.4	3.069639205932617e-06
10.41	3.0249357223510742e-06
10.42	2.950429916381836e-06
10.43	2.9206275939941406e-06
10.44	2.8908252716064453e-06
10.45	2.8908252716064453e-06
10.46	2.8312206268310547e-06
10.47	2.771615982055664e-06
10.48	2.7567148208618164e-06
10.49	2.7418136596679688e-06
10.5	2.7418136596679688e-06
10.51	2.7120113372802734e-06
10.52	2.60770320892334e-06
10.53	2.562999725341797e-06
10.54	2.562999725341797e-06
10.55	2.5033950805664062e-06
10.56	2.473592758178711e-06
10.57	2.473592758178711e-06
10.58	2.473592758178711e-06
10.59	2.4586915969848633e-06
10.6	2.4437904357910156e-06
10.61	2.4139881134033203e-06
10.62	2.3990869522094727e-06
10.63	2.339482307434082e-06
10.64	2.294778823852539e-06
10.65	2.250075340270996e-06
10.66	2.1904706954956055e-06
10.67	2.175569534301758e-06
10.68	2.1457672119140625e-06
10.69	2.1457672119140625e-06
10.7	2.1457672119140625e-06
10.71	2.130866050720215e-06
10.72	2.115964889526367e-06
10.73	2.115964889526367e-06
10.74	2.1010637283325195e-06
10.75	2.086162567138672e-06
10.76	2.0563602447509766e-06
10.77	1.996755599975586e-06
10.78	1.952052116394043e-06
10.79	1.952052116394043e-06
10.8	1.9371509552001953e-06
10.81	1.9073486328125e-06
10.82	1.8924474716186523e-06
10.83	1.8775463104248047e-06
10.84	1.8775463104248047e-06
10.85	1.8775463104248047e-06
10.86	1.862645149230957e-06
10.87	1.8328428268432617e-06
10.88	1.7881393432617188e-06
10.89	1.773238182067871e-06
10.9	1.7434358596801758e-06
10.91	1.7136335372924805e-06
10.92	1.6987323760986328e-06
10.93	1.6838312149047852e-06
10.94	1.6689300537109375e-06
10.95	1.6391277313232422e-06
10.96	1.6093254089355469e-06
10.97	1.6093254089355469e-06
10.98	1.5944242477416992e-06
10.99	1.5795230865478516e-06
11.0	1.5497207641601562e-06
11.01	1.5348196029663086e-06
11.02	1.519918441772461e-06
11.03	1.5050172805786133e-06
11.04	1.4901161193847656e-06
11.05	1.4603137969970703e-06
11.06	1.4603137969970703e-06
11.07	1.4007091522216797e-06
11.08	1.341104507446289e-06
11.09	1.3262033462524414e-06
11.1	1.3262033462524414e-06
11.11	1.3113021850585938e-06
11.12	1.2814998626708984e-06
11.13	1.2516975402832031e-06
11.14	1.2516975402832031e-06
11.15	1.2367963790893555e-06
11.16	1.2367963790893555e-06
11.17	1.2069940567016602e-06
11.18	1.1920928955078125e-06
11.19	1.1622905731201172e-06
11.2	1.1175870895385742e-06
11.21	1.0579824447631836e-06
11.22	1.0579824447631836e-06
11.23	1.0281801223754883e-06
11.24	1.0281801223754883e-06
11.25	1.0132789611816406e-06
11.26	1.0132789611816406e-06
11.27	9.98377799987793e-07
11.28	9.98377799987793e-07
11.29	9.685754776000977e-07
11.3	9.387731552124023e-07
11.31	9.387731552124023e-07
11.32	8.940696716308594e-07
11.33	8.344650268554688e-07
11.34	7.897615432739258e-07
11.35	7.897615432739258e-07
11.36	7.748603820800781e-07
11.37	7.748603820800781e-07
11.38	7.599592208862305e-07
11.39	7.450580596923828e-07
11.4	7.450580596923828e-07
11.41	7.450580596923828e-07
11.42	6.854534149169922e-07
11.43	6.854534149169922e-07
11.44	6.705522537231445e-07
11.45	6.556510925292969e-07
11.46	6.258487701416016e-07
11.47	6.109476089477539e-07
11.48	5.960464477539062e-07
11.49	5.960464477539062e-07
11.5	5.960464477539062e-07
11.51	5.960464477539062e-07
11.52	5.662441253662109e-07
11.53	5.513429641723633e-07
11.54	5.21540641784668e-07
11.55	4.917383193969727e-07
11.56	4.917383193969727e-07
11.57	4.917383193969727e-07
11.58	4.76837158203125e-07
11.59	4.470348358154297e-07
11.6	4.470348358154297e-07
11.61	4.470348358154297e-07
11.62	4.470348358154297e-07
11.63	4.470348358154297e-07
11.64	4.3213367462158203e-07
11.65	4.3213367462158203e-07
11.66	4.3213367462158203e-07
11.67	3.8743019104003906e-07
11.68	3.725290298461914e-07
11.69	3.725290298461914e-07
11.7	3.725290298461914e-07
11.71	3.725290298461914e-07
11.72	3.725290298461914e-07
11.73	3.725290298461914e-07
11.74	3.725290298461914e-07
11.75	3.725290298461914e-07
11.76	3.725290298461914e-07
11.77	3.5762786865234375e-07
11.78	3.427267074584961e-07
11.79	3.2782554626464844e-07
11.8	3.129243850708008e-07
11.81	3.129243850708008e-07
11.82	3.129243850708008e-07
11.83	3.129243850708008e-07
11.84	3.129243850708008e-07
11.85	3.129243850708008e-07
11.86	3.129243850708008e-07
11.87	2.980232238769531e-07
11.88	2.980232238769531e-07
11.89	2.980232238769531e-07
11.9	2.980232238769531e-07
11.91	2.980232238769531e-07
11.92	2.980232238769531e-07
11.93	2.8312206268310547e-07
11.94	2.682209014892578e-07
11.95	2.5331974029541016e-07
11.96	2.5331974029541016e-07
11.97	2.5331974029541016e-07
11.98	2.5331974029541016e-07
11.99	2.5331974029541016e-07
12.0	2.5331974029541016e-07
12.01	2.5331974029541016e-07
12.02	2.5331974029541016e-07
12.03	2.5331974029541016e-07
12.04	2.5331974029541016e-07
12.05	2.5331974029541016e-07
12.06	2.5331974029541016e-07
12.07	2.384185791015625e-07
12.08	2.2351741790771484e-07
12.09	2.2351741790771484e-07
12.1	2.2351741790771484e-07
12.11	2.2351741790771484e-07
12.12	2.086162567138672e-07
12.13	2.086162567138672e-07
12.14	2.086162567138672e-07
12.15	2.086162567138672e-07
12.16	2.086162567138672e-07
12.17	2.086162567138672e-07
12.18	2.086162567138672e-07
12.19	1.7881393432617188e-07
12.2	1.6391277313232422e-07
12.21	1.4901161193847656e-07
12.22	1.4901161193847656e-07
12.23	1.4901161193847656e-07
12.24	1.4901161193847656e-07
12.25	1.4901161193847656e-07
12.26	1.4901161193847656e-07
12.27	1.4901161193847656e-07
12.28	1.4901161193847656e-07
12.29	1.341104507446289e-07
12.3	1.341104507446289e-07
12.31	1.341104507446289e-07
12.32	1.1920928955078125e-07
12.33	1.043081283569336e-07
12.34	1.043081283569336e-07
12.35	1.043081283569336e-07
12.36	1.043081283569336e-07
12.37	1.043081283569336e-07
12.38	1.043081283569336e-07
12.39	1.043081283569336e-07
12.4	1.043081283569336e-07
12.41	1.043081283569336e-07
12.42	8.940696716308594e-08
12.43	8.940696716308594e-08
12.44	7.450580596923828e-08
12.45	7.450580596923828e-08
12.46	5.960464477539063e-08
12.47	5.960464477539063e-08
12.48	5.960464477539063e-08
12.49	5.960464477539063e-08
12.5	5.960464477539063e-08
12.51	5.960464477539063e-08
12.52	5.960464477539063e-08
12.53	5.960464477539063e-08
12.54	2.9802322387695312e-08
12.55	2.9802322387695312e-08
12.56	2.9802322387695312e-08
12.57	2.9802322387695312e-08
12.58	2.9802322387695312e-08
12.59	2.9802322387695312e-08
12.6	2.9802322387695312e-08
12.61	2.9802322387695312e-08
12.62	2.9802322387695312e-08
12.63	2.9802322387695312e-08
12.64	2.9802322387695312e-08
12.65	2.9802322387695312e-08
12.66	2.9802322387695312e-08
12.67	1.4901161193847656e-08
12.68	1.4901161193847656e-08
12.69	1.4901161193847656e-08
12.7	1.4901161193847656e-08
12.71	1.4901161193847656e-08
12.72	1.4901161193847656e-08
12.73	1.4901161193847656e-08
12.74	1.4901161193847656e-08
12.75	1.4901161193847656e-08
12.76	1.4901161193847656e-08
12.77	1.4901161193847656e-08
12.78	1.4901161193847656e-08
12.79	0.0
