4.82	0.0005045533180236816
4.83	0.0004991888999938965
4.84	0.0004957914352416992
4.85	0.0004937052726745605
4.86	0.0004892349243164062
4.87	0.00048553943634033203
4.88	0.00048339366912841797
4.89	0.00048214197158813477
4.9	0.0004795193672180176
4.91	0.00047773122787475586
4.92	0.0004755854606628418
4.93	0.0004742145538330078
4.94	0.000470578670501709
4.95	0.00046759843826293945
4.96	0.0004665255546569824
4.97	0.00046390295028686523
4.98	0.00046074390411376953
4.99	0.0004578828811645508
5.0	0.00045621395111083984
5.01	0.000452578067779541
5.02	0.0004495382308959961
5.03	0.0004450082778930664
5.04	0.0004419088363647461
5.05	0.00044041872024536133
5.06	0.00043720006942749023
5.07	0.0004334449768066406
5.08	0.00043123960494995117
5.09	0.0004264712333679199
5.1	0.00042188167572021484
5.11	0.000418245792388916
5.12	0.00041544437408447266
5.13	0.000413358211517334
5.14	0.0004082322120666504
5.15	0.00040608644485473633
5.16	0.0004011392593383789
5.17	0.0003991127014160156
5.18	0.00039649009704589844
5.19	0.00039452314376831055
5.2	0.0003924369812011719
5.21	0.0003879070281982422
5.22	0.0003851652145385742
5.23	0.00038361549377441406
5.24	0.0003826618194580078
5.25	0.00038111209869384766
5.26	0.00037980079650878906
5.27	0.00037550926208496094
5.28	0.0003731250762939453
5.29	0.0003705620765686035
5.3	0.00036919116973876953
5.31	0.00036841630935668945
5.32	0.000364840030670166
5.33	0.00036334991455078125
5.34	0.00035965442657470703
5.35	0.00035876035690307617
5.36	0.0003566145896911621
5.37	0.00035387277603149414
5.38	0.00035196542739868164
5.39	0.00034993886947631836
5.4	0.0003482699394226074
5.41	0.00034564733505249023
5.42	0.0003437995910644531
5.43	0.00034099817276000977
5.44	0.00033783912658691406
5.45	0.00033611059188842773
5.46	0.00033336877822875977
5.47	0.00033205747604370117
5.48	0.0003267526626586914
5.49	0.0003228187561035156
5.5	0.0003210902214050293
5.51	0.0003177523612976074
5.52	0.0003172755241394043
5.53	0.00031310319900512695
5.54	0.00030988454818725586
5.55	0.00030678510665893555
5.56	0.0003057122230529785
5.57	0.0003046393394470215
5.58	0.00030237436294555664
5.59	0.00030094385147094727
5.6	0.0002986788749694824
5.61	0.0002956986427307129
5.62	0.0002925992012023926
5.63	0.00029093027114868164
5.64	0.0002899765968322754
5.65	0.0002873539924621582
5.66	0.0002859830856323242
5.67	0.00028270483016967773
5.68	0.00028210878372192383
5.69	0.0002791881561279297
5.7	0.00027698278427124023
5.71	0.00027507543563842773
5.72	0.0002738833427429199
5.73	0.0002726316452026367
5.74	0.00027048587799072266
5.75	0.0002695322036743164
5.76	0.0002675652503967285
5.77	0.0002658367156982422
5.78	0.0002644062042236328
5.79	0.0002626776695251465
5.8	0.0002606511116027832
5.81	0.0002586841583251953
5.82	0.0002542734146118164
5.83	0.00025218725204467773
5.84	0.000250399112701416
5.85	0.0002492070198059082
5.86	0.0002461671829223633
5.87	0.00024396181106567383
5.88	0.00024080276489257812
5.89	0.00023937225341796875
5.9	0.00023734569549560547
5.91	0.00023597478866577148
5.92	0.00023555755615234375
5.93	0.0002346634864807129
5.94	0.00023370981216430664
5.95	0.00023108720779418945
5.96	0.00023025274276733398
5.97	0.00022852420806884766
5.98	0.00022804737091064453
5.99	0.00022655725479125977
6.0	0.00022429227828979492
6.01	0.00022333860397338867
6.02	0.00022149085998535156
6.03	0.00022101402282714844
6.04	0.00021821260452270508
6.05	0.00021731853485107422
6.06	0.00021642446517944336
6.07	0.00021439790725708008
6.08	0.00021392107009887695
6.09	0.00021183490753173828
6.1	0.0002111196517944336
6.11	0.0002079010009765625
6.12	0.00020676851272583008
6.13	0.00020569562911987305
6.14	0.0002053976058959961
6.15	0.00020122528076171875
6.16	0.00019937753677368164
6.17	0.0001964569091796875
6.18	0.0001952052116394043
6.19	0.00019401311874389648
6.2	0.00019294023513793945
6.21	0.0001900196075439453
6.22	0.00018870830535888672
6.23	0.00018638372421264648
6.24	0.00018584728240966797
6.25	0.00018411874771118164
6.26	0.0001830458641052246
6.27	0.00018268823623657227
6.28	0.0001811385154724121
6.29	0.0001800060272216797
6.3	0.00017911195755004883
6.31	0.00017774105072021484
6.32	0.00017595291137695312
6.33	0.00017505884170532227
6.34	0.0001741647720336914
6.35	0.00017333030700683594
6.36	0.00017303228378295898
6.37	0.00016999244689941406
6.38	0.0001690387725830078
6.39	0.00016701221466064453
6.4	0.00016564130783081055
6.41	0.0001646876335144043
6.42	0.00016319751739501953
6.43	0.00016254186630249023
6.44	0.00016003847122192383
6.45	0.00015860795974731445
6.46	0.00015801191329956055
6.47	0.00015777349472045898
6.48	0.00015652179718017578
6.49	0.00015598535537719727
6.5	0.00015294551849365234
6.51	0.00015205144882202148
6.52	0.00015157461166381836
6.53	0.00015044212341308594
6.54	0.00014954805374145508
6.55	0.00014841556549072266
6.56	0.00014668703079223633
6.57	0.00014579296112060547
6.58	0.00014400482177734375
6.59	0.00014334917068481445
6.6	0.00014287233352661133
6.61	0.0001424551010131836
6.62	0.00014144182205200195
6.63	0.00014060735702514648
6.64	0.00013935565948486328
6.65	0.00013828277587890625
6.66	0.00013720989227294922
6.67	0.0001361370086669922
6.68	0.00013524293899536133
6.69	0.00013405084609985352
6.7	0.00013238191604614258
6.71	0.0001316070556640625
6.72	0.00013053417205810547
6.73	0.00012940168380737305
6.74	0.00012826919555664062
6.75	0.00012701749801635742
6.76	0.0001264810562133789
6.77	0.000125885009765625
6.78	0.0001246929168701172
6.79	0.00012427568435668945
6.8	0.0001239180564880371
6.81	0.00012379884719848633
6.82	0.00012362003326416016
6.83	0.00012201070785522461
6.84	0.00012165307998657227
6.85	0.00012022256851196289
6.86	0.00011968612670898438
6.87	0.00011914968490600586
6.88	0.00011843442916870117
6.89	0.00011718273162841797
6.9	0.00011533498764038086
6.91	0.00011444091796875
6.92	0.00011372566223144531
6.93	0.00011229515075683594
6.94	0.00011205673217773438
6.95	0.00011092424392700195
6.96	0.00010991096496582031
6.97	0.00010955333709716797
6.98	0.00010919570922851562
6.99	0.0001087188720703125
7.0	0.00010639429092407227
7.01	0.00010567903518676758
7.02	0.00010442733764648438
7.03	0.00010377168655395508
7.04	0.00010293722152709961
7.05	0.0001010894775390625
7.06	0.0001004934310913086
7.07	9.918212890625e-05
7.08	9.79304313659668e-05
7.09	9.685754776000977e-05
7.1	9.59634780883789e-05
7.11	9.506940841674805e-05
7.12	9.447336196899414e-05
7.13	9.381771087646484e-05
7.14	9.328126907348633e-05
7.15	9.316205978393555e-05
7.16	9.232759475708008e-05
7.17	9.196996688842773e-05
7.18	9.101629257202148e-05
7.19	9.065866470336914e-05
7.2	9.012222290039062e-05
7.21	8.928775787353516e-05
7.22	8.887052536010742e-05
7.23	8.755922317504883e-05
7.24	8.660554885864258e-05
7.25	8.58306884765625e-05
7.26	8.469820022583008e-05
7.27	8.440017700195312e-05
7.28	8.344650268554688e-05
7.29	8.20159912109375e-05
7.3	8.130073547363281e-05
7.31	8.088350296020508e-05
7.32	8.058547973632812e-05
7.33	7.927417755126953e-05
7.34	7.88569450378418e-05
7.35	7.766485214233398e-05
7.36	7.742643356323242e-05
7.37	7.659196853637695e-05
7.38	7.56382942199707e-05
7.39	7.528066635131836e-05
7.4	7.450580596923828e-05
7.41	7.390975952148438e-05
7.42	7.259845733642578e-05
7.43	7.18832015991211e-05
7.44	7.128715515136719e-05
7.45	7.063150405883789e-05
7.46	6.93202018737793e-05
7.47	6.908178329467773e-05
7.48	6.890296936035156e-05
7.49	6.860494613647461e-05
7.5	6.854534149169922e-05
7.51	6.777048110961914e-05
7.52	6.771087646484375e-05
7.53	6.699562072753906e-05
7.54	6.657838821411133e-05
7.55	6.651878356933594e-05
7.56	6.598234176635742e-05
7.57	6.496906280517578e-05
7.58	6.41942024230957e-05
7.59	6.383657455444336e-05
7.6	6.365776062011719e-05
7.61	6.347894668579102e-05
7.62	6.264448165893555e-05
7.63	6.186962127685547e-05
7.64	6.127357482910156e-05
7.65	6.109476089477539e-05
7.66	6.03795051574707e-05
7.67	6.03795051574707e-05
7.68	5.936622619628906e-05
7.69	5.930662155151367e-05
7.7	5.8591365814208984e-05
7.71	5.84721565246582e-05
7.72	5.739927291870117e-05
7.73	5.6862831115722656e-05
7.74	5.620718002319336e-05
7.75	5.5730342864990234e-05
7.76	5.549192428588867e-05
7.77	5.53131103515625e-05
7.78	5.40614128112793e-05
7.79	5.257129669189453e-05
7.8	5.2034854888916016e-05
7.81	5.155801773071289e-05
7.82	5.143880844116211e-05
7.83	5.137920379638672e-05
7.84	5.036592483520508e-05
7.85	5.0187110900878906e-05
7.86	4.941225051879883e-05
7.87	4.929304122924805e-05
7.88	4.9114227294921875e-05
7.89	4.8995018005371094e-05
7.9	4.881620407104492e-05
7.91	4.8041343688964844e-05
7.92	4.756450653076172e-05
7.93	4.7147274017333984e-05
7.94	4.70280647277832e-05
7.95	4.684925079345703e-05
7.96	4.673004150390625e-05
7.97	4.595518112182617e-05
7.98	4.57763671875e-05
7.99	4.5359134674072266e-05
8.0	4.51207160949707e-05
8.01	4.470348358154297e-05
8.02	4.45246696472168e-05
8.03	4.4286251068115234e-05
8.04	4.4226646423339844e-05
8.05	4.3451786041259766e-05
8.06	4.3332576751708984e-05
8.07	4.273653030395508e-05
8.08	4.2498111724853516e-05
8.09	4.184246063232422e-05
8.1	4.094839096069336e-05
8.11	4.0471553802490234e-05
8.12	3.993511199951172e-05
8.13	3.916025161743164e-05
8.14	3.892183303833008e-05
8.15	3.88026237487793e-05
8.16	3.8683414459228516e-05
8.17	3.832578659057617e-05
8.18	3.820657730102539e-05
8.19	3.796815872192383e-05
8.2	3.796815872192383e-05
8.21	3.784894943237305e-05
8.22	3.7789344787597656e-05
8.23	3.7729740142822266e-05
8.24	3.7550926208496094e-05
8.25	3.695487976074219e-05
8.26	3.6835670471191406e-05
8.27	3.6716461181640625e-05
8.28	3.6597251892089844e-05
8.29	3.6597251892089844e-05
8.3	3.612041473388672e-05
8.31	3.600120544433594e-05
8.32	3.55839729309082e-05
8.33	3.552436828613281e-05
8.34	3.445148468017578e-05
8.35	3.427267074584961e-05
8.36	3.3974647521972656e-05
8.37	3.3855438232421875e-05
8.38	3.3736228942871094e-05
8.39	3.355741500854492e-05
8.4	3.272294998168945e-05
8.41	3.266334533691406e-05
8.42	3.165006637573242e-05
8.43	3.11732292175293e-05
8.44	3.0994415283203125e-05
8.45	3.075599670410156e-05
8.46	2.9742717742919922e-05
8.47	2.9265880584716797e-05
8.48	2.8908252716064453e-05
8.49	2.872943878173828e-05
8.5	2.866983413696289e-05
8.51	2.849102020263672e-05
8.52	2.8133392333984375e-05
8.53	2.8073787689208984e-05
8.54	2.7894973754882812e-05
8.55	2.7835369110107422e-05
8.56	2.765655517578125e-05
8.57	2.759695053100586e-05
8.58	2.7239322662353516e-05
8.59	2.7120113372802734e-05
8.6	2.6881694793701172e-05
8.61	2.6524066925048828e-05
8.62	2.6464462280273438e-05
8.63	2.6166439056396484e-05
8.64	2.6047229766845703e-05
8.65	2.586841583251953e-05
8.66	2.580881118774414e-05
8.67	2.5033950805664062e-05
8.68	2.4616718292236328e-05
8.69	2.4259090423583984e-05
8.7	2.4139881134033203e-05
8.71	2.4020671844482422e-05
8.72	2.4020671844482422e-05
8.73	2.3305416107177734e-05
8.74	2.3126602172851562e-05
8.75	2.2530555725097656e-05
8.76	2.1755695343017578e-05
8.77	2.1696090698242188e-05
8.78	2.1517276763916016e-05
8.79	2.1457672119140625e-05
8.8	2.086162567138672e-05
8.81	2.0563602447509766e-05
8.82	2.0384788513183594e-05
8.83	2.014636993408203e-05
8.84	2.002716064453125e-05
8.85	1.9788742065429688e-05
8.86	1.9669532775878906e-05
8.87	1.9669532775878906e-05
8.88	1.9609928131103516e-05
8.89	1.9490718841552734e-05
8.9	1.9490718841552734e-05
8.91	1.9431114196777344e-05
8.92	1.9431114196777344e-05
8.93	1.8835067749023438e-05
8.94	1.8835067749023438e-05
8.95	1.8835067749023438e-05
8.96	1.8715858459472656e-05
8.97	1.8656253814697266e-05
8.98	1.8537044525146484e-05
8.99	1.8477439880371094e-05
9.0	1.8298625946044922e-05
9.01	1.823902130126953e-05
9.02	1.817941665649414e-05
9.03	1.806020736694336e-05
9.04	1.800060272216797e-05
9.05	1.7762184143066406e-05
9.06	1.7702579498291016e-05
9.07	1.7583370208740234e-05
9.08	1.7464160919189453e-05
9.09	1.710653305053711e-05
9.1	1.6987323760986328e-05
9.11	1.6808509826660156e-05
9.12	1.6748905181884766e-05
9.13	1.609325408935547e-05
9.14	1.6033649444580078e-05
9.15	1.5795230865478516e-05
9.16	1.5735626220703125e-05
9.17	1.5616416931152344e-05
9.18	1.5616416931152344e-05
9.19	1.537799835205078e-05
9.2	1.5139579772949219e-05
9.21	1.4960765838623047e-05
9.22	1.4960765838623047e-05
9.23	1.4901161193847656e-05
9.24	1.4841556549072266e-05
9.25	1.4722347259521484e-05
9.26	1.4185905456542969e-05
9.27	1.4007091522216797e-05
9.28	1.3828277587890625e-05
9.29	1.3828277587890625e-05
9.3	1.3768672943115234e-05
9.31	1.3530254364013672e-05
9.32	1.3530254364013672e-05
9.33	1.329183578491211e-05
9.34	1.329183578491211e-05
9.35	1.3172626495361328e-05
9.36	1.2993812561035156e-05
9.37	1.2874603271484375e-05
9.38	1.2874603271484375e-05
9.39	1.2814998626708984e-05
9.4	1.2695789337158203e-05
9.41	1.2576580047607422e-05
9.42	1.233816146850586e-05
9.43	1.2278556823730469e-05
9.44	1.2099742889404297e-05
9.45	1.2040138244628906e-05
9.46	1.1682510375976562e-05
9.47	1.1563301086425781e-05
9.48	1.138448715209961e-05
9.49	1.1205673217773438e-05
9.5	1.1086463928222656e-05
9.51	1.1086463928222656e-05
9.52	1.0728836059570312e-05
9.53	1.0669231414794922e-05
9.54	1.0609626770019531e-05
9.55	1.0609626770019531e-05
9.56	1.0609626770019531e-05
9.57	1.043081283569336e-05
9.58	1.043081283569336e-05
9.59	1.0371208190917969e-05
9.6	1.0251998901367188e-05
9.61	1.0132789611816406e-05
9.62	1.0013580322265625e-05
9.63	1.0013580322265625e-05
9.64	9.894371032714844e-06
9.65	9.834766387939453e-06
9.66	9.775161743164062e-06
9.67	9.775161743164062e-06
9.68	9.655952453613281e-06
9.69	9.59634780883789e-06
9.7	9.5367431640625e-06
9.71	9.5367431640625e-06
9.72	9.417533874511719e-06
9.73	9.357929229736328e-06
9.74	9.357929229736328e-06
9.75	9.357929229736328e-06
9.76	9.298324584960938e-06
9.77	9.298324584960938e-06
9.78	9.298324584960938e-06
9.79	9.179115295410156e-06
9.8	9.179115295410156e-06
9.81	8.463859558105469e-06
9.82	8.404254913330078e-06
9.83	8.404254913330078e-06
9.84	8.344650268554688e-06
9.85	8.225440979003906e-06
9.86	8.165836334228516e-06
9.87	7.987022399902344e-06
9.88	7.927417755126953e-06
9.89	7.748603820800781e-06
9.9	7.748603820800781e-06
9.91	7.748603820800781e-06
9.92	7.748603820800781e-06
9.93	7.748603820800781e-06
9.94	7.569789886474609e-06
9.95	7.510185241699219e-06
9.96	7.510185241699219e-06
9.97	7.510185241699219e-06
9.98	7.450580596923828e-06
9.99	7.3909759521484375e-06
10.0	7.331371307373047e-06
10.01	7.271766662597656e-06
10.02	7.212162017822266e-06
10.03	7.092952728271484e-06
10.04	7.033348083496094e-06
10.05	6.9141387939453125e-06
10.06	6.9141387939453125e-06
10.07	6.9141387939453125e-06
10.08	6.794929504394531e-06
10.09	6.616115570068359e-06
10.1	6.4373016357421875e-06
10.11	6.377696990966797e-06
10.12	6.377696990966797e-06
10.13	6.377696990966797e-06
10.14	6.020069122314453e-06
10.15	5.900859832763672e-06
10.16	5.7220458984375e-06
10.17	5.602836608886719e-06
10.18	5.602836608886719e-06
10.19	5.602836608886719e-06
10.2	5.4836273193359375e-06
10.21	5.424022674560547e-06
10.22	5.364418029785156e-06
10.23	5.304813385009766e-06
10.24	5.245208740234375e-06
10.25	5.185604095458984e-06
10.26	5.185604095458984e-06
10.27	5.185604095458984e-06
10.28	5.125999450683594e-06
10.29	5.125999450683594e-06
10.3	5.0067901611328125e-06
10.31	4.887580871582031e-06
10.32	4.887580871582031e-06
10.33	4.887580871582031e-06
10.34	4.887580871582031e-06
10.35	4.827976226806641e-06
10.36	4.76837158203125e-06
10.37	4.708766937255859e-06
10.38	4.649162292480469e-06
10.39	4.589557647705078e-06
10.4	4.470348358154297e-06
10.41	4.470348358154297e-06
10.42	4.470348358154297e-06
10.43	4.470348358154297e-06
10.44	4.470348358154297e-06
10.45	4.470348358154297e-06
10.46	4.470348358154297e-06
10.47	4.470348358154297e-06
10.48	4.470348358154297e-06
10.49	4.351139068603516e-06
10.5	4.351139068603516e-06
10.51	4.351139068603516e-06
10.52	4.291534423828125e-06
10.53	4.291534423828125e-06
10.54	4.172325134277344e-06
10.55	4.112720489501953e-06
10.56	4.0531158447265625e-06
10.57	4.0531158447265625e-06
10.58	4.0531158447265625e-06
10.59	4.0531158447265625e-06
10.6	3.993511199951172e-06
10.61	3.993511199951172e-06
10.62	3.933906555175781e-06
10.63	3.933906555175781e-06
10.64	3.933906555175781e-06
10.65	3.874301910400391e-06
10.66	3.814697265625e-06
10.67	3.7550926208496094e-06
10.68	3.635883331298828e-06
10.69	3.5762786865234375e-06
10.7	3.516674041748047e-06
10.71	3.516674041748047e-06
10.72	3.4570693969726562e-06
10.73	3.3974647521972656e-06
10.74	3.337860107421875e-06
10.75	3.337860107421875e-06
10.76	3.337860107421875e-06
10.77	3.2186508178710938e-06
10.78	3.2186508178710938e-06
10.79	3.2186508178710938e-06
10.8	3.2186508178710938e-06
10.81	3.2186508178710938e-06
10.82	3.159046173095703e-06
10.83	3.159046173095703e-06
10.84	3.039836883544922e-06
10.85	3.039836883544922e-06
10.86	2.9802322387695312e-06
10.87	2.9802322387695312e-06
10.88	2.9206275939941406e-06
10.89	2.8014183044433594e-06
10.9	2.8014183044433594e-06
10.91	2.7418136596679688e-06
10.92	2.6226043701171875e-06
10.93	2.6226043701171875e-06
10.94	2.562999725341797e-06
10.95	2.562999725341797e-06
10.96	2.562999725341797e-06
10.97	2.562999725341797e-06
10.98	2.5033950805664062e-06
10.99	2.384185791015625e-06
11.0	2.384185791015625e-06
11.01	2.384185791015625e-06
11.02	2.384185791015625e-06
11.03	2.384185791015625e-06
11.04	2.2649765014648438e-06
11.05	2.2649765014648438e-06
11.06	2.205371856689453e-06
11.07	2.086162567138672e-06
11.08	2.086162567138672e-06
11.09	2.0265579223632812e-06
11.1	2.0265579223632812e-06
11.11	2.0265579223632812e-06
11.12	2.0265579223632812e-06
11.13	2.0265579223632812e-06
11.14	2.0265579223632812e-06
11.15	2.0265579223632812e-06
11.16	2.0265579223632812e-06
11.17	2.0265579223632812e-06
11.18	2.0265579223632812e-06
11.19	2.0265579223632812e-06
11.2	1.9669532775878906e-06
11.21	1.9669532775878906e-06
11.22	1.9669532775878906e-06
11.23	1.9073486328125e-06
11.24	1.9073486328125e-06
11.25	1.9073486328125e-06
11.26	1.9073486328125e-06
11.27	1.9073486328125e-06
11.28	1.7285346984863281e-06
11.29	1.7285346984863281e-06
11.3	1.7285346984863281e-06
11.31	1.7285346984863281e-06
11.32	1.7285346984863281e-06
11.33	1.7285346984863281e-06
11.34	1.6689300537109375e-06
11.35	1.6689300537109375e-06
11.36	1.6093254089355469e-06
11.37	1.6093254089355469e-06
11.38	1.6093254089355469e-06
11.39	1.6093254089355469e-06
11.4	1.6093254089355469e-06
11.41	1.5497207641601562e-06
11.42	1.5497207641601562e-06
11.43	1.5497207641601562e-06
11.44	1.4901161193847656e-06
11.45	1.3709068298339844e-06
11.46	1.3709068298339844e-06
11.47	1.3709068298339844e-06
11.48	1.3709068298339844e-06
11.49	1.3709068298339844e-06
11.5	1.3113021850585938e-06
11.51	1.3113021850585938e-06
11.52	1.2516975402832031e-06
11.53	1.2516975402832031e-06
11.54	1.2516975402832031e-06
11.55	1.2516975402832031e-06
11.56	1.1920928955078125e-06
11.57	1.1324882507324219e-06
11.58	1.1324882507324219e-06
11.59	1.1324882507324219e-06
11.6	1.1324882507324219e-06
11.61	1.1324882507324219e-06
11.62	1.1324882507324219e-06
11.63	1.1324882507324219e-06
11.64	1.1324882507324219e-06
11.65	1.0728836059570312e-06
11.66	1.0728836059570312e-06
11.67	1.0728836059570312e-06
11.68	1.0728836059570312e-06
11.69	1.0728836059570312e-06
11.7	1.0728836059570312e-06
11.71	1.0132789611816406e-06
11.72	1.0132789611816406e-06
11.73	9.5367431640625e-07
11.74	9.5367431640625e-07
11.75	9.5367431640625e-07
11.76	9.5367431640625e-07
11.77	8.940696716308594e-07
11.78	8.344650268554688e-07
11.79	8.344650268554688e-07
11.8	8.344650268554688e-07
11.81	8.344650268554688e-07
11.82	8.344650268554688e-07
11.83	8.344650268554688e-07
11.84	8.344650268554688e-07
11.85	8.344650268554688e-07
11.86	8.344650268554688e-07
11.87	8.344650268554688e-07
11.88	8.344650268554688e-07
11.89	8.344650268554688e-07
11.9	8.344650268554688e-07
11.91	8.344650268554688e-07
11.92	8.344650268554688e-07
11.93	8.344650268554688e-07
11.94	8.344650268554688e-07
11.95	8.344650268554688e-07
11.96	7.748603820800781e-07
11.97	7.748603820800781e-07
11.98	7.748603820800781e-07
11.99	7.748603820800781e-07
12.0	7.748603820800781e-07
12.01	7.748603820800781e-07
12.02	7.748603820800781e-07
12.03	7.748603820800781e-07
12.04	7.748603820800781e-07
12.05	7.748603820800781e-07
12.06	7.748603820800781e-07
12.07	7.152557373046875e-07
12.08	7.152557373046875e-07
12.09	6.556510925292969e-07
12.1	6.556510925292969e-07
12.11	6.556510925292969e-07
12.12	5.960464477539062e-07
12.13	5.960464477539062e-07
12.14	5.960464477539062e-07
12.15	5.960464477539062e-07
12.16	5.960464477539062e-07
12.17	5.960464477539062e-07
12.18	5.960464477539062e-07
12.19	5.960464477539062e-07
12.2	5.960464477539062e-07
12.21	5.960464477539062e-07
12.22	5.960464477539062e-07
12.23	5.960464477539062e-07
12.24	5.364418029785156e-07
12.25	5.364418029785156e-07
12.26	5.364418029785156e-07
12.27	5.364418029785156e-07
12.28	5.364418029785156e-07
12.29	5.364418029785156e-07
12.3	5.364418029785156e-07
12.31	5.364418029785156e-07
12.32	5.364418029785156e-07
12.33	4.172325134277344e-07
12.34	4.172325134277344e-07
12.35	4.172325134277344e-07
12.36	4.172325134277344e-07
12.37	4.172325134277344e-07
12.38	3.5762786865234375e-07
12.39	3.5762786865234375e-07
12.4	2.980232238769531e-07
12.41	2.980232238769531e-07
12.42	2.980232238769531e-07
12.43	2.980232238769531e-07
12.44	2.980232238769531e-07
12.45	2.384185791015625e-07
12.46	2.384185791015625e-07
12.47	2.384185791015625e-07
12.48	2.384185791015625e-07
12.49	2.384185791015625e-07
12.5	2.384185791015625e-07
12.51	2.384185791015625e-07
12.52	2.384185791015625e-07
12.53	2.384185791015625e-07
12.54	2.384185791015625e-07
12.55	2.384185791015625e-07
12.56	2.384185791015625e-07
12.57	2.384185791015625e-07
12.58	2.384185791015625e-07
12.59	2.384185791015625e-07
12.6	2.384185791015625e-07
12.61	2.384185791015625e-07
12.62	2.384185791015625e-07
12.63	2.384185791015625e-07
12.64	2.384185791015625e-07
12.65	2.384185791015625e-07
12.66	2.384185791015625e-07
12.67	2.384185791015625e-07
12.68	2.384185791015625e-07
12.69	2.384185791015625e-07
12.7	2.384185791015625e-07
12.71	2.384185791015625e-07
12.72	2.384185791015625e-07
12.73	2.384185791015625e-07
12.74	2.384185791015625e-07
12.75	1.7881393432617188e-07
12.76	1.7881393432617188e-07
12.77	1.7881393432617188e-07
12.78	1.7881393432617188e-07
12.79	1.7881393432617188e-07
12.8	1.7881393432617188e-07
12.81	1.7881393432617188e-07
12.82	1.7881393432617188e-07
12.83	1.7881393432617188e-07
12.84	1.7881393432617188e-07
12.85	1.7881393432617188e-07
12.86	1.7881393432617188e-07
12.87	1.7881393432617188e-07
12.88	1.7881393432617188e-07
12.89	1.7881393432617188e-07
12.9	1.7881393432617188e-07
12.91	1.1920928955078125e-07
12.92	1.1920928955078125e-07
12.93	1.1920928955078125e-07
12.94	1.1920928955078125e-07
12.95	1.1920928955078125e-07
12.96	1.1920928955078125e-07
12.97	1.1920928955078125e-07
12.98	1.1920928955078125e-07
12.99	1.1920928955078125e-07
13.0	1.1920928955078125e-07
13.01	1.1920928955078125e-07
13.02	1.1920928955078125e-07
13.03	1.1920928955078125e-07
13.04	1.1920928955078125e-07
13.05	1.1920928955078125e-07
13.06	1.1920928955078125e-07
13.07	1.1920928955078125e-07
13.08	1.1920928955078125e-07
13.09	1.1920928955078125e-07
13.1	1.1920928955078125e-07
13.11	1.1920928955078125e-07
13.12	5.960464477539063e-08
13.13	5.960464477539063e-08
13.14	5.960464477539063e-08
13.15	5.960464477539063e-08
13.16	5.960464477539063e-08
13.17	5.960464477539063e-08
13.18	5.960464477539063e-08
13.19	5.960464477539063e-08
13.2	5.960464477539063e-08
13.21	5.960464477539063e-08
13.22	5.960464477539063e-08
13.23	5.960464477539063e-08
13.24	5.960464477539063e-08
13.25	5.960464477539063e-08
13.26	5.960464477539063e-08
13.27	5.960464477539063e-08
13.28	5.960464477539063e-08
13.29	5.960464477539063e-08
13.3	5.960464477539063e-08
13.31	5.960464477539063e-08
13.32	5.960464477539063e-08
13.33	5.960464477539063e-08
13.34	5.960464477539063e-08
13.35	5.960464477539063e-08
13.36	5.960464477539063e-08
13.37	5.960464477539063e-08
13.38	5.960464477539063e-08
13.39	5.960464477539063e-08
13.4	5.960464477539063e-08
13.41	5.960464477539063e-08
13.42	5.960464477539063e-08
13.43	5.960464477539063e-08
13.44	5.960464477539063e-08
13.45	5.960464477539063e-08
13.46	5.960464477539063e-08
13.47	5.960464477539063e-08
13.48	5.960464477539063e-08
13.49	5.960464477539063e-08
13.5	5.960464477539063e-08
13.51	5.960464477539063e-08
13.52	5.960464477539063e-08
13.53	5.960464477539063e-08
13.54	5.960464477539063e-08
13.55	5.960464477539063e-08
13.56	5.960464477539063e-08
13.57	5.960464477539063e-08
13.58	5.960464477539063e-08
13.59	5.960464477539063e-08
13.6	5.960464477539063e-08
13.61	5.960464477539063e-08
13.62	5.960464477539063e-08
13.63	5.960464477539063e-08
13.64	5.960464477539063e-08
13.65	5.960464477539063e-08
13.66	5.960464477539063e-08
13.67	5.960464477539063e-08
13.68	5.960464477539063e-08
13.69	5.960464477539063e-08
13.7	5.960464477539063e-08
13.71	5.960464477539063e-08
13.72	5.960464477539063e-08
13.73	5.960464477539063e-08
13.74	5.960464477539063e-08
13.75	5.960464477539063e-08
13.76	5.960464477539063e-08
13.77	5.960464477539063e-08
13.78	5.960464477539063e-08
13.79	5.960464477539063e-08
13.8	0.0
