6.0	0.0005035400390625
6.01	0.00048828125
6.02	0.00048828125
6.03	0.000457763671875
6.04	0.0004425048828125
6.05	0.00042724609375
6.06	0.00042724609375
6.07	0.00042724609375
6.08	0.00042724609375
6.09	0.000396728515625
6.1	0.000396728515625
6.11	0.000396728515625
6.12	0.0003814697265625
6.13	0.0003662109375
6.14	0.0003662109375
6.15	0.0003509521484375
6.16	0.0003509521484375
6.17	0.0003509521484375
6.18	0.0003509521484375
6.19	0.000335693359375
6.2	0.000335693359375
6.21	0.000335693359375
6.22	0.000335693359375
6.23	0.000335693359375
6.24	0.000335693359375
6.25	0.000335693359375
6.26	0.000335693359375
6.27	0.000335693359375
6.28	0.000335693359375
6.29	0.000335693359375
6.3	0.000335693359375
6.31	0.000335693359375
6.32	0.000335693359375
6.33	0.000335693359375
6.34	0.000335693359375
6.35	0.000335693359375
6.36	0.000335693359375
6.37	0.000335693359375
6.38	0.0003204345703125
6.39	0.0003204345703125
6.4	0.0003204345703125
6.41	0.0003204345703125
6.42	0.0003204345703125
6.43	0.0003204345703125
6.44	0.0003204345703125
6.45	0.00030517578125
6.46	0.00030517578125
6.47	0.0002899169921875
6.48	0.000274658203125
6.49	0.000274658203125
6.5	0.000274658203125
6.51	0.000274658203125
6.52	0.000274658203125
6.53	0.000274658203125
6.54	0.000274658203125
6.55	0.000274658203125
6.56	0.0002593994140625
6.57	0.0002593994140625
6.58	0.000244140625
6.59	0.0002288818359375
6.6	0.0002288818359375
6.61	0.0002288818359375
6.62	0.0002288818359375
6.63	0.0002288818359375
6.64	0.0002288818359375
6.65	0.0002288818359375
6.66	0.0002288818359375
6.67	0.0002288818359375
6.68	0.0002288818359375
6.69	0.0002288818359375
6.7	0.0002288818359375
6.71	0.0002288818359375
6.72	0.0002288818359375
6.73	0.0002288818359375
6.74	0.0002288818359375
6.75	0.0002288818359375
6.76	0.0002288818359375
6.77	0.0002288818359375
6.78	0.0002288818359375
6.79	0.0002288818359375
6.8	0.0001983642578125
6.81	0.0001983642578125
6.82	0.00018310546875
6.83	0.00018310546875
6.84	0.00018310546875
6.85	0.00018310546875
6.86	0.00018310546875
6.87	0.0001678466796875
6.88	0.0001678466796875
6.89	0.0001678466796875
6.9	0.0001678466796875
6.91	0.000152587890625
6.92	0.000152587890625
6.93	0.000152587890625
6.94	0.000152587890625
6.95	0.000152587890625
6.96	0.000152587890625
6.97	0.0001373291015625
6.98	0.0001373291015625
6.99	0.0001373291015625
7.0	0.0001220703125
7.01	0.0001220703125
7.02	0.0001220703125
7.03	0.0001220703125
7.04	0.0001220703125
7.05	0.0001220703125
7.06	0.0001220703125
7.07	0.0001220703125
7.08	0.0001220703125
7.09	0.0001220703125
7.1	0.0001220703125
7.11	0.0001220703125
7.12	0.0001220703125
7.13	0.0001220703125
7.14	0.0001220703125
7.15	0.0001220703125
7.16	0.0001220703125
7.17	0.0001220703125
7.18	0.0001220703125
7.19	0.0001220703125
7.2	0.0001220703125
7.21	0.0001220703125
7.22	0.0001068115234375
7.23	0.0001068115234375
7.24	0.0001068115234375
7.25	0.0001068115234375
7.26	0.0001068115234375
7.27	0.0001068115234375
7.28	0.0001068115234375
7.29	0.0001068115234375
7.3	0.0001068115234375
7.31	0.0001068115234375
7.32	0.0001068115234375
7.33	9.1552734375e-05
7.34	9.1552734375e-05
7.35	9.1552734375e-05
7.36	9.1552734375e-05
7.37	9.1552734375e-05
7.38	9.1552734375e-05
7.39	9.1552734375e-05
7.4	9.1552734375e-05
7.41	9.1552734375e-05
7.42	9.1552734375e-05
7.43	9.1552734375e-05
7.44	7.62939453125e-05
7.45	7.62939453125e-05
7.46	7.62939453125e-05
7.47	7.62939453125e-05
7.48	7.62939453125e-05
7.49	7.62939453125e-05
7.5	7.62939453125e-05
7.51	7.62939453125e-05
7.52	7.62939453125e-05
7.53	7.62939453125e-05
7.54	7.62939453125e-05
7.55	7.62939453125e-05
7.56	7.62939453125e-05
7.57	7.62939453125e-05
7.58	7.62939453125e-05
7.59	7.62939453125e-05
7.6	7.62939453125e-05
7.61	7.62939453125e-05
7.62	7.62939453125e-05
7.63	7.62939453125e-05
7.64	7.62939453125e-05
7.65	7.62939453125e-05
7.66	7.62939453125e-05
7.67	7.62939453125e-05
7.68	7.62939453125e-05
7.69	7.62939453125e-05
7.7	7.62939453125e-05
7.71	7.62939453125e-05
7.72	7.62939453125e-05
7.73	7.62939453125e-05
7.74	7.62939453125e-05
7.75	6.103515625e-05
7.76	6.103515625e-05
7.77	4.57763671875e-05
7.78	4.57763671875e-05
7.79	4.57763671875e-05
7.8	4.57763671875e-05
7.81	4.57763671875e-05
7.82	4.57763671875e-05
7.83	4.57763671875e-05
7.84	4.57763671875e-05
7.85	4.57763671875e-05
7.86	4.57763671875e-05
7.87	4.57763671875e-05
7.88	4.57763671875e-05
7.89	4.57763671875e-05
7.9	4.57763671875e-05
7.91	4.57763671875e-05
7.92	4.57763671875e-05
7.93	4.57763671875e-05
7.94	4.57763671875e-05
7.95	4.57763671875e-05
7.96	4.57763671875e-05
7.97	4.57763671875e-05
7.98	4.57763671875e-05
7.99	4.57763671875e-05
8.0	4.57763671875e-05
8.01	4.57763671875e-05
8.02	4.57763671875e-05
8.03	4.57763671875e-05
8.04	4.57763671875e-05
8.05	4.57763671875e-05
8.06	4.57763671875e-05
8.07	4.57763671875e-05
8.08	4.57763671875e-05
8.09	4.57763671875e-05
8.1	3.0517578125e-05
8.11	3.0517578125e-05
8.12	3.0517578125e-05
8.13	3.0517578125e-05
8.14	3.0517578125e-05
8.15	3.0517578125e-05
8.16	3.0517578125e-05
8.17	3.0517578125e-05
8.18	1.52587890625e-05
8.19	1.52587890625e-05
8.2	1.52587890625e-05
8.21	1.52587890625e-05
8.22	1.52587890625e-05
8.23	1.52587890625e-05
8.24	1.52587890625e-05
8.25	1.52587890625e-05
8.26	1.52587890625e-05
8.27	1.52587890625e-05
8.28	1.52587890625e-05
8.29	1.52587890625e-05
8.3	1.52587890625e-05
8.31	1.52587890625e-05
8.32	1.52587890625e-05
8.33	1.52587890625e-05
8.34	1.52587890625e-05
8.35	1.52587890625e-05
8.36	1.52587890625e-05
8.37	1.52587890625e-05
8.38	1.52587890625e-05
8.39	1.52587890625e-05
8.4	1.52587890625e-05
8.41	1.52587890625e-05
8.42	1.52587890625e-05
8.43	1.52587890625e-05
8.44	1.52587890625e-05
8.45	1.52587890625e-05
8.46	1.52587890625e-05
8.47	1.52587890625e-05
8.48	1.52587890625e-05
8.49	1.52587890625e-05
8.5	1.52587890625e-05
8.51	1.52587890625e-05
8.52	1.52587890625e-05
8.53	1.52587890625e-05
8.54	1.52587890625e-05
8.55	1.52587890625e-05
8.56	1.52587890625e-05
8.57	1.52587890625e-05
8.58	1.52587890625e-05
8.59	1.52587890625e-05
8.6	1.52587890625e-05
8.61	1.52587890625e-05
8.62	1.52587890625e-05
8.63	1.52587890625e-05
8.64	1.52587890625e-05
8.65	1.52587890625e-05
8.66	1.52587890625e-05
8.67	1.52587890625e-05
8.68	1.52587890625e-05
8.69	1.52587890625e-05
8.7	1.52587890625e-05
8.71	1.52587890625e-05
8.72	1.52587890625e-05
8.73	1.52587890625e-05
8.74	1.52587890625e-05
8.75	1.52587890625e-05
8.76	1.52587890625e-05
8.77	1.52587890625e-05
8.78	1.52587890625e-05
8.79	1.52587890625e-05
8.8	1.52587890625e-05
8.81	1.52587890625e-05
8.82	1.52587890625e-05
8.83	1.52587890625e-05
8.84	1.52587890625e-05
8.85	1.52587890625e-05
8.86	1.52587890625e-05
8.87	1.52587890625e-05
8.88	1.52587890625e-05
8.89	1.52587890625e-05
8.9	1.52587890625e-05
8.91	1.52587890625e-05
8.92	1.52587890625e-05
8.93	1.52587890625e-05
8.94	1.52587890625e-05
8.95	1.52587890625e-05
8.96	1.52587890625e-05
8.97	1.52587890625e-05
8.98	1.52587890625e-05
8.99	1.52587890625e-05
9.0	1.52587890625e-05
9.01	1.52587890625e-05
9.02	1.52587890625e-05
9.03	1.52587890625e-05
9.04	1.52587890625e-05
9.05	1.52587890625e-05
