5.11	0.0005024075508117676
5.12	0.000499427318572998
5.13	0.0004922747611999512
5.14	0.0004895329475402832
5.15	0.00048422813415527344
5.16	0.00047701597213745117
5.17	0.00047212839126586914
5.18	0.00046825408935546875
5.19	0.0004646182060241699
5.2	0.00046139955520629883
5.21	0.0004583597183227539
5.22	0.0004527568817138672
5.23	0.0004468560218811035
5.24	0.0004436969757080078
5.25	0.0004387497901916504
5.26	0.0004324913024902344
5.27	0.00042945146560668945
5.28	0.00042438507080078125
5.29	0.00042194128036499023
5.3	0.0004190206527709961
5.31	0.0004165768623352051
5.32	0.0004132390022277832
5.33	0.0004100203514099121
5.34	0.00040465593338012695
5.35	0.0003998279571533203
5.36	0.00039255619049072266
5.37	0.00038611888885498047
5.38	0.00038301944732666016
5.39	0.0003806948661804199
5.4	0.000379025936126709
5.41	0.0003757476806640625
5.42	0.0003732442855834961
5.43	0.0003687739372253418
5.44	0.0003662705421447754
5.45	0.0003611445426940918
5.46	0.00035494565963745117
5.47	0.0003517270088195801
5.48	0.0003489851951599121
5.49	0.00034564733505249023
5.5	0.00034171342849731445
5.51	0.0003399848937988281
5.52	0.0003350973129272461
5.53	0.0003325343132019043
5.54	0.0003300309181213379
5.55	0.00032466650009155273
5.56	0.0003204941749572754
5.57	0.00031763315200805664
5.58	0.00031375885009765625
5.59	0.00031244754791259766
5.6	0.0003101229667663574
5.61	0.00030732154846191406
5.62	0.0003040432929992676
5.63	0.00030106306076049805
5.64	0.00029838085174560547
5.65	0.00029218196868896484
5.66	0.00028961896896362305
5.67	0.00028592348098754883
5.68	0.00028228759765625
5.69	0.0002797842025756836
5.7	0.0002772808074951172
5.71	0.00027424097061157227
5.72	0.00027185678482055664
5.73	0.00027000904083251953
5.74	0.00026851892471313477
5.75	0.0002651810646057129
5.76	0.0002620816230773926
5.77	0.00025784969329833984
5.78	0.00025540590286254883
5.79	0.00025206804275512695
5.8	0.0002499222755432129
5.81	0.00024706125259399414
5.82	0.0002452731132507324
5.83	0.00024300813674926758
5.84	0.00024044513702392578
5.85	0.00023728609085083008
5.86	0.0002358555793762207
5.87	0.000232696533203125
5.88	0.00023061037063598633
5.89	0.00022840499877929688
5.9	0.00022721290588378906
5.91	0.00022417306900024414
5.92	0.00022029876708984375
5.93	0.0002192854881286621
5.94	0.0002174973487854004
5.95	0.00021475553512573242
5.96	0.00021272897720336914
5.97	0.00020968914031982422
5.98	0.00020694732666015625
5.99	0.00020575523376464844
6.0	0.00020307302474975586
6.01	0.0002022385597229004
6.02	0.0002002716064453125
6.03	0.00019884109497070312
6.04	0.0001970529556274414
6.05	0.00019562244415283203
6.06	0.0001938343048095703
6.07	0.0001913905143737793
6.08	0.0001888871192932129
6.09	0.0001869797706604004
6.1	0.00018453598022460938
6.11	0.0001819133758544922
6.12	0.00017875432968139648
6.13	0.00017774105072021484
6.14	0.0001761913299560547
6.15	0.0001755356788635254
6.16	0.00017452239990234375
6.17	0.00017338991165161133
6.18	0.0001709461212158203
6.19	0.00016885995864868164
6.2	0.0001677870750427246
6.21	0.00016498565673828125
6.22	0.00016254186630249023
6.23	0.0001608133316040039
6.24	0.00015968084335327148
6.25	0.00015795230865478516
6.26	0.00015628337860107422
6.27	0.00015348196029663086
6.28	0.00015211105346679688
6.29	0.00015050172805786133
6.3	0.00014978647232055664
6.31	0.00014704465866088867
6.32	0.00014531612396240234
6.33	0.0001436471939086914
6.34	0.00014281272888183594
6.35	0.00014138221740722656
6.36	0.00014066696166992188
6.37	0.00013822317123413086
6.38	0.00013750791549682617
6.39	0.00013524293899536133
6.4	0.00013303756713867188
6.41	0.00013023614883422852
6.42	0.00012969970703125
6.43	0.0001284480094909668
6.44	0.00012677907943725586
6.45	0.0001259446144104004
6.46	0.00012505054473876953
6.47	0.00012379884719848633
6.48	0.00012284517288208008
6.49	0.00012159347534179688
6.5	0.00012069940567016602
6.51	0.0001188516616821289
6.52	0.00011593103408813477
6.53	0.00011426210403442383
6.54	0.00011271238327026367
6.55	0.00011211633682250977
6.56	0.00011152029037475586
6.57	0.00011092424392700195
6.58	0.00010979175567626953
6.59	0.00010842084884643555
6.6	0.00010728836059570312
6.61	0.00010645389556884766
6.62	0.00010484457015991211
6.63	0.00010371208190917969
6.64	0.00010263919830322266
6.65	0.00010216236114501953
6.66	0.00010138750076293945
6.67	0.00010007619857788086
6.68	9.930133819580078e-05
6.69	9.840726852416992e-05
6.7	9.679794311523438e-05
6.71	9.483098983764648e-05
6.72	9.423494338989258e-05
6.73	9.22083854675293e-05
6.74	9.131431579589844e-05
6.75	9.125471115112305e-05
6.76	9.071826934814453e-05
6.77	9.000301361083984e-05
6.78	8.946657180786133e-05
6.79	8.875131607055664e-05
6.8	8.797645568847656e-05
6.81	8.654594421386719e-05
6.82	8.428096771240234e-05
6.83	8.32676887512207e-05
6.84	8.20159912109375e-05
6.85	8.165836334228516e-05
6.86	7.969141006469727e-05
6.87	7.915496826171875e-05
6.88	7.855892181396484e-05
6.89	7.75456428527832e-05
6.9	7.712841033935547e-05
6.91	7.641315460205078e-05
6.92	7.56382942199707e-05
6.93	7.462501525878906e-05
6.94	7.343292236328125e-05
6.95	7.301568984985352e-05
6.96	7.236003875732422e-05
6.97	7.134675979614258e-05
6.98	7.098913192749023e-05
6.99	7.027387619018555e-05
7.0	6.920099258422852e-05
7.01	6.74128532409668e-05
7.02	6.669759750366211e-05
7.03	6.54458999633789e-05
7.04	6.490945816040039e-05
7.05	6.407499313354492e-05
7.06	6.389617919921875e-05
7.07	6.300210952758789e-05
7.08	6.276369094848633e-05
7.09	6.216764450073242e-05
7.1	6.157159805297852e-05
7.11	6.0677528381347656e-05
7.12	6.008148193359375e-05
7.13	5.829334259033203e-05
7.14	5.78761100769043e-05
7.15	5.710124969482422e-05
7.16	5.602836608886719e-05
7.17	5.549192428588867e-05
7.18	5.519390106201172e-05
7.19	5.447864532470703e-05
7.2	5.412101745605469e-05
7.21	5.352497100830078e-05
7.22	5.310773849487305e-05
7.23	5.233287811279297e-05
7.24	5.1975250244140625e-05
7.25	5.173683166503906e-05
7.26	5.048513412475586e-05
7.27	5.0127506256103516e-05
7.28	4.887580871582031e-05
7.29	4.8220157623291016e-05
7.3	4.780292510986328e-05
7.31	4.744529724121094e-05
7.32	4.673004150390625e-05
7.33	4.6253204345703125e-05
7.34	4.565715789794922e-05
7.35	4.5180320739746094e-05
7.36	4.470348358154297e-05
7.37	4.4345855712890625e-05
7.38	4.392862319946289e-05
7.39	4.374980926513672e-05
7.4	4.3392181396484375e-05
7.41	4.32133674621582e-05
7.42	4.2557716369628906e-05
7.43	4.202127456665039e-05
7.44	4.106760025024414e-05
7.45	4.029273986816406e-05
7.46	3.9517879486083984e-05
7.47	3.8743019104003906e-05
7.48	3.814697265625e-05
7.49	3.784894943237305e-05
7.5	3.7729740142822266e-05
7.51	3.7550926208496094e-05
7.52	3.725290298461914e-05
7.53	3.6776065826416016e-05
7.54	3.6656856536865234e-05
7.55	3.606081008911133e-05
7.56	3.5762786865234375e-05
7.57	3.4868717193603516e-05
7.58	3.3795833587646484e-05
7.59	3.337860107421875e-05
7.6	3.325939178466797e-05
7.61	3.2782554626464844e-05
7.62	3.2067298889160156e-05
7.63	3.1828880310058594e-05
7.64	3.141164779663086e-05
7.65	3.1113624572753906e-05
7.66	3.075599670410156e-05
7.67	3.0517578125e-05
7.68	2.9921531677246094e-05
7.69	2.9802322387695312e-05
7.7	2.9385089874267578e-05
7.71	2.9206275939941406e-05
7.72	2.8908252716064453e-05
7.73	2.866983413696289e-05
7.74	2.8252601623535156e-05
7.75	2.8192996978759766e-05
7.76	2.7179718017578125e-05
7.77	2.6226043701171875e-05
7.78	2.5928020477294922e-05
7.79	2.5570392608642578e-05
7.8	2.5570392608642578e-05
7.81	2.5391578674316406e-05
7.82	2.5272369384765625e-05
7.83	2.491474151611328e-05
7.84	2.491474151611328e-05
7.85	2.4378299713134766e-05
7.86	2.4080276489257812e-05
7.87	2.3663043975830078e-05
7.88	2.288818359375e-05
7.89	2.2292137145996094e-05
7.9	2.2172927856445312e-05
7.91	2.187490463256836e-05
7.92	2.1755695343017578e-05
7.93	2.1636486053466797e-05
7.94	2.1636486053466797e-05
7.95	2.104043960571289e-05
7.96	2.09808349609375e-05
7.97	2.0742416381835938e-05
7.98	2.0205974578857422e-05
7.99	2.002716064453125e-05
8.0	1.9848346710205078e-05
8.01	1.9609928131103516e-05
8.02	1.9431114196777344e-05
8.03	1.9431114196777344e-05
8.04	1.895427703857422e-05
8.05	1.8775463104248047e-05
8.06	1.8596649169921875e-05
8.07	1.800060272216797e-05
8.08	1.7583370208740234e-05
8.09	1.7464160919189453e-05
8.1	1.71661376953125e-05
8.11	1.710653305053711e-05
8.12	1.704692840576172e-05
8.13	1.6987323760986328e-05
8.14	1.6868114471435547e-05
8.15	1.6689300537109375e-05
8.16	1.6510486602783203e-05
8.17	1.609325408935547e-05
8.18	1.519918441772461e-05
8.19	1.4960765838623047e-05
8.2	1.4662742614746094e-05
8.21	1.4543533325195312e-05
8.22	1.4543533325195312e-05
8.23	1.436471939086914e-05
8.24	1.436471939086914e-05
8.25	1.4066696166992188e-05
8.26	1.4007091522216797e-05
8.27	1.3768672943115234e-05
8.28	1.341104507446289e-05
8.29	1.3172626495361328e-05
8.3	1.3053417205810547e-05
8.31	1.2934207916259766e-05
8.32	1.2755393981933594e-05
8.33	1.2636184692382812e-05
8.34	1.233816146850586e-05
8.35	1.2278556823730469e-05
8.36	1.2159347534179688e-05
8.37	1.150369644165039e-05
8.38	1.138448715209961e-05
8.39	1.1146068572998047e-05
8.4	1.1026859283447266e-05
8.41	1.0967254638671875e-05
8.42	1.0907649993896484e-05
8.43	1.0788440704345703e-05
8.44	1.0609626770019531e-05
8.45	1.043081283569336e-05
8.46	1.0371208190917969e-05
8.47	9.894371032714844e-06
8.48	9.775161743164062e-06
8.49	9.5367431640625e-06
8.5	9.47713851928711e-06
8.51	9.238719940185547e-06
8.52	9.119510650634766e-06
8.53	8.940696716308594e-06
8.54	8.881092071533203e-06
8.55	8.821487426757812e-06
8.56	8.821487426757812e-06
8.57	8.702278137207031e-06
8.58	8.52346420288086e-06
8.59	8.344650268554688e-06
8.6	8.165836334228516e-06
8.61	8.106231689453125e-06
8.62	7.987022399902344e-06
8.63	7.987022399902344e-06
8.64	7.748603820800781e-06
8.65	7.68899917602539e-06
8.66	7.510185241699219e-06
8.67	7.3909759521484375e-06
8.68	7.3909759521484375e-06
8.69	7.331371307373047e-06
8.7	7.152557373046875e-06
8.71	7.092952728271484e-06
8.72	7.092952728271484e-06
8.73	6.9141387939453125e-06
8.74	6.735324859619141e-06
8.75	6.735324859619141e-06
8.76	6.735324859619141e-06
8.77	6.556510925292969e-06
8.78	6.556510925292969e-06
8.79	6.258487701416016e-06
8.8	6.198883056640625e-06
8.81	6.198883056640625e-06
8.82	6.020069122314453e-06
8.83	6.020069122314453e-06
8.84	5.9604644775390625e-06
8.85	5.900859832763672e-06
8.86	5.841255187988281e-06
8.87	5.841255187988281e-06
8.88	5.781650543212891e-06
8.89	5.662441253662109e-06
8.9	5.602836608886719e-06
8.91	5.543231964111328e-06
8.92	5.364418029785156e-06
8.93	5.245208740234375e-06
8.94	5.066394805908203e-06
8.95	5.066394805908203e-06
8.96	5.0067901611328125e-06
8.97	5.0067901611328125e-06
8.98	5.0067901611328125e-06
8.99	5.0067901611328125e-06
9.0	4.887580871582031e-06
9.01	4.827976226806641e-06
9.02	4.827976226806641e-06
9.03	4.649162292480469e-06
9.04	4.5299530029296875e-06
9.05	4.410743713378906e-06
9.06	4.410743713378906e-06
9.07	4.351139068603516e-06
9.08	4.291534423828125e-06
9.09	4.112720489501953e-06
9.1	4.112720489501953e-06
9.11	4.0531158447265625e-06
9.12	4.0531158447265625e-06
9.13	3.874301910400391e-06
9.14	3.814697265625e-06
9.15	3.7550926208496094e-06
9.16	3.7550926208496094e-06
9.17	3.6954879760742188e-06
9.18	3.6954879760742188e-06
9.19	3.5762786865234375e-06
9.2	3.5762786865234375e-06
9.21	3.516674041748047e-06
9.22	3.337860107421875e-06
9.23	3.2782554626464844e-06
9.24	3.2186508178710938e-06
9.25	3.2186508178710938e-06
9.26	3.159046173095703e-06
9.27	3.0994415283203125e-06
9.28	3.039836883544922e-06
9.29	3.039836883544922e-06
9.3	3.039836883544922e-06
9.31	3.039836883544922e-06
9.32	3.039836883544922e-06
9.33	2.9206275939941406e-06
9.34	2.7418136596679688e-06
9.35	2.7418136596679688e-06
9.36	2.6226043701171875e-06
9.37	2.6226043701171875e-06
9.38	2.6226043701171875e-06
9.39	2.6226043701171875e-06
9.4	2.562999725341797e-06
9.41	2.5033950805664062e-06
9.42	2.5033950805664062e-06
9.43	2.5033950805664062e-06
9.44	2.4437904357910156e-06
9.45	2.4437904357910156e-06
9.46	2.384185791015625e-06
9.47	2.384185791015625e-06
9.48	2.384185791015625e-06
9.49	2.3245811462402344e-06
9.5	2.3245811462402344e-06
9.51	2.3245811462402344e-06
9.52	2.205371856689453e-06
9.53	2.086162567138672e-06
9.54	2.086162567138672e-06
9.55	2.0265579223632812e-06
9.56	2.0265579223632812e-06
9.57	2.0265579223632812e-06
9.58	2.0265579223632812e-06
9.59	2.0265579223632812e-06
9.6	2.0265579223632812e-06
9.61	2.0265579223632812e-06
9.62	2.0265579223632812e-06
9.63	1.9669532775878906e-06
9.64	1.8477439880371094e-06
9.65	1.7881393432617188e-06
9.66	1.7285346984863281e-06
9.67	1.7285346984863281e-06
9.68	1.6689300537109375e-06
9.69	1.6093254089355469e-06
9.7	1.6093254089355469e-06
9.71	1.5497207641601562e-06
9.72	1.5497207641601562e-06
9.73	1.5497207641601562e-06
9.74	1.5497207641601562e-06
9.75	1.5497207641601562e-06
9.76	1.4901161193847656e-06
9.77	1.4901161193847656e-06
9.78	1.4901161193847656e-06
9.79	1.430511474609375e-06
9.8	1.430511474609375e-06
9.81	1.430511474609375e-06
9.82	1.3709068298339844e-06
9.83	1.2516975402832031e-06
9.84	1.2516975402832031e-06
9.85	1.1920928955078125e-06
9.86	1.1920928955078125e-06
9.87	1.1920928955078125e-06
9.88	1.1324882507324219e-06
9.89	1.1324882507324219e-06
9.9	1.1324882507324219e-06
9.91	1.1324882507324219e-06
9.92	1.1324882507324219e-06
9.93	1.1324882507324219e-06
9.94	1.1324882507324219e-06
9.95	1.0132789611816406e-06
9.96	1.0132789611816406e-06
9.97	1.0132789611816406e-06
9.98	9.5367431640625e-07
9.99	9.5367431640625e-07
10.0	9.5367431640625e-07
10.01	8.940696716308594e-07
10.02	8.940696716308594e-07
10.03	8.940696716308594e-07
10.04	8.940696716308594e-07
10.05	8.940696716308594e-07
10.06	8.940696716308594e-07
10.07	8.940696716308594e-07
10.08	8.940696716308594e-07
10.09	8.344650268554688e-07
10.1	7.748603820800781e-07
10.11	7.748603820800781e-07
10.12	7.748603820800781e-07
10.13	7.748603820800781e-07
10.14	7.152557373046875e-07
10.15	7.152557373046875e-07
10.16	7.152557373046875e-07
10.17	7.152557373046875e-07
10.18	7.152557373046875e-07
10.19	7.152557373046875e-07
10.2	7.152557373046875e-07
10.21	7.152557373046875e-07
10.22	7.152557373046875e-07
10.23	7.152557373046875e-07
10.24	7.152557373046875e-07
10.25	7.152557373046875e-07
10.26	6.556510925292969e-07
10.27	5.960464477539062e-07
10.28	5.960464477539062e-07
10.29	5.364418029785156e-07
10.3	5.364418029785156e-07
10.31	5.364418029785156e-07
10.32	5.364418029785156e-07
10.33	5.364418029785156e-07
10.34	5.364418029785156e-07
10.35	5.364418029785156e-07
10.36	5.364418029785156e-07
10.37	5.364418029785156e-07
10.38	5.364418029785156e-07
10.39	4.76837158203125e-07
10.4	4.172325134277344e-07
10.41	4.172325134277344e-07
10.42	4.172325134277344e-07
10.43	4.172325134277344e-07
10.44	4.172325134277344e-07
10.45	3.5762786865234375e-07
10.46	3.5762786865234375e-07
10.47	3.5762786865234375e-07
10.48	3.5762786865234375e-07
10.49	3.5762786865234375e-07
10.5	3.5762786865234375e-07
10.51	3.5762786865234375e-07
10.52	3.5762786865234375e-07
10.53	3.5762786865234375e-07
10.54	3.5762786865234375e-07
10.55	3.5762786865234375e-07
10.56	3.5762786865234375e-07
10.57	3.5762786865234375e-07
10.58	2.980232238769531e-07
10.59	2.384185791015625e-07
10.6	2.384185791015625e-07
10.61	2.384185791015625e-07
10.62	2.384185791015625e-07
10.63	2.384185791015625e-07
10.64	2.384185791015625e-07
10.65	2.384185791015625e-07
10.66	2.384185791015625e-07
10.67	2.384185791015625e-07
10.68	2.384185791015625e-07
10.69	2.384185791015625e-07
10.7	1.7881393432617188e-07
10.71	1.7881393432617188e-07
10.72	1.7881393432617188e-07
10.73	1.7881393432617188e-07
10.74	1.7881393432617188e-07
10.75	1.7881393432617188e-07
10.76	1.7881393432617188e-07
10.77	1.7881393432617188e-07
10.78	1.7881393432617188e-07
10.79	1.7881393432617188e-07
10.8	1.7881393432617188e-07
10.81	1.7881393432617188e-07
10.82	1.7881393432617188e-07
10.83	1.7881393432617188e-07
10.84	1.7881393432617188e-07
10.85	1.7881393432617188e-07
10.86	1.7881393432617188e-07
10.87	1.7881393432617188e-07
10.88	1.7881393432617188e-07
10.89	1.1920928955078125e-07
10.9	1.1920928955078125e-07
10.91	1.1920928955078125e-07
10.92	1.1920928955078125e-07
10.93	1.1920928955078125e-07
10.94	1.1920928955078125e-07
10.95	1.1920928955078125e-07
10.96	1.1920928955078125e-07
10.97	1.1920928955078125e-07
10.98	1.1920928955078125e-07
10.99	1.1920928955078125e-07
11.0	5.960464477539063e-08
11.01	5.960464477539063e-08
11.02	5.960464477539063e-08
11.03	5.960464477539063e-08
11.04	5.960464477539063e-08
11.05	5.960464477539063e-08
11.06	5.960464477539063e-08
11.07	5.960464477539063e-08
11.08	5.960464477539063e-08
11.09	5.960464477539063e-08
11.1	5.960464477539063e-08
11.11	5.960464477539063e-08
11.12	5.960464477539063e-08
11.13	5.960464477539063e-08
11.14	5.960464477539063e-08
11.15	5.960464477539063e-08
11.16	5.960464477539063e-08
11.17	5.960464477539063e-08
11.18	5.960464477539063e-08
11.19	0.0
