6.28	0.0005011558532714844
6.29	0.0004980564117431641
6.3	0.0004961490631103516
6.31	0.0004942417144775391
6.32	0.0004911422729492188
6.33	0.00048613548278808594
6.34	0.00048065185546875
6.35	0.0004773139953613281
6.36	0.00046706199645996094
6.37	0.00046324729919433594
6.38	0.0004620552062988281
6.39	0.0004601478576660156
6.4	0.0004565715789794922
6.41	0.0004546642303466797
6.42	0.0004444122314453125
6.43	0.0004429817199707031
6.44	0.0004420280456542969
6.45	0.00043773651123046875
6.46	0.0004329681396484375
6.47	0.00042510032653808594
6.48	0.0004220008850097656
6.49	0.0004189014434814453
6.5	0.0004169940948486328
6.51	0.0004124641418457031
6.52	0.0004067420959472656
6.53	0.00040602684020996094
6.54	0.00040411949157714844
6.55	0.00040221214294433594
6.56	0.00039768218994140625
6.57	0.000392913818359375
6.58	0.0003871917724609375
6.59	0.0003840923309326172
6.6	0.0003790855407714844
6.61	0.00036978721618652344
6.62	0.0003685951232910156
6.63	0.00036215782165527344
6.64	0.0003609657287597656
6.65	0.0003592967987060547
6.66	0.0003578662872314453
6.67	0.0003535747528076172
6.68	0.0003464221954345703
6.69	0.00034546852111816406
6.7	0.0003447532653808594
6.71	0.0003428459167480469
6.72	0.0003333091735839844
6.73	0.0003294944763183594
6.74	0.0003204345703125
6.75	0.0003197193145751953
6.76	0.0003178119659423828
6.77	0.00031638145446777344
6.78	0.0003142356872558594
6.79	0.00031256675720214844
6.8	0.00031185150146484375
6.81	0.00030684471130371094
6.82	0.0003058910369873047
6.83	0.00030040740966796875
6.84	0.0002987384796142578
6.85	0.00029468536376953125
6.86	0.0002932548522949219
6.87	0.00029087066650390625
6.88	0.00028896331787109375
6.89	0.0002853870391845703
6.9	0.0002830028533935547
6.91	0.0002815723419189453
6.92	0.0002791881561279297
6.93	0.0002777576446533203
6.94	0.00027251243591308594
6.95	0.0002715587615966797
6.96	0.00026726722717285156
6.97	0.0002665519714355469
6.98	0.00025725364685058594
6.99	0.00025582313537597656
7.0	0.000255584716796875
7.01	0.0002543926239013672
7.02	0.0002536773681640625
7.03	0.00025200843811035156
7.04	0.00024819374084472656
7.05	0.0002467632293701172
7.06	0.00024509429931640625
7.07	0.0002434253692626953
7.08	0.00023984909057617188
7.09	0.00023937225341796875
7.1	0.00023865699768066406
7.11	0.00023865699768066406
7.12	0.00023746490478515625
7.13	0.00023603439331054688
7.14	0.0002338886260986328
7.15	0.0002315044403076172
7.16	0.00022745132446289062
7.17	0.0002238750457763672
7.18	0.00022268295288085938
7.19	0.0002193450927734375
7.2	0.00021576881408691406
7.21	0.0002148151397705078
7.22	0.00021314620971679688
7.23	0.0002129077911376953
7.24	0.00021219253540039062
7.25	0.00021147727966308594
7.26	0.00021076202392578125
7.27	0.00020956993103027344
7.28	0.00020265579223632812
7.29	0.00019860267639160156
7.3	0.0001926422119140625
7.31	0.00019240379333496094
7.32	0.0001888275146484375
7.33	0.0001888275146484375
7.34	0.00018715858459472656
7.35	0.00018334388732910156
7.36	0.00018262863159179688
7.37	0.00018167495727539062
7.38	0.00018024444580078125
7.39	0.00017547607421875
7.4	0.00017523765563964844
7.41	0.00017404556274414062
7.42	0.0001728534698486328
7.43	0.00017189979553222656
7.44	0.00017142295837402344
7.45	0.00016260147094726562
7.46	0.00016188621520996094
7.47	0.00016045570373535156
7.48	0.0001590251922607422
7.49	0.0001590251922607422
7.5	0.00015425682067871094
7.51	0.00015306472778320312
7.52	0.0001513957977294922
7.53	0.0001506805419921875
7.54	0.00014662742614746094
7.55	0.00014638900756835938
7.56	0.00014591217041015625
7.57	0.00014495849609375
7.58	0.0001442432403564453
7.59	0.00014209747314453125
7.6	0.0001399517059326172
7.61	0.00013875961303710938
7.62	0.0001380443572998047
7.63	0.00013589859008789062
7.64	0.0001354217529296875
7.65	0.00013113021850585938
7.66	0.00012826919555664062
7.67	0.00012731552124023438
7.68	0.00012636184692382812
7.69	0.00012540817260742188
7.7	0.0001239776611328125
7.71	0.00012350082397460938
7.72	0.0001227855682373047
7.73	0.00012254714965820312
7.74	0.0001220703125
7.75	0.00012159347534179688
7.76	0.00012087821960449219
7.77	0.00011801719665527344
7.78	0.00011754035949707031
7.79	0.00011682510375976562
7.8	0.00011610984802246094
7.81	0.00011491775512695312
7.82	0.00011420249938964844
7.83	0.00011348724365234375
7.84	0.00011324882507324219
7.85	0.00011229515075683594
7.86	0.00011014938354492188
7.87	0.00010967254638671875
7.88	0.00010657310485839844
7.89	0.00010585784912109375
7.9	0.00010418891906738281
7.91	0.00010037422180175781
7.92	0.00010037422180175781
7.93	0.00010013580322265625
7.94	9.989738464355469e-05
7.95	9.942054748535156e-05
7.96	9.894371032714844e-05
7.97	9.775161743164062e-05
7.98	9.72747802734375e-05
7.99	9.632110595703125e-05
8.0	9.560585021972656e-05
8.01	8.96453857421875e-05
8.02	8.940696716308594e-05
8.03	8.893013000488281e-05
8.04	8.869171142578125e-05
8.05	8.845329284667969e-05
8.06	8.678436279296875e-05
8.07	8.606910705566406e-05
8.08	8.535385131835938e-05
8.09	8.487701416015625e-05
8.1	8.392333984375e-05
8.11	8.368492126464844e-05
8.12	8.320808410644531e-05
8.13	8.225440979003906e-05
8.14	8.20159912109375e-05
8.15	8.130073547363281e-05
8.16	8.058547973632812e-05
8.17	8.058547973632812e-05
8.18	8.034706115722656e-05
8.19	7.915496826171875e-05
8.2	7.891654968261719e-05
8.21	7.510185241699219e-05
8.22	7.462501525878906e-05
8.23	7.05718994140625e-05
8.24	7.033348083496094e-05
8.25	6.937980651855469e-05
8.26	6.866455078125e-05
8.27	6.818771362304688e-05
8.28	6.794929504394531e-05
8.29	6.794929504394531e-05
8.3	6.699562072753906e-05
8.31	6.628036499023438e-05
8.32	6.556510925292969e-05
8.33	6.389617919921875e-05
8.34	6.365776062011719e-05
8.35	6.29425048828125e-05
8.36	6.222724914550781e-05
8.37	6.198883056640625e-05
8.38	5.888938903808594e-05
8.39	5.817413330078125e-05
8.4	5.817413330078125e-05
8.41	5.7220458984375e-05
8.42	5.626678466796875e-05
8.43	5.5789947509765625e-05
8.44	5.5789947509765625e-05
8.45	5.555152893066406e-05
8.46	5.4836273193359375e-05
8.47	5.4836273193359375e-05
8.48	5.435943603515625e-05
8.49	5.412101745605469e-05
8.5	5.364418029785156e-05
8.51	5.340576171875e-05
8.52	5.245208740234375e-05
8.53	5.14984130859375e-05
8.54	5.14984130859375e-05
8.55	5.054473876953125e-05
8.56	4.982948303222656e-05
8.57	4.935264587402344e-05
8.58	4.935264587402344e-05
8.59	4.9114227294921875e-05
8.6	4.887580871582031e-05
8.61	4.792213439941406e-05
8.62	4.601478576660156e-05
8.63	4.601478576660156e-05
8.64	4.553794860839844e-05
8.65	4.5299530029296875e-05
8.66	4.5299530029296875e-05
8.67	4.5299530029296875e-05
8.68	4.5299530029296875e-05
8.69	4.458427429199219e-05
8.7	4.363059997558594e-05
8.71	4.363059997558594e-05
8.72	4.291534423828125e-05
8.73	4.291534423828125e-05
8.74	4.2438507080078125e-05
8.75	4.2438507080078125e-05
8.76	4.2438507080078125e-05
8.77	4.2438507080078125e-05
8.78	4.172325134277344e-05
8.79	4.100799560546875e-05
8.8	4.100799560546875e-05
8.81	4.076957702636719e-05
8.82	3.981590270996094e-05
8.83	3.933906555175781e-05
8.84	3.886222839355469e-05
8.85	3.886222839355469e-05
8.86	3.8623809814453125e-05
8.87	3.790855407714844e-05
8.88	3.7670135498046875e-05
8.89	3.7670135498046875e-05
8.9	3.719329833984375e-05
8.91	3.719329833984375e-05
8.92	3.647804260253906e-05
8.93	3.62396240234375e-05
8.94	3.2901763916015625e-05
8.95	3.266334533691406e-05
8.96	3.24249267578125e-05
8.97	3.218650817871094e-05
8.98	3.1948089599609375e-05
8.99	3.0994415283203125e-05
9.0	3.0994415283203125e-05
9.01	3.0994415283203125e-05
9.02	3.075599670410156e-05
9.03	3.0279159545898438e-05
9.04	2.9802322387695312e-05
9.05	2.956390380859375e-05
9.06	2.9325485229492188e-05
9.07	2.9087066650390625e-05
9.08	2.8371810913085938e-05
9.09	2.765655517578125e-05
9.1	2.765655517578125e-05
9.11	2.765655517578125e-05
9.12	2.7179718017578125e-05
9.13	2.6941299438476562e-05
9.14	2.6702880859375e-05
9.15	2.6702880859375e-05
9.16	2.6702880859375e-05
9.17	2.574920654296875e-05
9.18	2.5272369384765625e-05
9.19	2.5033950805664062e-05
9.2	2.5033950805664062e-05
9.21	2.4557113647460938e-05
9.22	2.4557113647460938e-05
9.23	2.4318695068359375e-05
9.24	2.4080276489257812e-05
9.25	2.384185791015625e-05
9.26	2.3126602172851562e-05
9.27	2.3126602172851562e-05
9.28	2.2649765014648438e-05
9.29	2.2649765014648438e-05
9.3	2.193450927734375e-05
9.31	2.193450927734375e-05
9.32	2.193450927734375e-05
9.33	2.1696090698242188e-05
9.34	2.09808349609375e-05
9.35	2.0503997802734375e-05
9.36	2.0503997802734375e-05
9.37	2.0503997802734375e-05
9.38	2.0265579223632812e-05
9.39	2.0265579223632812e-05
9.4	2.0265579223632812e-05
9.41	2.0265579223632812e-05
9.42	2.002716064453125e-05
9.43	1.9788742065429688e-05
9.44	1.9550323486328125e-05
9.45	1.9311904907226562e-05
9.46	1.9073486328125e-05
9.47	1.9073486328125e-05
9.48	1.9073486328125e-05
9.49	1.9073486328125e-05
9.5	1.9073486328125e-05
9.51	1.8835067749023438e-05
9.52	1.8596649169921875e-05
9.53	1.8358230590820312e-05
9.54	1.811981201171875e-05
9.55	1.71661376953125e-05
9.56	1.71661376953125e-05
9.57	1.71661376953125e-05
9.58	1.6927719116210938e-05
9.59	1.6927719116210938e-05
9.6	1.6927719116210938e-05
9.61	1.6689300537109375e-05
9.62	1.6689300537109375e-05
9.63	1.6450881958007812e-05
9.64	1.621246337890625e-05
9.65	1.5497207641601562e-05
9.66	1.5497207641601562e-05
9.67	1.5497207641601562e-05
9.68	1.52587890625e-05
9.69	1.52587890625e-05
9.7	1.4781951904296875e-05
9.71	1.4543533325195312e-05
9.72	1.4543533325195312e-05
9.73	1.430511474609375e-05
9.74	1.4066696166992188e-05
9.75	1.3589859008789062e-05
9.76	1.3589859008789062e-05
9.77	1.33514404296875e-05
9.78	1.33514404296875e-05
9.79	1.3113021850585938e-05
9.8	1.3113021850585938e-05
9.81	1.2636184692382812e-05
9.82	1.2636184692382812e-05
9.83	1.2636184692382812e-05
9.84	1.2636184692382812e-05
9.85	1.239776611328125e-05
9.86	1.1920928955078125e-05
9.87	1.1920928955078125e-05
9.88	1.1682510375976562e-05
9.89	1.1682510375976562e-05
9.9	1.0967254638671875e-05
9.91	1.0728836059570312e-05
9.92	1.049041748046875e-05
9.93	1.049041748046875e-05
9.94	1.049041748046875e-05
9.95	1.0251998901367188e-05
9.96	1.0251998901367188e-05
9.97	1.0013580322265625e-05
9.98	1.0013580322265625e-05
9.99	1.0013580322265625e-05
10.0	1.0013580322265625e-05
10.01	9.059906005859375e-06
10.02	8.58306884765625e-06
10.03	8.58306884765625e-06
10.04	8.58306884765625e-06
10.05	8.58306884765625e-06
10.06	8.58306884765625e-06
10.07	8.58306884765625e-06
10.08	8.58306884765625e-06
10.09	8.344650268554688e-06
10.1	8.344650268554688e-06
10.11	8.106231689453125e-06
10.12	8.106231689453125e-06
10.13	8.106231689453125e-06
10.14	7.867813110351562e-06
10.15	7.867813110351562e-06
10.16	7.867813110351562e-06
10.17	7.62939453125e-06
10.18	7.62939453125e-06
10.19	7.62939453125e-06
10.2	7.62939453125e-06
10.21	7.62939453125e-06
10.22	7.3909759521484375e-06
10.23	7.3909759521484375e-06
10.24	7.152557373046875e-06
10.25	7.152557373046875e-06
10.26	6.67572021484375e-06
10.27	6.4373016357421875e-06
10.28	6.4373016357421875e-06
10.29	6.4373016357421875e-06
10.3	6.4373016357421875e-06
10.31	6.4373016357421875e-06
10.32	6.4373016357421875e-06
10.33	6.4373016357421875e-06
10.34	6.4373016357421875e-06
10.35	6.4373016357421875e-06
10.36	6.4373016357421875e-06
10.37	6.198883056640625e-06
10.38	6.198883056640625e-06
10.39	6.198883056640625e-06
10.4	6.198883056640625e-06
10.41	6.198883056640625e-06
10.42	6.198883056640625e-06
10.43	6.198883056640625e-06
10.44	5.9604644775390625e-06
10.45	5.9604644775390625e-06
10.46	5.7220458984375e-06
10.47	5.4836273193359375e-06
10.48	5.245208740234375e-06
10.49	5.245208740234375e-06
10.5	5.245208740234375e-06
10.51	5.245208740234375e-06
10.52	5.245208740234375e-06
10.53	5.245208740234375e-06
10.54	5.245208740234375e-06
10.55	5.245208740234375e-06
10.56	5.245208740234375e-06
10.57	4.5299530029296875e-06
10.58	4.291534423828125e-06
10.59	4.291534423828125e-06
10.6	4.291534423828125e-06
10.61	4.0531158447265625e-06
10.62	4.0531158447265625e-06
10.63	3.814697265625e-06
10.64	3.814697265625e-06
10.65	3.814697265625e-06
10.66	3.814697265625e-06
10.67	3.814697265625e-06
10.68	3.5762786865234375e-06
10.69	3.5762786865234375e-06
10.7	3.5762786865234375e-06
10.71	3.5762786865234375e-06
10.72	3.5762786865234375e-06
10.73	3.0994415283203125e-06
10.74	2.86102294921875e-06
10.75	2.86102294921875e-06
10.76	2.86102294921875e-06
10.77	2.86102294921875e-06
10.78	2.6226043701171875e-06
10.79	2.6226043701171875e-06
10.8	2.6226043701171875e-06
10.81	2.6226043701171875e-06
10.82	2.384185791015625e-06
10.83	2.384185791015625e-06
10.84	2.384185791015625e-06
10.85	2.384185791015625e-06
10.86	2.384185791015625e-06
10.87	2.384185791015625e-06
10.88	2.384185791015625e-06
10.89	2.384185791015625e-06
10.9	2.384185791015625e-06
10.91	2.384185791015625e-06
10.92	2.384185791015625e-06
10.93	2.1457672119140625e-06
10.94	2.1457672119140625e-06
10.95	1.9073486328125e-06
10.96	1.9073486328125e-06
10.97	1.9073486328125e-06
10.98	1.9073486328125e-06
10.99	1.9073486328125e-06
11.0	1.9073486328125e-06
11.01	1.9073486328125e-06
11.02	1.9073486328125e-06
11.03	1.9073486328125e-06
11.04	1.9073486328125e-06
11.05	1.9073486328125e-06
11.06	1.9073486328125e-06
11.07	1.9073486328125e-06
11.08	1.9073486328125e-06
11.09	1.9073486328125e-06
11.1	1.9073486328125e-06
11.11	1.9073486328125e-06
11.12	1.9073486328125e-06
11.13	1.9073486328125e-06
11.14	1.9073486328125e-06
11.15	1.9073486328125e-06
11.16	1.9073486328125e-06
11.17	1.6689300537109375e-06
11.18	1.6689300537109375e-06
11.19	1.430511474609375e-06
11.2	1.430511474609375e-06
11.21	1.430511474609375e-06
11.22	1.430511474609375e-06
11.23	1.430511474609375e-06
11.24	1.430511474609375e-06
11.25	1.430511474609375e-06
11.26	1.430511474609375e-06
11.27	1.430511474609375e-06
11.28	1.430511474609375e-06
11.29	1.1920928955078125e-06
11.3	9.5367431640625e-07
11.31	9.5367431640625e-07
11.32	9.5367431640625e-07
11.33	9.5367431640625e-07
11.34	9.5367431640625e-07
11.35	9.5367431640625e-07
11.36	9.5367431640625e-07
11.37	9.5367431640625e-07
11.38	9.5367431640625e-07
11.39	9.5367431640625e-07
11.4	9.5367431640625e-07
11.41	9.5367431640625e-07
11.42	9.5367431640625e-07
11.43	9.5367431640625e-07
11.44	9.5367431640625e-07
11.45	9.5367431640625e-07
11.46	9.5367431640625e-07
11.47	9.5367431640625e-07
11.48	9.5367431640625e-07
11.49	7.152557373046875e-07
11.5	7.152557373046875e-07
11.51	4.76837158203125e-07
11.52	4.76837158203125e-07
11.53	4.76837158203125e-07
11.54	4.76837158203125e-07
11.55	4.76837158203125e-07
11.56	4.76837158203125e-07
11.57	4.76837158203125e-07
11.58	4.76837158203125e-07
11.59	4.76837158203125e-07
11.6	4.76837158203125e-07
11.61	4.76837158203125e-07
11.62	4.76837158203125e-07
11.63	4.76837158203125e-07
11.64	4.76837158203125e-07
11.65	4.76837158203125e-07
11.66	2.384185791015625e-07
11.67	2.384185791015625e-07
11.68	2.384185791015625e-07
11.69	2.384185791015625e-07
11.7	2.384185791015625e-07
11.71	2.384185791015625e-07
11.72	2.384185791015625e-07
11.73	2.384185791015625e-07
11.74	2.384185791015625e-07
11.75	2.384185791015625e-07
11.76	2.384185791015625e-07
11.77	2.384185791015625e-07
11.78	2.384185791015625e-07
11.79	2.384185791015625e-07
11.8	2.384185791015625e-07
11.81	2.384185791015625e-07
11.82	2.384185791015625e-07
11.83	2.384185791015625e-07
11.84	2.384185791015625e-07
11.85	2.384185791015625e-07
11.86	2.384185791015625e-07
11.87	2.384185791015625e-07
11.88	2.384185791015625e-07
11.89	2.384185791015625e-07
11.9	2.384185791015625e-07
11.91	2.384185791015625e-07
11.92	2.384185791015625e-07
11.93	2.384185791015625e-07
11.94	2.384185791015625e-07
11.95	2.384185791015625e-07
11.96	2.384185791015625e-07
11.97	2.384185791015625e-07
11.98	2.384185791015625e-07
11.99	2.384185791015625e-07
12.0	2.384185791015625e-07
12.01	2.384185791015625e-07
12.02	2.384185791015625e-07
12.03	2.384185791015625e-07
12.04	2.384185791015625e-07
12.05	2.384185791015625e-07
12.06	2.384185791015625e-07
12.07	2.384185791015625e-07
12.08	2.384185791015625e-07
12.09	2.384185791015625e-07
12.1	2.384185791015625e-07
12.11	2.384185791015625e-07
12.12	2.384185791015625e-07
12.13	2.384185791015625e-07
12.14	2.384185791015625e-07
12.15	2.384185791015625e-07
12.16	2.384185791015625e-07
12.17	2.384185791015625e-07
12.18	2.384185791015625e-07
12.19	2.384185791015625e-07
12.2	2.384185791015625e-07
12.21	2.384185791015625e-07
12.22	0.0
