6.02	0.0005012320470996201
6.03	0.000497145636472851
6.04	0.0004930840223096311
6.05	0.0004890551208518445
6.06	0.0004850628902204335
6.07	0.00048110814532265067
6.08	0.0004771737731061876
6.09	0.0004732610541395843
6.1	0.0004693686496466398
6.11	0.000465506745968014
6.12	0.0004617107333615422
6.13	0.00045792292803525925
6.14	0.0004541352391242981
6.15	0.00045038788812235
6.16	0.00044668844202533364
6.17	0.00044302642345428467
6.18	0.0004393520066514611
6.19	0.0004356617573648691
6.2	0.00043207843555137515
6.21	0.00042851309990510345
6.22	0.000424988626036793
6.23	0.00042141228914260864
6.24	0.00041794287972152233
6.25	0.0004144842969253659
6.26	0.0004110495210625231
6.27	0.0004076233599334955
6.28	0.0004042188520543277
6.29	0.00040084216743707657
6.3	0.00039750075666233897
6.31	0.00039418041706085205
6.32	0.0003908898215740919
6.33	0.00038762256735935807
6.34	0.0003843915183097124
6.35	0.00038116489304229617
6.36	0.00037795567186549306
6.37	0.0003747828886844218
6.38	0.0003716326900757849
6.39	0.0003685076953843236
6.4	0.00036540714791044593
6.41	0.0003623171942308545
6.42	0.000359270372428
6.43	0.000356256146915257
6.44	0.0003532172995619476
6.45	0.0003502455074340105
6.46	0.0003472752869129181
6.47	0.0003443441819399595
6.48	0.0003414002130739391
6.49	0.00033854134380817413
6.5	0.00033566291676834226
6.51	0.0003328027669340372
6.52	0.00032998668029904366
6.53	0.00032718211878091097
6.54	0.0003243879182264209
6.55	0.00032160215778276324
6.56	0.0003188534756191075
6.57	0.0003161432105116546
6.58	0.00031344167655333877
6.59	0.0003107629017904401
6.6	0.000308099202811718
6.61	0.0003054671688005328
6.62	0.00030285754473879933
6.63	0.0003002411685883999
6.64	0.00029765331419184804
6.65	0.00029509334126487374
6.66	0.00029255409026518464
6.67	0.0002900289837270975
6.68	0.0002875306527130306
6.69	0.00028505868976935744
6.7	0.0002826096024364233
6.71	0.00028015015413984656
6.72	0.00027771678287535906
6.73	0.00027530110673978925
6.74	0.0002729250118136406
6.75	0.0002705659717321396
6.76	0.00026820594212040305
6.77	0.0002658661105670035
6.78	0.00026356615126132965
6.79	0.0002612841781228781
6.8	0.0002590001095086336
6.81	0.0002567205810919404
6.82	0.00025448628002777696
6.83	0.0002522609429433942
6.84	0.0002500631380826235
6.85	0.0002478813985362649
6.86	0.00024570716777816415
6.87	0.00024355569621548057
6.88	0.0002414103364571929
6.89	0.00023928273003548384
6.9	0.00023717316798865795
6.91	0.00023507268633693457
6.92	0.00023299845634028316
6.93	0.00023093773052096367
6.94	0.00022891699336469173
6.95	0.00022690824698656797
6.96	0.00022489589173346758
6.97	0.00022291153436526656
6.98	0.00022093195002526045
6.99	0.00021896982798352838
7.0	0.0002170310472138226
7.01	0.0002151033258996904
7.02	0.0002131969085894525
7.03	0.00021130178356543183
7.04	0.0002094193478114903
7.05	0.0002075557131320238
7.06	0.00020570249762386084
7.07	0.0002038581296801567
7.08	0.00020202220184728503
7.09	0.0002002102555707097
7.1	0.00019843073096126318
7.11	0.00019665260333567858
7.12	0.00019489997066557407
7.13	0.00019314687233418226
7.14	0.00019140547374263406
7.15	0.0001896932371892035
7.16	0.00018798268865793943
7.17	0.00018627539975568652
7.18	0.0001845766673795879
7.19	0.0001829247921705246
7.2	0.00018128170631825924
7.21	0.0001796435099095106
7.22	0.00017802964430302382
7.23	0.00017641362501308322
7.24	0.00017480546375736594
7.25	0.0001732204109430313
7.26	0.00017164374003186822
7.27	0.00017007591668516397
7.28	0.00016852898988872766
7.29	0.00016698945546522737
7.3	0.00016547413542866707
7.31	0.0001639684778638184
7.32	0.00016247574239969254
7.33	0.00016098085325211287
7.34	0.00015950854867696762
7.35	0.00015805073780938983
7.36	0.00015659071505069733
7.37	0.00015516363782808185
7.38	0.0001537454081699252
7.39	0.00015232455916702747
7.4	0.00015092629473656416
7.41	0.00014953280333429575
7.42	0.00014815543545410037
7.43	0.00014677643775939941
7.44	0.00014542392455041409
7.45	0.00014407065464183688
7.46	0.00014274189015850425
7.47	0.00014143838780000806
7.48	0.00014013063628226519
7.49	0.00013881427003070712
7.5	0.00013753387611359358
7.51	0.00013625918654724956
7.52	0.00013499369379132986
7.53	0.0001337295980192721
7.54	0.00013247289462015033
7.55	0.0001312362146563828
7.56	0.00013002788182348013
7.57	0.00012882007285952568
7.58	0.00012760056415572762
7.59	0.00012640346540138125
7.6	0.00012521841563284397
7.61	0.00012403406435623765
7.62	0.0001228712499141693
7.63	0.00012171384878456593
7.64	0.0001205687876790762
7.65	0.00011944706784561276
7.66	0.00011832499876618385
7.67	0.00011720159091055393
7.68	0.00011609331704676151
7.69	0.00011500134132802486
7.7	0.00011390162399038672
7.71	0.00011281692422926426
7.72	0.00011175440158694983
7.73	0.00011069903848692775
7.74	0.00010965537512674928
7.75	0.00010861735790967941
7.76	0.00010756927076727152
7.77	0.00010655098594725132
7.78	0.00010554032633081079
7.79	0.00010451831622049212
7.8	0.00010350876254960895
7.81	0.00010252319043502212
7.82	0.0001015497837215662
7.83	0.00010058382758870721
7.84	9.962619515135884e-05
7.85	9.866716573014855e-05
7.86	9.77151794359088e-05
7.87	9.678845526650548e-05
7.88	9.585358202457428e-05
7.89	9.491690434515476e-05
7.9	9.400042472407222e-05
7.91	9.310041787102818e-05
7.92	9.220698848366737e-05
7.93	9.131478145718575e-05
7.94	9.042688179761171e-05
7.95	8.954852819442749e-05
7.96	8.867931319400668e-05
7.97	8.782255463302135e-05
7.98	8.695689029991627e-05
7.99	8.611957309767604e-05
8.0	8.528918260708451e-05
8.01	8.445023559033871e-05
8.02	8.362578228116035e-05
8.03	8.281110785901546e-05
8.04	8.20034765638411e-05
8.05	8.119974518194795e-05
8.06	8.039979729801416e-05
8.07	7.960305083543062e-05
8.08	7.882766658440232e-05
8.09	7.806962821632624e-05
8.1	7.730437209829688e-05
8.11	7.653399370610714e-05
8.12	7.577973883599043e-05
8.13	7.502792868763208e-05
8.14	7.429358083754778e-05
8.15	7.355521665886045e-05
8.16	7.28180748410523e-05
8.17	7.210869807749987e-05
8.18	7.140066009014845e-05
8.19	7.069821003824472e-05
8.2	6.998906610533595e-05
8.21	6.928463699296117e-05
8.22	6.860354915261269e-05
8.23	6.791949272155762e-05
8.24	6.724568083882332e-05
8.25	6.657169433310628e-05
8.26	6.590614793822169e-05
8.27	6.525270873680711e-05
8.28	6.460445001721382e-05
8.29	6.395363016054034e-05
8.3	6.331084296107292e-05
8.31	6.267154822126031e-05
8.32	6.203452358022332e-05
8.33	6.140879122540355e-05
8.34	6.079277954995632e-05
8.35	6.0191669035702944e-05
8.36	5.959044210612774e-05
8.37	5.899346433579922e-05
8.38	5.839020013809204e-05
8.39	5.780509673058987e-05
8.4	5.722016794607043e-05
8.41	5.663058254867792e-05
8.42	5.6053337175399065e-05
8.43	5.548150511458516e-05
8.44	5.492829950526357e-05
8.45	5.437509389594197e-05
8.46	5.381606752052903e-05
8.47	5.3267867770045996e-05
8.48	5.2719085942953825e-05
8.49	5.218287697061896e-05
8.5	5.16479485668242e-05
8.51	5.111348582431674e-05
8.52	5.0589791499078274e-05
8.53	5.007424624636769e-05
8.54	4.9559748731553555e-05
8.55	4.90546808578074e-05
8.56	4.854670260101557e-05
8.57	4.804984200745821e-05
8.58	4.755071131512523e-05
8.59	4.705891478806734e-05
8.6	4.6575849410146475e-05
8.61	4.609912866726518e-05
8.62	4.562526009976864e-05
8.63	4.515156615525484e-05
8.64	4.468223778530955e-05
8.65	4.421902121976018e-05
8.66	4.375283606350422e-05
8.67	4.3292879126966e-05
8.68	4.284101305529475e-05
8.69	4.2396190110594034e-05
8.7	4.195934161543846e-05
8.71	4.152249312028289e-05
8.72	4.1096238419413567e-05
8.73	4.066654946655035e-05
8.74	4.023406654596329e-05
8.75	3.981345798820257e-05
8.76	3.939308226108551e-05
8.77	3.8979342207312584e-05
8.78	3.8567406591027975e-05
8.79	3.8160302210599184e-05
8.8	3.7760124541819096e-05
8.81	3.7367281038314104e-05
8.82	3.697775537148118e-05
8.83	3.658304922282696e-05
8.84	3.6187819205224514e-05
8.85	3.58056859113276e-05
8.86	3.5428907722234726e-05
8.87	3.505393397063017e-05
8.88	3.4677679650485516e-05
8.89	3.43128340318799e-05
8.9	3.3951306249946356e-05
8.91	3.359466791152954e-05
8.92	3.3232150599360466e-05
8.93	3.287283470854163e-05
8.94	3.251840826123953e-05
8.95	3.2167823519557714e-05
8.96	3.1822361052036285e-05
8.97	3.1489471439272165e-05
8.98	3.1152565497905016e-05
8.99	3.081961767747998e-05
9.0	3.04912100546062e-05
9.01	3.015814581885934e-05
9.02	2.9830203857272863e-05
9.03	2.9506452847272158e-05
9.04	2.9184564482420683e-05
9.05	2.8865761123597622e-05
9.06	2.8555805329233408e-05
9.07	2.8247537557035685e-05
9.08	2.7944333851337433e-05
9.09	2.7645903173834085e-05
9.1	2.7344853151589632e-05
9.11	2.7042580768465996e-05
9.12	2.67517170868814e-05
9.13	2.645811764523387e-05
9.14	2.6167079340666533e-05
9.15	2.588017378002405e-05
9.16	2.5599496439099312e-05
9.17	2.532132202759385e-05
9.18	2.5045184884220362e-05
9.19	2.4765555281192064e-05
9.2	2.44865077547729e-05
9.21	2.4217122700065374e-05
9.22	2.3959146346896887e-05
9.23	2.3695174604654312e-05
9.24	2.3431552108377218e-05
9.25	2.317572943866253e-05
9.26	2.2923981305211782e-05
9.27	2.2669904865324497e-05
9.28	2.241495531052351e-05
9.29	2.21616355702281e-05
9.3	2.1914136596024036e-05
9.31	2.1675601601600647e-05
9.32	2.1430954802781343e-05
9.33	2.119271084666252e-05
9.34	2.096302341669798e-05
9.35	2.0732346456497908e-05
9.36	2.0493287593126297e-05
9.37	2.02594674192369e-05
9.38	2.0030653104186058e-05
9.39	1.9807543139904737e-05
9.4	1.9587576389312744e-05
9.41	1.9366794731467962e-05
9.42	1.9147235434502363e-05
9.43	1.8936581909656525e-05
9.44	1.8728722352534533e-05
9.45	1.851079287007451e-05
9.46	1.8295773770660162e-05
9.47	1.8091057427227497e-05
9.48	1.7888203728944063e-05
9.49	1.7688260413706303e-05
9.5	1.7487211152911186e-05
9.51	1.728633651509881e-05
9.52	1.7094891518354416e-05
9.53	1.6902864445000887e-05
9.54	1.6704609151929617e-05
9.55	1.6510544810444117e-05
9.56	1.6321020666509867e-05
9.57	1.6133300960063934e-05
9.58	1.5952799003571272e-05
9.59	1.5771365724503994e-05
9.6	1.5590572729706764e-05
9.61	1.5413446817547083e-05
9.62	1.5239173080772161e-05
9.63	1.5058496501296759e-05
9.64	1.4882883988320827e-05
9.65	1.4711054973304272e-05
9.66	1.4541903510689735e-05
9.67	1.4370772987604141e-05
9.68	1.4204822946339846e-05
9.69	1.4042598195374012e-05
9.7	1.3883342035114765e-05
9.71	1.3722514268010855e-05
9.72	1.355842687189579e-05
9.73	1.3397540897130966e-05
9.74	1.3244978617876768e-05
9.75	1.309259096160531e-05
9.76	1.2937118299305439e-05
9.77	1.2783741112798452e-05
9.78	1.263763988390565e-05
9.79	1.2489326763898134e-05
9.8	1.2346717994660139e-05
9.81	1.2196018360555172e-05
9.82	1.2049218639731407e-05
9.83	1.190893817692995e-05
9.84	1.177261583507061e-05
9.85	1.1631636880338192e-05
9.86	1.1493568308651447e-05
9.87	1.1360447388142347e-05
9.88	1.122232060879469e-05
9.89	1.1087220627814531e-05
9.9	1.0953692253679037e-05
9.91	1.0819814633578062e-05
9.92	1.0690535418689251e-05
9.93	1.05671351775527e-05
9.94	1.0440126061439514e-05
9.95	1.0316551197320223e-05
9.96	1.0198098607361317e-05
9.97	1.0075804311782122e-05
9.98	9.953917469829321e-06
9.99	9.834417141973972e-06
10.0	9.715091437101364e-06
10.01	9.59733733907342e-06
10.02	9.481329470872879e-06
10.03	9.368115570396185e-06
10.04	9.253562893718481e-06
10.05	9.145587682723999e-06
10.06	9.034585673362017e-06
10.07	8.922652341425419e-06
10.08	8.812639862298965e-06
10.09	8.70326766744256e-06
10.1	8.598726708441973e-06
10.11	8.497096132487059e-06
10.12	8.394068572670221e-06
10.13	8.288887329399586e-06
10.14	8.18941043689847e-06
10.15	8.08935146778822e-06
10.16	7.989292498677969e-06
10.17	7.888942491263151e-06
10.18	7.79156107455492e-06
10.19	7.694296073168516e-06
10.2	7.602095138281584e-06
10.21	7.5096613727509975e-06
10.22	7.41821713745594e-06
10.23	7.327296771109104e-06
10.24	7.2390539571642876e-06
10.25	7.14609632268548e-06
10.26	7.0553505793213844e-06
10.27	6.9685629568994045e-06
10.28	6.881484296172857e-06
10.29	6.79423101246357e-06
10.3	6.710353773087263e-06
10.31	6.629270501434803e-06
10.32	6.546615622937679e-06
10.33	6.46570697426796e-06
10.34	6.382993888109922e-06
10.35	6.302318070083857e-06
10.36	6.222573574632406e-06
10.37	6.1447499319911e-06
10.38	6.0659367591142654e-06
10.39	5.990266799926758e-06
10.4	5.916284862905741e-06
10.41	5.839625373482704e-06
10.42	5.765294190496206e-06
10.43	5.69300027564168e-06
10.44	5.617679562419653e-06
10.45	5.547306500375271e-06
10.46	5.476700607687235e-06
10.47	5.4086558520793915e-06
10.48	5.340902134776115e-06
10.49	5.273381248116493e-06
10.5	5.204870831221342e-06
10.51	5.139387212693691e-06
10.52	5.074311047792435e-06
10.53	5.008187144994736e-06
10.54	4.940258804708719e-06
10.55	4.8755318857729435e-06
10.56	4.816276486963034e-06
10.57	4.754634574055672e-06
10.58	4.694622475653887e-06
10.59	4.631758201867342e-06
10.6	4.572561010718346e-06
10.61	4.511850420385599e-06
10.62	4.451954737305641e-06
10.63	4.392408300191164e-06
10.64	4.337227437645197e-06
10.65	4.282395821064711e-06
10.66	4.2264582589268684e-06
10.67	4.1701714508235455e-06
10.68	4.116678610444069e-06
10.69	4.062603693455458e-06
10.7	4.0084123611450195e-06
10.71	3.953347913920879e-06
10.72	3.901717718690634e-06
10.73	3.850844223052263e-06
10.74	3.8016587495803833e-06
10.75	3.7507852539420128e-06
10.76	3.700493834912777e-06
10.77	3.651832230389118e-06
10.78	3.602879587560892e-06
10.79	3.553926944732666e-06
10.8	3.5043340176343918e-06
10.81	3.4577096812427044e-06
10.82	3.4124241210520267e-06
10.83	3.369234036654234e-06
10.84	3.3252290450036526e-06
10.85	3.2797688618302345e-06
10.86	3.2361713238060474e-06
10.87	3.1937379390001297e-06
10.88	3.1492672860622406e-06
10.89	3.1063100323081017e-06
10.9	3.063003532588482e-06
10.91	3.0218507163226604e-06
10.92	2.982327714562416e-06
10.93	2.943095751106739e-06
10.94	2.902001142501831e-06
10.95	2.861139364540577e-06
10.96	2.8233625926077366e-06
10.97	2.783956006169319e-06
10.98	2.745480742305517e-06
10.99	2.7070636861026287e-06
11.0	2.671964466571808e-06
11.01	2.636108547449112e-06
11.02	2.598273567855358e-06
11.03	2.5619519874453545e-06
11.04	2.5266781449317932e-06
11.05	2.4940818548202515e-06
11.06	2.457643859088421e-06
11.07	2.421904355287552e-06
11.08	2.388784196227789e-06
11.09	2.358632627874613e-06
11.1	2.326036337763071e-06
11.11	2.2932072170078754e-06
11.12	2.2607273422181606e-06
11.13	2.22865492105484e-06
11.14	2.1987943910062313e-06
11.15	2.166489139199257e-06
11.16	2.1346495486795902e-06
11.17	2.1058949641883373e-06
11.18	2.079352270811796e-06
11.19	2.0498409867286682e-06
11.2	2.0187580958008766e-06
11.21	1.9908184185624123e-06
11.22	1.9631115719676018e-06
11.23	1.9344151951372623e-06
11.24	1.9052531570196152e-06
11.25	1.8784194253385067e-06
11.26	1.8515274859964848e-06
11.27	1.8257996998727322e-06
11.28	1.8007704056799412e-06
11.29	1.7732963897287846e-06
11.3	1.7483835108578205e-06
11.31	1.7230631783604622e-06
11.32	1.6982085071504116e-06
11.33	1.6728299669921398e-06
11.34	1.6496051102876663e-06
11.35	1.6259727999567986e-06
11.36	1.604727003723383e-06
11.37	1.5816767700016499e-06
11.38	1.557404175400734e-06
11.39	1.5356927178800106e-06
11.4	1.5136320143938065e-06
11.41	1.4905817806720734e-06
11.42	1.4674733392894268e-06
11.43	1.4459365047514439e-06
11.44	1.4245742931962013e-06
11.45	1.405598595738411e-06
11.46	1.3854587450623512e-06
11.47	1.364271156489849e-06
11.48	1.3430253602564335e-06
11.49	1.3237586244940758e-06
11.5	1.3031531125307083e-06
11.51	1.2828968465328217e-06
11.52	1.2634554877877235e-06
11.53	1.2450618669390678e-06
11.54	1.226901076734066e-06
11.55	1.2087402865290642e-06
11.56	1.190404873341322e-06
11.57	1.1735828593373299e-06
11.58	1.1575175449252129e-06
11.59	1.1390657164156437e-06
11.6	1.1204392649233341e-06
11.61	1.1042575351893902e-06
11.62	1.088541466742754e-06
11.63	1.0708463378250599e-06
11.64	1.0546064004302025e-06
11.65	1.0395888239145279e-06
11.66	1.0239309631288052e-06
11.67	1.0083895176649094e-06
11.68	9.923242032527924e-07
11.69	9.756768122315407e-07
11.7	9.622308425605297e-07
11.71	9.486102499067783e-07
11.72	9.335926733911037e-07
11.73	9.184004738926888e-07
11.74	9.051291272044182e-07
11.75	8.908682502806187e-07
11.76	8.765491656959057e-07
11.77	8.62637534737587e-07
11.78	8.486676961183548e-07
11.79	8.34872480481863e-07
11.8	8.229399099946022e-07
11.81	8.105416782200336e-07
11.82	7.976777851581573e-07
11.83	7.863272912800312e-07
11.84	7.729395292699337e-07
11.85	7.605412974953651e-07
11.86	7.494236342608929e-07
11.87	7.378403097391129e-07
11.88	7.252674549818039e-07
11.89	7.145572453737259e-07
11.9	7.034395821392536e-07
11.91	6.926129572093487e-07
11.92	6.816699169576168e-07
11.93	6.699701771140099e-07
11.94	6.588525138795376e-07
11.95	6.479676812887192e-07
11.96	6.375485099852085e-07
11.97	6.273621693253517e-07
11.98	6.187474355101585e-07
11.99	6.092013791203499e-07
12.0	5.991896614432335e-07
12.01	5.89294359087944e-07
12.02	5.791080184280872e-07
12.03	5.695037543773651e-07
12.04	5.592592060565948e-07
12.05	5.508190952241421e-07
12.06	5.416804924607277e-07
12.07	5.332985892891884e-07
12.08	5.253241397440434e-07
12.09	5.162437446415424e-07
12.1	5.085021257400513e-07
12.11	5.002366378903389e-07
12.12	4.915054887533188e-07
12.13	4.824833013117313e-07
12.14	4.7532375901937485e-07
12.15	4.6694185584783554e-07
12.16	4.5873457565903664e-07
12.17	4.5140041038393974e-07
12.18	4.443572834134102e-07
12.19	4.3708132579922676e-07
12.2	4.2904866859316826e-07
12.21	4.2188912630081177e-07
12.22	4.1461316868662834e-07
12.23	4.091416485607624e-07
12.24	4.016910679638386e-07
12.25	3.947061486542225e-07
12.26	3.8836151361465454e-07
12.27	3.8172584027051926e-07
12.28	3.7514837458729744e-07
12.29	3.683962859213352e-07
12.3	3.623426891863346e-07
12.31	3.5605626180768013e-07
12.32	3.4976983442902565e-07
12.33	3.435998223721981e-07
12.34	3.377208486199379e-07
12.35	3.3242395147681236e-07
12.36	3.264867700636387e-07
12.37	3.198510967195034e-07
12.38	3.1408853828907013e-07
12.39	3.094901330769062e-07
12.4	3.0425144359469414e-07
12.41	2.98256054520607e-07
12.42	2.932501956820488e-07
12.43	2.8870999813079834e-07
12.44	2.839951775968075e-07
12.45	2.784072421491146e-07
12.46	2.7276109904050827e-07
12.47	2.680462785065174e-07
12.48	2.637389115989208e-07
12.49	2.589658834040165e-07
12.5	2.543092705309391e-07
12.51	2.500019036233425e-07
12.52	2.461019903421402e-07
12.53	2.417946234345436e-07
12.54	2.3713801056146622e-07
12.55	2.325396053493023e-07
12.56	2.278829924762249e-07
12.57	2.2404128685593605e-07
12.58	2.201995812356472e-07
12.59	2.1629966795444489e-07
12.6	2.1228333935141563e-07
12.61	2.0855804905295372e-07
12.62	2.0477455109357834e-07
12.63	2.0122388377785683e-07
12.64	1.971493475139141e-07
12.65	1.9301660358905792e-07
12.66	1.8975697457790375e-07
12.67	1.8638093024492264e-07
12.68	1.8294667825102806e-07
12.69	1.7968704923987389e-07
12.7	1.7671845853328705e-07
12.71	1.7369166016578674e-07
12.72	1.7060665413737297e-07
12.73	1.6693957149982452e-07
12.74	1.6385456547141075e-07
12.75	1.6117701306939125e-07
12.76	1.582084223628044e-07
12.77	1.550070010125637e-07
12.78	1.5209661796689034e-07
12.79	1.493026502430439e-07
12.8	1.4656689018011093e-07
12.81	1.437729224562645e-07
12.82	1.4080433174967766e-07
12.83	1.382431946694851e-07
12.84	1.3585668057203293e-07
12.85	1.3282988220453262e-07
12.86	1.2968666851520538e-07
12.87	1.273583620786667e-07
12.88	1.2491364032030106e-07
12.89	1.2211967259645462e-07
12.9	1.1920928955078125e-07
12.91	1.1705560609698296e-07
12.92	1.1542579159140587e-07
12.93	1.1350493878126144e-07
12.94	1.1082738637924194e-07
12.95	1.0867370292544365e-07
12.96	1.069856807589531e-07
12.97	1.0489020496606827e-07
12.98	1.0227086022496223e-07
12.99	1.0011717677116394e-07
13.0	9.837094694375992e-08
13.01	9.64500941336155e-08
13.02	9.458744898438454e-08
13.03	9.260838851332664e-08
13.04	9.045470505952835e-08
13.05	8.91159288585186e-08
13.06	8.754432201385498e-08
13.07	8.556526154279709e-08
13.08	8.37608240544796e-08
13.09	8.183997124433517e-08
13.1	8.003553375601768e-08
13.11	7.84057192504406e-08
13.12	7.683411240577698e-08
13.13	7.514609023928642e-08
13.14	7.35744833946228e-08
13.15	7.229391485452652e-08
13.16	7.08969309926033e-08
13.17	6.932532414793968e-08
13.18	6.763730198144913e-08
13.19	6.618211045861244e-08
13.2	6.466871127486229e-08
13.21	6.367918103933334e-08
13.22	6.239861249923706e-08
13.23	6.117625162005424e-08
13.24	6.00120984017849e-08
13.25	5.8906152844429016e-08
13.26	5.745096132159233e-08
13.27	5.611218512058258e-08
13.28	5.494803190231323e-08
13.29	5.360925570130348e-08
13.3	5.2386894822120667e-08
13.31	5.122274160385132e-08
13.32	5.029141902923584e-08
13.33	4.9534719437360764e-08
13.34	4.819594323635101e-08
13.35	4.708999767899513e-08
13.36	4.6100467443466187e-08
13.37	4.4994521886110306e-08
13.38	4.3655745685100555e-08
13.39	4.260800778865814e-08
13.4	4.190951585769653e-08
13.41	4.0978193283081055e-08
13.42	4.0046870708465576e-08
13.43	3.899913281202316e-08
13.44	3.812601789832115e-08
13.45	3.748573362827301e-08
13.46	3.6903657019138336e-08
13.47	3.585591912269592e-08
13.48	3.527384251356125e-08
13.49	3.4458935260772705e-08
13.5	3.346940502524376e-08
13.51	3.2654497772455215e-08
13.52	3.189779818058014e-08
13.53	3.119930624961853e-08
13.54	3.055902197957039e-08
13.55	3.003515303134918e-08
13.56	2.916203811764717e-08
13.57	2.8638169169425964e-08
13.58	2.8114300221204758e-08
13.59	2.7299392968416214e-08
13.6	2.671731635928154e-08
13.61	2.60770320892334e-08
13.62	2.5262124836444855e-08
13.63	2.468004822731018e-08
13.64	2.4156179279088974e-08
13.65	2.3748725652694702e-08
13.66	2.3166649043560028e-08
13.67	2.2526364773511887e-08
13.68	2.1944288164377213e-08
13.69	2.1478626877069473e-08
13.7	2.10711732506752e-08
13.71	2.0372681319713593e-08
13.72	1.973239704966545e-08
13.73	1.949956640601158e-08
13.74	1.9150320440530777e-08
13.75	1.8568243831396103e-08
13.76	1.8044374883174896e-08
13.77	1.7636921256780624e-08
13.78	1.7171259969472885e-08
13.79	1.682201400399208e-08
13.8	1.6472768038511276e-08
13.81	1.5832483768463135e-08
13.82	1.5425030142068863e-08
13.83	1.5133991837501526e-08
13.84	1.4668330550193787e-08
13.85	1.437729224562645e-08
13.86	1.4202669262886047e-08
13.87	1.3620592653751373e-08
13.88	1.3445969671010971e-08
13.89	1.3154931366443634e-08
13.9	1.2514647096395493e-08
13.91	1.2165401130914688e-08
13.92	1.1874362826347351e-08
13.93	1.1641532182693481e-08
13.94	1.1350493878126144e-08
13.95	1.1117663234472275e-08
13.96	1.0652001947164536e-08
13.97	1.0419171303510666e-08
13.98	1.0360963642597198e-08
13.99	9.89530235528946e-09
14.0	9.720679372549057e-09
14.01	9.546056389808655e-09
14.02	9.138602763414383e-09
14.03	8.847564458847046e-09
14.04	8.672941476106644e-09
14.05	8.498318493366241e-09
14.06	8.207280188798904e-09
14.07	8.09086486697197e-09
14.08	7.741618901491165e-09
14.09	7.62520357966423e-09
14.1	7.566995918750763e-09
14.11	7.275957614183426e-09
14.12	7.101334631443024e-09
14.13	6.984919309616089e-09
14.14	6.810296326875687e-09
14.15	6.402842700481415e-09
14.16	6.2282197177410126e-09
14.17	6.111804395914078e-09
14.18	6.05359673500061e-09
14.19	5.9371814131736755e-09
14.2	5.704350769519806e-09
14.21	5.413312464952469e-09
14.22	5.180481821298599e-09
14.23	5.180481821298599e-09
14.24	4.831235855817795e-09
14.25	4.598405212163925e-09
14.26	4.598405212163925e-09
14.27	4.48198989033699e-09
14.28	4.3655745685100555e-09
14.29	4.190951585769653e-09
14.3	4.0745362639427185e-09
14.31	3.958120942115784e-09
14.32	3.958120942115784e-09
14.33	3.725290298461914e-09
14.34	3.4924596548080444e-09
14.35	3.4924596548080444e-09
14.36	3.3178366720676422e-09
14.37	3.259629011154175e-09
14.38	3.259629011154175e-09
14.39	3.0850060284137726e-09
14.4	3.026798367500305e-09
14.41	3.026798367500305e-09
14.42	2.9103830456733704e-09
14.43	2.6775524020195007e-09
14.44	2.6775524020195007e-09
14.45	2.561137080192566e-09
14.46	2.444721758365631e-09
14.47	2.3865140974521637e-09
14.48	2.2118911147117615e-09
14.49	2.153683453798294e-09
14.5	2.0954757928848267e-09
14.51	2.0372681319713593e-09
14.52	1.9208528101444244e-09
14.53	1.9208528101444244e-09
14.54	1.8044374883174896e-09
14.55	1.6880221664905548e-09
14.56	1.6298145055770874e-09
14.57	1.6298145055770874e-09
14.58	1.6298145055770874e-09
14.59	1.5133991837501526e-09
14.6	1.5133991837501526e-09
14.61	1.3969838619232178e-09
14.62	1.3969838619232178e-09
14.63	1.3969838619232178e-09
14.64	1.280568540096283e-09
14.65	1.2223608791828156e-09
14.66	1.2223608791828156e-09
14.67	1.2223608791828156e-09
14.68	1.0477378964424133e-09
14.69	9.89530235528946e-10
14.7	9.89530235528946e-10
14.71	9.89530235528946e-10
14.72	9.89530235528946e-10
14.73	8.731149137020111e-10
14.74	7.566995918750763e-10
14.75	7.566995918750763e-10
14.76	6.984919309616089e-10
14.77	5.820766091346741e-10
14.78	5.820766091346741e-10
14.79	5.820766091346741e-10
14.8	5.820766091346741e-10
14.81	5.820766091346741e-10
14.82	5.820766091346741e-10
14.83	5.238689482212067e-10
14.84	5.238689482212067e-10
14.85	5.238689482212067e-10
14.86	4.0745362639427185e-10
14.87	4.0745362639427185e-10
14.88	4.0745362639427185e-10
14.89	4.0745362639427185e-10
14.9	4.0745362639427185e-10
14.91	4.0745362639427185e-10
14.92	3.4924596548080444e-10
14.93	3.4924596548080444e-10
14.94	3.4924596548080444e-10
14.95	2.9103830456733704e-10
14.96	2.9103830456733704e-10
14.97	2.9103830456733704e-10
14.98	2.9103830456733704e-10
14.99	2.3283064365386963e-10
15.0	2.3283064365386963e-10
15.01	1.7462298274040222e-10
15.02	1.7462298274040222e-10
15.03	1.7462298274040222e-10
15.04	1.7462298274040222e-10
15.05	1.7462298274040222e-10
15.06	1.7462298274040222e-10
15.07	1.7462298274040222e-10
15.08	1.1641532182693481e-10
15.09	1.1641532182693481e-10
15.1	1.1641532182693481e-10
15.11	1.1641532182693481e-10
15.12	1.1641532182693481e-10
15.13	1.1641532182693481e-10
15.14	1.1641532182693481e-10
15.15	1.1641532182693481e-10
15.16	1.1641532182693481e-10
15.17	5.820766091346741e-11
15.18	5.820766091346741e-11
15.19	5.820766091346741e-11
15.2	5.820766091346741e-11
15.21	5.820766091346741e-11
15.22	5.820766091346741e-11
15.23	5.820766091346741e-11
15.24	5.820766091346741e-11
15.25	5.820766091346741e-11
15.26	0.0
