6.15	0.0005025863647460938
6.16	0.000492095947265625
6.17	0.0004901885986328125
6.18	0.000484466552734375
6.19	0.00047397613525390625
6.2	0.0004730224609375
6.21	0.00046443939208984375
6.22	0.00045871734619140625
6.23	0.00045871734619140625
6.24	0.00045108795166015625
6.25	0.0004405975341796875
6.26	0.0004405975341796875
6.27	0.0004405975341796875
6.28	0.000438690185546875
6.29	0.000438690185546875
6.3	0.00043582916259765625
6.31	0.00043392181396484375
6.32	0.00043201446533203125
6.33	0.0004291534423828125
6.34	0.00042724609375
6.35	0.00041103363037109375
6.36	0.0003948211669921875
6.37	0.0003948211669921875
6.38	0.000392913818359375
6.39	0.00038623809814453125
6.4	0.00038051605224609375
6.41	0.0003795623779296875
6.42	0.000377655029296875
6.43	0.000377655029296875
6.44	0.000377655029296875
6.45	0.0003757476806640625
6.46	0.0003757476806640625
6.47	0.00037479400634765625
6.48	0.0003719329833984375
6.49	0.0003719329833984375
6.5	0.00036334991455078125
6.51	0.00035572052001953125
6.52	0.00035572052001953125
6.53	0.00034427642822265625
6.54	0.00034332275390625
6.55	0.00034332275390625
6.56	0.0003376007080078125
6.57	0.0003376007080078125
6.58	0.000335693359375
6.59	0.0003337860107421875
6.6	0.0003337860107421875
6.61	0.00033283233642578125
6.62	0.0003299713134765625
6.63	0.0003299713134765625
6.64	0.0003204345703125
6.65	0.0003204345703125
6.66	0.00030517578125
6.67	0.0002994537353515625
6.68	0.00029087066650390625
6.69	0.00029087066650390625
6.7	0.0002899169921875
6.71	0.00028896331787109375
6.72	0.00028896331787109375
6.73	0.00028896331787109375
6.74	0.00028896331787109375
6.75	0.00028896331787109375
6.76	0.0002841949462890625
6.77	0.0002841949462890625
6.78	0.000274658203125
6.79	0.0002727508544921875
6.8	0.00027179718017578125
6.81	0.00026607513427734375
6.82	0.0002651214599609375
6.83	0.0002651214599609375
6.84	0.00025463104248046875
6.85	0.00024890899658203125
6.86	0.000247955322265625
6.87	0.0002460479736328125
6.88	0.00024509429931640625
6.89	0.00024318695068359375
6.9	0.00024318695068359375
6.91	0.00024127960205078125
6.92	0.0002384185791015625
6.93	0.0002384185791015625
6.94	0.00023555755615234375
6.95	0.00022125244140625
6.96	0.00022125244140625
6.97	0.0002155303955078125
6.98	0.0002155303955078125
6.99	0.0001983642578125
7.0	0.0001983642578125
7.01	0.0001983642578125
7.02	0.0001983642578125
7.03	0.00019741058349609375
7.04	0.00019550323486328125
7.05	0.00019550323486328125
7.06	0.00019550323486328125
7.07	0.0001926422119140625
7.08	0.0001926422119140625
7.09	0.0001850128173828125
7.1	0.0001850128173828125
7.11	0.00018405914306640625
7.12	0.00017452239990234375
7.13	0.000171661376953125
7.14	0.000171661376953125
7.15	0.000164031982421875
7.16	0.000164031982421875
7.17	0.0001621246337890625
7.18	0.00016021728515625
7.19	0.00016021728515625
7.2	0.00016021728515625
7.21	0.00015735626220703125
7.22	0.00015544891357421875
7.23	0.00015544891357421875
7.24	0.00015544891357421875
7.25	0.000152587890625
7.26	0.0001468658447265625
7.27	0.00014495849609375
7.28	0.0001354217529296875
7.29	0.00013446807861328125
7.3	0.000133514404296875
7.31	0.0001277923583984375
7.32	0.0001277923583984375
7.33	0.000125885009765625
7.34	0.000125885009765625
7.35	0.00012302398681640625
7.36	0.00012302398681640625
7.37	0.00012302398681640625
7.38	0.0001201629638671875
7.39	0.0001201629638671875
7.4	0.00011920928955078125
7.41	0.00011920928955078125
7.42	0.00011920928955078125
7.43	0.00011348724365234375
7.44	0.000110626220703125
7.45	0.00010967254638671875
7.46	0.00010967254638671875
7.47	0.0001087188720703125
7.48	0.0001087188720703125
7.49	0.0001087188720703125
7.5	0.0001087188720703125
7.51	0.0001068115234375
7.52	0.0001068115234375
7.53	0.00010585784912109375
7.54	0.00010395050048828125
7.55	0.00010395050048828125
7.56	0.000102996826171875
7.57	0.000102996826171875
7.58	9.34600830078125e-05
7.59	8.7738037109375e-05
7.6	8.7738037109375e-05
7.61	8.392333984375e-05
7.62	8.392333984375e-05
7.63	8.296966552734375e-05
7.64	8.296966552734375e-05
7.65	8.296966552734375e-05
7.66	8.296966552734375e-05
7.67	8.296966552734375e-05
7.68	8.296966552734375e-05
7.69	8.20159912109375e-05
7.7	8.20159912109375e-05
7.71	8.20159912109375e-05
7.72	8.20159912109375e-05
7.73	8.106231689453125e-05
7.74	8.106231689453125e-05
7.75	8.106231689453125e-05
7.76	8.0108642578125e-05
7.77	7.915496826171875e-05
7.78	7.915496826171875e-05
7.79	7.82012939453125e-05
7.8	7.82012939453125e-05
7.81	7.62939453125e-05
7.82	7.62939453125e-05
7.83	7.62939453125e-05
7.84	7.43865966796875e-05
7.85	7.343292236328125e-05
7.86	7.343292236328125e-05
7.87	6.389617919921875e-05
7.88	6.389617919921875e-05
7.89	5.817413330078125e-05
7.9	5.7220458984375e-05
7.91	5.7220458984375e-05
7.92	5.7220458984375e-05
7.93	5.626678466796875e-05
7.94	5.53131103515625e-05
7.95	5.53131103515625e-05
7.96	5.53131103515625e-05
7.97	5.53131103515625e-05
7.98	5.53131103515625e-05
7.99	5.53131103515625e-05
8.0	5.53131103515625e-05
8.01	5.53131103515625e-05
8.02	5.53131103515625e-05
8.03	5.435943603515625e-05
8.04	5.245208740234375e-05
8.05	5.245208740234375e-05
8.06	5.245208740234375e-05
8.07	4.9591064453125e-05
8.08	4.9591064453125e-05
8.09	4.9591064453125e-05
8.1	4.76837158203125e-05
8.11	4.673004150390625e-05
8.12	4.673004150390625e-05
8.13	4.482269287109375e-05
8.14	4.482269287109375e-05
8.15	4.38690185546875e-05
8.16	4.38690185546875e-05
8.17	4.38690185546875e-05
8.18	3.814697265625e-05
8.19	3.814697265625e-05
8.2	3.719329833984375e-05
8.21	3.719329833984375e-05
8.22	3.528594970703125e-05
8.23	3.528594970703125e-05
8.24	3.528594970703125e-05
8.25	3.528594970703125e-05
8.26	3.528594970703125e-05
8.27	3.528594970703125e-05
8.28	3.528594970703125e-05
8.29	3.528594970703125e-05
8.3	3.528594970703125e-05
8.31	3.528594970703125e-05
8.32	3.4332275390625e-05
8.33	3.4332275390625e-05
8.34	3.4332275390625e-05
8.35	3.337860107421875e-05
8.36	3.0517578125e-05
8.37	2.956390380859375e-05
8.38	2.956390380859375e-05
8.39	2.956390380859375e-05
8.4	2.956390380859375e-05
8.41	2.956390380859375e-05
8.42	2.956390380859375e-05
8.43	2.956390380859375e-05
8.44	2.86102294921875e-05
8.45	2.86102294921875e-05
8.46	2.86102294921875e-05
8.47	2.86102294921875e-05
8.48	2.86102294921875e-05
8.49	2.765655517578125e-05
8.5	2.765655517578125e-05
8.51	2.765655517578125e-05
8.52	2.6702880859375e-05
8.53	2.47955322265625e-05
8.54	2.47955322265625e-05
8.55	2.47955322265625e-05
8.56	2.47955322265625e-05
8.57	2.47955322265625e-05
8.58	2.47955322265625e-05
8.59	2.47955322265625e-05
8.6	2.47955322265625e-05
8.61	2.384185791015625e-05
8.62	2.384185791015625e-05
8.63	2.288818359375e-05
8.64	2.288818359375e-05
8.65	2.288818359375e-05
8.66	2.193450927734375e-05
8.67	2.193450927734375e-05
8.68	2.09808349609375e-05
8.69	2.09808349609375e-05
8.7	2.002716064453125e-05
8.71	2.002716064453125e-05
8.72	2.002716064453125e-05
8.73	2.002716064453125e-05
8.74	2.002716064453125e-05
8.75	2.002716064453125e-05
8.76	2.002716064453125e-05
8.77	2.002716064453125e-05
8.78	2.002716064453125e-05
8.79	2.002716064453125e-05
8.8	1.9073486328125e-05
8.81	1.9073486328125e-05
8.82	1.811981201171875e-05
8.83	1.811981201171875e-05
8.84	1.71661376953125e-05
8.85	1.71661376953125e-05
8.86	1.621246337890625e-05
8.87	1.621246337890625e-05
8.88	1.621246337890625e-05
8.89	1.621246337890625e-05
8.9	1.621246337890625e-05
8.91	1.621246337890625e-05
8.92	1.621246337890625e-05
8.93	1.621246337890625e-05
8.94	1.621246337890625e-05
8.95	1.621246337890625e-05
8.96	1.52587890625e-05
8.97	1.52587890625e-05
8.98	1.52587890625e-05
8.99	1.52587890625e-05
9.0	1.52587890625e-05
9.01	1.52587890625e-05
9.02	1.430511474609375e-05
9.03	1.430511474609375e-05
9.04	1.430511474609375e-05
9.05	1.430511474609375e-05
9.06	1.430511474609375e-05
9.07	1.430511474609375e-05
9.08	1.430511474609375e-05
9.09	1.430511474609375e-05
9.1	1.430511474609375e-05
9.11	1.430511474609375e-05
9.12	1.33514404296875e-05
9.13	1.239776611328125e-05
9.14	1.239776611328125e-05
9.15	1.239776611328125e-05
9.16	1.239776611328125e-05
9.17	1.239776611328125e-05
9.18	1.239776611328125e-05
9.19	1.239776611328125e-05
9.2	1.239776611328125e-05
9.21	1.239776611328125e-05
9.22	1.239776611328125e-05
9.23	1.239776611328125e-05
9.24	1.239776611328125e-05
9.25	1.239776611328125e-05
9.26	1.1444091796875e-05
9.27	1.1444091796875e-05
9.28	1.1444091796875e-05
9.29	1.1444091796875e-05
9.3	1.049041748046875e-05
9.31	1.049041748046875e-05
9.32	1.049041748046875e-05
9.33	1.049041748046875e-05
9.34	1.049041748046875e-05
9.35	1.049041748046875e-05
9.36	1.049041748046875e-05
9.37	1.049041748046875e-05
9.38	1.049041748046875e-05
9.39	1.049041748046875e-05
9.4	1.049041748046875e-05
9.41	9.5367431640625e-06
9.42	9.5367431640625e-06
9.43	8.58306884765625e-06
9.44	7.62939453125e-06
9.45	7.62939453125e-06
9.46	7.62939453125e-06
9.47	7.62939453125e-06
9.48	7.62939453125e-06
9.49	7.62939453125e-06
9.5	7.62939453125e-06
9.51	7.62939453125e-06
9.52	7.62939453125e-06
9.53	7.62939453125e-06
9.54	7.62939453125e-06
9.55	6.67572021484375e-06
9.56	6.67572021484375e-06
9.57	6.67572021484375e-06
9.58	6.67572021484375e-06
9.59	6.67572021484375e-06
9.6	5.7220458984375e-06
9.61	5.7220458984375e-06
9.62	5.7220458984375e-06
9.63	5.7220458984375e-06
9.64	5.7220458984375e-06
9.65	5.7220458984375e-06
9.66	5.7220458984375e-06
9.67	5.7220458984375e-06
9.68	5.7220458984375e-06
9.69	5.7220458984375e-06
9.7	5.7220458984375e-06
9.71	5.7220458984375e-06
9.72	4.76837158203125e-06
9.73	4.76837158203125e-06
9.74	4.76837158203125e-06
9.75	4.76837158203125e-06
9.76	3.814697265625e-06
9.77	3.814697265625e-06
9.78	3.814697265625e-06
9.79	3.814697265625e-06
9.8	3.814697265625e-06
9.81	3.814697265625e-06
9.82	3.814697265625e-06
9.83	3.814697265625e-06
9.84	3.814697265625e-06
9.85	3.814697265625e-06
9.86	3.814697265625e-06
9.87	3.814697265625e-06
9.88	3.814697265625e-06
9.89	2.86102294921875e-06
9.9	2.86102294921875e-06
9.91	2.86102294921875e-06
9.92	2.86102294921875e-06
9.93	2.86102294921875e-06
9.94	2.86102294921875e-06
9.95	2.86102294921875e-06
9.96	2.86102294921875e-06
9.97	2.86102294921875e-06
9.98	2.86102294921875e-06
9.99	2.86102294921875e-06
10.0	2.86102294921875e-06
10.01	2.86102294921875e-06
10.02	2.86102294921875e-06
10.03	2.86102294921875e-06
10.04	2.86102294921875e-06
10.05	1.9073486328125e-06
10.06	1.9073486328125e-06
10.07	1.9073486328125e-06
10.08	1.9073486328125e-06
10.09	1.9073486328125e-06
10.1	1.9073486328125e-06
10.11	1.9073486328125e-06
10.12	1.9073486328125e-06
10.13	1.9073486328125e-06
10.14	1.9073486328125e-06
10.15	1.9073486328125e-06
10.16	1.9073486328125e-06
10.17	1.9073486328125e-06
10.18	1.9073486328125e-06
10.19	1.9073486328125e-06
10.2	1.9073486328125e-06
10.21	1.9073486328125e-06
10.22	1.9073486328125e-06
10.23	1.9073486328125e-06
10.24	1.9073486328125e-06
10.25	1.9073486328125e-06
10.26	1.9073486328125e-06
10.27	1.9073486328125e-06
10.28	1.9073486328125e-06
10.29	1.9073486328125e-06
10.3	1.9073486328125e-06
10.31	1.9073486328125e-06
10.32	1.9073486328125e-06
10.33	1.9073486328125e-06
10.34	1.9073486328125e-06
10.35	9.5367431640625e-07
10.36	9.5367431640625e-07
10.37	9.5367431640625e-07
10.38	9.5367431640625e-07
10.39	9.5367431640625e-07
10.4	9.5367431640625e-07
10.41	9.5367431640625e-07
10.42	9.5367431640625e-07
10.43	9.5367431640625e-07
10.44	9.5367431640625e-07
10.45	9.5367431640625e-07
10.46	9.5367431640625e-07
10.47	9.5367431640625e-07
10.48	9.5367431640625e-07
10.49	9.5367431640625e-07
10.5	9.5367431640625e-07
10.51	9.5367431640625e-07
10.52	9.5367431640625e-07
10.53	9.5367431640625e-07
10.54	9.5367431640625e-07
10.55	9.5367431640625e-07
10.56	9.5367431640625e-07
10.57	9.5367431640625e-07
10.58	9.5367431640625e-07
10.59	9.5367431640625e-07
10.6	9.5367431640625e-07
10.61	9.5367431640625e-07
10.62	9.5367431640625e-07
10.63	0.0
