5.18	0.0006103515625
5.19	0.00048828125
5.2	0.00048828125
5.21	0.00048828125
5.22	0.00048828125
5.23	0.00048828125
5.24	0.00048828125
5.25	0.00048828125
5.26	0.00048828125
5.27	0.00048828125
5.28	0.00048828125
5.29	0.00048828125
5.3	0.00048828125
5.31	0.00048828125
5.32	0.00048828125
5.33	0.00048828125
5.34	0.00048828125
5.35	0.00048828125
5.36	0.00048828125
5.37	0.00048828125
5.38	0.00048828125
5.39	0.00048828125
5.4	0.00048828125
5.41	0.00048828125
5.42	0.00048828125
5.43	0.00048828125
5.44	0.00048828125
5.45	0.0003662109375
5.46	0.0003662109375
5.47	0.000244140625
5.48	0.000244140625
5.49	0.000244140625
5.5	0.000244140625
5.51	0.000244140625
5.52	0.000244140625
5.53	0.000244140625
5.54	0.000244140625
5.55	0.000244140625
5.56	0.000244140625
5.57	0.000244140625
5.58	0.000244140625
5.59	0.000244140625
5.6	0.000244140625
5.61	0.000244140625
5.62	0.000244140625
5.63	0.000244140625
5.64	0.000244140625
5.65	0.000244140625
5.66	0.000244140625
5.67	0.000244140625
5.68	0.000244140625
5.69	0.000244140625
5.7	0.000244140625
5.71	0.000244140625
5.72	0.000244140625
5.73	0.000244140625
5.74	0.000244140625
5.75	0.000244140625
5.76	0.000244140625
5.77	0.000244140625
5.78	0.000244140625
5.79	0.000244140625
5.8	0.000244140625
5.81	0.000244140625
5.82	0.000244140625
5.83	0.000244140625
5.84	0.000244140625
5.85	0.000244140625
5.86	0.000244140625
5.87	0.000244140625
5.88	0.000244140625
5.89	0.000244140625
5.9	0.000244140625
5.91	0.000244140625
5.92	0.000244140625
5.93	0.000244140625
5.94	0.000244140625
5.95	0.000244140625
5.96	0.000244140625
5.97	0.000244140625
5.98	0.000244140625
5.99	0.000244140625
6.0	0.000244140625
6.01	0.000244140625
6.02	0.000244140625
6.03	0.000244140625
6.04	0.000244140625
6.05	0.000244140625
6.06	0.000244140625
6.07	0.000244140625
6.08	0.000244140625
6.09	0.000244140625
6.1	0.000244140625
6.11	0.000244140625
6.12	0.000244140625
6.13	0.000244140625
6.14	0.000244140625
6.15	0.000244140625
6.16	0.000244140625
6.17	0.000244140625
6.18	0.000244140625
6.19	0.000244140625
6.2	0.000244140625
6.21	0.000244140625
6.22	0.000244140625
6.23	0.000244140625
6.24	0.000244140625
6.25	0.0001220703125
6.26	0.0001220703125
6.27	0.0001220703125
6.28	0.0001220703125
6.29	0.0001220703125
6.3	0.0001220703125
6.31	0.0001220703125
6.32	0.0001220703125
6.33	0.0001220703125
6.34	0.0001220703125
6.35	0.0001220703125
6.36	0.0001220703125
6.37	0.0001220703125
6.38	0.0001220703125
6.39	0.0001220703125
6.4	0.0001220703125
6.41	0.0001220703125
6.42	0.0001220703125
6.43	0.0001220703125
6.44	0.0001220703125
6.45	0.0001220703125
6.46	0.0001220703125
6.47	0.0001220703125
6.48	0.0001220703125
6.49	0.0001220703125
6.5	0.0001220703125
6.51	0.0001220703125
6.52	0.0001220703125
6.53	0.0
