5.87	0.0005013204645365477
5.88	0.0004971371963620186
5.89	0.0004929942078888416
5.9	0.0004888931289315224
5.91	0.0004848525859415531
5.92	0.0004807885270565748
5.93	0.00047676614485681057
5.94	0.0004727020859718323
5.95	0.00046878005377948284
5.96	0.0004648605827242136
5.97	0.00046094669960439205
5.98	0.00045709102414548397
5.99	0.0004532863385975361
6.0	0.000449485145509243
6.01	0.0004456746391952038
6.02	0.00044192164205014706
6.03	0.00043823826126754284
6.04	0.0004345676861703396
6.05	0.00043088849633932114
6.06	0.00042727263644337654
6.07	0.00042366585694253445
6.08	0.00042006978765130043
6.09	0.0004165086429566145
6.1	0.0004130047746002674
6.11	0.00040948251262307167
6.12	0.00040606316179037094
6.13	0.0004025758244097233
6.14	0.00039916951209306717
6.15	0.0003957620356231928
6.16	0.0003924102056771517
6.17	0.0003890732768923044
6.18	0.0003857780247926712
6.19	0.00038244714960455894
6.2	0.0003792205825448036
6.21	0.0003760289400815964
6.22	0.0003727723378688097
6.23	0.0003695597406476736
6.24	0.000366393243893981
6.25	0.00036330148577690125
6.26	0.0003602122887969017
6.27	0.00035710958763957024
6.28	0.0003540350589901209
6.29	0.00035097356885671616
6.3	0.00034796888940036297
6.31	0.0003449448850005865
6.32	0.00034199864603579044
6.33	0.0003390780184417963
6.34	0.0003361611161381006
6.35	0.00033327657729387283
6.36	0.00033035711385309696
6.37	0.000327529851347208
6.38	0.00032468605786561966
6.39	0.00032190512865781784
6.4	0.0003191244322806597
6.41	0.00031634396873414516
6.42	0.0003135919105261564
6.43	0.0003108393866568804
6.44	0.0003081364557147026
6.45	0.00030545005574822426
6.46	0.00030283001251518726
6.47	0.0003001855220645666
6.48	0.00029754010029137135
6.49	0.00029495730996131897
6.5	0.00029234797693789005
6.51	0.00028982013463974
6.52	0.0002873106859624386
6.53	0.00028480030596256256
6.54	0.00028228480368852615
6.55	0.0002798209898173809
6.56	0.0002773336600512266
6.57	0.00027488567866384983
6.58	0.0002724742516875267
6.59	0.00027009868063032627
6.6	0.0002677198499441147
6.61	0.00026533310301601887
6.62	0.0002629542723298073
6.63	0.00026065041311085224
6.64	0.0002583414316177368
6.65	0.0002560708671808243
6.66	0.0002537940163165331
6.67	0.00025155977346003056
6.68	0.00024929572828114033
6.69	0.00024709897115826607
6.7	0.00024489546194672585
6.71	0.00024273223243653774
6.72	0.00024058111011981964
6.73	0.0002384241670370102
6.74	0.0002363210078328848
6.75	0.00023414753377437592
6.76	0.00023203855380415916
6.77	0.00022997171618044376
6.78	0.00022793561220169067
6.79	0.00022588158026337624
6.8	0.0002238487359136343
6.81	0.00022183521650731564
6.82	0.00021983077749609947
6.83	0.00021788734011352062
6.84	0.00021588290110230446
6.85	0.00021400116384029388
6.86	0.00021207518875598907
6.87	0.0002101550344377756
6.88	0.000208249781280756
6.89	0.00020635616965591908
6.9	0.00020448560826480389
6.91	0.00020264252088963985
6.92	0.00020082318224012852
6.93	0.00019901827909052372
6.94	0.0001971872989088297
6.95	0.00019537471234798431
6.96	0.0001935875043272972
6.97	0.000191856874153018
6.98	0.00019008968956768513
6.99	0.00018839910626411438
7.0	0.00018665590323507786
7.01	0.00018496043048799038
7.02	0.00018324609845876694
7.03	0.0001815569121390581
7.04	0.00017991429194808006
7.05	0.0001782833132892847
7.06	0.0001766455825418234
7.07	0.00017499737441539764
7.08	0.0001734097022563219
7.09	0.00017176545225083828
7.1	0.00017020106315612793
7.11	0.00016864435747265816
7.12	0.00016707438044250011
7.13	0.0001655295491218567
7.14	0.00016398285515606403
7.15	0.0001624743454158306
7.16	0.00016098236665129662
7.17	0.00015949062071740627
7.18	0.000158021692186594
7.19	0.00015655788592994213
7.2	0.00015510059893131256
7.21	0.0001536472700536251
7.22	0.00015221862122416496
7.23	0.0001507860142737627
7.24	0.00014938972890377045
7.25	0.0001479964703321457
7.26	0.00014659040607511997
7.27	0.00014524091966450214
7.28	0.00014384393580257893
7.29	0.00014252378605306149
7.3	0.00014119595289230347
7.31	0.00013987417332828045
7.32	0.0001385500654578209
7.33	0.00013726530596613884
7.34	0.00013596494682133198
7.35	0.00013468926772475243
7.36	0.00013342639431357384
7.37	0.00013216398656368256
7.38	0.000130936736240983
7.39	0.0001296794507652521
7.4	0.00012847245670855045
7.41	0.00012725009582936764
7.42	0.00012606056407094002
7.43	0.00012484821490943432
7.44	0.00012367870658636093
7.45	0.00012250873260200024
7.46	0.00012134411372244358
7.47	0.00012019136920571327
7.48	0.00011904817074537277
7.49	0.00011792522855103016
7.5	0.00011681113392114639
7.51	0.00011569657362997532
7.52	0.0001146271824836731
7.53	0.00011352286674082279
7.54	0.00011244113557040691
7.55	0.00011135567910969257
7.56	0.00011029629968106747
7.57	0.00010924390517175198
7.58	0.0001081894151866436
7.59	0.00010717613622546196
7.6	0.00010612653568387032
7.61	0.00010512326844036579
7.62	0.00010409019887447357
7.63	0.00010310462675988674
7.64	0.00010212184861302376
7.65	0.00010114070028066635
7.66	0.00010017747990787029
7.67	9.920378215610981e-05
7.68	9.82559286057949e-05
7.69	9.728898294270039e-05
7.7	9.636138565838337e-05
7.71	9.541306644678116e-05
7.72	9.449571371078491e-05
7.73	9.35681164264679e-05
7.74	9.266240522265434e-05
7.75	9.175390005111694e-05
7.76	9.084423072636127e-05
7.77	8.995574899017811e-05
7.78	8.907774463295937e-05
7.79	8.820556104183197e-05
7.8	8.734292350709438e-05
7.81	8.648796938359737e-05
7.82	8.564908057451248e-05
7.83	8.479389362037182e-05
7.84	8.396361954510212e-05
7.85	8.311751298606396e-05
7.86	8.232728578150272e-05
7.87	8.151563815772533e-05
7.88	8.071912452578545e-05
7.89	7.992750033736229e-05
7.9	7.910490967333317e-05
7.91	7.830443792045116e-05
7.92	7.752096280455589e-05
7.93	7.67693854868412e-05
7.94	7.600663229823112e-05
7.95	7.525202818214893e-05
7.96	7.449276745319366e-05
7.97	7.37369991838932e-05
7.98	7.300707511603832e-05
7.99	7.22657423466444e-05
8.0	7.157586514949799e-05
8.01	7.086293771862984e-05
8.02	7.015443406999111e-05
8.03	6.945058703422546e-05
8.04	6.872951053082943e-05
8.05	6.803940050303936e-05
8.06	6.735371425747871e-05
8.07	6.669037975370884e-05
8.08	6.604520604014397e-05
8.09	6.53611496090889e-05
8.1	6.467918865382671e-05
8.11	6.400980055332184e-05
8.12	6.338697858154774e-05
8.13	6.274087354540825e-05
8.14	6.213481537997723e-05
8.15	6.149755790829659e-05
8.16	6.086984649300575e-05
8.17	6.024702452123165e-05
8.18	5.962559953331947e-05
8.19	5.903351120650768e-05
8.2	5.8445148169994354e-05
8.21	5.7862140238285065e-05
8.22	5.726679228246212e-05
8.23	5.66788949072361e-05
8.24	5.6091928854584694e-05
8.25	5.551706999540329e-05
8.26	5.4962001740932465e-05
8.27	5.439971573650837e-05
8.28	5.384744144976139e-05
8.29	5.330448038876057e-05
8.3	5.2749644964933395e-05
8.31	5.221925675868988e-05
8.32	5.168025381863117e-05
8.33	5.117221735417843e-05
8.34	5.064718425273895e-05
8.35	5.013239569962025e-05
8.36	4.9605267122387886e-05
8.37	4.909955896437168e-05
8.38	4.8588961362838745e-05
8.39	4.809279926121235e-05
8.4	4.7605717554688454e-05
8.41	4.710908979177475e-05
8.42	4.6626897528767586e-05
8.43	4.6140281483531e-05
8.44	4.5667169615626335e-05
8.45	4.519405774772167e-05
8.46	4.4729793444275856e-05
8.47	4.426972009241581e-05
8.48	4.3828971683979034e-05
8.49	4.3362611904740334e-05
8.5	4.290626384317875e-05
8.51	4.2460858821868896e-05
8.52	4.202802665531635e-05
8.53	4.1584018617868423e-05
8.54	4.1147228330373764e-05
8.55	4.071812145411968e-05
8.56	4.028715193271637e-05
8.57	3.9862003177404404e-05
8.58	3.943103365600109e-05
8.59	3.902427852153778e-05
8.6	3.862590529024601e-05
8.61	3.821239806711674e-05
8.62	3.779423423111439e-05
8.63	3.739865496754646e-05
8.64	3.7002842873334885e-05
8.65	3.662961535155773e-05
8.66	3.622868098318577e-05
8.67	3.586430102586746e-05
8.68	3.5481760278344154e-05
8.69	3.5099685192108154e-05
8.7	3.4716445952653885e-05
8.71	3.434834070503712e-05
8.72	3.397953696548939e-05
8.73	3.361818380653858e-05
8.74	3.3265212550759315e-05
8.75	3.290083259344101e-05
8.76	3.254832699894905e-05
8.77	3.2192328944802284e-05
8.78	3.185495734214783e-05
8.79	3.153062425553799e-05
8.8	3.1186966225504875e-05
8.81	3.0856113880872726e-05
8.82	3.0529219657182693e-05
8.83	3.0196039006114006e-05
8.84	2.9860762879252434e-05
8.85	2.9540853574872017e-05
8.86	2.923537977039814e-05
8.87	2.8918730095028877e-05
8.88	2.859276719391346e-05
8.89	2.8278212994337082e-05
8.9	2.7977395802736282e-05
8.91	2.767331898212433e-05
8.92	2.7373433113098145e-05
8.93	2.7078436687588692e-05
8.94	2.677086740732193e-05
8.95	2.6487279683351517e-05
8.96	2.618064172565937e-05
8.97	2.5913352146744728e-05
8.98	2.5620684027671814e-05
8.99	2.534664236009121e-05
9.0	2.5059329345822334e-05
9.01	2.4792505428195e-05
9.02	2.4521490558981895e-05
9.03	2.4239765480160713e-05
9.04	2.398085780441761e-05
9.05	2.3709377273917198e-05
9.06	2.343743108212948e-05
9.07	2.3176195099949837e-05
9.08	2.2919848561286926e-05
9.09	2.26686242967844e-05
9.1	2.24157702177763e-05
9.11	2.216501161456108e-05
9.12	2.1923333406448364e-05
9.13	2.1677697077393532e-05
9.14	2.1437183022499084e-05
9.15	2.1199695765972137e-05
9.16	2.097245305776596e-05
9.17	2.0731007680296898e-05
9.18	2.0502600818872452e-05
9.19	2.026301808655262e-05
9.2	2.004462294280529e-05
9.21	1.9809696823358536e-05
9.22	1.9590137526392937e-05
9.23	1.9373605027794838e-05
9.24	1.9152648746967316e-05
9.25	1.8931226804852486e-05
9.26	1.8725404515862465e-05
9.27	1.8520979210734367e-05
9.28	1.8308404833078384e-05
9.29	1.8107471987605095e-05
9.3	1.790374517440796e-05
9.31	1.7709098756313324e-05
9.32	1.7501413822174072e-05
9.33	1.729978248476982e-05
9.34	1.710723154246807e-05
9.35	1.6921665519475937e-05
9.36	1.6733771190047264e-05
9.37	1.65402889251709e-05
9.38	1.6350997611880302e-05
9.39	1.616543158888817e-05
9.4	1.5972880646586418e-05
9.41	1.579662784934044e-05
9.42	1.5617581084370613e-05
9.43	1.5441328287124634e-05
9.44	1.526367850601673e-05
9.45	1.5085563063621521e-05
9.46	1.4915131032466888e-05
9.47	1.4746095985174179e-05
9.48	1.4591729268431664e-05
9.49	1.4424789696931839e-05
9.5	1.4265533536672592e-05
9.51	1.4083925634622574e-05
9.52	1.3924902305006981e-05
9.53	1.3762619346380234e-05
9.54	1.3609183952212334e-05
9.55	1.3456447049975395e-05
9.56	1.330208033323288e-05
9.57	1.315050758421421e-05
9.58	1.2991484254598618e-05
9.59	1.2840842828154564e-05
9.6	1.269322820007801e-05
9.61	1.2563075870275497e-05
9.62	1.2417789548635483e-05
9.63	1.2281583622097969e-05
9.64	1.2134434655308723e-05
9.65	1.199101097881794e-05
9.66	1.1848052963614464e-05
9.67	1.1712545529007912e-05
9.68	1.158192753791809e-05
9.69	1.1451542377471924e-05
9.7	1.1317664757370949e-05
9.71	1.1175870895385742e-05
9.72	1.1036871001124382e-05
9.73	1.0904856026172638e-05
9.74	1.078285276889801e-05
9.75	1.0668067261576653e-05
9.76	1.0536517947912216e-05
9.77	1.040380448102951e-05
9.78	1.0277610272169113e-05
9.79	1.0149320587515831e-05
9.8	1.0042916983366013e-05
9.81	9.916024282574654e-06
9.82	9.813811630010605e-06
9.83	9.688083082437515e-06
9.84	9.572133421897888e-06
9.85	9.443843737244606e-06
9.86	9.330222383141518e-06
9.87	9.217765182256699e-06
9.88	9.103910997509956e-06
9.89	8.997740224003792e-06
9.9	8.88272188603878e-06
9.91	8.775386959314346e-06
9.92	8.663628250360489e-06
9.93	8.557457476854324e-06
9.94	8.461764082312584e-06
9.95	8.354196324944496e-06
9.96	8.256407454609871e-06
9.97	8.156755939126015e-06
9.98	8.05594027042389e-06
9.99	7.956987246870995e-06
10.0	7.851747795939445e-06
10.01	7.760012522339821e-06
10.02	7.66548328101635e-06
10.03	7.572118192911148e-06
10.04	7.4750278145074844e-06
10.05	7.3874834924936295e-06
10.06	7.292255759239197e-06
10.07	7.197726517915726e-06
10.08	7.115071639418602e-06
10.09	7.031252607703209e-06
10.1	6.948597729206085e-06
10.11	6.856629624962807e-06
10.12	6.773974746465683e-06
10.13	6.688060238957405e-06
10.14	6.611226126551628e-06
10.15	6.5302010625600815e-06
10.16	6.455695256590843e-06
10.17	6.375368684530258e-06
10.18	6.2943436205387115e-06
10.19	6.216112524271011e-06
10.2	6.140442565083504e-06
10.21	6.064772605895996e-06
10.22	5.988869816064835e-06
10.23	5.913432687520981e-06
10.24	5.841255187988281e-06
10.25	5.7711731642484665e-06
10.26	5.697133019566536e-06
10.27	5.633104592561722e-06
10.28	5.567912012338638e-06
10.29	5.495734512805939e-06
10.3	5.4247211664915085e-06
10.31	5.360925570130348e-06
10.32	5.29363751411438e-06
10.33	5.230773240327835e-06
10.34	5.163019523024559e-06
10.35	5.102483555674553e-06
10.36	5.032401531934738e-06
10.37	4.971399903297424e-06
10.38	4.9069058150053024e-06
10.39	4.8514921218156815e-06
10.4	4.790257662534714e-06
10.41	4.7318171709775925e-06
10.42	4.674773663282394e-06
10.43	4.612840712070465e-06
10.44	4.556262865662575e-06
10.45	4.49642539024353e-06
10.46	4.449393600225449e-06
10.47	4.3923500925302505e-06
10.48	4.3387990444898605e-06
10.49	4.279660061001778e-06
10.5	4.225410521030426e-06
10.51	4.173489287495613e-06
10.52	4.121800884604454e-06
10.53	4.073604941368103e-06
10.54	4.020286723971367e-06
10.55	3.963243216276169e-06
10.56	3.912951797246933e-06
10.57	3.862194716930389e-06
10.58	3.814930096268654e-06
10.59	3.768596798181534e-06
10.6	3.719935193657875e-06
10.61	3.6694109439849854e-06
10.62	3.6191195249557495e-06
10.63	3.575580194592476e-06
10.64	3.5283155739307404e-06
10.65	3.487803041934967e-06
10.66	3.432622179389e-06
10.67	3.3888500183820724e-06
10.68	3.3408869057893753e-06
10.69	3.3015385270118713e-06
10.7	3.255438059568405e-06
10.71	3.2132957130670547e-06
10.72	3.169756382703781e-06
10.73	3.125518560409546e-06
10.74	3.084540367126465e-06
10.75	3.0421651899814606e-06
10.76	3.0063092708587646e-06
10.77	2.966728061437607e-06
10.78	2.9278453439474106e-06
10.79	2.887798473238945e-06
10.8	2.842862159013748e-06
10.81	2.803746610879898e-06
10.82	2.7704518288373947e-06
10.83	2.73226760327816e-06
10.84	2.6961788535118103e-06
10.85	2.655899152159691e-06
10.86	2.6188790798187256e-06
10.87	2.5816261768341064e-06
10.88	2.550194039940834e-06
10.89	2.5141052901744843e-06
10.9	2.482440322637558e-06
10.91	2.4491455405950546e-06
10.92	2.4100299924612045e-06
10.93	2.382555976510048e-06
10.94	2.3460015654563904e-06
10.95	2.31829471886158e-06
10.96	2.2831372916698456e-06
10.97	2.2579915821552277e-06
10.98	2.2277235984802246e-06
10.99	2.1939631551504135e-06
11.0	2.1585728973150253e-06
11.01	2.129003405570984e-06
11.02	2.0996667444705963e-06
11.03	2.071727067232132e-06
11.04	2.0426232367753983e-06
11.05	2.014683559536934e-06
11.06	1.9848812371492386e-06
11.07	1.9567087292671204e-06
11.08	1.9297003746032715e-06
11.09	1.9066501408815384e-06
11.1	1.8835999071598053e-06
11.11	1.8563587218523026e-06
11.12	1.8330756574869156e-06
11.13	1.8046703189611435e-06
11.14	1.7790589481592178e-06
11.15	1.750187948346138e-06
11.16	1.732492819428444e-06
11.17	1.7078127712011337e-06
11.18	1.6833655536174774e-06
11.19	1.6551930457353592e-06
11.2	1.6319099813699722e-06
11.21	1.6088597476482391e-06
11.22	1.5862751752138138e-06
11.23	1.5653204172849655e-06
11.24	1.548323780298233e-06
11.25	1.5276018530130386e-06
11.26	1.5024561434984207e-06
11.27	1.4801044017076492e-06
11.28	1.460779458284378e-06
11.29	1.44285149872303e-06
11.3	1.4256220310926437e-06
11.31	1.409091055393219e-06
11.32	1.389533281326294e-06
11.33	1.3667158782482147e-06
11.34	1.3420358300209045e-06
11.35	1.330627128481865e-06
11.36	1.310836523771286e-06
11.37	1.2957025319337845e-06
11.38	1.273350790143013e-06
11.39	1.2540258467197418e-06
11.4	1.2363307178020477e-06
11.41	1.2186355888843536e-06
11.42	1.2048985809087753e-06
11.43	1.1918600648641586e-06
11.44	1.1764932423830032e-06
11.45	1.1576339602470398e-06
11.46	1.1401716619729996e-06
11.47	1.1243391782045364e-06
11.48	1.108972355723381e-06
11.49	1.093139871954918e-06
11.5	1.080334186553955e-06
11.51	1.064501702785492e-06
11.52	1.0491348803043365e-06
11.53	1.028645783662796e-06
11.54	1.0177027434110641e-06
11.55	1.0025687515735626e-06
11.56	9.902287274599075e-07
11.57	9.76957380771637e-07
11.58	9.611248970031738e-07
11.59	9.476207196712494e-07
11.6	9.329523891210556e-07
11.61	9.208451956510544e-07
11.62	9.064096957445145e-07
11.63	8.936040103435516e-07
11.64	8.805654942989349e-07
11.65	8.677598088979721e-07
11.66	8.549541234970093e-07
11.67	8.409842848777771e-07
11.68	8.272472769021988e-07
11.69	8.165370672941208e-07
11.7	8.01868736743927e-07
11.71	7.923226803541183e-07
11.72	7.771886885166168e-07
11.73	7.660128176212311e-07
11.74	7.548369467258453e-07
11.75	7.413327693939209e-07
11.76	7.317867130041122e-07
11.77	7.192138582468033e-07
11.78	7.096678018569946e-07
11.79	6.973277777433395e-07
11.8	6.880145519971848e-07
11.81	6.726477295160294e-07
11.82	6.6426582634449e-07
11.83	6.509944796562195e-07
11.84	6.416812539100647e-07
11.85	6.291083991527557e-07
11.86	6.202608346939087e-07
11.87	6.097834557294846e-07
11.88	6.011687219142914e-07
11.89	5.885958671569824e-07
11.9	5.802139639854431e-07
11.91	5.715992301702499e-07
11.92	5.634501576423645e-07
11.93	5.550682544708252e-07
11.94	5.441252142190933e-07
11.95	5.35743311047554e-07
11.96	5.264300853013992e-07
11.97	5.180481821298599e-07
11.98	5.087349563837051e-07
11.99	5.012843757867813e-07
12.0	4.915054887533188e-07
12.01	4.866160452365875e-07
12.02	4.76837158203125e-07
12.03	4.700850695371628e-07
12.04	4.600733518600464e-07
12.05	4.5355409383773804e-07
12.06	4.4656917452812195e-07
12.07	4.400499165058136e-07
12.08	4.33996319770813e-07
12.09	4.270114004611969e-07
12.1	4.209578037261963e-07
12.11	4.1211023926734924e-07
12.12	4.0675513446331024e-07
12.13	4.01865690946579e-07
12.14	3.9744190871715546e-07
12.15	3.9045698940753937e-07
12.16	3.8230791687965393e-07
12.17	3.7462450563907623e-07
12.18	3.6973506212234497e-07
12.19	3.641471266746521e-07
12.2	3.604218363761902e-07
12.21	3.550667315721512e-07
12.22	3.490131348371506e-07
12.23	3.424938768148422e-07
12.24	3.380700945854187e-07
12.25	3.334134817123413e-07
12.26	3.3015385270118713e-07
12.27	3.2526440918445587e-07
12.28	3.19676473736763e-07
12.29	3.1408853828907013e-07
12.3	3.082677721977234e-07
12.31	3.052409738302231e-07
12.32	3.003515303134918e-07
12.33	2.966262400150299e-07
12.34	2.9033981263637543e-07
12.35	2.8638169169425964e-07
12.36	2.814922481775284e-07
12.37	2.7869828045368195e-07
12.38	2.738088369369507e-07
12.39	2.7171336114406586e-07
12.4	2.675224095582962e-07
12.41	2.6170164346694946e-07
12.42	2.582091838121414e-07
12.43	2.547167241573334e-07
12.44	2.523884177207947e-07
12.45	2.484302967786789e-07
12.46	2.437736839056015e-07
12.47	2.3958273231983185e-07
12.48	2.3515895009040833e-07
12.49	2.307351678609848e-07
12.5	2.284068614244461e-07
12.51	2.2375024855136871e-07
12.52	2.200249582529068e-07
12.53	2.1513551473617554e-07
12.54	2.1210871636867523e-07
12.55	2.0815059542655945e-07
12.56	2.0512379705905914e-07
12.57	2.0139850676059723e-07
12.58	1.9953586161136627e-07
12.59	1.962762326002121e-07
12.6	1.9115395843982697e-07
12.61	1.8766149878501892e-07
12.62	1.832377165555954e-07
12.63	1.8044374883174896e-07
12.64	1.7671845853328705e-07
12.65	1.7439015209674835e-07
12.66	1.6926787793636322e-07
12.67	1.6647391021251678e-07
12.68	1.6158446669578552e-07
12.69	1.601874828338623e-07
12.7	1.57160684466362e-07
12.71	1.5459954738616943e-07
12.72	1.5157274901866913e-07
12.73	1.494772732257843e-07
12.74	1.4621764421463013e-07
12.75	1.4295801520347595e-07
12.76	1.3993121683597565e-07
12.77	1.3690441846847534e-07
12.78	1.3527460396289825e-07
12.79	1.327134668827057e-07
12.8	1.2991949915885925e-07
12.81	1.2689270079135895e-07
12.82	1.240987330675125e-07
12.83	1.203734427690506e-07
12.84	1.1990778148174286e-07
12.85	1.1664815247058868e-07
12.86	1.1618249118328094e-07
12.87	1.1338852345943451e-07
12.88	1.1082738637924194e-07
12.89	1.0826624929904938e-07
12.9	1.0663643479347229e-07
12.91	1.0617077350616455e-07
12.92	1.0523945093154907e-07
12.93	1.0384246706962585e-07
12.94	1.0058283805847168e-07
12.95	9.778887033462524e-08
12.96	9.452924132347107e-08
12.97	9.42964106798172e-08
12.98	9.336508810520172e-08
12.99	9.173527359962463e-08
13.0	8.847564458847046e-08
13.01	8.638016879558563e-08
13.02	8.42846930027008e-08
13.03	8.42846930027008e-08
13.04	8.335337042808533e-08
13.05	8.242204785346985e-08
13.06	8.079223334789276e-08
13.07	7.846392691135406e-08
13.08	7.636845111846924e-08
13.09	7.543712854385376e-08
13.1	7.497146725654602e-08
13.11	7.35744833946228e-08
13.12	7.264316082000732e-08
13.13	7.008202373981476e-08
13.14	6.845220923423767e-08
13.15	6.728805601596832e-08
13.16	6.682239472866058e-08
13.17	6.58910721540451e-08
13.18	6.472691893577576e-08
13.19	6.28642737865448e-08
13.2	6.216578185558319e-08
13.21	6.123445928096771e-08
13.22	6.100162863731384e-08
13.23	5.98374754190445e-08
13.24	5.9138983488082886e-08
13.25	5.820766091346741e-08
13.26	5.704350769519806e-08
13.27	5.611218512058258e-08
13.28	5.564652383327484e-08
13.29	5.51808625459671e-08
13.3	5.3318217396736145e-08
13.31	5.2852556109428406e-08
13.32	5.122274160385132e-08
13.33	5.075708031654358e-08
13.34	5.005858838558197e-08
13.35	4.889443516731262e-08
13.36	4.819594323635101e-08
13.37	4.7031790018081665e-08
13.38	4.6100467443466187e-08
13.39	4.586763679981232e-08
13.4	4.470348358154297e-08
13.41	4.44706529378891e-08
13.42	4.284083843231201e-08
13.43	4.260800778865814e-08
13.44	4.1211023926734924e-08
13.45	4.0046870708465576e-08
13.46	3.9814040064811707e-08
13.47	3.888271749019623e-08
13.48	3.864988684654236e-08
13.49	3.655441105365753e-08
13.5	3.608874976634979e-08
13.51	3.5157427191734314e-08
13.52	3.4691765904426575e-08
13.53	3.3993273973464966e-08
13.54	3.329478204250336e-08
13.55	3.236345946788788e-08
13.56	3.119930624961853e-08
13.57	3.026798367500305e-08
13.58	3.003515303134918e-08
13.59	2.9569491744041443e-08
13.6	2.8870999813079834e-08
13.61	2.7706846594810486e-08
13.62	2.7474015951156616e-08
13.63	2.6542693376541138e-08
13.64	2.584420144557953e-08
13.65	2.584420144557953e-08
13.66	2.444721758365631e-08
13.67	2.421438694000244e-08
13.68	2.2817403078079224e-08
13.69	2.2584572434425354e-08
13.7	2.2584572434425354e-08
13.71	2.1653249859809875e-08
13.72	2.0954757928848267e-08
13.73	2.0489096641540527e-08
13.74	1.979060471057892e-08
13.75	1.955777406692505e-08
13.76	1.955777406692505e-08
13.77	1.885928213596344e-08
13.78	1.816079020500183e-08
13.79	1.6763806343078613e-08
13.8	1.6763806343078613e-08
13.81	1.6530975699424744e-08
13.82	1.6530975699424744e-08
13.83	1.5599653124809265e-08
13.84	1.4901161193847656e-08
13.85	1.3969838619232178e-08
13.86	1.3737007975578308e-08
13.87	1.3271346688270569e-08
13.88	1.3271346688270569e-08
13.89	1.30385160446167e-08
13.9	1.210719347000122e-08
13.91	1.1408701539039612e-08
13.92	1.0943040251731873e-08
13.93	1.0710209608078003e-08
13.94	1.0710209608078003e-08
13.95	1.0710209608078003e-08
13.96	1.0011717677116394e-08
13.97	9.546056389808655e-09
13.98	8.847564458847046e-09
13.99	8.847564458847046e-09
14.0	8.847564458847046e-09
14.01	8.847564458847046e-09
14.02	8.381903171539307e-09
14.03	7.683411240577698e-09
14.04	7.683411240577698e-09
14.05	7.683411240577698e-09
14.06	7.683411240577698e-09
14.07	7.683411240577698e-09
14.08	7.450580596923828e-09
14.09	7.450580596923828e-09
14.1	6.984919309616089e-09
14.11	6.984919309616089e-09
14.12	6.984919309616089e-09
14.13	6.984919309616089e-09
14.14	6.984919309616089e-09
14.15	6.51925802230835e-09
14.16	6.51925802230835e-09
14.17	6.51925802230835e-09
14.18	6.51925802230835e-09
14.19	6.51925802230835e-09
14.2	6.51925802230835e-09
14.21	6.51925802230835e-09
14.22	6.51925802230835e-09
14.23	6.05359673500061e-09
14.24	6.05359673500061e-09
14.25	6.05359673500061e-09
14.26	6.05359673500061e-09
14.27	5.820766091346741e-09
14.28	5.587935447692871e-09
14.29	5.122274160385132e-09
14.3	5.122274160385132e-09
14.31	5.122274160385132e-09
14.32	5.122274160385132e-09
14.33	5.122274160385132e-09
14.34	4.6566128730773926e-09
14.35	4.6566128730773926e-09
14.36	4.6566128730773926e-09
14.37	4.6566128730773926e-09
14.38	4.6566128730773926e-09
14.39	4.6566128730773926e-09
14.4	4.6566128730773926e-09
14.41	4.6566128730773926e-09
14.42	4.190951585769653e-09
14.43	4.190951585769653e-09
14.44	3.958120942115784e-09
14.45	3.725290298461914e-09
14.46	3.4924596548080444e-09
14.47	3.259629011154175e-09
14.48	3.259629011154175e-09
14.49	3.026798367500305e-09
14.5	2.7939677238464355e-09
14.51	2.7939677238464355e-09
14.52	2.7939677238464355e-09
14.53	2.7939677238464355e-09
14.54	2.7939677238464355e-09
14.55	2.7939677238464355e-09
14.56	2.7939677238464355e-09
14.57	2.3283064365386963e-09
14.58	2.3283064365386963e-09
14.59	2.3283064365386963e-09
14.6	2.3283064365386963e-09
14.61	2.3283064365386963e-09
14.62	1.862645149230957e-09
14.63	1.6298145055770874e-09
14.64	1.3969838619232178e-09
14.65	1.3969838619232178e-09
14.66	1.3969838619232178e-09
14.67	1.3969838619232178e-09
14.68	1.1641532182693481e-09
14.69	9.313225746154785e-10
14.7	9.313225746154785e-10
14.71	9.313225746154785e-10
14.72	9.313225746154785e-10
14.73	9.313225746154785e-10
14.74	9.313225746154785e-10
14.75	9.313225746154785e-10
14.76	4.656612873077393e-10
14.77	4.656612873077393e-10
14.78	4.656612873077393e-10
14.79	4.656612873077393e-10
14.8	4.656612873077393e-10
14.81	0.0
