6.1	0.0005016326904296875
6.11	0.0004963874816894531
6.12	0.0004918575286865234
6.13	0.00048828125
6.14	0.0004839897155761719
6.15	0.0004787445068359375
6.16	0.00047278404235839844
6.17	0.0004687309265136719
6.18	0.0004622936248779297
6.19	0.00045561790466308594
6.2	0.00044846534729003906
6.21	0.0004425048828125
6.22	0.00043702125549316406
6.23	0.0004317760467529297
6.24	0.00042629241943359375
6.25	0.00041985511779785156
6.26	0.00041413307189941406
6.27	0.0004067420959472656
6.28	0.000400543212890625
6.29	0.0003952980041503906
6.3	0.00038933753967285156
6.31	0.00038242340087890625
6.32	0.0003764629364013672
6.33	0.00037217140197753906
6.34	0.0003685951232910156
6.35	0.0003647804260253906
6.36	0.0003590583801269531
6.37	0.00035500526428222656
6.38	0.0003495216369628906
6.39	0.0003445148468017578
6.4	0.0003383159637451172
6.41	0.0003345012664794922
6.42	0.0003287792205810547
6.43	0.0003254413604736328
6.44	0.0003228187561035156
6.45	0.00031948089599609375
6.46	0.00031638145446777344
6.47	0.0003108978271484375
6.48	0.0003070831298828125
6.49	0.00030350685119628906
6.5	0.0003006458282470703
6.51	0.00029587745666503906
6.52	0.0002918243408203125
6.53	0.00028824806213378906
6.54	0.00028514862060546875
6.55	0.00028252601623535156
6.56	0.00027942657470703125
6.57	0.0002772808074951172
6.58	0.00027561187744140625
6.59	0.000274658203125
6.6	0.0002720355987548828
6.61	0.00026988983154296875
6.62	0.00026702880859375
6.63	0.0002636909484863281
6.64	0.0002593994140625
6.65	0.0002560615539550781
6.66	0.0002512931823730469
6.67	0.00024819374084472656
6.68	0.0002448558807373047
6.69	0.0002422332763671875
6.7	0.00023889541625976562
6.71	0.00023555755615234375
6.72	0.00023174285888671875
6.73	0.00022792816162109375
6.74	0.0002257823944091797
6.75	0.00022220611572265625
6.76	0.0002181529998779297
6.77	0.00021505355834960938
6.78	0.00021314620971679688
6.79	0.0002110004425048828
6.8	0.00020813941955566406
6.81	0.0002052783966064453
6.82	0.00020122528076171875
6.83	0.00019812583923339844
6.84	0.00019407272338867188
6.85	0.00019025802612304688
6.86	0.00018644332885742188
6.87	0.0001838207244873047
6.88	0.00018143653869628906
6.89	0.000179290771484375
6.9	0.0001773834228515625
6.91	0.00017404556274414062
6.92	0.00017118453979492188
6.93	0.00016736984252929688
6.94	0.0001652240753173828
6.95	0.00016307830810546875
6.96	0.00015997886657714844
6.97	0.000156402587890625
6.98	0.00015354156494140625
6.99	0.00015115737915039062
7.0	0.00014972686767578125
7.01	0.0001480579376220703
7.02	0.00014662742614746094
7.03	0.0001456737518310547
7.04	0.00014519691467285156
7.05	0.0001442432403564453
7.06	0.00014281272888183594
7.07	0.0001418590545654297
7.08	0.00013899803161621094
7.09	0.00013637542724609375
7.1	0.00013303756713867188
7.11	0.0001308917999267578
7.12	0.00012969970703125
7.13	0.00012803077697753906
7.14	0.00012683868408203125
7.15	0.00012540817260742188
7.16	0.00012421607971191406
7.17	0.00012183189392089844
7.18	0.00011992454528808594
7.19	0.00011873245239257812
7.2	0.00011801719665527344
7.21	0.00011682510375976562
7.22	0.00011515617370605469
7.23	0.00011396408081054688
7.24	0.00011301040649414062
7.25	0.00011181831359863281
7.26	0.00011038780212402344
7.27	0.0001087188720703125
7.28	0.0001068115234375
7.29	0.0001049041748046875
7.3	0.000102996826171875
7.31	0.00010132789611816406
7.32	9.918212890625e-05
7.33	9.751319885253906e-05
7.34	9.560585021972656e-05
7.35	9.465217590332031e-05
7.36	9.34600830078125e-05
7.37	9.083747863769531e-05
7.38	8.893013000488281e-05
7.39	8.654594421386719e-05
7.4	8.487701416015625e-05
7.41	8.249282836914062e-05
7.42	7.939338684082031e-05
7.43	7.748603820800781e-05
7.44	7.62939453125e-05
7.45	7.557868957519531e-05
7.46	7.414817810058594e-05
7.47	7.343292236328125e-05
7.48	7.271766662597656e-05
7.49	7.224082946777344e-05
7.5	7.104873657226562e-05
7.51	7.009506225585938e-05
7.52	6.866455078125e-05
7.53	6.67572021484375e-05
7.54	6.389617919921875e-05
7.55	6.246566772460938e-05
7.56	6.103515625e-05
7.57	6.0558319091796875e-05
7.58	5.9604644775390625e-05
7.59	5.8650970458984375e-05
7.6	5.817413330078125e-05
7.61	5.7697296142578125e-05
7.62	5.698204040527344e-05
7.63	5.626678466796875e-05
7.64	5.555152893066406e-05
7.65	5.53131103515625e-05
7.66	5.507469177246094e-05
7.67	5.459785461425781e-05
7.68	5.435943603515625e-05
7.69	5.435943603515625e-05
7.7	5.3882598876953125e-05
7.71	5.364418029785156e-05
7.72	5.316734313964844e-05
7.73	5.245208740234375e-05
7.74	5.173683166503906e-05
7.75	5.173683166503906e-05
7.76	5.054473876953125e-05
7.77	5.0067901611328125e-05
7.78	4.9114227294921875e-05
7.79	4.8160552978515625e-05
7.8	4.76837158203125e-05
7.81	4.696846008300781e-05
7.82	4.601478576660156e-05
7.83	4.482269287109375e-05
7.84	4.410743713378906e-05
7.85	4.315376281738281e-05
7.86	4.220008850097656e-05
7.87	4.100799560546875e-05
7.88	3.9577484130859375e-05
7.89	3.8623809814453125e-05
7.9	3.790855407714844e-05
7.91	3.7670135498046875e-05
7.92	3.719329833984375e-05
7.93	3.62396240234375e-05
7.94	3.528594970703125e-05
7.95	3.457069396972656e-05
7.96	3.361701965332031e-05
7.97	3.266334533691406e-05
7.98	3.123283386230469e-05
7.99	3.0040740966796875e-05
8.0	2.86102294921875e-05
8.01	2.8133392333984375e-05
8.02	2.7894973754882812e-05
8.03	2.7418136596679688e-05
8.04	2.6702880859375e-05
8.05	2.5987625122070312e-05
8.06	2.5987625122070312e-05
8.07	2.5510787963867188e-05
8.08	2.5033950805664062e-05
8.09	2.4318695068359375e-05
8.1	2.3603439331054688e-05
8.11	2.3365020751953125e-05
8.12	2.3365020751953125e-05
8.13	2.3365020751953125e-05
8.14	2.3365020751953125e-05
8.15	2.3365020751953125e-05
8.16	2.3365020751953125e-05
8.17	2.3365020751953125e-05
8.18	2.3365020751953125e-05
8.19	2.3126602172851562e-05
8.2	2.288818359375e-05
8.21	2.2411346435546875e-05
8.22	2.193450927734375e-05
8.23	2.1696090698242188e-05
8.24	2.1457672119140625e-05
8.25	2.1219253540039062e-05
8.26	2.1219253540039062e-05
8.27	2.09808349609375e-05
8.28	2.0742416381835938e-05
8.29	2.0503997802734375e-05
8.3	2.002716064453125e-05
8.31	2.002716064453125e-05
8.32	1.9788742065429688e-05
8.33	1.9311904907226562e-05
8.34	1.8835067749023438e-05
8.35	1.8596649169921875e-05
8.36	1.8596649169921875e-05
8.37	1.8358230590820312e-05
8.38	1.7881393432617188e-05
8.39	1.7404556274414062e-05
8.4	1.6927719116210938e-05
8.41	1.6689300537109375e-05
8.42	1.5974044799804688e-05
8.43	1.5497207641601562e-05
8.44	1.4543533325195312e-05
8.45	1.430511474609375e-05
8.46	1.4066696166992188e-05
8.47	1.4066696166992188e-05
8.48	1.3828277587890625e-05
8.49	1.33514404296875e-05
8.5	1.2874603271484375e-05
8.51	1.239776611328125e-05
8.52	1.2159347534179688e-05
8.53	1.1444091796875e-05
8.54	1.0728836059570312e-05
8.55	1.0251998901367188e-05
8.56	1.0013580322265625e-05
8.57	1.0013580322265625e-05
8.58	1.0013580322265625e-05
8.59	1.0013580322265625e-05
8.6	1.0013580322265625e-05
8.61	1.0013580322265625e-05
8.62	1.0013580322265625e-05
8.63	1.0013580322265625e-05
8.64	9.775161743164062e-06
8.65	9.298324584960938e-06
8.66	8.58306884765625e-06
8.67	8.106231689453125e-06
8.68	7.62939453125e-06
8.69	7.62939453125e-06
8.7	7.62939453125e-06
8.71	7.62939453125e-06
8.72	7.62939453125e-06
8.73	7.62939453125e-06
8.74	7.62939453125e-06
8.75	7.62939453125e-06
8.76	7.62939453125e-06
8.77	7.62939453125e-06
8.78	7.62939453125e-06
8.79	7.62939453125e-06
8.8	7.3909759521484375e-06
8.81	7.3909759521484375e-06
8.82	7.3909759521484375e-06
8.83	7.3909759521484375e-06
8.84	7.152557373046875e-06
8.85	6.9141387939453125e-06
8.86	6.9141387939453125e-06
8.87	6.67572021484375e-06
8.88	6.67572021484375e-06
8.89	6.67572021484375e-06
8.9	6.4373016357421875e-06
8.91	6.4373016357421875e-06
8.92	6.4373016357421875e-06
8.93	6.4373016357421875e-06
8.94	6.4373016357421875e-06
8.95	5.9604644775390625e-06
8.96	5.4836273193359375e-06
8.97	5.4836273193359375e-06
8.98	5.245208740234375e-06
8.99	4.76837158203125e-06
9.0	4.5299530029296875e-06
9.01	4.291534423828125e-06
9.02	4.291534423828125e-06
9.03	4.291534423828125e-06
9.04	4.291534423828125e-06
9.05	4.291534423828125e-06
9.06	4.291534423828125e-06
9.07	4.291534423828125e-06
9.08	4.291534423828125e-06
9.09	4.291534423828125e-06
9.1	3.814697265625e-06
9.11	3.0994415283203125e-06
9.12	2.384185791015625e-06
9.13	1.9073486328125e-06
9.14	1.9073486328125e-06
9.15	1.9073486328125e-06
9.16	1.9073486328125e-06
9.17	1.9073486328125e-06
9.18	1.9073486328125e-06
9.19	1.9073486328125e-06
9.2	1.9073486328125e-06
9.21	1.9073486328125e-06
9.22	1.9073486328125e-06
9.23	1.9073486328125e-06
9.24	1.9073486328125e-06
9.25	1.9073486328125e-06
9.26	1.9073486328125e-06
9.27	1.9073486328125e-06
9.28	1.9073486328125e-06
9.29	1.9073486328125e-06
9.3	1.9073486328125e-06
9.31	1.9073486328125e-06
9.32	1.9073486328125e-06
9.33	1.9073486328125e-06
9.34	1.9073486328125e-06
9.35	1.9073486328125e-06
9.36	1.9073486328125e-06
9.37	1.9073486328125e-06
9.38	1.9073486328125e-06
9.39	1.9073486328125e-06
9.4	1.9073486328125e-06
9.41	1.6689300537109375e-06
9.42	1.6689300537109375e-06
9.43	1.6689300537109375e-06
9.44	1.430511474609375e-06
9.45	1.430511474609375e-06
9.46	1.430511474609375e-06
9.47	1.430511474609375e-06
9.48	1.430511474609375e-06
9.49	1.430511474609375e-06
9.5	1.430511474609375e-06
9.51	1.430511474609375e-06
9.52	1.430511474609375e-06
9.53	1.430511474609375e-06
9.54	1.430511474609375e-06
9.55	1.1920928955078125e-06
9.56	7.152557373046875e-07
9.57	4.76837158203125e-07
9.58	2.384185791015625e-07
9.59	2.384185791015625e-07
9.6	2.384185791015625e-07
9.61	2.384185791015625e-07
9.62	2.384185791015625e-07
9.63	2.384185791015625e-07
9.64	2.384185791015625e-07
9.65	2.384185791015625e-07
9.66	2.384185791015625e-07
9.67	2.384185791015625e-07
9.68	2.384185791015625e-07
9.69	2.384185791015625e-07
9.7	2.384185791015625e-07
9.71	2.384185791015625e-07
9.72	2.384185791015625e-07
9.73	2.384185791015625e-07
9.74	2.384185791015625e-07
9.75	2.384185791015625e-07
9.76	2.384185791015625e-07
9.77	2.384185791015625e-07
9.78	2.384185791015625e-07
9.79	2.384185791015625e-07
9.8	2.384185791015625e-07
9.81	2.384185791015625e-07
9.82	2.384185791015625e-07
9.83	2.384185791015625e-07
9.84	2.384185791015625e-07
9.85	2.384185791015625e-07
9.86	2.384185791015625e-07
9.87	2.384185791015625e-07
9.88	2.384185791015625e-07
9.89	2.384185791015625e-07
9.9	2.384185791015625e-07
9.91	2.384185791015625e-07
9.92	2.384185791015625e-07
9.93	2.384185791015625e-07
9.94	2.384185791015625e-07
9.95	2.384185791015625e-07
9.96	2.384185791015625e-07
9.97	2.384185791015625e-07
9.98	2.384185791015625e-07
9.99	2.384185791015625e-07
10.0	2.384185791015625e-07
10.01	2.384185791015625e-07
10.02	0.0
