5.96	0.0005035400390625
5.97	0.0004975795745849609
5.98	0.0004919767379760742
5.99	0.00048488378524780273
6.0	0.00047600269317626953
6.01	0.0004717111587524414
6.02	0.0004684925079345703
6.03	0.00046497583389282227
6.04	0.00045990943908691406
6.05	0.0004572272300720215
6.06	0.00045228004455566406
6.07	0.0004490017890930176
6.08	0.00044411420822143555
6.09	0.000440061092376709
6.1	0.0004367232322692871
6.11	0.00043398141860961914
6.12	0.0004299283027648926
6.13	0.0004246830940246582
6.14	0.0004189014434814453
6.15	0.0004153251647949219
6.16	0.0004100203514099121
6.17	0.0004067420959472656
6.18	0.00040286779403686523
6.19	0.0003986954689025879
6.2	0.00039643049240112305
6.21	0.00039327144622802734
6.22	0.00038933753967285156
6.23	0.00038689374923706055
6.24	0.0003845691680908203
6.25	0.00038164854049682617
6.26	0.0003787875175476074
6.27	0.0003758072853088379
6.28	0.0003732442855834961
6.29	0.00036644935607910156
6.3	0.00036406517028808594
6.31	0.0003571510314941406
6.32	0.00035250186920166016
6.33	0.00034999847412109375
6.34	0.0003466606140136719
6.35	0.0003445148468017578
6.36	0.00033992528915405273
6.37	0.00033789873123168945
6.38	0.0003337264060974121
6.39	0.0003300905227661133
6.4	0.00032776594161987305
6.41	0.0003262162208557129
6.42	0.00032323598861694336
6.43	0.00032126903533935547
6.44	0.00031644105911254883
6.45	0.0003120899200439453
6.46	0.00030940771102905273
6.47	0.00030618906021118164
6.48	0.0003045201301574707
6.49	0.0003014802932739258
6.5	0.0002986788749694824
6.51	0.00029528141021728516
6.52	0.0002910494804382324
6.53	0.0002872943878173828
6.54	0.0002855062484741211
6.55	0.00028449296951293945
6.56	0.00028264522552490234
6.57	0.00028014183044433594
6.58	0.00027865171432495117
6.59	0.0002745985984802246
6.6	0.00027179718017578125
6.61	0.0002681612968444824
6.62	0.00026482343673706055
6.63	0.00026160478591918945
6.64	0.00025957822799682617
6.65	0.00025653839111328125
6.66	0.0002525448799133301
6.67	0.00024956464767456055
6.68	0.0002473592758178711
6.69	0.00024521350860595703
6.7	0.0002429485321044922
6.71	0.0002403855323791504
6.72	0.00023883581161499023
6.73	0.00023752450942993164
6.74	0.00023490190505981445
6.75	0.00023233890533447266
6.76	0.00023055076599121094
6.77	0.00022846460342407227
6.78	0.0002263188362121582
6.79	0.00022470951080322266
6.8	0.00022262334823608398
6.81	0.00022089481353759766
6.82	0.00021791458129882812
6.83	0.00021630525588989258
6.84	0.00021117925643920898
6.85	0.00020998716354370117
6.86	0.0002090930938720703
6.87	0.00020825862884521484
6.88	0.00020599365234375
6.89	0.00020456314086914062
6.9	0.0002022385597229004
6.91	0.0002008676528930664
6.92	0.00019741058349609375
6.93	0.0001958012580871582
6.94	0.00019437074661254883
6.95	0.0001919865608215332
6.96	0.00019049644470214844
6.97	0.0001863241195678711
6.98	0.00018334388732910156
6.99	0.0001817941665649414
7.0	0.00018042325973510742
7.01	0.00017887353897094727
7.02	0.0001780390739440918
7.03	0.00017625093460083008
7.04	0.00017470121383666992
7.05	0.00017178058624267578
7.06	0.0001709461212158203
7.07	0.0001698136329650879
7.08	0.0001690387725830078
7.09	0.00016689300537109375
7.1	0.00016510486602783203
7.11	0.00016373395919799805
7.12	0.00016182661056518555
7.13	0.00015985965728759766
7.14	0.0001583695411682129
7.15	0.000156402587890625
7.16	0.00015431642532348633
7.17	0.0001538991928100586
7.18	0.00015246868133544922
7.19	0.0001494884490966797
7.2	0.00014859437942504883
7.21	0.00014722347259521484
7.22	0.00014644861221313477
7.23	0.00014477968215942383
7.24	0.0001423358917236328
7.25	0.00014162063598632812
7.26	0.00014036893844604492
7.27	0.0001380443572998047
7.28	0.00013595819473266602
7.29	0.00013500452041625977
7.3	0.0001328587532043457
7.31	0.0001316070556640625
7.32	0.00013077259063720703
7.33	0.00012952089309692383
7.34	0.00012791156768798828
7.35	0.00012701749801635742
7.36	0.000125885009765625
7.37	0.00012367963790893555
7.38	0.0001232624053955078
7.39	0.00012218952178955078
7.4	0.00012153387069702148
7.41	0.00012004375457763672
7.42	0.0001189112663269043
7.43	0.00011706352233886719
7.44	0.00011676549911499023
7.45	0.00011491775512695312
7.46	0.00011396408081054688
7.47	0.0001131892204284668
7.48	0.00011241436004638672
7.49	0.00011104345321655273
7.5	0.00010830163955688477
7.51	0.00010699033737182617
7.52	0.00010657310485839844
7.53	0.00010603666305541992
7.54	0.00010460615158081055
7.55	0.00010377168655395508
7.56	0.00010222196578979492
7.57	0.00010055303573608398
7.58	9.846687316894531e-05
7.59	9.810924530029297e-05
7.6	9.715557098388672e-05
7.61	9.655952453613281e-05
7.62	9.47713851928711e-05
7.63	9.387731552124023e-05
7.64	9.232759475708008e-05
7.65	9.1552734375e-05
7.66	9.053945541381836e-05
7.67	9.02414321899414e-05
7.68	8.916854858398438e-05
7.69	8.845329284667969e-05
7.7	8.827447891235352e-05
7.71	8.71419906616211e-05
7.72	8.541345596313477e-05
7.73	8.475780487060547e-05
7.74	8.422136306762695e-05
7.75	8.338689804077148e-05
7.76	8.279085159301758e-05
7.77	8.118152618408203e-05
7.78	8.064508438110352e-05
7.79	7.992982864379883e-05
7.8	7.849931716918945e-05
7.81	7.75456428527832e-05
7.82	7.677078247070312e-05
7.83	7.581710815429688e-05
7.84	7.545948028564453e-05
7.85	7.486343383789062e-05
7.86	7.432699203491211e-05
7.87	7.31348991394043e-05
7.88	7.259845733642578e-05
7.89	7.098913192749023e-05
7.9	7.009506225585938e-05
7.91	6.973743438720703e-05
7.92	6.920099258422852e-05
7.93	6.842613220214844e-05
7.94	6.729364395141602e-05
7.95	6.663799285888672e-05
7.96	6.562471389770508e-05
7.97	6.455183029174805e-05
7.98	6.389617919921875e-05
7.99	6.377696990966797e-05
8.0	6.324052810668945e-05
8.01	6.288290023803711e-05
8.02	6.186962127685547e-05
8.03	6.0617923736572266e-05
8.04	6.014108657836914e-05
8.05	6.002187728881836e-05
8.06	5.9604644775390625e-05
8.07	5.882978439331055e-05
8.08	5.829334259033203e-05
8.09	5.6803226470947266e-05
8.1	5.5909156799316406e-05
8.11	5.447864532470703e-05
8.12	5.424022674560547e-05
8.13	5.358457565307617e-05
8.14	5.358457565307617e-05
8.15	5.269050598144531e-05
8.16	5.221366882324219e-05
8.17	5.14984130859375e-05
8.18	5.1140785217285156e-05
8.19	5.048513412475586e-05
8.2	5.0187110900878906e-05
8.21	4.9233436584472656e-05
8.22	4.89354133605957e-05
8.23	4.845857620239258e-05
8.24	4.756450653076172e-05
8.25	4.649162292480469e-05
8.26	4.601478576660156e-05
8.27	4.5359134674072266e-05
8.28	4.476308822631836e-05
8.29	4.4286251068115234e-05
8.3	4.374980926513672e-05
8.31	4.3511390686035156e-05
8.32	4.303455352783203e-05
8.33	4.267692565917969e-05
8.34	4.202127456665039e-05
8.35	4.172325134277344e-05
8.36	4.166364669799805e-05
8.37	4.1425228118896484e-05
8.38	4.082918167114258e-05
8.39	4.0650367736816406e-05
8.4	3.9696693420410156e-05
8.41	3.93986701965332e-05
8.42	3.802776336669922e-05
8.43	3.7670135498046875e-05
8.44	3.74913215637207e-05
8.45	3.731250762939453e-05
8.46	3.6656856536865234e-05
8.47	3.629922866821289e-05
8.48	3.5762786865234375e-05
8.49	3.540515899658203e-05
8.5	3.463029861450195e-05
8.51	3.4332275390625e-05
8.52	3.415346145629883e-05
8.53	3.36766242980957e-05
8.54	3.36766242980957e-05
8.55	3.236532211303711e-05
8.56	3.153085708618164e-05
8.57	3.135204315185547e-05
8.58	3.1113624572753906e-05
8.59	3.057718276977539e-05
8.6	3.0338764190673828e-05
8.61	2.9921531677246094e-05
8.62	2.9206275939941406e-05
8.63	2.8789043426513672e-05
8.64	2.849102020263672e-05
8.65	2.8371810913085938e-05
8.66	2.8371810913085938e-05
8.67	2.8252601623535156e-05
8.68	2.777576446533203e-05
8.69	2.7477741241455078e-05
8.7	2.7358531951904297e-05
8.71	2.7120113372802734e-05
8.72	2.7000904083251953e-05
8.73	2.6464462280273438e-05
8.74	2.586841583251953e-05
8.75	2.5510787963867188e-05
8.76	2.5451183319091797e-05
8.77	2.4259090423583984e-05
8.78	2.396106719970703e-05
8.79	2.384185791015625e-05
8.8	2.3424625396728516e-05
8.81	2.3126602172851562e-05
8.82	2.288818359375e-05
8.83	2.288818359375e-05
8.84	2.2649765014648438e-05
8.85	2.2292137145996094e-05
8.86	2.187490463256836e-05
8.87	2.1696090698242188e-05
8.88	2.1457672119140625e-05
8.89	2.1338462829589844e-05
8.9	2.1219253540039062e-05
8.91	2.086162567138672e-05
8.92	2.0682811737060547e-05
8.93	2.0205974578857422e-05
8.94	1.990795135498047e-05
8.95	1.9490718841552734e-05
8.96	1.9490718841552734e-05
8.97	1.9371509552001953e-05
8.98	1.9252300262451172e-05
8.99	1.901388168334961e-05
9.0	1.8835067749023438e-05
9.01	1.8477439880371094e-05
9.02	1.8477439880371094e-05
9.03	1.8298625946044922e-05
9.04	1.811981201171875e-05
9.05	1.7940998077392578e-05
9.06	1.7523765563964844e-05
9.07	1.7464160919189453e-05
9.08	1.615285873413086e-05
9.09	1.5735626220703125e-05
9.1	1.5676021575927734e-05
9.11	1.5556812286376953e-05
9.12	1.52587890625e-05
9.13	1.5139579772949219e-05
9.14	1.4841556549072266e-05
9.15	1.4543533325195312e-05
9.16	1.436471939086914e-05
9.17	1.430511474609375e-05
9.18	1.430511474609375e-05
9.19	1.430511474609375e-05
9.2	1.4007091522216797e-05
9.21	1.3530254364013672e-05
9.22	1.3470649719238281e-05
9.23	1.33514404296875e-05
9.24	1.3113021850585938e-05
9.25	1.3113021850585938e-05
9.26	1.2755393981933594e-05
9.27	1.2516975402832031e-05
9.28	1.2278556823730469e-05
9.29	1.2278556823730469e-05
9.3	1.1801719665527344e-05
9.31	1.1801719665527344e-05
9.32	1.1801719665527344e-05
9.33	1.1742115020751953e-05
9.34	1.1622905731201172e-05
9.35	1.1622905731201172e-05
9.36	1.1622905731201172e-05
9.37	1.1563301086425781e-05
9.38	1.1205673217773438e-05
9.39	1.0669231414794922e-05
9.4	1.055002212524414e-05
9.41	1.049041748046875e-05
9.42	1.043081283569336e-05
9.43	1.0311603546142578e-05
9.44	1.0192394256591797e-05
9.45	1.0132789611816406e-05
9.46	1.0073184967041016e-05
9.47	9.775161743164062e-06
9.48	9.655952453613281e-06
9.49	9.655952453613281e-06
9.5	9.59634780883789e-06
9.51	9.417533874511719e-06
9.52	9.298324584960938e-06
9.53	9.119510650634766e-06
9.54	8.940696716308594e-06
9.55	8.940696716308594e-06
9.56	8.881092071533203e-06
9.57	8.821487426757812e-06
9.58	8.761882781982422e-06
9.59	8.64267349243164e-06
9.6	8.52346420288086e-06
9.61	8.046627044677734e-06
9.62	7.808208465576172e-06
9.63	7.808208465576172e-06
9.64	7.808208465576172e-06
9.65	7.62939453125e-06
9.66	7.62939453125e-06
9.67	7.331371307373047e-06
9.68	7.271766662597656e-06
9.69	7.092952728271484e-06
9.7	7.092952728271484e-06
9.71	7.092952728271484e-06
9.72	7.092952728271484e-06
9.73	6.854534149169922e-06
9.74	6.377696990966797e-06
9.75	6.377696990966797e-06
9.76	6.258487701416016e-06
9.77	6.139278411865234e-06
9.78	6.139278411865234e-06
9.79	6.079673767089844e-06
9.8	5.9604644775390625e-06
9.81	5.900859832763672e-06
9.82	5.900859832763672e-06
9.83	5.841255187988281e-06
9.84	5.841255187988281e-06
9.85	5.841255187988281e-06
9.86	5.781650543212891e-06
9.87	5.662441253662109e-06
9.88	5.662441253662109e-06
9.89	5.602836608886719e-06
9.9	5.602836608886719e-06
9.91	5.4836273193359375e-06
9.92	5.245208740234375e-06
9.93	5.125999450683594e-06
9.94	5.125999450683594e-06
9.95	5.125999450683594e-06
9.96	5.066394805908203e-06
9.97	5.066394805908203e-06
9.98	5.066394805908203e-06
9.99	5.066394805908203e-06
10.0	4.827976226806641e-06
10.01	4.76837158203125e-06
10.02	4.76837158203125e-06
10.03	4.76837158203125e-06
10.04	4.589557647705078e-06
10.05	4.470348358154297e-06
10.06	4.351139068603516e-06
10.07	4.231929779052734e-06
10.08	4.231929779052734e-06
10.09	4.231929779052734e-06
10.1	4.231929779052734e-06
10.11	4.231929779052734e-06
10.12	4.231929779052734e-06
10.13	4.112720489501953e-06
10.14	3.874301910400391e-06
10.15	3.874301910400391e-06
10.16	3.874301910400391e-06
10.17	3.874301910400391e-06
10.18	3.6954879760742188e-06
10.19	3.635883331298828e-06
10.2	3.4570693969726562e-06
10.21	3.4570693969726562e-06
10.22	3.3974647521972656e-06
10.23	3.3974647521972656e-06
10.24	3.3974647521972656e-06
10.25	3.3974647521972656e-06
10.26	3.337860107421875e-06
10.27	2.9802322387695312e-06
10.28	2.9802322387695312e-06
10.29	2.9206275939941406e-06
10.3	2.9206275939941406e-06
10.31	2.9206275939941406e-06
10.32	2.86102294921875e-06
10.33	2.7418136596679688e-06
10.34	2.7418136596679688e-06
10.35	2.7418136596679688e-06
10.36	2.7418136596679688e-06
10.37	2.7418136596679688e-06
10.38	2.7418136596679688e-06
10.39	2.6226043701171875e-06
10.4	2.562999725341797e-06
10.41	2.562999725341797e-06
10.42	2.562999725341797e-06
10.43	2.4437904357910156e-06
10.44	2.4437904357910156e-06
10.45	2.4437904357910156e-06
10.46	2.384185791015625e-06
10.47	2.384185791015625e-06
10.48	2.384185791015625e-06
10.49	2.384185791015625e-06
10.5	2.384185791015625e-06
10.51	2.384185791015625e-06
10.52	2.3245811462402344e-06
10.53	2.2649765014648438e-06
10.54	2.2649765014648438e-06
10.55	2.2649765014648438e-06
10.56	2.2649765014648438e-06
10.57	2.205371856689453e-06
10.58	2.1457672119140625e-06
10.59	2.086162567138672e-06
10.6	2.086162567138672e-06
10.61	2.086162567138672e-06
10.62	2.086162567138672e-06
10.63	2.086162567138672e-06
10.64	2.086162567138672e-06
10.65	2.086162567138672e-06
10.66	1.9073486328125e-06
10.67	1.7285346984863281e-06
10.68	1.7285346984863281e-06
10.69	1.7285346984863281e-06
10.7	1.7285346984863281e-06
10.71	1.6689300537109375e-06
10.72	1.6689300537109375e-06
10.73	1.4901161193847656e-06
10.74	1.4901161193847656e-06
10.75	1.4901161193847656e-06
10.76	1.4901161193847656e-06
10.77	1.4901161193847656e-06
10.78	1.4901161193847656e-06
10.79	1.430511474609375e-06
10.8	1.3113021850585938e-06
10.81	1.3113021850585938e-06
10.82	1.3113021850585938e-06
10.83	1.3113021850585938e-06
10.84	1.3113021850585938e-06
10.85	1.1920928955078125e-06
10.86	1.1324882507324219e-06
10.87	1.1324882507324219e-06
10.88	1.1324882507324219e-06
10.89	1.1324882507324219e-06
10.9	1.1324882507324219e-06
10.91	1.1324882507324219e-06
10.92	1.0728836059570312e-06
10.93	1.0728836059570312e-06
10.94	1.0728836059570312e-06
10.95	1.0728836059570312e-06
10.96	1.0132789611816406e-06
10.97	1.0132789611816406e-06
10.98	1.0132789611816406e-06
10.99	1.0132789611816406e-06
11.0	1.0132789611816406e-06
11.01	1.0132789611816406e-06
11.02	1.0132789611816406e-06
11.03	1.0132789611816406e-06
11.04	1.0132789611816406e-06
11.05	8.940696716308594e-07
11.06	8.940696716308594e-07
11.07	8.940696716308594e-07
11.08	8.940696716308594e-07
11.09	8.940696716308594e-07
11.1	8.940696716308594e-07
11.11	8.940696716308594e-07
11.12	8.940696716308594e-07
11.13	8.940696716308594e-07
11.14	8.940696716308594e-07
11.15	8.940696716308594e-07
11.16	8.940696716308594e-07
11.17	8.940696716308594e-07
11.18	8.940696716308594e-07
11.19	7.152557373046875e-07
11.2	6.556510925292969e-07
11.21	6.556510925292969e-07
11.22	6.556510925292969e-07
11.23	6.556510925292969e-07
11.24	6.556510925292969e-07
11.25	6.556510925292969e-07
11.26	5.960464477539062e-07
11.27	5.960464477539062e-07
11.28	5.960464477539062e-07
11.29	5.960464477539062e-07
11.3	5.960464477539062e-07
11.31	5.960464477539062e-07
11.32	4.172325134277344e-07
11.33	4.172325134277344e-07
11.34	4.172325134277344e-07
11.35	4.172325134277344e-07
11.36	4.172325134277344e-07
11.37	4.172325134277344e-07
11.38	3.5762786865234375e-07
11.39	3.5762786865234375e-07
11.4	3.5762786865234375e-07
11.41	3.5762786865234375e-07
11.42	3.5762786865234375e-07
11.43	3.5762786865234375e-07
11.44	3.5762786865234375e-07
11.45	3.5762786865234375e-07
11.46	3.5762786865234375e-07
11.47	3.5762786865234375e-07
11.48	3.5762786865234375e-07
11.49	3.5762786865234375e-07
11.5	3.5762786865234375e-07
11.51	3.5762786865234375e-07
11.52	3.5762786865234375e-07
11.53	3.5762786865234375e-07
11.54	3.5762786865234375e-07
11.55	3.5762786865234375e-07
11.56	3.5762786865234375e-07
11.57	3.5762786865234375e-07
11.58	2.980232238769531e-07
11.59	2.980232238769531e-07
11.6	2.980232238769531e-07
11.61	2.980232238769531e-07
11.62	2.980232238769531e-07
11.63	2.980232238769531e-07
11.64	2.980232238769531e-07
11.65	2.980232238769531e-07
11.66	2.980232238769531e-07
11.67	2.980232238769531e-07
11.68	2.980232238769531e-07
11.69	2.980232238769531e-07
11.7	2.980232238769531e-07
11.71	2.980232238769531e-07
11.72	2.384185791015625e-07
11.73	2.384185791015625e-07
11.74	2.384185791015625e-07
11.75	2.384185791015625e-07
11.76	2.384185791015625e-07
11.77	2.384185791015625e-07
11.78	2.384185791015625e-07
11.79	2.384185791015625e-07
11.8	2.384185791015625e-07
11.81	2.384185791015625e-07
11.82	2.384185791015625e-07
11.83	2.384185791015625e-07
11.84	2.384185791015625e-07
11.85	5.960464477539063e-08
11.86	5.960464477539063e-08
11.87	5.960464477539063e-08
11.88	5.960464477539063e-08
11.89	5.960464477539063e-08
11.9	5.960464477539063e-08
11.91	5.960464477539063e-08
11.92	5.960464477539063e-08
11.93	5.960464477539063e-08
11.94	5.960464477539063e-08
11.95	5.960464477539063e-08
11.96	5.960464477539063e-08
11.97	5.960464477539063e-08
11.98	5.960464477539063e-08
11.99	5.960464477539063e-08
12.0	5.960464477539063e-08
12.01	5.960464477539063e-08
12.02	5.960464477539063e-08
12.03	5.960464477539063e-08
12.04	5.960464477539063e-08
12.05	5.960464477539063e-08
12.06	5.960464477539063e-08
12.07	5.960464477539063e-08
12.08	5.960464477539063e-08
12.09	5.960464477539063e-08
12.1	5.960464477539063e-08
12.11	5.960464477539063e-08
12.12	5.960464477539063e-08
12.13	5.960464477539063e-08
12.14	5.960464477539063e-08
12.15	5.960464477539063e-08
12.16	5.960464477539063e-08
12.17	5.960464477539063e-08
12.18	5.960464477539063e-08
12.19	5.960464477539063e-08
12.2	5.960464477539063e-08
12.21	5.960464477539063e-08
12.22	5.960464477539063e-08
12.23	5.960464477539063e-08
12.24	5.960464477539063e-08
12.25	5.960464477539063e-08
12.26	5.960464477539063e-08
12.27	5.960464477539063e-08
12.28	5.960464477539063e-08
12.29	5.960464477539063e-08
12.3	5.960464477539063e-08
12.31	5.960464477539063e-08
12.32	5.960464477539063e-08
12.33	5.960464477539063e-08
12.34	5.960464477539063e-08
12.35	5.960464477539063e-08
12.36	5.960464477539063e-08
12.37	5.960464477539063e-08
12.38	0.0
