6.21	0.0005035400390625
6.22	0.00049591064453125
6.23	0.00048065185546875
6.24	0.0004730224609375
6.25	0.0004730224609375
6.26	0.00046539306640625
6.27	0.000461578369140625
6.28	0.000457763671875
6.29	0.000453948974609375
6.3	0.000446319580078125
6.31	0.0004425048828125
6.32	0.00043487548828125
6.33	0.000431060791015625
6.34	0.00042724609375
6.35	0.000423431396484375
6.36	0.00041961669921875
6.37	0.000415802001953125
6.38	0.000415802001953125
6.39	0.000408172607421875
6.4	0.000396728515625
6.41	0.000392913818359375
6.42	0.000385284423828125
6.43	0.0003814697265625
6.44	0.000377655029296875
6.45	0.00037384033203125
6.46	0.00037384033203125
6.47	0.0003662109375
6.48	0.0003509521484375
6.49	0.0003509521484375
6.5	0.0003509521484375
6.51	0.000335693359375
6.52	0.000331878662109375
6.53	0.00032806396484375
6.54	0.000324249267578125
6.55	0.0003204345703125
6.56	0.000316619873046875
6.57	0.00031280517578125
6.58	0.000308990478515625
6.59	0.000301361083984375
6.6	0.00029754638671875
6.61	0.00029754638671875
6.62	0.00029754638671875
6.63	0.00029754638671875
6.64	0.00028228759765625
6.65	0.00028228759765625
6.66	0.00028228759765625
6.67	0.000270843505859375
6.68	0.000270843505859375
6.69	0.000270843505859375
6.7	0.000270843505859375
6.71	0.00026702880859375
6.72	0.000263214111328125
6.73	0.0002593994140625
6.74	0.000255584716796875
6.75	0.000247955322265625
6.76	0.000244140625
6.77	0.000240325927734375
6.78	0.000240325927734375
6.79	0.000240325927734375
6.8	0.00023651123046875
6.81	0.00023651123046875
6.82	0.00023651123046875
6.83	0.00022125244140625
6.84	0.000217437744140625
6.85	0.000209808349609375
6.86	0.000209808349609375
6.87	0.000209808349609375
6.88	0.00020599365234375
6.89	0.0001983642578125
6.9	0.000194549560546875
6.91	0.00019073486328125
6.92	0.000186920166015625
6.93	0.00018310546875
6.94	0.00018310546875
6.95	0.00018310546875
6.96	0.00017547607421875
6.97	0.00017547607421875
6.98	0.00017547607421875
6.99	0.0001678466796875
7.0	0.000164031982421875
7.01	0.000164031982421875
7.02	0.000164031982421875
7.03	0.000164031982421875
7.04	0.000164031982421875
7.05	0.000164031982421875
7.06	0.000164031982421875
7.07	0.000156402587890625
7.08	0.000156402587890625
7.09	0.000148773193359375
7.1	0.000148773193359375
7.11	0.000148773193359375
7.12	0.00014495849609375
7.13	0.000141143798828125
7.14	0.000141143798828125
7.15	0.0001373291015625
7.16	0.0001373291015625
7.17	0.00012969970703125
7.18	0.000125885009765625
7.19	0.000125885009765625
7.2	0.000125885009765625
7.21	0.0001220703125
7.22	0.0001220703125
7.23	0.000118255615234375
7.24	0.000118255615234375
7.25	0.000110626220703125
7.26	0.000110626220703125
7.27	0.000110626220703125
7.28	0.000110626220703125
7.29	0.000110626220703125
7.3	0.000110626220703125
7.31	0.000110626220703125
7.32	0.000110626220703125
7.33	0.000102996826171875
7.34	0.000102996826171875
7.35	0.000102996826171875
7.36	9.918212890625e-05
7.37	9.5367431640625e-05
7.38	9.5367431640625e-05
7.39	9.5367431640625e-05
7.4	9.1552734375e-05
7.41	9.1552734375e-05
7.42	8.7738037109375e-05
7.43	8.7738037109375e-05
7.44	8.392333984375e-05
7.45	8.392333984375e-05
7.46	8.392333984375e-05
7.47	8.392333984375e-05
7.48	8.392333984375e-05
7.49	7.62939453125e-05
7.5	7.2479248046875e-05
7.51	7.2479248046875e-05
7.52	7.2479248046875e-05
7.53	7.2479248046875e-05
7.54	7.2479248046875e-05
7.55	6.866455078125e-05
7.56	6.866455078125e-05
7.57	6.4849853515625e-05
7.58	6.103515625e-05
7.59	6.103515625e-05
7.6	6.103515625e-05
7.61	5.7220458984375e-05
7.62	5.7220458984375e-05
7.63	5.7220458984375e-05
7.64	5.7220458984375e-05
7.65	5.340576171875e-05
7.66	5.340576171875e-05
7.67	5.340576171875e-05
7.68	4.9591064453125e-05
7.69	4.9591064453125e-05
7.7	4.9591064453125e-05
7.71	4.9591064453125e-05
7.72	4.9591064453125e-05
7.73	4.9591064453125e-05
7.74	4.57763671875e-05
7.75	4.57763671875e-05
7.76	4.57763671875e-05
7.77	4.57763671875e-05
7.78	4.57763671875e-05
7.79	4.57763671875e-05
7.8	3.814697265625e-05
7.81	3.4332275390625e-05
7.82	3.4332275390625e-05
7.83	3.4332275390625e-05
7.84	3.4332275390625e-05
7.85	3.4332275390625e-05
7.86	3.4332275390625e-05
7.87	3.0517578125e-05
7.88	3.0517578125e-05
7.89	3.0517578125e-05
7.9	3.0517578125e-05
7.91	3.0517578125e-05
7.92	3.0517578125e-05
7.93	3.0517578125e-05
7.94	3.0517578125e-05
7.95	3.0517578125e-05
7.96	3.0517578125e-05
7.97	3.0517578125e-05
7.98	3.0517578125e-05
7.99	3.0517578125e-05
8.0	3.0517578125e-05
8.01	3.0517578125e-05
8.02	3.0517578125e-05
8.03	3.0517578125e-05
8.04	2.6702880859375e-05
8.05	2.6702880859375e-05
8.06	2.6702880859375e-05
8.07	2.6702880859375e-05
8.08	2.6702880859375e-05
8.09	2.6702880859375e-05
8.1	2.6702880859375e-05
8.11	2.6702880859375e-05
8.12	2.288818359375e-05
8.13	2.288818359375e-05
8.14	2.288818359375e-05
8.15	2.288818359375e-05
8.16	2.288818359375e-05
8.17	2.288818359375e-05
8.18	2.288818359375e-05
8.19	2.288818359375e-05
8.2	2.288818359375e-05
8.21	2.288818359375e-05
8.22	1.9073486328125e-05
8.23	1.9073486328125e-05
8.24	1.9073486328125e-05
8.25	1.9073486328125e-05
8.26	1.9073486328125e-05
8.27	1.9073486328125e-05
8.28	1.9073486328125e-05
8.29	1.9073486328125e-05
8.3	1.9073486328125e-05
8.31	1.9073486328125e-05
8.32	1.9073486328125e-05
8.33	1.9073486328125e-05
8.34	1.9073486328125e-05
8.35	1.9073486328125e-05
8.36	1.9073486328125e-05
8.37	1.9073486328125e-05
8.38	1.9073486328125e-05
8.39	1.9073486328125e-05
8.4	1.9073486328125e-05
8.41	1.9073486328125e-05
8.42	1.9073486328125e-05
8.43	1.9073486328125e-05
8.44	1.9073486328125e-05
8.45	1.9073486328125e-05
8.46	1.1444091796875e-05
8.47	1.1444091796875e-05
8.48	1.1444091796875e-05
8.49	1.1444091796875e-05
8.5	1.1444091796875e-05
8.51	1.1444091796875e-05
8.52	1.1444091796875e-05
8.53	1.1444091796875e-05
8.54	7.62939453125e-06
8.55	7.62939453125e-06
8.56	7.62939453125e-06
8.57	7.62939453125e-06
8.58	7.62939453125e-06
8.59	7.62939453125e-06
8.6	7.62939453125e-06
8.61	7.62939453125e-06
8.62	7.62939453125e-06
8.63	7.62939453125e-06
8.64	7.62939453125e-06
8.65	7.62939453125e-06
8.66	7.62939453125e-06
8.67	7.62939453125e-06
8.68	7.62939453125e-06
8.69	7.62939453125e-06
8.7	7.62939453125e-06
8.71	3.814697265625e-06
8.72	3.814697265625e-06
8.73	3.814697265625e-06
8.74	3.814697265625e-06
8.75	3.814697265625e-06
8.76	3.814697265625e-06
8.77	3.814697265625e-06
8.78	0.0
