6.6	0.0005015134811401367
6.61	0.0004963278770446777
6.62	0.000492393970489502
6.63	0.0004889369010925293
6.64	0.0004855990409851074
6.65	0.0004811882972717285
6.66	0.00047719478607177734
6.67	0.00047320127487182617
6.68	0.0004692673683166504
6.69	0.00046509504318237305
6.7	0.0004610419273376465
6.71	0.00045609474182128906
6.72	0.00045365095138549805
6.73	0.0004494190216064453
6.74	0.0004451870918273926
6.75	0.00044167041778564453
6.76	0.0004381537437438965
6.77	0.0004343390464782715
6.78	0.0004304051399230957
6.79	0.0004265904426574707
6.8	0.00042366981506347656
6.81	0.00042003393173217773
6.82	0.0004162788391113281
6.83	0.00041288137435913086
6.84	0.0004096031188964844
6.85	0.0004062056541442871
6.86	0.00040268898010253906
6.87	0.00039958953857421875
6.88	0.0003960728645324707
6.89	0.00039267539978027344
6.9	0.0003897547721862793
6.91	0.0003864765167236328
6.92	0.00038361549377441406
6.93	0.00037980079650878906
6.94	0.00037610530853271484
6.95	0.0003725886344909668
6.96	0.00036978721618652344
6.97	0.0003669261932373047
6.98	0.0003628730773925781
6.99	0.00035959482192993164
7.0	0.00035691261291503906
7.01	0.0003542900085449219
7.02	0.00035077333450317383
7.03	0.00034749507904052734
7.04	0.0003439188003540039
7.05	0.00034177303314208984
7.06	0.0003389120101928711
7.07	0.0003361701965332031
7.08	0.0003337264060974121
7.09	0.0003313422203063965
7.1	0.00032806396484375
7.11	0.0003255009651184082
7.12	0.0003217458724975586
7.13	0.00031882524490356445
7.14	0.0003160834312438965
7.15	0.00031310319900512695
7.16	0.00030994415283203125
7.17	0.00030750036239624023
7.18	0.00030541419982910156
7.19	0.00030291080474853516
7.2	0.0003000497817993164
7.21	0.0002970695495605469
7.22	0.00029462575912475586
7.23	0.00029206275939941406
7.24	0.0002893805503845215
7.25	0.00028645992279052734
7.26	0.00028383731842041016
7.27	0.0002816319465637207
7.28	0.00028008222579956055
7.29	0.0002778172492980957
7.3	0.0002752542495727539
7.31	0.0002726912498474121
7.32	0.00027042627334594727
7.33	0.0002682805061340332
7.34	0.0002657771110534668
7.35	0.0002630949020385742
7.36	0.000260770320892334
7.37	0.00025850534439086914
7.38	0.00025600194931030273
7.39	0.0002537369728088379
7.4	0.00025093555450439453
7.41	0.0002485513687133789
7.42	0.00024622678756713867
7.43	0.00024455785751342773
7.44	0.0002429485321044922
7.45	0.00024068355560302734
7.46	0.00023800134658813477
7.47	0.00023603439331054688
7.48	0.00023382902145385742
7.49	0.0002315044403076172
7.5	0.00022929906845092773
7.51	0.00022745132446289062
7.52	0.00022560358047485352
7.53	0.0002238750457763672
7.54	0.00022137165069580078
7.55	0.0002194046974182129
7.56	0.0002174973487854004
7.57	0.00021511316299438477
7.58	0.00021320581436157227
7.59	0.0002110004425048828
7.6	0.0002092123031616211
7.61	0.00020778179168701172
7.62	0.00020563602447509766
7.63	0.00020390748977661133
7.64	0.00020229816436767578
7.65	0.0002009272575378418
7.66	0.0001989603042602539
7.67	0.00019657611846923828
7.68	0.00019437074661254883
7.69	0.00019299983978271484
7.7	0.0001914501190185547
7.71	0.0001894235610961914
7.72	0.00018787384033203125
7.73	0.00018662214279174805
7.74	0.0001850128173828125
7.75	0.0001831650733947754
7.76	0.00018137693405151367
7.77	0.00017917156219482422
7.78	0.00017791986465454102
7.79	0.00017583370208740234
7.8	0.0001742839813232422
7.81	0.0001728534698486328
7.82	0.00017064809799194336
7.83	0.00016963481903076172
7.84	0.00016820430755615234
7.85	0.00016635656356811523
7.86	0.0001653432846069336
7.87	0.00016385316848754883
7.88	0.00016260147094726562
7.89	0.00016105175018310547
7.9	0.00015926361083984375
7.91	0.00015801191329956055
7.92	0.00015622377395629883
7.93	0.00015467405319213867
7.94	0.00015312433242797852
7.95	0.00015169382095336914
7.96	0.00014978647232055664
7.97	0.000148773193359375
7.98	0.00014740228652954102
7.99	0.00014603137969970703
8.0	0.00014442205429077148
8.01	0.00014317035675048828
8.02	0.00014162063598632812
8.03	0.00014036893844604492
8.04	0.00013893842697143555
8.05	0.00013762712478637695
8.06	0.00013619661331176758
8.07	0.00013554096221923828
8.08	0.0001347661018371582
8.09	0.00013339519500732422
8.1	0.00013202428817749023
8.11	0.00013083219528198242
8.12	0.00012952089309692383
8.13	0.00012826919555664062
8.14	0.00012695789337158203
8.15	0.00012558698654174805
8.16	0.00012445449829101562
8.17	0.0001233816146850586
8.18	0.00012189149856567383
8.19	0.00012046098709106445
8.2	0.00011920928955078125
8.21	0.00011789798736572266
8.22	0.00011646747589111328
8.23	0.00011539459228515625
8.24	0.00011432170867919922
8.25	0.00011348724365234375
8.26	0.00011223554611206055
8.27	0.00011086463928222656
8.28	0.0001100301742553711
8.29	0.00010913610458374023
8.3	0.00010818243026733398
8.31	0.00010693073272705078
8.32	0.00010567903518676758
8.33	0.00010496377944946289
8.34	0.00010395050048828125
8.35	0.00010257959365844727
8.36	0.00010162591934204102
8.37	0.00010007619857788086
8.38	9.936094284057617e-05
8.39	9.846687316894531e-05
8.4	9.745359420776367e-05
8.41	9.66787338256836e-05
8.42	9.566545486450195e-05
8.43	9.47117805480957e-05
8.44	9.375810623168945e-05
8.45	9.262561798095703e-05
8.46	9.161233901977539e-05
8.47	9.077787399291992e-05
8.48	8.976459503173828e-05
8.49	8.916854858398438e-05
8.5	8.845329284667969e-05
8.51	8.761882781982422e-05
8.52	8.672475814819336e-05
8.53	8.594989776611328e-05
8.54	8.487701416015625e-05
8.55	8.380413055419922e-05
8.56	8.291006088256836e-05
8.57	8.207559585571289e-05
8.58	8.112192153930664e-05
8.59	8.040666580200195e-05
8.6	7.94529914855957e-05
8.61	7.849931716918945e-05
8.62	7.790327072143555e-05
8.63	7.706880569458008e-05
8.64	7.62939453125e-05
8.65	7.510185241699219e-05
8.66	7.456541061401367e-05
8.67	7.385015487670898e-05
8.68	7.289648056030273e-05
8.69	7.241964340209961e-05
8.7	7.170438766479492e-05
8.71	7.075071334838867e-05
8.72	7.027387619018555e-05
8.73	6.902217864990234e-05
8.74	6.783008575439453e-05
8.75	6.711483001708984e-05
8.76	6.657838821411133e-05
8.77	6.562471389770508e-05
8.78	6.502866744995117e-05
8.79	6.431341171264648e-05
8.8	6.383657455444336e-05
8.81	6.29425048828125e-05
8.82	6.222724914550781e-05
8.83	6.157159805297852e-05
8.84	6.115436553955078e-05
8.85	6.026029586791992e-05
8.86	6.008148193359375e-05
8.87	5.9604644775390625e-05
8.88	5.882978439331055e-05
8.89	5.841255187988281e-05
8.9	5.78761100769043e-05
8.91	5.692243576049805e-05
8.92	5.626678466796875e-05
8.93	5.561113357543945e-05
8.94	5.53131103515625e-05
8.95	5.435943603515625e-05
8.96	5.370378494262695e-05
8.97	5.328655242919922e-05
8.98	5.263090133666992e-05
8.99	5.2034854888916016e-05
9.0	5.1140785217285156e-05
9.01	5.060434341430664e-05
9.02	4.9948692321777344e-05
9.03	4.965066909790039e-05
9.04	4.9114227294921875e-05
9.05	4.869699478149414e-05
9.06	4.8100948333740234e-05
9.07	4.756450653076172e-05
9.08	4.7147274017333984e-05
9.09	4.667043685913086e-05
9.1	4.607439041137695e-05
9.11	4.571676254272461e-05
9.12	4.5359134674072266e-05
9.13	4.500150680541992e-05
9.14	4.476308822631836e-05
9.15	4.380941390991211e-05
9.16	4.3392181396484375e-05
9.17	4.267692565917969e-05
9.18	4.208087921142578e-05
9.19	4.1425228118896484e-05
9.2	4.100799560546875e-05
9.21	4.0411949157714844e-05
9.22	4.023313522338867e-05
9.23	3.981590270996094e-05
9.24	3.9517879486083984e-05
9.25	3.904104232788086e-05
9.26	3.8564205169677734e-05
9.27	3.814697265625e-05
9.28	3.7670135498046875e-05
9.29	3.713369369506836e-05
9.3	3.6776065826416016e-05
9.31	3.641843795776367e-05
9.32	3.612041473388672e-05
9.33	3.5703182220458984e-05
9.34	3.546476364135742e-05
9.35	3.504753112792969e-05
9.36	3.4809112548828125e-05
9.37	3.421306610107422e-05
9.38	3.36766242980957e-05
9.39	3.337860107421875e-05
9.4	3.30805778503418e-05
9.41	3.2782554626464844e-05
9.42	3.230571746826172e-05
9.43	3.1828880310058594e-05
9.44	3.165006637573242e-05
9.45	3.141164779663086e-05
9.46	3.075599670410156e-05
9.47	3.0517578125e-05
9.48	3.0159950256347656e-05
9.49	2.9921531677246094e-05
9.5	2.968311309814453e-05
9.51	2.9087066650390625e-05
9.52	2.8789043426513672e-05
9.53	2.8431415557861328e-05
9.54	2.8133392333984375e-05
9.55	2.7954578399658203e-05
9.56	2.7418136596679688e-05
9.57	2.7060508728027344e-05
9.58	2.6881694793701172e-05
9.59	2.664327621459961e-05
9.6	2.6166439056396484e-05
9.61	2.580881118774414e-05
9.62	2.562999725341797e-05
9.63	2.5331974029541016e-05
9.64	2.5153160095214844e-05
9.65	2.4974346160888672e-05
9.66	2.485513687133789e-05
9.67	2.4557113647460938e-05
9.68	2.4378299713134766e-05
9.69	2.4139881134033203e-05
9.7	2.384185791015625e-05
9.71	2.3186206817626953e-05
9.72	2.3126602172851562e-05
9.73	2.282857894897461e-05
9.74	2.2470951080322266e-05
9.75	2.2232532501220703e-05
9.76	2.205371856689453e-05
9.77	2.181529998779297e-05
9.78	2.1576881408691406e-05
9.79	2.1219253540039062e-05
9.8	2.092123031616211e-05
9.81	2.0623207092285156e-05
9.82	2.0503997802734375e-05
9.83	2.014636993408203e-05
9.84	1.990795135498047e-05
9.85	1.9550323486328125e-05
9.86	1.9550323486328125e-05
9.87	1.9371509552001953e-05
9.88	1.913309097290039e-05
9.89	1.895427703857422e-05
9.9	1.8835067749023438e-05
9.91	1.8715858459472656e-05
9.92	1.8656253814697266e-05
9.93	1.817941665649414e-05
9.94	1.7881393432617188e-05
9.95	1.7642974853515625e-05
9.96	1.7464160919189453e-05
9.97	1.7344951629638672e-05
9.98	1.6808509826660156e-05
9.99	1.6629695892333984e-05
10.0	1.6391277313232422e-05
10.01	1.627206802368164e-05
10.02	1.609325408935547e-05
10.03	1.5914440155029297e-05
10.04	1.5676021575927734e-05
10.05	1.5556812286376953e-05
10.06	1.537799835205078e-05
10.07	1.531839370727539e-05
10.08	1.519918441772461e-05
10.09	1.5079975128173828e-05
10.1	1.4841556549072266e-05
10.11	1.4722347259521484e-05
10.12	1.4603137969970703e-05
10.13	1.4483928680419922e-05
10.14	1.4424324035644531e-05
10.15	1.424551010131836e-05
10.16	1.3947486877441406e-05
10.17	1.3947486877441406e-05
10.18	1.3828277587890625e-05
10.19	1.3709068298339844e-05
10.2	1.3530254364013672e-05
10.21	1.329183578491211e-05
10.22	1.3172626495361328e-05
10.23	1.2874603271484375e-05
10.24	1.2755393981933594e-05
10.25	1.2516975402832031e-05
10.26	1.2218952178955078e-05
10.27	1.2159347534179688e-05
10.28	1.2099742889404297e-05
10.29	1.1920928955078125e-05
10.3	1.1861324310302734e-05
10.31	1.1622905731201172e-05
10.32	1.150369644165039e-05
10.33	1.1324882507324219e-05
10.34	1.1146068572998047e-05
10.35	1.0907649993896484e-05
10.36	1.0728836059570312e-05
10.37	1.0609626770019531e-05
10.38	1.0609626770019531e-05
10.39	1.049041748046875e-05
10.4	1.0192394256591797e-05
10.41	1.0073184967041016e-05
10.42	1.0013580322265625e-05
10.43	9.953975677490234e-06
10.44	9.715557098388672e-06
10.45	9.655952453613281e-06
10.46	9.59634780883789e-06
10.47	9.47713851928711e-06
10.48	9.357929229736328e-06
10.49	9.238719940185547e-06
10.5	9.119510650634766e-06
10.51	9.059906005859375e-06
10.52	8.821487426757812e-06
10.53	8.761882781982422e-06
10.54	8.64267349243164e-06
10.55	8.58306884765625e-06
10.56	8.463859558105469e-06
10.57	8.344650268554688e-06
10.58	8.225440979003906e-06
10.59	8.165836334228516e-06
10.6	8.165836334228516e-06
10.61	7.987022399902344e-06
10.62	7.867813110351562e-06
10.63	7.867813110351562e-06
10.64	7.808208465576172e-06
10.65	7.68899917602539e-06
10.66	7.62939453125e-06
10.67	7.569789886474609e-06
10.68	7.3909759521484375e-06
10.69	7.3909759521484375e-06
10.7	7.331371307373047e-06
10.71	7.152557373046875e-06
10.72	7.152557373046875e-06
10.73	7.092952728271484e-06
10.74	6.973743438720703e-06
10.75	6.9141387939453125e-06
10.76	6.735324859619141e-06
10.77	6.556510925292969e-06
10.78	6.4373016357421875e-06
10.79	6.258487701416016e-06
10.8	6.198883056640625e-06
10.81	6.020069122314453e-06
10.82	5.9604644775390625e-06
10.83	5.9604644775390625e-06
10.84	5.900859832763672e-06
10.85	5.900859832763672e-06
10.86	5.781650543212891e-06
10.87	5.7220458984375e-06
10.88	5.7220458984375e-06
10.89	5.543231964111328e-06
10.9	5.4836273193359375e-06
10.91	5.424022674560547e-06
10.92	5.424022674560547e-06
10.93	5.424022674560547e-06
10.94	5.364418029785156e-06
10.95	5.364418029785156e-06
10.96	5.185604095458984e-06
10.97	5.185604095458984e-06
10.98	5.066394805908203e-06
10.99	5.0067901611328125e-06
11.0	4.887580871582031e-06
11.01	4.887580871582031e-06
11.02	4.827976226806641e-06
11.03	4.827976226806641e-06
11.04	4.649162292480469e-06
11.05	4.589557647705078e-06
11.06	4.5299530029296875e-06
11.07	4.470348358154297e-06
11.08	4.470348358154297e-06
11.09	4.470348358154297e-06
11.1	4.410743713378906e-06
11.11	4.410743713378906e-06
11.12	4.291534423828125e-06
11.13	4.231929779052734e-06
11.14	4.172325134277344e-06
11.15	4.112720489501953e-06
11.16	4.0531158447265625e-06
11.17	3.993511199951172e-06
11.18	3.874301910400391e-06
11.19	3.874301910400391e-06
11.2	3.874301910400391e-06
11.21	3.7550926208496094e-06
11.22	3.6954879760742188e-06
11.23	3.635883331298828e-06
11.24	3.5762786865234375e-06
11.25	3.516674041748047e-06
11.26	3.3974647521972656e-06
11.27	3.3974647521972656e-06
11.28	3.3974647521972656e-06
11.29	3.337860107421875e-06
11.3	3.337860107421875e-06
11.31	3.2782554626464844e-06
11.32	3.159046173095703e-06
11.33	3.0994415283203125e-06
11.34	3.0994415283203125e-06
11.35	2.9802322387695312e-06
11.36	2.9802322387695312e-06
11.37	2.9206275939941406e-06
11.38	2.9206275939941406e-06
11.39	2.86102294921875e-06
11.4	2.86102294921875e-06
11.41	2.86102294921875e-06
11.42	2.86102294921875e-06
11.43	2.8014183044433594e-06
11.44	2.7418136596679688e-06
11.45	2.7418136596679688e-06
11.46	2.682209014892578e-06
11.47	2.682209014892578e-06
11.48	2.682209014892578e-06
11.49	2.682209014892578e-06
11.5	2.6226043701171875e-06
11.51	2.562999725341797e-06
11.52	2.562999725341797e-06
11.53	2.5033950805664062e-06
11.54	2.384185791015625e-06
11.55	2.384185791015625e-06
11.56	2.3245811462402344e-06
11.57	2.3245811462402344e-06
11.58	2.2649765014648438e-06
11.59	2.205371856689453e-06
11.6	2.1457672119140625e-06
11.61	2.086162567138672e-06
11.62	2.086162567138672e-06
11.63	2.086162567138672e-06
11.64	2.0265579223632812e-06
11.65	2.0265579223632812e-06
11.66	2.0265579223632812e-06
11.67	1.9669532775878906e-06
11.68	1.9073486328125e-06
11.69	1.9073486328125e-06
11.7	1.9073486328125e-06
11.71	1.9073486328125e-06
11.72	1.9073486328125e-06
11.73	1.8477439880371094e-06
11.74	1.7881393432617188e-06
11.75	1.7881393432617188e-06
11.76	1.7285346984863281e-06
11.77	1.6093254089355469e-06
11.78	1.6093254089355469e-06
11.79	1.6093254089355469e-06
11.8	1.5497207641601562e-06
11.81	1.5497207641601562e-06
11.82	1.5497207641601562e-06
11.83	1.5497207641601562e-06
11.84	1.4901161193847656e-06
11.85	1.430511474609375e-06
11.86	1.430511474609375e-06
11.87	1.3709068298339844e-06
11.88	1.3709068298339844e-06
11.89	1.3709068298339844e-06
11.9	1.3113021850585938e-06
11.91	1.3113021850585938e-06
11.92	1.2516975402832031e-06
11.93	1.2516975402832031e-06
11.94	1.2516975402832031e-06
11.95	1.1920928955078125e-06
11.96	1.1920928955078125e-06
11.97	1.1920928955078125e-06
11.98	1.1920928955078125e-06
11.99	1.1920928955078125e-06
12.0	1.1324882507324219e-06
12.01	1.0728836059570312e-06
12.02	1.0132789611816406e-06
12.03	1.0132789611816406e-06
12.04	9.5367431640625e-07
12.05	9.5367431640625e-07
12.06	9.5367431640625e-07
12.07	9.5367431640625e-07
12.08	9.5367431640625e-07
12.09	9.5367431640625e-07
12.1	8.940696716308594e-07
12.11	8.940696716308594e-07
12.12	8.940696716308594e-07
12.13	8.940696716308594e-07
12.14	8.940696716308594e-07
12.15	8.344650268554688e-07
12.16	8.344650268554688e-07
12.17	8.344650268554688e-07
12.18	8.344650268554688e-07
12.19	7.748603820800781e-07
12.2	7.748603820800781e-07
12.21	7.748603820800781e-07
12.22	7.152557373046875e-07
12.23	7.152557373046875e-07
12.24	7.152557373046875e-07
12.25	7.152557373046875e-07
12.26	7.152557373046875e-07
12.27	7.152557373046875e-07
12.28	7.152557373046875e-07
12.29	5.960464477539062e-07
12.3	5.960464477539062e-07
12.31	5.960464477539062e-07
12.32	5.364418029785156e-07
12.33	5.364418029785156e-07
12.34	5.364418029785156e-07
12.35	5.364418029785156e-07
12.36	5.364418029785156e-07
12.37	4.76837158203125e-07
12.38	4.76837158203125e-07
12.39	4.172325134277344e-07
12.4	4.172325134277344e-07
12.41	4.172325134277344e-07
12.42	4.172325134277344e-07
12.43	4.172325134277344e-07
12.44	4.172325134277344e-07
12.45	4.172325134277344e-07
12.46	3.5762786865234375e-07
12.47	3.5762786865234375e-07
12.48	3.5762786865234375e-07
12.49	3.5762786865234375e-07
12.5	3.5762786865234375e-07
12.51	3.5762786865234375e-07
12.52	3.5762786865234375e-07
12.53	3.5762786865234375e-07
12.54	3.5762786865234375e-07
12.55	3.5762786865234375e-07
12.56	3.5762786865234375e-07
12.57	2.980232238769531e-07
12.58	2.980232238769531e-07
12.59	2.980232238769531e-07
12.6	2.980232238769531e-07
12.61	2.980232238769531e-07
12.62	2.980232238769531e-07
12.63	2.980232238769531e-07
12.64	2.980232238769531e-07
12.65	2.980232238769531e-07
12.66	2.980232238769531e-07
12.67	2.980232238769531e-07
12.68	2.980232238769531e-07
12.69	2.980232238769531e-07
12.7	2.980232238769531e-07
12.71	2.980232238769531e-07
12.72	2.980232238769531e-07
12.73	2.980232238769531e-07
12.74	2.980232238769531e-07
12.75	2.980232238769531e-07
12.76	2.980232238769531e-07
12.77	2.980232238769531e-07
12.78	2.980232238769531e-07
12.79	2.384185791015625e-07
12.8	2.384185791015625e-07
12.81	2.384185791015625e-07
12.82	2.384185791015625e-07
12.83	1.7881393432617188e-07
12.84	1.7881393432617188e-07
12.85	1.7881393432617188e-07
12.86	1.7881393432617188e-07
12.87	1.7881393432617188e-07
12.88	1.7881393432617188e-07
12.89	1.7881393432617188e-07
12.9	1.7881393432617188e-07
12.91	1.7881393432617188e-07
12.92	1.7881393432617188e-07
12.93	1.1920928955078125e-07
12.94	1.1920928955078125e-07
12.95	1.1920928955078125e-07
12.96	1.1920928955078125e-07
12.97	1.1920928955078125e-07
12.98	1.1920928955078125e-07
12.99	1.1920928955078125e-07
13.0	1.1920928955078125e-07
13.01	1.1920928955078125e-07
13.02	1.1920928955078125e-07
13.03	1.1920928955078125e-07
13.04	1.1920928955078125e-07
13.05	1.1920928955078125e-07
13.06	1.1920928955078125e-07
13.07	1.1920928955078125e-07
13.08	1.1920928955078125e-07
13.09	1.1920928955078125e-07
13.1	1.1920928955078125e-07
13.11	1.1920928955078125e-07
13.12	1.1920928955078125e-07
13.13	1.1920928955078125e-07
13.14	1.1920928955078125e-07
13.15	1.1920928955078125e-07
13.16	1.1920928955078125e-07
13.17	1.1920928955078125e-07
13.18	1.1920928955078125e-07
13.19	1.1920928955078125e-07
13.2	1.1920928955078125e-07
13.21	1.1920928955078125e-07
13.22	1.1920928955078125e-07
13.23	1.1920928955078125e-07
13.24	1.1920928955078125e-07
13.25	5.960464477539063e-08
13.26	5.960464477539063e-08
13.27	5.960464477539063e-08
13.28	5.960464477539063e-08
13.29	5.960464477539063e-08
13.3	5.960464477539063e-08
13.31	5.960464477539063e-08
13.32	5.960464477539063e-08
13.33	5.960464477539063e-08
13.34	5.960464477539063e-08
13.35	0.0
