5.19	0.0005035400390625
5.2	0.000499725341796875
5.21	0.000499725341796875
5.22	0.000453948974609375
5.23	0.000453948974609375
5.24	0.00045013427734375
5.25	0.00045013427734375
5.26	0.000446319580078125
5.27	0.0004425048828125
5.28	0.00043487548828125
5.29	0.00043487548828125
5.3	0.000423431396484375
5.31	0.00041961669921875
5.32	0.00041961669921875
5.33	0.000415802001953125
5.34	0.000415802001953125
5.35	0.0004119873046875
5.36	0.000408172607421875
5.37	0.00040435791015625
5.38	0.00038909912109375
5.39	0.00038909912109375
5.4	0.00038909912109375
5.41	0.000385284423828125
5.42	0.000377655029296875
5.43	0.000377655029296875
5.44	0.000377655029296875
5.45	0.00037384033203125
5.46	0.00037384033203125
5.47	0.000370025634765625
5.48	0.000370025634765625
5.49	0.000370025634765625
5.5	0.000370025634765625
5.51	0.000370025634765625
5.52	0.000370025634765625
5.53	0.000362396240234375
5.54	0.000354766845703125
5.55	0.000347137451171875
5.56	0.000339508056640625
5.57	0.000324249267578125
5.58	0.000324249267578125
5.59	0.00031280517578125
5.6	0.00031280517578125
5.61	0.000308990478515625
5.62	0.000301361083984375
5.63	0.00029754638671875
5.64	0.00029754638671875
5.65	0.00029754638671875
5.66	0.0002899169921875
5.67	0.0002899169921875
5.68	0.0002899169921875
5.69	0.0002899169921875
5.7	0.000286102294921875
5.71	0.000286102294921875
5.72	0.000286102294921875
5.73	0.00028228759765625
5.74	0.00028228759765625
5.75	0.00028228759765625
5.76	0.000278472900390625
5.77	0.000278472900390625
5.78	0.000274658203125
5.79	0.000270843505859375
5.8	0.000263214111328125
5.81	0.000255584716796875
5.82	0.000255584716796875
5.83	0.000247955322265625
5.84	0.000244140625
5.85	0.00023651123046875
5.86	0.000232696533203125
5.87	0.000232696533203125
5.88	0.0002288818359375
5.89	0.0002288818359375
5.9	0.000225067138671875
5.91	0.00022125244140625
5.92	0.00022125244140625
5.93	0.00022125244140625
5.94	0.00022125244140625
5.95	0.00022125244140625
5.96	0.00022125244140625
5.97	0.000213623046875
5.98	0.000213623046875
5.99	0.000209808349609375
6.0	0.000209808349609375
6.01	0.000209808349609375
6.02	0.000209808349609375
6.03	0.000209808349609375
6.04	0.00020599365234375
6.05	0.0001983642578125
6.06	0.0001983642578125
6.07	0.0001983642578125
6.08	0.000194549560546875
6.09	0.00018310546875
6.1	0.00018310546875
6.11	0.00018310546875
6.12	0.000179290771484375
6.13	0.00017547607421875
6.14	0.000171661376953125
6.15	0.000171661376953125
6.16	0.0001678466796875
6.17	0.0001678466796875
6.18	0.000164031982421875
6.19	0.000164031982421875
6.2	0.000164031982421875
6.21	0.000164031982421875
6.22	0.000164031982421875
6.23	0.00016021728515625
6.24	0.000156402587890625
6.25	0.000156402587890625
6.26	0.000152587890625
6.27	0.000148773193359375
6.28	0.00014495849609375
6.29	0.000141143798828125
6.3	0.000141143798828125
6.31	0.000141143798828125
6.32	0.000141143798828125
6.33	0.000133514404296875
6.34	0.00012969970703125
6.35	0.00012969970703125
6.36	0.00012969970703125
6.37	0.00012969970703125
6.38	0.00012969970703125
6.39	0.00012969970703125
6.4	0.000125885009765625
6.41	0.0001220703125
6.42	0.0001220703125
6.43	0.0001220703125
6.44	0.000118255615234375
6.45	0.000118255615234375
6.46	0.000118255615234375
6.47	0.00011444091796875
6.48	0.00011444091796875
6.49	0.00011444091796875
6.5	0.000110626220703125
6.51	0.0001068115234375
6.52	0.0001068115234375
6.53	0.0001068115234375
6.54	0.0001068115234375
6.55	0.000102996826171875
6.56	9.918212890625e-05
6.57	9.5367431640625e-05
6.58	9.5367431640625e-05
6.59	9.1552734375e-05
6.6	9.1552734375e-05
6.61	8.7738037109375e-05
6.62	8.7738037109375e-05
6.63	8.7738037109375e-05
6.64	8.392333984375e-05
6.65	8.392333984375e-05
6.66	8.392333984375e-05
6.67	8.392333984375e-05
6.68	8.0108642578125e-05
6.69	8.0108642578125e-05
6.7	8.0108642578125e-05
6.71	8.0108642578125e-05
6.72	8.0108642578125e-05
6.73	8.0108642578125e-05
6.74	8.0108642578125e-05
6.75	8.0108642578125e-05
6.76	7.2479248046875e-05
6.77	7.2479248046875e-05
6.78	7.2479248046875e-05
6.79	6.866455078125e-05
6.8	6.866455078125e-05
6.81	6.866455078125e-05
6.82	6.866455078125e-05
6.83	6.866455078125e-05
6.84	6.4849853515625e-05
6.85	6.103515625e-05
6.86	6.103515625e-05
6.87	5.340576171875e-05
6.88	5.340576171875e-05
6.89	5.340576171875e-05
6.9	5.340576171875e-05
6.91	5.340576171875e-05
6.92	5.340576171875e-05
6.93	5.340576171875e-05
6.94	4.9591064453125e-05
6.95	4.9591064453125e-05
6.96	4.9591064453125e-05
6.97	4.9591064453125e-05
6.98	4.9591064453125e-05
6.99	4.9591064453125e-05
7.0	4.9591064453125e-05
7.01	4.9591064453125e-05
7.02	4.9591064453125e-05
7.03	4.9591064453125e-05
7.04	4.9591064453125e-05
7.05	4.9591064453125e-05
7.06	4.9591064453125e-05
7.07	4.9591064453125e-05
7.08	4.57763671875e-05
7.09	4.57763671875e-05
7.1	4.57763671875e-05
7.11	3.814697265625e-05
7.12	3.814697265625e-05
7.13	3.814697265625e-05
7.14	3.814697265625e-05
7.15	3.4332275390625e-05
7.16	3.4332275390625e-05
7.17	3.4332275390625e-05
7.18	3.4332275390625e-05
7.19	3.4332275390625e-05
7.2	3.4332275390625e-05
7.21	3.4332275390625e-05
7.22	3.0517578125e-05
7.23	3.0517578125e-05
7.24	3.0517578125e-05
7.25	3.0517578125e-05
7.26	3.0517578125e-05
7.27	3.0517578125e-05
7.28	2.6702880859375e-05
7.29	2.6702880859375e-05
7.3	2.288818359375e-05
7.31	2.288818359375e-05
7.32	2.288818359375e-05
7.33	2.288818359375e-05
7.34	2.288818359375e-05
7.35	1.9073486328125e-05
7.36	1.9073486328125e-05
7.37	1.9073486328125e-05
7.38	1.9073486328125e-05
7.39	1.9073486328125e-05
7.4	1.9073486328125e-05
7.41	1.9073486328125e-05
7.42	1.9073486328125e-05
7.43	1.9073486328125e-05
7.44	1.9073486328125e-05
7.45	1.9073486328125e-05
7.46	1.9073486328125e-05
7.47	1.9073486328125e-05
7.48	1.9073486328125e-05
7.49	1.9073486328125e-05
7.5	1.9073486328125e-05
7.51	1.9073486328125e-05
7.52	1.9073486328125e-05
7.53	1.9073486328125e-05
7.54	1.52587890625e-05
7.55	1.52587890625e-05
7.56	1.52587890625e-05
7.57	1.52587890625e-05
7.58	1.1444091796875e-05
7.59	1.1444091796875e-05
7.6	1.1444091796875e-05
7.61	1.1444091796875e-05
7.62	1.1444091796875e-05
7.63	1.1444091796875e-05
7.64	1.1444091796875e-05
7.65	1.1444091796875e-05
7.66	1.1444091796875e-05
7.67	1.1444091796875e-05
7.68	1.1444091796875e-05
7.69	1.1444091796875e-05
7.7	1.1444091796875e-05
7.71	1.1444091796875e-05
7.72	1.1444091796875e-05
7.73	1.1444091796875e-05
7.74	1.1444091796875e-05
7.75	1.1444091796875e-05
7.76	1.1444091796875e-05
7.77	1.1444091796875e-05
7.78	7.62939453125e-06
7.79	7.62939453125e-06
7.8	7.62939453125e-06
7.81	7.62939453125e-06
7.82	3.814697265625e-06
7.83	3.814697265625e-06
7.84	3.814697265625e-06
7.85	3.814697265625e-06
7.86	3.814697265625e-06
7.87	3.814697265625e-06
7.88	3.814697265625e-06
7.89	3.814697265625e-06
7.9	3.814697265625e-06
7.91	3.814697265625e-06
7.92	3.814697265625e-06
7.93	3.814697265625e-06
7.94	3.814697265625e-06
7.95	3.814697265625e-06
7.96	3.814697265625e-06
7.97	3.814697265625e-06
7.98	3.814697265625e-06
7.99	3.814697265625e-06
8.0	3.814697265625e-06
8.01	3.814697265625e-06
8.02	3.814697265625e-06
8.03	3.814697265625e-06
8.04	3.814697265625e-06
8.05	3.814697265625e-06
8.06	3.814697265625e-06
8.07	3.814697265625e-06
8.08	3.814697265625e-06
8.09	3.814697265625e-06
8.1	3.814697265625e-06
8.11	3.814697265625e-06
8.12	3.814697265625e-06
8.13	3.814697265625e-06
8.14	3.814697265625e-06
8.15	3.814697265625e-06
8.16	3.814697265625e-06
8.17	3.814697265625e-06
8.18	3.814697265625e-06
8.19	3.814697265625e-06
8.2	3.814697265625e-06
8.21	3.814697265625e-06
8.22	3.814697265625e-06
8.23	3.814697265625e-06
8.24	3.814697265625e-06
8.25	0.0
