3.28	0.000500459223985672
3.29	0.0004977434873580933
3.3	0.0004881713539361954
3.31	0.0004809293895959854
3.32	0.00048002414405345917
3.33	0.00048002414405345917
3.34	0.0004764031618833542
3.35	0.00047368742525577545
3.36	0.00046765245497226715
3.37	0.00046599283814430237
3.38	0.00046599283814430237
3.39	0.00046599283814430237
3.4	0.0004647858440876007
3.41	0.0004647858440876007
3.42	0.0004647858440876007
3.43	0.0004647858440876007
3.44	0.0004647858440876007
3.45	0.0004647858440876007
3.46	0.00045196153223514557
3.47	0.00045196153223514557
3.48	0.00045196153223514557
3.49	0.00045196153223514557
3.5	0.0004462283104658127
3.51	0.0004462283104658127
3.52	0.0004462283104658127
3.53	0.0004426073282957077
3.54	0.0004421547055244446
3.55	0.00044114887714385986
3.56	0.00044114887714385986
3.57	0.00044114887714385986
3.58	0.00044114887714385986
3.59	0.00043647177517414093
3.6	0.00043647177517414093
3.61	0.00043647177517414093
3.62	0.0004237983375787735
3.63	0.0004237983375787735
3.64	0.00042289309203624725
3.65	0.00042289309203624725
3.66	0.00042244046926498413
3.67	0.0004182159900665283
3.68	0.00041700899600982666
3.69	0.00041655637323856354
3.7	0.0004164893180131912
3.71	0.0004122648388147354
3.72	0.0004116613417863846
3.73	0.0004116613417863846
3.74	0.0004116613417863846
3.75	0.0004095491021871567
3.76	0.0004095491021871567
3.77	0.0004095491021871567
3.78	0.0004095155745744705
3.79	0.00039563514292240143
3.8	0.0003914106637239456
3.81	0.0003914106637239456
3.82	0.0003914106637239456
3.83	0.0003908909857273102
3.84	0.00038666650652885437
3.85	0.00038621388375759125
3.86	0.00038621388375759125
3.87	0.00038621388375759125
3.88	0.000386090949177742
3.89	0.000386090949177742
3.9	0.000386090949177742
3.91	0.000386090949177742
3.92	0.0003803577274084091
3.93	0.0003803577274084091
3.94	0.0003803577274084091
3.95	0.0003776419907808304
3.96	0.0003776419907808304
3.97	0.00037341751158237457
3.98	0.00037341751158237457
3.99	0.0003697965294122696
4.0	0.0003697965294122696
4.01	0.0003697294741868973
4.02	0.0003697294741868973
4.03	0.0003661084920167923
4.04	0.0003661084920167923
4.05	0.00036607496440410614
4.06	0.00036607496440410614
4.07	0.00036607496440410614
4.08	0.000363057479262352
4.09	0.000363057479262352
4.1	0.00036185048520565033
4.11	0.00036185048520565033
4.12	0.00035853125154972076
4.13	0.0003549102693796158
4.14	0.0003549102693796158
4.15	0.0003549102693796158
4.16	0.0003512892872095108
4.17	0.00035008229315280914
4.18	0.00035008229315280914
4.19	0.00035008229315280914
4.2	0.00035008229315280914
4.21	0.00035008229315280914
4.22	0.00035008229315280914
4.23	0.00035008229315280914
4.24	0.00035008229315280914
4.25	0.00034781917929649353
4.26	0.00034781917929649353
4.27	0.00034781917929649353
4.28	0.00034781917929649353
4.29	0.00034781917929649353
4.3	0.0003439970314502716
4.31	0.00033449195325374603
4.32	0.0003340393304824829
4.33	0.0003340393304824829
4.34	0.00033283233642578125
4.35	0.00033283233642578125
4.36	0.0003281552344560623
4.37	0.0003281552344560623
4.38	0.0003281552344560623
4.39	0.0003281552344560623
4.4	0.0003275517374277115
4.41	0.000325213186442852
4.42	0.000325213186442852
4.43	0.0003246096894145012
4.44	0.00032457616180181503
4.45	0.00032457616180181503
4.46	0.0003241235390305519
4.47	0.0003241235390305519
4.48	0.00031461846083402634
4.49	0.0003141658380627632
4.5	0.0003135623410344124
4.51	0.0003093378618359566
4.52	0.0003093378618359566
4.53	0.0003093378618359566
4.54	0.0003093378618359566
4.55	0.0003093378618359566
4.56	0.0003093378618359566
4.57	0.0003093378618359566
4.58	0.0003069993108510971
4.59	0.0003069993108510971
4.6	0.0003069993108510971
4.61	0.0003069993108510971
4.62	0.00030650198459625244
4.63	0.00030650198459625244
4.64	0.000293828547000885
4.65	0.000293828547000885
4.66	0.000293828547000885
4.67	0.00028900057077407837
4.68	0.00028477609157562256
4.69	0.0002811551094055176
4.7	0.0002811551094055176
4.71	0.0002811551094055176
4.72	0.0002811551094055176
4.73	0.0002811215817928314
4.74	0.00027810409665107727
4.75	0.0002780705690383911
4.76	0.0002780705690383911
4.77	0.0002780705690383911
4.78	0.0002780705690383911
4.79	0.0002780705690383911
4.8	0.0002780705690383911
4.81	0.0002653971314430237
4.82	0.00026479363441467285
4.83	0.0002611391246318817
4.84	0.0002611391246318817
4.85	0.0002569146454334259
4.86	0.0002569146454334259
4.87	0.00025570765137672424
4.88	0.0002545006573200226
4.89	0.0002545006573200226
4.9	0.0002545006573200226
4.91	0.0002526901662349701
4.92	0.00025208666920661926
4.93	0.00025208666920661926
4.94	0.00025208666920661926
4.95	0.00025208666920661926
4.96	0.00024937093257904053
4.97	0.00023986585438251495
4.98	0.00023986585438251495
4.99	0.0002398323267698288
5.0	0.00023621134459972382
5.01	0.00023259036242961884
5.02	0.0002321377396583557
5.03	0.0002321377396583557
5.04	0.0002321377396583557
5.05	0.00023093074560165405
5.06	0.00023032724857330322
5.07	0.00023010093718767166
5.08	0.00023010093718767166
5.09	0.00022949744015932083
5.1	0.00022949744015932083
5.11	0.00022949744015932083
5.12	0.00022949744015932083
5.13	0.0002267817035317421
5.14	0.00021727662533521652
5.15	0.0002169748768210411
5.16	0.00021229777485132217
5.17	0.00021229777485132217
5.18	0.0002086767926812172
5.19	0.0002086767926812172
5.2	0.00020746979862451553
5.21	0.00020746979862451553
5.22	0.00020746979862451553
5.23	0.00020724348723888397
5.24	0.00020704232156276703
5.25	0.00020674057304859161
5.26	0.00020674057304859161
5.27	0.00020674057304859161
5.28	0.00020674057304859161
5.29	0.00020674057304859161
5.3	0.00019406713545322418
5.31	0.00019406713545322418
5.32	0.00019406713545322418
5.33	0.00018939003348350525
5.34	0.00018471293151378632
5.35	0.00018471293151378632
5.36	0.00018471293151378632
5.37	0.00018410943448543549
5.38	0.00017988495528697968
5.39	0.00017985142767429352
5.4	0.00017985142767429352
5.41	0.0001795496791601181
5.42	0.0001795496791601181
5.43	0.0001774374395608902
5.44	0.0001774374395608902
5.45	0.0001774374395608902
5.46	0.00016476400196552277
5.47	0.00016476400196552277
5.48	0.00015991926193237305
5.49	0.00015629827976226807
5.5	0.00015584565699100494
5.51	0.00015162117779254913
5.52	0.00015158765017986298
5.53	0.00015034712851047516
5.54	0.00015034712851047516
5.55	0.00015034712851047516
5.56	0.00015034712851047516
5.57	0.00014907866716384888
5.58	0.00014907866716384888
5.59	0.00014907866716384888
5.6	0.00014696642756462097
5.61	0.00014696642756462097
5.62	0.0001436471939086914
5.63	0.0001436471939086914
5.64	0.0001394227147102356
5.65	0.0001394227147102356
5.66	0.00013580173254013062
5.67	0.00013097375631332397
5.68	0.00013097375631332397
5.69	0.00013097375631332397
5.7	0.00012973323464393616
5.71	0.00012611225247383118
5.72	0.00012611225247383118
5.73	0.00012611225247383118
5.74	0.0001260954886674881
5.75	0.00012307800352573395
5.76	0.00012307800352573395
5.77	0.00012307800352573395
5.78	0.00012307800352573395
5.79	0.00011975876986980438
5.8	0.0001161377876996994
5.81	0.00011583603918552399
5.82	0.00011538341641426086
5.83	0.00011538341641426086
5.84	0.00011055544018745422
5.85	0.00010934844613075256
5.86	0.00010874494910240173
5.87	0.00010874494910240173
5.88	0.00010874494910240173
5.89	0.00010874494910240173
5.9	0.0001081414520740509
5.91	0.0001081414520740509
5.92	0.00010633096098899841
5.93	0.00010633096098899841
5.94	0.00010633096098899841
5.95	0.00010582804679870605
5.96	0.00010582804679870605
5.97	0.00010220706462860107
5.98	0.00010220706462860107
5.99	0.00010120123624801636
6.0	0.00010059773921966553
6.01	0.00010059773921966553
6.02	9.939074516296387e-05
6.03	9.833462536334991e-05
6.04	9.390898048877716e-05
6.05	9.390898048877716e-05
6.06	9.390898048877716e-05
6.07	9.390898048877716e-05
6.08	9.307917207479477e-05
6.09	9.096693247556686e-05
6.1	9.096693247556686e-05
6.11	9.096693247556686e-05
6.12	9.066518396139145e-05
6.13	9.019579738378525e-05
6.14	9.019579738378525e-05
6.15	9.019579738378525e-05
6.16	8.974317461252213e-05
6.17	8.853618055582047e-05
6.18	8.853618055582047e-05
6.19	8.850265294313431e-05
6.2	8.63904133439064e-05
6.21	8.618924766778946e-05
6.22	8.618924766778946e-05
6.23	8.494872599840164e-05
6.24	8.494872599840164e-05
6.25	8.472241461277008e-05
6.26	8.261017501354218e-05
6.27	8.256547152996063e-05
6.28	8.194521069526672e-05
6.29	8.194521069526672e-05
6.3	8.14925879240036e-05
6.31	8.147023618221283e-05
6.32	8.143670856952667e-05
6.33	8.143670856952667e-05
6.34	8.083321154117584e-05
6.35	8.083321154117584e-05
6.36	7.71787017583847e-05
6.37	7.502175867557526e-05
6.38	7.502175867557526e-05
6.39	7.502175867557526e-05
6.4	7.49882310628891e-05
6.41	7.197074592113495e-05
6.42	7.197074592113495e-05
6.43	7.197074592113495e-05
6.44	7.195398211479187e-05
6.45	7.135048508644104e-05
6.46	7.135048508644104e-05
6.47	7.135048508644104e-05
6.48	7.135048508644104e-05
6.49	7.131695747375488e-05
6.5	7.06799328327179e-05
6.51	7.06799328327179e-05
6.52	6.88694417476654e-05
6.53	6.88694417476654e-05
6.54	6.76177442073822e-05
6.55	6.76177442073822e-05
6.56	6.701424717903137e-05
6.57	6.641075015068054e-05
6.58	6.460025906562805e-05
6.59	6.399676203727722e-05
6.6	6.379559636116028e-05
6.61	6.349384784698486e-05
6.62	6.349384784698486e-05
6.63	6.349384784698486e-05
6.64	6.349384784698486e-05
6.65	6.349384784698486e-05
6.66	6.349384784698486e-05
6.67	6.34603202342987e-05
6.68	6.34603202342987e-05
6.69	6.109662353992462e-05
6.7	6.109662353992462e-05
6.71	6.109662353992462e-05
6.72	6.109662353992462e-05
6.73	6.109662353992462e-05
6.74	5.946215242147446e-05
6.75	5.946215242147446e-05
6.76	5.885865539312363e-05
6.77	5.885865539312363e-05
6.78	5.855690687894821e-05
6.79	5.845632404088974e-05
6.8	5.845632404088974e-05
6.81	5.845632404088974e-05
6.82	5.8154575526714325e-05
6.83	5.8154575526714325e-05
6.84	5.8154575526714325e-05
6.85	5.7928264141082764e-05
6.86	5.581602454185486e-05
6.87	5.521252751350403e-05
6.88	5.521252751350403e-05
6.89	5.517899990081787e-05
6.9	5.4877251386642456e-05
6.91	5.4650940001010895e-05
6.92	5.4148025810718536e-05
6.93	5.4086558520793915e-05
6.94	5.4086558520793915e-05
6.95	5.4086558520793915e-05
6.96	5.398597568273544e-05
6.97	5.398597568273544e-05
6.98	5.398597568273544e-05
6.99	5.398597568273544e-05
7.0	5.398597568273544e-05
7.01	5.398597568273544e-05
7.02	5.373731255531311e-05
7.03	5.1625072956085205e-05
7.04	5.1625072956085205e-05
7.05	5.1625072956085205e-05
7.06	5.128979682922363e-05
7.07	5.124509334564209e-05
7.08	5.124509334564209e-05
7.09	5.0943344831466675e-05
7.1	5.0926581025123596e-05
7.11	5.088932812213898e-05
7.12	5.088932812213898e-05
7.13	5.088932812213898e-05
7.14	5.088932812213898e-05
7.15	5.08725643157959e-05
7.16	5.026906728744507e-05
7.17	5.026906728744507e-05
7.18	4.845857620239258e-05
7.19	4.845857620239258e-05
7.2	4.842504858970642e-05
7.21	4.842504858970642e-05
7.22	4.840828478336334e-05
7.23	4.780478775501251e-05
7.24	4.776008427143097e-05
7.25	4.774332046508789e-05
7.26	4.774332046508789e-05
7.27	4.713982343673706e-05
7.28	4.711747169494629e-05
7.29	4.711747169494629e-05
7.3	4.711747169494629e-05
7.31	4.711747169494629e-05
7.32	4.6815723180770874e-05
7.33	4.6815723180770874e-05
7.34	4.6815723180770874e-05
7.35	4.490464925765991e-05
7.36	4.430115222930908e-05
7.37	4.430115222930908e-05
7.38	4.430115222930908e-05
7.39	4.4284388422966003e-05
7.4	4.368089139461517e-05
7.41	4.3664127588272095e-05
7.42	4.3664127588272095e-05
7.43	4.3664127588272095e-05
7.44	4.3664127588272095e-05
7.45	4.3664127588272095e-05
7.46	4.3664127588272095e-05
7.47	4.3664127588272095e-05
7.48	4.3060630559921265e-05
7.49	4.3060630559921265e-05
7.5	4.3060630559921265e-05
7.51	4.28343191742897e-05
7.52	4.28343191742897e-05
7.53	4.223082214593887e-05
7.54	4.223082214593887e-05
7.55	4.192907363176346e-05
7.56	4.192907363176346e-05
7.57	4.192907363176346e-05
7.58	4.192907363176346e-05
7.59	4.162732511758804e-05
7.6	4.162732511758804e-05
7.61	4.162732511758804e-05
7.62	4.162732511758804e-05
7.63	4.162732511758804e-05
7.64	4.1375868022441864e-05
7.65	4.1375868022441864e-05
7.66	4.127528518438339e-05
7.67	4.127528518438339e-05
7.68	4.102662205696106e-05
7.69	4.0724873542785645e-05
7.7	4.0724873542785645e-05
7.71	4.0724873542785645e-05
7.72	4.042312502861023e-05
7.73	4.032254219055176e-05
7.74	4.032254219055176e-05
7.75	4.032254219055176e-05
7.76	4.032254219055176e-05
7.77	4.032254219055176e-05
7.78	4.032254219055176e-05
7.79	4.032254219055176e-05
7.8	4.032254219055176e-05
7.81	4.015490412712097e-05
7.82	4.015490412712097e-05
7.83	4.015490412712097e-05
7.84	4.015490412712097e-05
7.85	4.015490412712097e-05
7.86	3.984570503234863e-05
7.87	3.773346543312073e-05
7.88	3.771670162677765e-05
7.89	3.771670162677765e-05
7.9	3.761611878871918e-05
7.91	3.761611878871918e-05
7.92	3.75993549823761e-05
7.93	3.699585795402527e-05
7.94	3.699585795402527e-05
7.95	3.699585795402527e-05
7.96	3.69735062122345e-05
7.97	3.666337579488754e-05
7.98	3.666337579488754e-05
7.99	3.664102405309677e-05
8.0	3.664102405309677e-05
8.01	3.664102405309677e-05
8.02	3.662426024675369e-05
8.03	3.662426024675369e-05
8.04	3.451202064752579e-05
8.05	3.449525684118271e-05
8.06	3.447290509939194e-05
8.07	3.386940807104111e-05
8.08	3.386940807104111e-05
8.09	3.386940807104111e-05
8.1	3.386940807104111e-05
8.11	3.386940807104111e-05
8.12	3.386940807104111e-05
8.13	3.386940807104111e-05
8.14	3.355927765369415e-05
8.15	3.355927765369415e-05
8.16	3.355927765369415e-05
8.17	3.355927765369415e-05
8.18	3.3542513847351074e-05
8.19	3.3542513847351074e-05
8.2	3.1732022762298584e-05
8.21	3.1732022762298584e-05
8.22	3.1732022762298584e-05
8.23	3.170967102050781e-05
8.24	3.0502676963806152e-05
8.25	3.0200928449630737e-05
8.26	3.0200928449630737e-05
8.27	3.0200928449630737e-05
8.28	3.0200928449630737e-05
8.29	3.0200928449630737e-05
8.3	2.9949471354484558e-05
8.31	2.9949471354484558e-05
8.32	2.9949471354484558e-05
8.33	2.9949471354484558e-05
8.34	2.9949471354484558e-05
8.35	2.9949471354484558e-05
8.36	2.9949471354484558e-05
8.37	2.8138980269432068e-05
8.38	2.8088688850402832e-05
8.39	2.7786940336227417e-05
8.4	2.7786940336227417e-05
8.41	2.7183443307876587e-05
8.42	2.7183443307876587e-05
8.43	2.7082860469818115e-05
8.44	2.6982277631759644e-05
8.45	2.6982277631759644e-05
8.46	2.6982277631759644e-05
8.47	2.6831403374671936e-05
8.48	2.67811119556427e-05
8.49	2.67811119556427e-05
8.5	2.67811119556427e-05
8.51	2.67811119556427e-05
8.52	2.655480057001114e-05
8.53	2.4442560970783234e-05
8.54	2.4442560970783234e-05
8.55	2.4442560970783234e-05
8.56	2.414081245660782e-05
8.57	2.3839063942432404e-05
8.58	2.3822300136089325e-05
8.59	2.3822300136089325e-05
8.6	2.3822300136089325e-05
8.61	2.3721717298030853e-05
8.62	2.3699365556240082e-05
8.63	2.3690983653068542e-05
8.64	2.3690983653068542e-05
8.65	2.3640692234039307e-05
8.66	2.3640692234039307e-05
8.67	2.3640692234039307e-05
8.68	2.3640692234039307e-05
8.69	2.3414380848407745e-05
8.7	2.130214124917984e-05
8.71	2.1290965378284454e-05
8.72	2.0670704543590546e-05
8.73	2.0670704543590546e-05
8.74	2.036895602941513e-05
8.75	2.036895602941513e-05
8.76	2.0324252545833588e-05
8.77	2.0324252545833588e-05
8.78	2.0324252545833588e-05
8.79	2.031587064266205e-05
8.8	2.0308420062065125e-05
8.81	2.029724419116974e-05
8.82	2.029724419116974e-05
8.83	2.029724419116974e-05
8.84	2.029724419116974e-05
8.85	2.029724419116974e-05
8.86	1.848675310611725e-05
8.87	1.848675310611725e-05
8.88	1.848675310611725e-05
8.89	1.786649227142334e-05
8.9	1.724623143672943e-05
8.91	1.724623143672943e-05
8.92	1.724623143672943e-05
8.93	1.722387969493866e-05
8.94	1.662038266658783e-05
8.95	1.662038266658783e-05
8.96	1.662038266658783e-05
8.97	1.662038266658783e-05
8.98	1.6609206795692444e-05
8.99	1.630745828151703e-05
9.0	1.630745828151703e-05
9.01	1.630745828151703e-05
9.02	1.630745828151703e-05
9.03	1.4496967196464539e-05
9.04	1.3843178749084473e-05
9.05	1.3541430234909058e-05
9.06	1.3524666428565979e-05
9.07	1.2921169400215149e-05
9.08	1.2921169400215149e-05
9.09	1.2921169400215149e-05
9.1	1.2820586562156677e-05
9.11	1.2820586562156677e-05
9.12	1.2820586562156677e-05
9.13	1.2820586562156677e-05
9.14	1.2720003724098206e-05
9.15	1.2720003724098206e-05
9.16	1.241825520992279e-05
9.17	1.241825520992279e-05
9.18	1.2141652405261993e-05
9.19	1.2141652405261993e-05
9.2	1.2141652405261993e-05
9.21	1.1538155376911163e-05
9.22	1.1236406862735748e-05
9.23	1.0834075510501862e-05
9.24	1.0834075510501862e-05
9.25	1.0834075510501862e-05
9.26	1.073349267244339e-05
9.27	1.0431744158267975e-05
9.28	1.0431744158267975e-05
9.29	1.0431744158267975e-05
9.3	1.0431744158267975e-05
9.31	1.0331161320209503e-05
9.32	1.0180287063121796e-05
9.33	1.0180287063121796e-05
9.34	1.0180287063121796e-05
9.35	9.903684258460999e-06
9.36	9.601935744285583e-06
9.37	9.590759873390198e-06
9.38	9.573996067047119e-06
9.39	9.573996067047119e-06
9.4	9.171664714813232e-06
9.41	9.07108187675476e-06
9.42	9.04873013496399e-06
9.43	9.04873013496399e-06
9.44	9.04873013496399e-06
9.45	9.04873013496399e-06
9.46	9.026378393173218e-06
9.47	9.026378393173218e-06
9.48	8.87550413608551e-06
9.49	8.87550413608551e-06
9.5	8.87550413608551e-06
9.51	8.8568776845932e-06
9.52	8.8568776845932e-06
9.53	8.555129170417786e-06
9.54	8.555129170417786e-06
9.55	8.517876267433167e-06
9.56	8.495524525642395e-06
9.57	8.495524525642395e-06
9.58	8.394941687583923e-06
9.59	8.355826139450073e-06
9.6	7.74487853050232e-06
9.61	7.74487853050232e-06
9.62	7.74487853050232e-06
9.63	7.74487853050232e-06
9.64	7.714144885540009e-06
9.65	7.4123963713645935e-06
9.66	7.4123963713645935e-06
9.67	7.4123963713645935e-06
9.68	7.401220500469208e-06
9.69	7.384456694126129e-06
9.7	7.384456694126129e-06
9.71	7.384456694126129e-06
9.72	7.3676928877830505e-06
9.73	7.3229894042015076e-06
9.74	7.3229894042015076e-06
9.75	7.3229894042015076e-06
9.76	7.0212408900260925e-06
9.77	7.013790309429169e-06
9.78	7.013790309429169e-06
9.79	6.913207471370697e-06
9.8	6.913207471370697e-06
9.81	6.904825568199158e-06
9.82	6.603077054023743e-06
9.83	6.603077054023743e-06
9.84	6.552785634994507e-06
9.85	6.552785634994507e-06
9.86	6.536021828651428e-06
9.87	6.536021828651428e-06
9.88	6.536021828651428e-06
9.89	6.536021828651428e-06
9.9	6.513670086860657e-06
9.91	6.513670086860657e-06
9.92	6.513670086860657e-06
9.93	5.910173058509827e-06
9.94	5.910173058509827e-06
9.95	5.910173058509827e-06
9.96	5.910173058509827e-06
9.97	5.6587159633636475e-06
9.98	5.6587159633636475e-06
9.99	5.6587159633636475e-06
10.0	5.6587159633636475e-06
10.01	5.608424544334412e-06
10.02	5.608424544334412e-06
10.03	5.608424544334412e-06
10.04	5.608424544334412e-06
10.05	5.608424544334412e-06
10.06	5.558133125305176e-06
10.07	5.558133125305176e-06
10.08	5.558133125305176e-06
10.09	5.407258868217468e-06
10.1	5.407258868217468e-06
10.11	5.306676030158997e-06
10.12	5.284324288368225e-06
10.13	5.234032869338989e-06
10.14	5.083158612251282e-06
10.15	5.032867193222046e-06
10.16	5.025416612625122e-06
10.17	5.014240741729736e-06
10.18	5.014240741729736e-06
10.19	5.014240741729736e-06
10.2	5.014240741729736e-06
10.21	5.014240741729736e-06
10.22	5.014240741729736e-06
10.23	5.014240741729736e-06
10.24	5.014240741729736e-06
10.25	4.842877388000488e-06
10.26	4.842877388000488e-06
10.27	4.842877388000488e-06
10.28	4.842877388000488e-06
10.29	4.842877388000488e-06
10.3	4.754401743412018e-06
10.31	4.754401743412018e-06
10.32	4.704110324382782e-06
10.33	4.704110324382782e-06
10.34	4.692934453487396e-06
10.35	4.689209163188934e-06
10.36	4.689209163188934e-06
10.37	4.689209163188934e-06
10.38	4.678033292293549e-06
10.39	4.678033292293549e-06
10.4	4.678033292293549e-06
10.41	4.669651389122009e-06
10.42	4.367902874946594e-06
10.43	4.345551133155823e-06
10.44	4.345551133155823e-06
10.45	4.345551133155823e-06
10.46	4.334375262260437e-06
10.47	4.325993359088898e-06
10.48	4.307366907596588e-06
10.49	4.307366907596588e-06
10.5	4.307366907596588e-06
10.51	4.307366907596588e-06
10.52	4.303641617298126e-06
10.53	4.303641617298126e-06
10.54	4.303641617298126e-06
10.55	4.303641617298126e-06
10.56	4.303641617298126e-06
10.57	4.303641617298126e-06
10.58	4.295259714126587e-06
10.59	3.993511199951172e-06
10.6	3.993511199951172e-06
10.61	3.993511199951172e-06
10.62	3.993511199951172e-06
10.63	3.982335329055786e-06
10.64	3.982335329055786e-06
10.65	3.9711594581604e-06
10.66	3.9711594581604e-06
10.67	3.9711594581604e-06
10.68	3.9711594581604e-06
10.69	3.9711594581604e-06
10.7	3.9711594581604e-06
10.71	3.9711594581604e-06
10.72	3.9208680391311646e-06
10.73	3.9208680391311646e-06
10.74	3.769993782043457e-06
10.75	3.769993782043457e-06
10.76	3.769993782043457e-06
10.77	3.769993782043457e-06
10.78	3.769993782043457e-06
10.79	3.719702363014221e-06
10.8	3.719702363014221e-06
10.81	3.719702363014221e-06
10.82	3.719702363014221e-06
10.83	3.6694109439849854e-06
10.84	3.6694109439849854e-06
10.85	3.6694109439849854e-06
10.86	3.6694109439849854e-06
10.87	3.6694109439849854e-06
10.88	3.6442652344703674e-06
10.89	3.6442652344703674e-06
10.9	3.6442652344703674e-06
10.91	3.489665687084198e-06
10.92	3.439374268054962e-06
10.93	3.439374268054962e-06
10.94	3.439374268054962e-06
10.95	3.439374268054962e-06
10.96	3.3890828490257263e-06
10.97	3.3890828490257263e-06
10.98	3.3890828490257263e-06
10.99	3.3890828490257263e-06
11.0	3.3890828490257263e-06
11.01	3.3890828490257263e-06
11.02	3.3890828490257263e-06
11.03	3.3890828490257263e-06
11.04	3.3527612686157227e-06
11.05	3.3527612686157227e-06
11.06	3.3527612686157227e-06
11.07	3.3443793654441833e-06
11.08	3.3443793654441833e-06
11.09	3.2940879464149475e-06
11.1	3.2940879464149475e-06
11.11	3.2829120755195618e-06
11.12	3.2829120755195618e-06
11.13	3.2829120755195618e-06
11.14	3.2829120755195618e-06
11.15	3.271736204624176e-06
11.16	3.271736204624176e-06
11.17	3.271736204624176e-06
11.18	3.271736204624176e-06
11.19	3.271736204624176e-06
11.2	3.2624229788780212e-06
11.21	3.2624229788780212e-06
11.22	3.2586976885795593e-06
11.23	3.2586976885795593e-06
11.24	3.25031578540802e-06
11.25	3.2391399145126343e-06
11.26	3.2391399145126343e-06
11.27	3.2391399145126343e-06
11.28	3.2279640436172485e-06
11.29	3.2279640436172485e-06
11.3	3.2242387533187866e-06
11.31	3.2242387533187866e-06
11.32	3.2242387533187866e-06
11.33	3.2242387533187866e-06
11.34	3.2242387533187866e-06
11.35	3.2242387533187866e-06
11.36	3.2242387533187866e-06
11.37	3.2186508178710938e-06
11.38	3.2186508178710938e-06
11.39	3.2186508178710938e-06
11.4	3.2186508178710938e-06
11.41	3.2186508178710938e-06
11.42	3.207474946975708e-06
11.43	2.905726432800293e-06
11.44	2.905726432800293e-06
11.45	2.905726432800293e-06
11.46	2.902001142501831e-06
11.47	2.902001142501831e-06
11.48	2.902001142501831e-06
11.49	2.8517097234725952e-06
11.5	2.8517097234725952e-06
11.51	2.8517097234725952e-06
11.52	2.8517097234725952e-06
11.53	2.8265640139579773e-06
11.54	2.8265640139579773e-06
11.55	2.8265640139579773e-06
11.56	2.8265640139579773e-06
11.57	2.8265640139579773e-06
11.58	2.8265640139579773e-06
11.59	2.8265640139579773e-06
11.6	2.5248154997825623e-06
11.61	2.5248154997825623e-06
11.62	2.5248154997825623e-06
11.63	2.4745240807533264e-06
11.64	2.4745240807533264e-06
11.65	2.4745240807533264e-06
11.66	2.4745240807533264e-06
11.67	2.4745240807533264e-06
11.68	2.4745240807533264e-06
11.69	2.4745240807533264e-06
11.7	2.4493783712387085e-06
11.71	2.4493783712387085e-06
11.72	2.4493783712387085e-06
11.73	2.4493783712387085e-06
11.74	2.4493783712387085e-06
11.75	2.4493783712387085e-06
11.76	2.298504114151001e-06
11.77	2.298504114151001e-06
11.78	2.298504114151001e-06
11.79	2.298504114151001e-06
11.8	2.1979212760925293e-06
11.81	2.1867454051971436e-06
11.82	2.1867454051971436e-06
11.83	2.1867454051971436e-06
11.84	2.1867454051971436e-06
11.85	2.1867454051971436e-06
11.86	2.1774321794509888e-06
11.87	2.1774321794509888e-06
11.88	2.1774321794509888e-06
11.89	2.1774321794509888e-06
11.9	2.1774321794509888e-06
11.91	2.1774321794509888e-06
11.92	2.1774321794509888e-06
11.93	2.0265579223632812e-06
11.94	2.0246952772140503e-06
11.95	2.0135194063186646e-06
11.96	2.0135194063186646e-06
11.97	1.9632279872894287e-06
11.98	1.9632279872894287e-06
11.99	1.959502696990967e-06
12.0	1.955777406692505e-06
12.01	1.955777406692505e-06
12.02	1.955777406692505e-06
12.03	1.950189471244812e-06
12.04	1.948326826095581e-06
12.05	1.948326826095581e-06
12.06	1.948326826095581e-06
12.07	1.948326826095581e-06
12.08	1.948326826095581e-06
12.09	1.6381964087486267e-06
12.1	1.6381964087486267e-06
12.11	1.6381964087486267e-06
12.12	1.627020537853241e-06
12.13	1.6158446669578552e-06
12.14	1.6158446669578552e-06
12.15	1.6158446669578552e-06
12.16	1.6158446669578552e-06
12.17	1.6121193766593933e-06
12.18	1.6121193766593933e-06
12.19	1.6121193766593933e-06
12.2	1.6121193766593933e-06
12.21	1.6102567315101624e-06
12.22	1.6102567315101624e-06
12.23	1.6102567315101624e-06
12.24	1.6102567315101624e-06
12.25	1.601874828338623e-06
12.26	1.300126314163208e-06
12.27	1.300126314163208e-06
12.28	1.300126314163208e-06
12.29	1.2498348951339722e-06
12.3	1.2386590242385864e-06
12.31	1.2386590242385864e-06
12.32	1.2386590242385864e-06
12.33	1.2386590242385864e-06
12.34	1.2386590242385864e-06
12.35	1.2386590242385864e-06
12.36	1.2386590242385864e-06
12.37	1.2386590242385864e-06
12.38	1.2386590242385864e-06
12.39	1.2386590242385864e-06
12.4	1.2386590242385864e-06
12.41	1.2386590242385864e-06
12.42	1.087784767150879e-06
12.43	1.087784767150879e-06
12.44	1.087784767150879e-06
12.45	1.037493348121643e-06
12.46	9.872019290924072e-07
12.47	9.872019290924072e-07
12.48	9.872019290924072e-07
12.49	9.872019290924072e-07
12.5	9.369105100631714e-07
12.51	9.369105100631714e-07
12.52	9.369105100631714e-07
12.53	9.369105100631714e-07
12.54	9.369105100631714e-07
12.55	9.117648005485535e-07
12.56	9.117648005485535e-07
12.57	9.117648005485535e-07
12.58	9.117648005485535e-07
12.59	7.60890543460846e-07
12.6	7.087364792823792e-07
12.61	6.975606083869934e-07
12.62	6.975606083869934e-07
12.63	6.472691893577576e-07
12.64	6.472691893577576e-07
12.65	6.472691893577576e-07
12.66	6.435438990592957e-07
12.67	6.435438990592957e-07
12.68	6.435438990592957e-07
12.69	6.435438990592957e-07
12.7	6.398186087608337e-07
12.71	6.398186087608337e-07
12.72	6.146728992462158e-07
12.73	6.146728992462158e-07
12.74	6.044283509254456e-07
12.75	6.044283509254456e-07
12.76	6.044283509254456e-07
12.77	5.541369318962097e-07
12.78	5.42961061000824e-07
12.79	5.280598998069763e-07
12.8	5.280598998069763e-07
12.81	5.280598998069763e-07
12.82	5.243346095085144e-07
12.83	5.131587386131287e-07
12.84	5.131587386131287e-07
12.85	5.131587386131287e-07
12.86	5.131587386131287e-07
12.87	5.094334483146667e-07
12.88	5.038455128669739e-07
12.89	5.038455128669739e-07
12.9	5.038455128669739e-07
12.91	4.936009645462036e-07
12.92	4.824250936508179e-07
12.93	4.824250936508179e-07
12.94	4.824250936508179e-07
12.95	4.824250936508179e-07
12.96	4.675239324569702e-07
12.97	4.637986421585083e-07
12.98	4.637986421585083e-07
12.99	4.637986421585083e-07
13.0	4.637986421585083e-07
13.01	4.637986421585083e-07
13.02	4.637986421585083e-07
13.03	4.637986421585083e-07
13.04	4.5821070671081543e-07
13.05	4.5821070671081543e-07
13.06	4.5821070671081543e-07
13.07	4.5821070671081543e-07
13.08	4.5821070671081543e-07
13.09	4.470348358154297e-07
13.1	4.470348358154297e-07
13.11	4.470348358154297e-07
13.12	4.470348358154297e-07
13.13	4.470348358154297e-07
13.14	4.4330954551696777e-07
13.15	4.4330954551696777e-07
13.16	3.9301812648773193e-07
13.17	3.9301812648773193e-07
13.18	3.9301812648773193e-07
13.19	3.9301812648773193e-07
13.2	3.9301812648773193e-07
13.21	3.67872416973114e-07
13.22	3.67872416973114e-07
13.23	3.67872416973114e-07
13.24	3.67872416973114e-07
13.25	3.67872416973114e-07
13.26	3.67872416973114e-07
13.27	3.67872416973114e-07
13.28	3.67872416973114e-07
13.29	3.67872416973114e-07
13.3	3.67872416973114e-07
13.31	3.67872416973114e-07
13.32	3.427267074584961e-07
13.33	3.427267074584961e-07
13.34	3.427267074584961e-07
13.35	3.390014171600342e-07
13.36	3.390014171600342e-07
13.37	3.390014171600342e-07
13.38	3.1385570764541626e-07
13.39	3.1385570764541626e-07
13.4	3.119930624961853e-07
13.41	3.119930624961853e-07
13.42	3.119930624961853e-07
13.43	3.119930624961853e-07
13.44	3.119930624961853e-07
13.45	3.119930624961853e-07
13.46	3.119930624961853e-07
13.47	3.119930624961853e-07
13.48	3.119930624961853e-07
13.49	2.7567148208618164e-07
13.5	2.7567148208618164e-07
13.51	2.7567148208618164e-07
13.52	2.7567148208618164e-07
13.53	2.6635825634002686e-07
13.54	2.6635825634002686e-07
13.55	2.6635825634002686e-07
13.56	2.6635825634002686e-07
13.57	2.644956111907959e-07
13.58	2.644956111907959e-07
13.59	2.644956111907959e-07
13.6	2.644956111907959e-07
13.61	2.644956111907959e-07
13.62	2.6263296604156494e-07
13.63	2.6263296604156494e-07
13.64	2.6263296604156494e-07
13.65	2.5704503059387207e-07
13.66	2.5704503059387207e-07
13.67	2.5331974029541016e-07
13.68	2.5331974029541016e-07
13.69	2.514570951461792e-07
13.7	2.4586915969848633e-07
13.71	2.4400651454925537e-07
13.72	2.4400651454925537e-07
13.73	2.4400651454925537e-07
13.74	2.4400651454925537e-07
13.75	2.4400651454925537e-07
13.76	2.4400651454925537e-07
13.77	2.4400651454925537e-07
13.78	2.4400651454925537e-07
13.79	2.4400651454925537e-07
13.8	2.4400651454925537e-07
13.81	2.384185791015625e-07
13.82	2.384185791015625e-07
13.83	2.384185791015625e-07
13.84	2.384185791015625e-07
13.85	2.384185791015625e-07
13.86	2.3655593395233154e-07
13.87	2.3655593395233154e-07
13.88	2.3469328880310059e-07
13.89	2.3469328880310059e-07
13.9	2.3469328880310059e-07
13.91	2.3469328880310059e-07
13.92	2.3469328880310059e-07
13.93	2.3469328880310059e-07
13.94	2.3469328880310059e-07
13.95	2.3469328880310059e-07
13.96	2.3469328880310059e-07
13.97	2.3469328880310059e-07
13.98	2.0954757928848267e-07
13.99	2.0954757928848267e-07
14.0	2.0954757928848267e-07
14.01	2.0954757928848267e-07
14.02	2.0954757928848267e-07
14.03	2.0954757928848267e-07
14.04	2.0954757928848267e-07
14.05	2.0954757928848267e-07
14.06	2.0954757928848267e-07
14.07	2.0954757928848267e-07
14.08	2.0954757928848267e-07
14.09	2.0954757928848267e-07
14.1	2.0954757928848267e-07
14.11	2.0954757928848267e-07
14.12	2.0954757928848267e-07
14.13	2.0954757928848267e-07
14.14	2.0954757928848267e-07
14.15	1.8440186977386475e-07
14.16	1.8440186977386475e-07
14.17	1.8440186977386475e-07
14.18	1.8440186977386475e-07
14.19	1.8440186977386475e-07
14.2	1.8440186977386475e-07
14.21	1.8440186977386475e-07
14.22	1.8440186977386475e-07
14.23	1.8440186977386475e-07
14.24	1.8440186977386475e-07
14.25	1.8440186977386475e-07
14.26	1.8440186977386475e-07
14.27	1.8440186977386475e-07
14.28	1.825392246246338e-07
14.29	1.825392246246338e-07
14.3	1.7695128917694092e-07
14.31	1.7695128917694092e-07
14.32	1.7695128917694092e-07
14.33	1.7695128917694092e-07
14.34	1.7695128917694092e-07
14.35	1.7508864402770996e-07
14.36	1.7508864402770996e-07
14.37	1.7508864402770996e-07
14.38	1.7508864402770996e-07
14.39	1.73225998878479e-07
14.4	1.73225998878479e-07
14.41	1.73225998878479e-07
14.42	1.73225998878479e-07
14.43	1.73225998878479e-07
14.44	1.7229467630386353e-07
14.45	1.7229467630386353e-07
14.46	1.7229467630386353e-07
14.47	1.6670674085617065e-07
14.48	1.648440957069397e-07
14.49	1.648440957069397e-07
14.5	1.648440957069397e-07
14.51	1.648440957069397e-07
14.52	1.6298145055770874e-07
14.53	1.6298145055770874e-07
14.54	1.6298145055770874e-07
14.55	1.6298145055770874e-07
14.56	1.6298145055770874e-07
14.57	1.6298145055770874e-07
14.58	1.6298145055770874e-07
14.59	1.6298145055770874e-07
14.6	1.6298145055770874e-07
14.61	1.6205012798309326e-07
14.62	1.6205012798309326e-07
14.63	1.6205012798309326e-07
14.64	1.6205012798309326e-07
14.65	1.601874828338623e-07
14.66	1.601874828338623e-07
14.67	1.601874828338623e-07
14.68	1.601874828338623e-07
14.69	1.601874828338623e-07
14.7	1.601874828338623e-07
14.71	1.601874828338623e-07
14.72	1.601874828338623e-07
14.73	1.601874828338623e-07
14.74	1.601874828338623e-07
14.75	1.601874828338623e-07
14.76	1.601874828338623e-07
14.77	1.601874828338623e-07
14.78	1.601874828338623e-07
14.79	1.601874828338623e-07
14.8	1.601874828338623e-07
14.81	1.601874828338623e-07
14.82	1.601874828338623e-07
14.83	1.601874828338623e-07
14.84	1.601874828338623e-07
14.85	1.601874828338623e-07
14.86	1.601874828338623e-07
14.87	1.601874828338623e-07
14.88	1.601874828338623e-07
14.89	1.601874828338623e-07
14.9	1.601874828338623e-07
14.91	1.601874828338623e-07
14.92	1.601874828338623e-07
14.93	1.601874828338623e-07
14.94	1.601874828338623e-07
14.95	1.601874828338623e-07
14.96	1.601874828338623e-07
14.97	1.601874828338623e-07
14.98	1.601874828338623e-07
14.99	1.3504177331924438e-07
15.0	1.3504177331924438e-07
15.01	1.3504177331924438e-07
15.02	1.3504177331924438e-07
15.03	1.3504177331924438e-07
15.04	1.3504177331924438e-07
15.05	1.3317912817001343e-07
15.06	1.3317912817001343e-07
15.07	1.3317912817001343e-07
15.08	1.3317912817001343e-07
15.09	1.3317912817001343e-07
15.1	1.3224780559539795e-07
15.11	1.3224780559539795e-07
15.12	1.3224780559539795e-07
15.13	1.3224780559539795e-07
15.14	1.3224780559539795e-07
15.15	1.3224780559539795e-07
15.16	1.0710209608078003e-07
15.17	1.0710209608078003e-07
15.18	1.0710209608078003e-07
15.19	1.0523945093154907e-07
15.2	1.0523945093154907e-07
15.21	1.0523945093154907e-07
15.22	1.0523945093154907e-07
15.23	1.0523945093154907e-07
15.24	1.0523945093154907e-07
15.25	1.0523945093154907e-07
15.26	1.043081283569336e-07
15.27	1.043081283569336e-07
15.28	1.043081283569336e-07
15.29	1.043081283569336e-07
15.3	1.043081283569336e-07
15.31	1.043081283569336e-07
15.32	9.872019290924072e-08
15.33	9.872019290924072e-08
15.34	9.872019290924072e-08
15.35	9.872019290924072e-08
15.36	9.499490261077881e-08
15.37	9.499490261077881e-08
15.38	9.499490261077881e-08
15.39	9.499490261077881e-08
15.4	9.499490261077881e-08
15.41	9.499490261077881e-08
15.42	9.499490261077881e-08
15.43	9.499490261077881e-08
15.44	9.499490261077881e-08
15.45	9.499490261077881e-08
15.46	9.499490261077881e-08
15.47	9.499490261077881e-08
15.48	9.499490261077881e-08
15.49	8.940696716308594e-08
15.5	8.940696716308594e-08
15.51	8.940696716308594e-08
15.52	8.940696716308594e-08
15.53	8.754432201385498e-08
15.54	8.754432201385498e-08
15.55	8.754432201385498e-08
15.56	8.754432201385498e-08
15.57	8.754432201385498e-08
15.58	8.754432201385498e-08
15.59	8.754432201385498e-08
15.6	8.754432201385498e-08
15.61	8.754432201385498e-08
15.62	8.754432201385498e-08
15.63	8.754432201385498e-08
15.64	8.754432201385498e-08
15.65	6.239861249923706e-08
15.66	6.239861249923706e-08
15.67	6.239861249923706e-08
15.68	6.239861249923706e-08
15.69	6.239861249923706e-08
15.7	6.239861249923706e-08
15.71	6.239861249923706e-08
15.72	6.239861249923706e-08
15.73	6.239861249923706e-08
15.74	6.239861249923706e-08
15.75	6.239861249923706e-08
15.76	6.239861249923706e-08
15.77	6.239861249923706e-08
15.78	6.239861249923706e-08
15.79	6.239861249923706e-08
15.8	6.239861249923706e-08
15.81	6.239861249923706e-08
15.82	3.725290298461914e-08
15.83	3.725290298461914e-08
15.84	3.725290298461914e-08
15.85	3.5390257835388184e-08
15.86	3.5390257835388184e-08
15.87	3.5390257835388184e-08
15.88	3.5390257835388184e-08
15.89	3.5390257835388184e-08
15.9	3.5390257835388184e-08
15.91	3.5390257835388184e-08
15.92	3.5390257835388184e-08
15.93	3.5390257835388184e-08
15.94	3.5390257835388184e-08
15.95	3.5390257835388184e-08
15.96	3.5390257835388184e-08
15.97	3.5390257835388184e-08
15.98	2.9802322387695312e-08
15.99	2.9802322387695312e-08
16.0	2.9802322387695312e-08
16.01	2.7939677238464355e-08
16.02	2.60770320892334e-08
16.03	2.60770320892334e-08
16.04	2.60770320892334e-08
16.05	2.60770320892334e-08
16.06	2.421438694000244e-08
16.07	2.421438694000244e-08
16.08	2.421438694000244e-08
16.09	2.421438694000244e-08
16.1	2.421438694000244e-08
16.11	2.3283064365386963e-08
16.12	2.3283064365386963e-08
16.13	2.3283064365386963e-08
16.14	2.3283064365386963e-08
16.15	1.7695128917694092e-08
16.16	1.5832483768463135e-08
16.17	1.5832483768463135e-08
16.18	1.5832483768463135e-08
16.19	1.3969838619232178e-08
16.2	1.3969838619232178e-08
16.21	1.3969838619232178e-08
16.22	1.3969838619232178e-08
16.23	1.3969838619232178e-08
16.24	1.3969838619232178e-08
16.25	1.3969838619232178e-08
16.26	1.3969838619232178e-08
16.27	1.3969838619232178e-08
16.28	1.30385160446167e-08
16.29	1.30385160446167e-08
16.3	1.30385160446167e-08
16.31	1.30385160446167e-08
16.32	1.30385160446167e-08
16.33	1.1175870895385742e-08
16.34	1.1175870895385742e-08
16.35	1.1175870895385742e-08
16.36	1.1175870895385742e-08
16.37	1.1175870895385742e-08
16.38	1.1175870895385742e-08
16.39	1.1175870895385742e-08
16.4	1.1175870895385742e-08
16.41	1.1175870895385742e-08
16.42	1.1175870895385742e-08
16.43	1.1175870895385742e-08
16.44	1.1175870895385742e-08
16.45	1.1175870895385742e-08
16.46	1.1175870895385742e-08
16.47	1.1175870895385742e-08
16.48	1.1175870895385742e-08
16.49	1.1175870895385742e-08
16.5	1.1175870895385742e-08
16.51	1.1175870895385742e-08
16.52	1.1175870895385742e-08
16.53	1.1175870895385742e-08
16.54	1.1175870895385742e-08
16.55	1.1175870895385742e-08
16.56	1.1175870895385742e-08
16.57	1.1175870895385742e-08
16.58	1.1175870895385742e-08
16.59	1.1175870895385742e-08
16.6	1.1175870895385742e-08
16.61	1.1175870895385742e-08
16.62	1.1175870895385742e-08
16.63	1.1175870895385742e-08
16.64	1.1175870895385742e-08
16.65	1.1175870895385742e-08
16.66	1.1175870895385742e-08
16.67	1.1175870895385742e-08
16.68	1.1175870895385742e-08
16.69	1.1175870895385742e-08
16.7	1.1175870895385742e-08
16.71	1.1175870895385742e-08
16.72	9.313225746154785e-09
16.73	9.313225746154785e-09
16.74	9.313225746154785e-09
16.75	9.313225746154785e-09
16.76	9.313225746154785e-09
16.77	8.381903171539307e-09
16.78	8.381903171539307e-09
16.79	8.381903171539307e-09
16.8	8.381903171539307e-09
16.81	8.381903171539307e-09
16.82	8.381903171539307e-09
16.83	8.381903171539307e-09
16.84	8.381903171539307e-09
16.85	8.381903171539307e-09
16.86	8.381903171539307e-09
16.87	8.381903171539307e-09
16.88	7.450580596923828e-09
16.89	7.450580596923828e-09
16.9	7.450580596923828e-09
16.91	7.450580596923828e-09
16.92	7.450580596923828e-09
16.93	7.450580596923828e-09
16.94	6.51925802230835e-09
16.95	6.51925802230835e-09
16.96	6.51925802230835e-09
16.97	6.51925802230835e-09
16.98	6.51925802230835e-09
16.99	6.51925802230835e-09
17.0	6.51925802230835e-09
17.01	6.51925802230835e-09
17.02	6.51925802230835e-09
17.03	6.51925802230835e-09
17.04	6.51925802230835e-09
17.05	5.587935447692871e-09
17.06	5.587935447692871e-09
17.07	5.587935447692871e-09
17.08	5.587935447692871e-09
17.09	5.587935447692871e-09
17.1	5.587935447692871e-09
17.11	5.587935447692871e-09
17.12	5.587935447692871e-09
17.13	5.587935447692871e-09
17.14	5.587935447692871e-09
17.15	5.587935447692871e-09
17.16	5.587935447692871e-09
17.17	5.587935447692871e-09
17.18	5.587935447692871e-09
17.19	5.587935447692871e-09
17.2	5.587935447692871e-09
17.21	5.587935447692871e-09
17.22	5.587935447692871e-09
17.23	5.587935447692871e-09
17.24	5.587935447692871e-09
17.25	5.587935447692871e-09
17.26	5.587935447692871e-09
17.27	5.587935447692871e-09
17.28	5.587935447692871e-09
17.29	5.587935447692871e-09
17.3	5.587935447692871e-09
17.31	5.587935447692871e-09
17.32	5.587935447692871e-09
17.33	5.587935447692871e-09
17.34	5.587935447692871e-09
17.35	5.587935447692871e-09
17.36	5.587935447692871e-09
17.37	5.587935447692871e-09
17.38	5.587935447692871e-09
17.39	5.587935447692871e-09
17.4	5.587935447692871e-09
17.41	5.587935447692871e-09
17.42	5.587935447692871e-09
17.43	5.587935447692871e-09
17.44	5.587935447692871e-09
17.45	5.587935447692871e-09
17.46	5.587935447692871e-09
17.47	5.587935447692871e-09
17.48	5.587935447692871e-09
17.49	5.587935447692871e-09
17.5	5.587935447692871e-09
17.51	5.587935447692871e-09
17.52	5.587935447692871e-09
17.53	5.587935447692871e-09
17.54	4.6566128730773926e-09
17.55	4.6566128730773926e-09
17.56	4.6566128730773926e-09
17.57	4.6566128730773926e-09
17.58	4.6566128730773926e-09
17.59	4.6566128730773926e-09
17.6	4.6566128730773926e-09
17.61	4.6566128730773926e-09
17.62	4.6566128730773926e-09
17.63	4.6566128730773926e-09
17.64	4.6566128730773926e-09
17.65	4.6566128730773926e-09
17.66	4.6566128730773926e-09
17.67	4.6566128730773926e-09
17.68	4.6566128730773926e-09
17.69	4.6566128730773926e-09
17.7	4.6566128730773926e-09
17.71	3.725290298461914e-09
17.72	3.725290298461914e-09
17.73	3.725290298461914e-09
17.74	3.725290298461914e-09
17.75	3.725290298461914e-09
17.76	3.725290298461914e-09
17.77	3.725290298461914e-09
17.78	3.725290298461914e-09
17.79	3.725290298461914e-09
17.8	3.725290298461914e-09
17.81	3.725290298461914e-09
17.82	3.725290298461914e-09
17.83	3.725290298461914e-09
17.84	3.725290298461914e-09
17.85	3.725290298461914e-09
17.86	3.725290298461914e-09
17.87	3.725290298461914e-09
17.88	3.725290298461914e-09
17.89	3.725290298461914e-09
17.9	3.725290298461914e-09
17.91	3.725290298461914e-09
17.92	3.725290298461914e-09
17.93	3.725290298461914e-09
17.94	3.725290298461914e-09
17.95	3.725290298461914e-09
17.96	3.725290298461914e-09
17.97	3.725290298461914e-09
17.98	3.725290298461914e-09
17.99	3.725290298461914e-09
18.0	3.725290298461914e-09
18.01	3.725290298461914e-09
18.02	3.725290298461914e-09
18.03	3.725290298461914e-09
18.04	3.725290298461914e-09
18.05	3.725290298461914e-09
18.06	3.725290298461914e-09
18.07	3.725290298461914e-09
18.08	3.725290298461914e-09
18.09	3.725290298461914e-09
18.1	3.725290298461914e-09
18.11	3.725290298461914e-09
18.12	3.725290298461914e-09
18.13	3.725290298461914e-09
18.14	3.725290298461914e-09
18.15	3.725290298461914e-09
18.16	3.725290298461914e-09
18.17	3.725290298461914e-09
18.18	3.725290298461914e-09
18.19	3.725290298461914e-09
18.2	3.725290298461914e-09
18.21	3.725290298461914e-09
18.22	3.725290298461914e-09
18.23	3.725290298461914e-09
18.24	3.725290298461914e-09
18.25	3.725290298461914e-09
18.26	3.725290298461914e-09
18.27	3.725290298461914e-09
18.28	3.725290298461914e-09
18.29	3.725290298461914e-09
18.3	3.725290298461914e-09
18.31	3.725290298461914e-09
18.32	3.725290298461914e-09
18.33	3.725290298461914e-09
18.34	3.725290298461914e-09
18.35	3.725290298461914e-09
18.36	3.725290298461914e-09
18.37	3.725290298461914e-09
18.38	3.725290298461914e-09
18.39	3.725290298461914e-09
18.4	3.725290298461914e-09
18.41	3.725290298461914e-09
18.42	3.725290298461914e-09
18.43	3.725290298461914e-09
18.44	3.725290298461914e-09
18.45	3.725290298461914e-09
18.46	3.725290298461914e-09
18.47	3.725290298461914e-09
18.48	3.725290298461914e-09
18.49	3.725290298461914e-09
18.5	3.725290298461914e-09
18.51	3.725290298461914e-09
18.52	3.725290298461914e-09
18.53	3.725290298461914e-09
18.54	3.725290298461914e-09
18.55	2.7939677238464355e-09
18.56	2.7939677238464355e-09
18.57	2.7939677238464355e-09
18.58	2.7939677238464355e-09
18.59	2.7939677238464355e-09
18.6	2.7939677238464355e-09
18.61	2.7939677238464355e-09
18.62	2.7939677238464355e-09
18.63	2.7939677238464355e-09
18.64	2.7939677238464355e-09
18.65	2.7939677238464355e-09
18.66	2.7939677238464355e-09
18.67	2.7939677238464355e-09
18.68	2.7939677238464355e-09
18.69	2.7939677238464355e-09
18.7	2.7939677238464355e-09
18.71	2.7939677238464355e-09
18.72	1.862645149230957e-09
18.73	1.862645149230957e-09
18.74	1.862645149230957e-09
18.75	1.862645149230957e-09
18.76	1.862645149230957e-09
18.77	1.862645149230957e-09
18.78	1.862645149230957e-09
18.79	1.862645149230957e-09
18.8	1.862645149230957e-09
18.81	1.862645149230957e-09
18.82	1.862645149230957e-09
18.83	1.862645149230957e-09
18.84	1.862645149230957e-09
18.85	1.862645149230957e-09
18.86	1.862645149230957e-09
18.87	1.862645149230957e-09
18.88	1.862645149230957e-09
18.89	1.862645149230957e-09
18.9	1.862645149230957e-09
18.91	1.862645149230957e-09
18.92	1.862645149230957e-09
18.93	1.862645149230957e-09
18.94	1.862645149230957e-09
18.95	1.862645149230957e-09
18.96	1.862645149230957e-09
18.97	1.862645149230957e-09
18.98	1.862645149230957e-09
18.99	1.862645149230957e-09
19.0	1.862645149230957e-09
19.01	1.862645149230957e-09
19.02	1.862645149230957e-09
19.03	1.862645149230957e-09
19.04	1.862645149230957e-09
19.05	1.862645149230957e-09
19.06	1.862645149230957e-09
19.07	1.862645149230957e-09
19.08	1.862645149230957e-09
19.09	1.862645149230957e-09
19.1	1.862645149230957e-09
19.11	1.862645149230957e-09
19.12	1.862645149230957e-09
19.13	1.862645149230957e-09
19.14	1.862645149230957e-09
19.15	1.862645149230957e-09
19.16	1.862645149230957e-09
19.17	1.862645149230957e-09
19.18	1.862645149230957e-09
19.19	1.862645149230957e-09
19.2	1.862645149230957e-09
19.21	9.313225746154785e-10
19.22	9.313225746154785e-10
19.23	9.313225746154785e-10
19.24	9.313225746154785e-10
19.25	9.313225746154785e-10
19.26	9.313225746154785e-10
19.27	9.313225746154785e-10
19.28	9.313225746154785e-10
19.29	9.313225746154785e-10
19.3	9.313225746154785e-10
19.31	9.313225746154785e-10
19.32	9.313225746154785e-10
19.33	9.313225746154785e-10
19.34	9.313225746154785e-10
19.35	9.313225746154785e-10
19.36	9.313225746154785e-10
19.37	9.313225746154785e-10
19.38	0.0
